// MilkShape 3D ASCII

Frames: 30
Frame: 1

Meshes: 2
"Cylinder01" 0 0
20
0 -69.856216 58.337387 -29.042650 0.500000 1.000000 -1
0 -66.989029 60.455643 -27.228195 0.625000 1.000000 -1
0 -66.063911 59.278534 -29.898617 0.750000 1.000000 -1
0 -69.593712 60.391903 -25.620655 0.500000 1.000000 -1
0 -72.352158 59.124657 -26.017675 0.375000 1.000000 -1
0 -73.648521 57.396240 -28.186684 0.250000 1.000000 -1
0 -72.723404 56.219131 -30.857105 0.125000 1.000000 -1
0 -70.118721 56.282871 -32.464645 -0.000000 1.000000 -1
0 -67.360275 57.550117 -32.067627 0.875000 1.000000 -1
0 -70.118721 56.282871 -32.464645 1.000000 1.000000 -1
0 -4.748998 -104.568588 67.075462 0.625000 0.000000 -1
0 -3.823879 -105.745697 64.405037 0.750000 0.000000 -1
0 -7.353674 -104.632332 68.682999 0.500000 0.000000 -1
0 -10.112124 -105.899574 68.285980 0.375000 0.000000 -1
0 -11.408485 -107.627991 66.116974 0.250000 0.000000 -1
0 -10.483366 -108.805099 63.446548 0.125000 0.000000 -1
0 -7.878690 -108.741364 61.839012 -0.000000 0.000000 -1
0 -5.120240 -107.474113 62.236031 0.875000 0.000000 -1
0 -7.878690 -108.741364 61.839012 1.000000 0.000000 -1
0 -7.616182 -106.686844 65.261002 0.500000 0.000000 -1
37
-0.311200 0.825121 -0.471518
-0.311200 0.825121 -0.471518
-0.311200 0.825121 -0.471518
-0.311200 0.825121 -0.471518
-0.311200 0.825121 -0.471518
-0.311200 0.825121 -0.471518
-0.311200 0.825121 -0.471518
-0.311200 0.825121 -0.471518
-0.311201 0.825121 -0.471518
0.948142 0.303327 -0.094971
0.795404 0.497668 0.345917
0.930190 0.162825 -0.328991
0.624715 0.551507 0.552786
0.194681 0.540983 0.818191
-0.064662 0.476621 0.876727
-0.520083 0.267399 0.811179
-0.716160 0.122538 0.687095
-0.930190 -0.162825 0.328991
-0.948142 -0.303327 0.094971
-0.795405 -0.497668 -0.345917
-0.624715 -0.551507 -0.552785
-0.423444 -0.564572 -0.708487
-0.423443 -0.564572 -0.708487
0.302182 -0.384491 -0.872269
0.520083 -0.267398 -0.811179
0.302182 -0.384491 -0.872269
0.716160 -0.122538 -0.687095
0.311200 -0.825121 0.471518
0.311200 -0.825121 0.471518
0.311200 -0.825122 0.471518
0.311200 -0.825122 0.471517
0.311200 -0.825122 0.471518
0.311200 -0.825121 0.471518
0.311200 -0.825121 0.471519
0.311200 -0.825121 0.471519
0.311201 -0.825120 0.471519
0.311200 -0.825121 0.471519
32
0 0 1 2 0 1 2 1
0 0 3 1 0 3 1 1
0 0 4 3 0 4 3 1
0 0 5 4 0 5 4 1
0 0 6 5 0 1 5 1
0 0 7 6 0 6 1 1
0 0 8 9 0 7 8 1
0 0 2 8 0 2 7 1
0 2 10 11 9 10 11 4
0 2 1 10 9 12 10 4
0 1 12 10 12 13 10 4
0 1 3 12 12 14 13 4
0 3 13 12 14 15 13 4
0 3 4 13 14 16 15 4
0 4 14 13 16 17 15 4
0 4 5 14 16 18 17 4
0 5 15 14 18 19 17 4
0 5 6 15 18 20 19 4
0 6 16 15 20 21 19 4
0 6 7 16 20 22 21 4
0 9 17 18 23 24 23 4
0 9 8 17 25 26 24 4
0 8 11 17 26 11 24 4
0 8 2 11 26 9 11 4
0 19 11 10 27 28 29 1
0 19 10 12 27 29 30 1
0 19 12 13 27 30 31 1
0 19 13 14 27 31 32 1
0 19 14 15 27 32 33 1
0 19 15 16 27 33 34 1
0 19 18 17 27 35 36 1
0 19 17 11 27 36 28 1
"Box01" 0 1
672
0 -43.142712 -12.047441 12.178824 0.000500 0.999500 -1
0 -44.806515 -7.055793 10.046406 0.000500 0.932900 -1
0 -38.903214 -5.764976 8.601389 0.050450 0.932900 -1
0 -37.225674 -10.369267 11.418446 0.050450 0.999500 -1
0 -33.037086 -5.522929 5.302674 0.100400 0.932900 -1
0 -31.346861 -9.769344 8.752274 0.100400 0.999500 -1
0 -27.185499 -5.691014 1.279055 0.150350 0.932900 -1
0 -25.490231 -9.795233 4.979987 0.150350 0.999500 -1
0 -21.316135 -5.357573 -1.858117 0.200300 0.932900 -1
0 -19.626616 -9.624038 1.556043 0.200300 0.999500 -1
0 -15.404250 -3.824689 -2.875278 0.250250 0.932900 -1
0 -13.728900 -8.490759 -0.167423 0.250250 0.999500 -1
0 -9.446860 -1.008049 -1.623419 0.300200 0.932900 -1
0 -7.787124 -6.114576 0.305938 0.300200 0.999500 -1
0 -3.465535 2.483824 0.821925 0.350150 0.932900 -1
0 -1.814800 -2.876659 2.302409 0.350150 0.999500 -1
0 2.503757 5.636208 2.667209 0.400100 0.932900 -1
0 4.157266 0.353939 4.285943 0.400100 0.999500 -1
0 8.429375 7.556524 2.334835 0.450050 0.932900 -1
0 10.096801 2.666902 4.647562 0.450050 0.999500 -1
0 14.301496 7.967691 -0.664968 0.500000 0.932900 -1
0 15.987579 3.604326 2.577931 0.500000 0.999500 -1
0 20.138346 7.383757 -5.423600 0.549950 0.932900 -1
0 21.838886 3.428347 -1.459649 0.549950 0.999500 -1
0 25.978029 6.879802 -10.040868 0.599900 0.932900 -1
0 27.681679 3.012065 -5.921956 0.599900 0.999500 -1
0 31.858988 7.540179 -12.600181 0.649850 0.932900 -1
0 33.552540 3.387608 -8.984712 0.649850 0.999500 -1
0 37.799469 9.879853 -12.191348 0.699800 0.932900 -1
0 39.474045 5.191951 -9.522080 0.699800 0.999500 -1
0 43.787224 13.553064 -9.425505 0.749750 0.932900 -1
0 45.442257 8.313837 -7.730695 0.749750 0.999500 -1
0 49.778328 17.320852 -6.492489 0.799700 0.932900 -1
0 51.426281 11.881895 -5.150701 0.799700 0.999500 -1
0 55.726234 19.870020 -5.713379 0.849650 0.932900 -1
0 57.380035 14.596002 -4.080063 0.849650 0.999500 -1
0 61.623066 20.978239 -7.481129 0.899600 0.932900 -1
0 63.288841 16.042000 -5.250792 0.899600 0.999500 -1
0 67.486404 21.141682 -10.918777 0.949550 0.932900 -1
0 69.164391 16.549911 -8.079590 0.949550 0.999500 -1
0 73.345543 21.186600 -14.565912 0.999500 0.932900 -1
0 75.031654 16.823994 -11.321681 0.999500 0.999501 -1
0 -46.476089 -2.226637 7.626812 0.000500 0.866300 -1
0 -40.587307 -1.345371 5.457915 0.050450 0.866300 -1
0 -34.731735 -1.401254 1.632600 0.100400 0.866300 -1
0 -28.880922 -1.591232 -2.429714 0.150350 0.866300 -1
0 -23.001345 -0.969647 -5.057590 0.200300 0.866300 -1
0 -17.072908 1.030163 -5.249468 0.250250 0.866300 -1
0 -11.100922 4.258632 -3.269697 0.300200 0.866300 -1
0 -5.114805 7.885597 -0.585586 0.350150 0.866300 -1
0 0.846043 10.799804 0.838724 0.400100 0.866300 -1
0 6.753487 12.207415 -0.399857 0.450050 0.866300 -1
0 12.606637 12.083378 -4.345623 0.500000 0.866300 -1
0 18.433350 11.213490 -9.609675 0.549950 0.866300 -1
0 24.277109 10.824554 -14.023648 0.599900 0.866300 -1
0 30.174761 11.955839 -15.750641 0.649850 0.866300 -1
0 36.136860 14.905418 -14.263803 0.699800 0.866300 -1
0 42.140804 19.035366 -10.690672 0.749750 0.866300 -1
0 48.129002 22.721081 -7.902719 0.799700 0.866300 -1
0 54.063881 24.902695 -7.773262 0.849650 0.866300 -1
0 59.945587 25.584324 -10.295016 0.899600 0.866300 -1
0 65.798492 25.453360 -14.253024 0.949550 0.866300 -1
0 71.655022 25.424555 -18.030466 0.999500 0.866300 -1
0 -48.152138 2.419739 4.884143 0.000500 0.799700 -1
0 -42.277061 2.914299 2.031747 0.050450 0.799700 -1
0 -36.428574 2.658797 -2.146382 0.100400 0.799700 -1
0 -30.573753 2.581692 -6.009207 0.150350 0.799700 -1
0 -24.680151 3.598968 -7.937701 0.200300 0.799700 -1
0 -18.734251 6.091418 -7.258839 0.250250 0.799700 -1
0 -12.750224 9.659536 -4.678736 0.300200 0.799700 -1
0 -6.764504 13.275318 -2.014396 0.350150 0.799700 -1
0 -0.817651 15.794761 -1.287824 0.400100 0.799700 -1
0 5.068678 16.606659 -3.579330 0.450050 0.799700 -1
0 10.904531 15.994616 -8.387643 0.500000 0.799700 -1
0 16.727337 15.014529 -13.846473 0.549950 0.799700 -1
0 22.583038 14.962481 -17.664999 0.599900 0.799700 -1
0 28.502916 16.720882 -18.283564 0.649850 0.799700 -1
0 34.486885 20.287262 -15.706535 0.699800 0.799700 -1
0 40.498768 24.641163 -11.737570 0.749750 0.799700 -1
0 46.475208 27.995264 -9.535744 0.799700 0.799700 -1
0 52.391171 29.643250 -10.349470 0.849650 0.799700 -1
0 58.256706 29.868750 -13.677426 0.899600 0.799700 -1
0 64.102783 29.545139 -17.975943 0.949550 0.799700 -1
0 69.962952 29.619196 -21.571568 0.999500 0.799700 -1
0 -49.834427 6.890055 1.830290 0.000500 0.733100 -1
0 -43.970684 7.064864 -1.587267 0.050450 0.733100 -1
0 -38.124825 6.735253 -5.896380 0.100400 0.733100 -1
0 -32.261391 6.901340 -9.329351 0.150350 0.733100 -1
0 -26.351223 8.385704 -10.432283 0.200300 0.733100 -1
0 -20.388670 11.348000 -8.922972 0.250250 0.733100 -1
0 -14.396510 15.145540 -5.937365 0.300200 0.733100 -1
0 -8.416775 18.592485 -3.571444 0.350150 0.733100 -1
0 -2.488516 20.587366 -3.772029 0.400100 0.733100 -1
0 3.375592 20.772421 -7.171474 0.450050 0.733100 -1
0 9.197653 19.771292 -12.667498 0.500000 0.733100 -1
0 15.024025 18.891819 -17.948492 0.549950 0.733100 -1
0 20.899181 19.388599 -20.796970 0.599900 0.733100 -1
0 26.844994 21.878601 -20.122433 0.649850 0.733100 -1
0 32.848476 25.995588 -16.572214 0.699800 0.733100 -1
0 38.857533 30.269676 -12.744313 0.749750 0.733100 -1
0 44.814491 33.074162 -11.513933 0.799700 0.733100 -1
0 50.707790 34.082836 -13.457633 0.849650 0.733100 -1
0 56.558380 33.886589 -17.531029 0.899600 0.733100 -1
0 62.402542 33.508957 -21.925020 0.949550 0.733100 -1
0 68.272461 33.858086 -25.034464 0.999500 0.733100 -1
0 -51.521835 11.215883 -1.478944 0.000500 0.666500 -1
0 -45.665752 11.174656 -5.278343 0.050450 0.666500 -1
0 -39.817684 10.907377 -9.477284 0.100400 0.666500 -1
0 -33.941875 11.422453 -12.293427 0.150350 0.666500 -1
0 -28.014402 13.395116 -12.533285 0.200300 0.666500 -1
0 -22.037825 16.753113 -10.324572 0.250250 0.666500 -1
0 -16.042540 20.638739 -7.183283 0.300200 0.666500 -1
0 -10.074090 23.767345 -5.380018 0.350150 0.666500 -1
0 -4.167098 25.162252 -6.641056 0.400100 0.666500 -1
0 1.676006 24.754778 -11.087794 0.450050 0.666500 -1
0 7.489161 23.502441 -17.027824 0.500000 0.666500 -1
0 13.326855 22.942331 -21.744347 0.549950 0.666500 -1
0 19.227604 24.161112 -23.316690 0.599900 0.666500 -1
0 25.200615 27.418432 -21.285925 0.649850 0.666500 -1
0 31.217794 31.921722 -17.052912 0.699800 0.666500 -1
0 37.213284 35.813168 -13.901331 0.749750 0.666500 -1
0 43.145016 37.906052 -13.928705 0.799700 0.666500 -1
0 49.014687 38.248009 -17.050827 0.849650 0.666500 -1
0 54.853741 37.726395 -21.699308 0.899600 0.666500 -1
0 60.701599 37.453003 -25.909052 0.949550 0.666500 -1
0 66.586433 38.222931 -28.274740 0.999500 0.666500 -1
0 -53.212589 15.447470 -4.954751 0.000500 0.599900 -1
0 -47.359623 15.318200 -8.909766 0.050450 0.599900 -1
0 -41.504765 15.242427 -12.770223 0.100400 0.599900 -1
0 -35.614288 16.171429 -14.854748 0.150350 0.599900 -1
0 -29.670784 18.596354 -14.295237 0.200300 0.599900 -1
0 -23.684595 22.225449 -11.607361 0.250250 0.599900 -1
0 -17.692032 26.034283 -8.601798 0.300200 0.599900 -1
0 -11.739166 28.723289 -7.575522 0.350150 0.599900 -1
0 -5.853315 29.521751 -9.890777 0.400100 0.599900 -1
0 -0.027193 28.635201 -15.184281 0.450050 0.599900 -1
0 5.782540 27.286310 -21.294968 0.500000 0.599900 -1
0 11.638286 27.235472 -25.111359 0.549950 0.599900 -1
0 17.568731 29.291994 -25.202993 0.599900 0.599900 -1
0 23.567184 33.267097 -21.903555 0.649850 0.599900 -1
0 29.587366 37.855080 -17.520849 0.699800 0.599900 -1
0 35.562031 41.159008 -15.407702 0.749750 0.599900 -1
0 41.465694 42.460056 -16.834637 0.799700 0.599900 -1
0 47.313808 42.193909 -21.031578 0.849650 0.599900 -1
0 53.146572 41.494862 -25.993673 0.899600 0.599900 -1
0 59.003757 41.484608 -29.738329 0.949550 0.599900 -1
0 64.907135 42.777515 -31.179651 0.999500 0.599900 -1
0 -54.904541 19.645189 -8.490416 0.000500 0.533300 -1
0 -49.049858 19.564436 -12.359677 0.050450 0.533300 -1
0 -43.184464 19.785831 -15.694893 0.100400 0.533300 -1
0 -37.278751 21.144674 -17.019678 0.150350 0.533300 -1
0 -31.322435 23.930948 -15.821480 0.200300 0.533300 -1
0 -25.332577 27.663618 -12.950537 0.250250 0.533300 -1
0 -19.348986 31.219355 -10.392325 0.300200 0.533300 -1
0 -13.414584 33.387478 -10.286708 0.350150 0.533300 -1
0 -7.547039 33.669491 -13.514786 0.400100 0.533300 -1
0 -1.731273 32.490791 -19.324657 0.450050 0.533300 -1
0 4.081194 31.219042 -25.299000 0.500000 0.533300 -1
0 9.959465 31.803654 -27.992233 0.549950 0.533300 -1
0 15.921160 34.741749 -26.525694 0.599900 0.533300 -1
0 21.939419 39.275558 -22.238741 0.649850 0.533300 -1
0 27.951044 43.622211 -18.282583 0.699800 0.533300 -1
0 33.900352 46.210770 -17.433851 0.749750 0.533300 -1
0 39.776466 46.734573 -20.234562 0.799700 0.533300 -1
0 45.607914 45.998352 -25.262358 0.849650 0.533300 -1
0 51.440762 45.301590 -30.220413 0.899600 0.533300 -1
0 57.312241 45.694588 -33.252319 0.949550 0.533300 -1
0 63.235840 47.558052 -33.685192 0.999500 0.533300 -1
0 -56.595524 23.870243 -11.977771 0.000500 0.466700 -1
0 -50.734570 23.966349 -15.534434 0.050450 0.466700 -1
0 -44.856140 24.555550 -18.219553 0.100400 0.466700 -1
0 -38.936310 26.312567 -18.840567 0.150350 0.466700 -1
0 -32.971874 29.328053 -17.237246 0.200300 0.466700 -1
0 -26.985096 32.973763 -14.520000 0.250250 0.466700 -1
0 -21.016329 36.111282 -12.700978 0.300200 0.466700 -1
0 -15.101990 37.713451 -13.595682 0.350150 0.466700 -1
0 -9.249969 37.557522 -17.597822 0.400100 0.466700 -1
0 -3.439757 36.222122 -23.684662 0.450050 0.466700 -1
0 2.388052 35.383186 -28.894007 0.500000 0.466700 -1
0 8.292109 36.695290 -30.301401 0.549950 0.466700 -1
0 14.280823 40.395565 -27.487720 0.599900 0.466700 -1
0 20.308804 45.203655 -22.715975 0.649850 0.466700 -1
0 26.303967 49.085865 -19.580723 0.699800 0.466700 -1
0 32.226357 50.915104 -20.074080 0.749750 0.466700 -1
0 38.078617 50.766018 -24.064119 0.799700 0.466700 -1
0 43.900322 49.754910 -29.577780 0.849650 0.466700 -1
0 49.739807 49.245358 -34.204937 0.899600 0.466700 -1
0 55.629261 50.145512 -36.340454 0.949550 0.466700 -1
0 61.572674 52.567879 -35.785461 0.999501 0.466700 -1
0 -58.283611 28.176979 -15.320754 0.000500 0.400100 -1
0 -52.412712 28.553669 -18.381485 0.050450 0.400100 -1
0 -46.520226 29.539402 -20.365736 0.100400 0.400100 -1
0 -40.588810 31.623259 -20.409060 0.150350 0.400100 -1
0 -34.621674 34.714890 -18.671150 0.200300 0.400100 -1
0 -28.644363 38.093552 -16.425909 0.250250 0.400100 -1
0 -22.694630 40.694145 -15.555907 0.300200 0.400100 -1
0 -16.800379 41.729561 -17.452353 0.350150 0.400100 -1
0 -10.960788 41.223003 -22.074219 0.400100 0.400100 -1
0 -5.145465 40.031780 -27.906227 0.450050 0.400100 -1
0 0.705189 39.837341 -31.976427 0.500000 0.400100 -1
0 6.635611 41.893208 -32.069225 0.549950 0.400100 -1
0 12.642450 46.104851 -28.351702 0.599900 0.400100 -1
0 18.669231 50.879032 -23.639889 0.649850 0.400100 -1
0 24.643927 54.183887 -21.525108 0.699800 0.400100 -1
0 30.540300 55.279171 -23.315727 0.749750 0.400100 -1
0 36.374779 54.628448 -28.192406 0.799700 0.400100 -1
0 42.194462 53.560242 -33.806992 0.849650 0.400100 -1
0 48.046429 53.402828 -37.811749 0.899600 0.400100 -1
0 53.955807 54.865025 -38.953854 0.949550 0.400100 -1
0 59.916599 57.777733 -37.532185 0.999501 0.400100 -1
0 -59.967373 32.605766 -18.448006 0.000500 0.333500 -1
0 -54.084221 33.328110 -20.897797 0.050450 0.333500 -1
0 -48.178215 34.695190 -22.208021 0.100400 0.333500 -1
0 -42.238735 37.006615 -21.849117 0.150350 0.333500 -1
0 -36.274208 40.024715 -20.241169 0.200300 0.333500 -1
0 -30.311131 43.001736 -18.705835 0.250250 0.333500 -1
0 -24.382063 45.019341 -18.866264 0.300200 0.333500 -1
0 -18.505400 45.558662 -21.639542 0.350150 0.333500 -1
0 -12.671308 44.896923 -26.535692 0.400100 0.333500 -1
0 -6.842293 44.091999 -31.684923 0.450050 0.333500 -1
0 -0.966451 44.608089 -34.499271 0.500000 0.333500 -1
0 4.987483 47.327225 -33.419746 0.549950 0.333500 -1
0 11.005239 51.846855 -29.157845 0.599900 0.333500 -1
0 17.020412 56.293613 -25.024761 0.649850 0.333500 -1
0 22.971188 58.923630 -24.102753 0.699800 0.333500 -1
0 28.844498 59.368248 -27.043421 0.749750 0.333500 -1
0 34.668442 58.420361 -32.445339 0.799700 0.333500 -1
0 40.493420 57.501507 -37.795933 0.849650 0.333500 -1
0 46.362297 57.821144 -40.957508 0.899600 0.333500 -1
0 52.291542 59.843876 -41.108875 0.949550 0.333500 -1
0 58.265602 63.130768 -39.025837 0.999501 0.333500 -1
0 -61.646072 37.177383 -21.322809 0.000500 0.266900 -1
0 -55.750080 38.261990 -23.132303 0.050450 0.266900 -1
0 -49.832558 39.953938 -23.868328 0.100400 0.266900 -1
0 -43.888992 42.380630 -23.305685 0.150350 0.266900 -1
0 -37.931396 45.203117 -22.043486 0.200300 0.266900 -1
0 -31.984999 47.709595 -21.339830 0.250250 0.266900 -1
0 -26.075472 49.176022 -22.474459 0.300200 0.266900 -1
0 -20.211607 49.354237 -25.886002 0.350150 0.266900 -1
0 -14.375756 48.742100 -30.694473 0.400100 0.266900 -1
0 -8.528521 48.451214 -34.935150 0.450050 0.266900 -1
0 -2.627226 49.685326 -36.480389 0.500000 0.266900 -1
0 3.346197 52.954281 -34.429066 0.549950 0.266900 -1
0 9.366530 57.546589 -30.038710 0.599900 0.266900 -1
0 15.361970 61.436649 -26.889580 0.649850 0.266900 -1
0 21.287548 63.355820 -27.223991 0.699800 0.266900 -1
0 27.142548 63.283936 -31.077578 0.749750 0.266900 -1
0 32.963291 62.245670 -36.639233 0.799700 0.266900 -1
0 38.799629 61.647434 -41.423145 0.849650 0.266900 -1
0 44.687881 62.513691 -43.618565 0.899600 0.266900 -1
0 50.634930 65.038597 -42.882332 0.949551 0.266900 -1
0 56.616989 68.551155 -40.400444 0.999501 0.266900 -1
0 -63.319717 41.891441 -23.945848 0.000500 0.200300 -1
0 -57.412189 43.301628 -25.179876 0.050450 0.200300 -1
0 -51.486401 45.226730 -25.503799 0.100400 0.200300 -1
0 -45.542675 47.657982 -24.933107 0.150350 0.200300 -1
0 -39.594780 50.206768 -24.154673 0.200300 0.200300 -1
0 -33.664951 52.245888 -24.277073 0.250250 0.200300 -1
0 -27.771400 53.261520 -26.208471 0.300200 0.200300 -1
0 -21.914387 53.246418 -29.961699 0.350150 0.200300 -1
0 -16.070990 52.847301 -34.393669 0.400100 0.200300 -1
0 -10.203456 53.128956 -37.622375 0.450050 0.200300 -1
0 -4.278816 55.021679 -38.003529 0.500000 0.200300 -1
0 1.708601 58.685448 -35.254368 0.549950 0.200300 -1
0 7.721634 63.071804 -31.228035 0.599900 0.200300 -1
0 13.693567 66.298737 -29.250978 0.649850 0.200300 -1
0 19.595592 67.553429 -30.759853 0.699800 0.200300 -1
0 25.438292 67.134590 -35.226685 0.749750 0.200300 -1
0 31.262487 66.193687 -40.616241 0.799700 0.200300 -1
0 37.114517 66.038101 -44.617779 0.849650 0.200300 -1
0 43.022430 67.458908 -45.833035 0.899600 0.200300 -1
0 48.983490 70.379257 -44.397865 0.949551 0.200300 -1
0 54.967823 73.955986 -41.802540 0.999501 0.200300 -1
0 -64.989037 46.727764 -26.352791 0.000500 0.133700 -1
0 -59.073097 48.375153 -27.167568 0.050450 0.133700 -1
0 -53.143196 50.416298 -27.286383 0.100400 0.133700 -1
0 -47.202705 52.756187 -26.877172 0.150350 0.133700 -1
0 -41.265427 55.005516 -26.628029 0.200300 0.133700 -1
0 -35.349651 56.648113 -27.451273 0.250250 0.133700 -1
0 -29.466730 57.363987 -29.912497 0.300200 0.133700 -1
0 -23.610416 57.329212 -33.700500 0.350150 0.133700 -1
0 -17.755335 57.259548 -37.550156 0.400100 0.133700 -1
0 -11.867665 58.109329 -39.774704 0.450050 0.133700 -1
0 -5.924090 60.536274 -39.211624 0.500000 0.133700 -1
0 0.070449 64.400909 -36.107430 0.549950 0.133700 -1
0 6.067760 68.343773 -32.864971 0.599900 0.133700 -1
0 12.015500 70.888100 -32.094421 0.649850 0.133700 -1
0 17.898119 71.595352 -34.570885 0.699800 0.133700 -1
0 23.735043 71.013603 -39.325657 0.749750 0.133700 -1
0 29.568222 70.326172 -44.267223 0.799700 0.133700 -1
0 35.438293 70.679474 -47.369289 0.849650 0.133700 -1
0 41.364071 72.604378 -47.693558 0.899600 0.133700 -1
0 47.334232 75.781395 -45.804722 0.949551 0.133700 -1
0 53.315384 79.268372 -43.368042 0.999501 0.133700 -1
0 -66.655312 51.649860 -28.608126 0.000500 0.067100 -1
0 -60.735596 53.403564 -29.234983 0.050450 0.067100 -1
0 -54.806137 55.432392 -29.375572 0.100400 0.067100 -1
0 -48.871346 57.611610 -29.250343 0.150350 0.067100 -1
0 -42.943687 59.589542 -29.480896 0.200300 0.067100 -1
0 -37.037498 60.961784 -30.781994 0.250250 0.067100 -1
0 -31.158827 61.557674 -33.455292 0.300200 0.067100 -1
0 -25.297560 61.662552 -36.996445 0.350150 0.067100 -1
0 -19.428493 61.987492 -40.148659 0.400100 0.067100 -1
0 -13.523071 63.338089 -41.488018 0.450050 0.067100 -1
0 -7.566809 66.122849 -40.292496 0.500000 0.067100 -1
0 -1.574128 69.935081 -37.280914 0.549950 0.067100 -1
0 4.403229 73.315041 -35.033394 0.599900 0.067100 -1
0 10.328837 75.235100 -35.366238 0.649850 0.067100 -1
0 16.197824 75.557816 -38.522366 0.699800 0.067100 -1
0 22.035320 74.992111 -43.248779 0.749750 0.067100 -1
0 27.881582 74.673767 -47.537975 0.799700 0.067100 -1
0 33.770020 75.545189 -49.724270 0.849650 0.067100 -1
0 39.710224 77.877014 -49.329311 0.899601 0.067100 -1
0 45.684155 81.160416 -47.252453 0.949551 0.067100 -1
0 51.657566 84.429108 -45.201584 0.999501 0.067100 -1
0 -68.320267 56.609180 -30.797665 0.000500 0.000500 -1
0 -62.402332 58.312862 -31.512945 0.050450 0.000500 -1
0 -56.477604 60.208065 -31.889708 0.100400 0.000500 -1
0 -50.549641 62.194546 -32.105148 0.150350 0.000500 -1
0 -44.628834 63.979191 -32.677326 0.200300 0.000500 -1
0 -38.726433 65.244621 -34.167221 0.250250 0.000500 -1
0 -32.845493 65.904488 -36.727444 0.300200 0.000500 -1
0 -26.974840 66.274170 -39.800549 0.350150 0.000500 -1
0 -21.091570 66.999832 -42.244488 0.400100 0.000500 -1
0 -15.172829 68.726173 -42.919716 0.450050 0.000500 -1
0 -9.211231 71.661461 -41.458141 0.500000 0.000500 -1
0 -3.229067 75.176987 -38.970993 0.549950 0.000500 -1
0 2.727761 77.977821 -37.747070 0.599900 0.000500 -1
0 8.635457 79.392555 -38.973061 0.649850 0.000500 -1
0 14.497305 79.513824 -42.485252 0.699800 0.000500 -1
0 20.340929 79.121033 -46.906033 0.749750 0.000500 -1
0 26.202667 79.239288 -50.423565 0.799700 0.000500 -1
0 32.107922 80.585159 -51.771267 0.849650 0.000500 -1
0 38.058056 83.197136 -50.881142 0.899601 0.000500 -1
0 44.030727 86.444939 -48.867188 0.949551 0.000500 -1
0 49.993191 89.404869 -47.362061 0.999501 0.000500 -1
0 -43.128494 -11.646339 12.887768 0.000500 0.999500 -1
0 -37.211464 -9.968408 12.126961 0.050450 0.999500 -1
0 -38.889008 -5.364261 9.309649 0.050450 0.932900 -1
0 -44.792305 -6.654880 10.755018 0.000500 0.932900 -1
0 -31.332649 -9.368445 9.460861 0.100400 0.999500 -1
0 -33.022873 -5.121961 6.011384 0.100400 0.932900 -1
0 -25.476009 -9.394018 5.689131 0.150350 0.999500 -1
0 -27.171272 -5.289677 1.988416 0.150350 0.932900 -1
0 -19.612389 -9.222661 2.265474 0.200300 0.999500 -1
0 -21.301912 -4.956301 -1.148871 0.200300 0.932900 -1
0 -13.714678 -8.089531 0.541746 0.250250 0.999500 -1
0 -15.390037 -3.423731 -2.166586 0.250250 0.932900 -1
0 -7.772907 -5.713501 1.014837 0.300200 0.999500 -1
0 -9.432647 -0.607074 -0.914698 0.300200 0.932900 -1
0 -1.800581 -2.475533 3.011397 0.350150 0.999500 -1
0 -3.451310 2.885127 1.531227 0.350150 0.932900 -1
0 4.171488 0.755137 4.995058 0.400100 0.999500 -1
0 2.517986 6.037607 3.376679 0.400100 0.932900 -1
0 10.111020 3.068047 5.356585 0.450050 0.999500 -1
0 8.443597 7.957729 3.043963 0.450050 0.932900 -1
0 16.001797 4.005425 3.286872 0.500000 0.999500 -1
0 14.315714 8.368791 0.043974 0.500000 0.932900 -1
0 21.853106 3.829456 -0.750691 0.549950 0.999500 -1
0 20.152563 7.784850 -4.714670 0.549950 0.932900 -1
0 27.695894 3.413101 -5.213127 0.599900 0.999500 -1
0 25.992237 7.280659 -9.332355 0.599900 0.932900 -1
0 33.566753 3.788568 -8.276015 0.649850 0.999500 -1
0 31.873188 7.940770 -11.892138 0.649850 0.932900 -1
0 39.488262 5.593007 -8.813218 0.699800 0.999500 -1
0 37.813675 10.280589 -11.483049 0.699800 0.932900 -1
0 45.456474 8.714986 -7.021667 0.749750 0.999500 -1
0 43.801441 13.954153 -8.716583 0.749750 0.932900 -1
0 51.440495 12.282825 -4.442060 0.799700 0.999500 -1
0 49.792538 17.721800 -5.783817 0.799700 0.932900 -1
0 57.394238 14.996643 -3.371931 0.849650 0.999500 -1
0 55.740433 20.270538 -5.005465 0.849650 0.932900 -1
0 63.303043 16.442686 -4.542578 0.899600 0.999500 -1
0 61.637264 21.378748 -6.773232 0.899600 0.932900 -1
0 69.178604 16.950878 -7.370884 0.949550 0.999500 -1
0 67.500618 21.542591 -10.210171 0.949550 0.932900 -1
0 75.045868 17.225094 -10.612740 0.999500 0.999501 -1
0 73.359764 21.587738 -13.856904 0.999500 0.932900 -1
0 -40.573105 -0.944701 6.166098 0.050450 0.866300 -1
0 -46.461887 -1.825930 8.335060 0.000500 0.866300 -1
0 -34.717514 -1.000130 2.341586 0.100400 0.866300 -1
0 -28.866695 -1.189890 -1.720345 0.150350 0.866300 -1
0 -22.987133 -0.568727 -4.348966 0.200300 0.866300 -1
0 -17.058708 1.430759 -4.541416 0.250250 0.866300 -1
0 -11.086705 4.659688 -2.560833 0.300200 0.866300 -1
0 -5.100566 8.287286 0.124396 0.350150 0.866300 -1
0 0.860280 11.201432 1.548601 0.400100 0.866300 -1
0 6.767710 12.608656 0.309335 0.450050 0.866300 -1
0 12.620855 12.484477 -3.636681 0.500000 0.866300 -1
0 18.447565 11.614537 -8.900827 0.549950 0.866300 -1
0 24.291309 11.225162 -13.315578 0.599900 0.866300 -1
0 30.188944 12.355962 -15.043427 0.649850 0.866300 -1
0 36.151054 15.305848 -13.556046 0.699800 0.866300 -1
0 42.155033 19.436668 -9.981370 0.749750 0.866300 -1
0 48.143227 23.122387 -7.193413 0.799700 0.866300 -1
0 54.078083 25.303335 -7.065133 0.849650 0.866300 -1
0 59.959785 25.984802 -9.587173 0.899600 0.866300 -1
0 65.812706 25.854336 -13.544303 0.949550 0.866300 -1
0 71.669243 25.825840 -17.321198 0.999500 0.866300 -1
0 -42.262856 3.315052 2.740076 0.050450 0.799700 -1
0 -48.137939 2.820289 5.592113 0.000500 0.799700 -1
0 -36.414349 3.060080 -1.437116 0.100400 0.799700 -1
0 -30.559534 2.982821 -5.300213 0.150350 0.799700 -1
0 -24.665958 3.999343 -7.230040 0.200300 0.799700 -1
0 -18.720060 6.491775 -6.551210 0.250250 0.799700 -1
0 -12.735993 10.060995 -3.969159 0.300200 0.799700 -1
0 -6.750252 13.677398 -1.303721 0.350150 0.799700 -1
0 -0.803416 16.196341 -0.578033 0.400100 0.799700 -1
0 5.082898 17.007811 -2.870297 0.450050 0.799700 -1
0 10.918748 16.395716 -7.678701 0.500000 0.799700 -1
0 16.741552 15.415589 -13.137600 0.549950 0.799700 -1
0 22.597239 15.363091 -16.956923 0.599900 0.799700 -1
0 28.517092 17.120783 -17.576742 0.649850 0.799700 -1
0 34.501080 20.687712 -14.998743 0.699800 0.799700 -1
0 40.513016 25.043201 -11.026971 0.749750 0.799700 -1
0 46.489460 28.397385 -8.825000 0.799700 0.799700 -1
0 52.405388 30.044302 -9.640611 0.849650 0.799700 -1
0 58.270908 30.269371 -12.969329 0.899600 0.799700 -1
0 64.117004 29.946320 -17.266857 0.949550 0.799700 -1
0 69.977188 30.020737 -20.861847 0.999500 0.799700 -1
0 -43.956470 7.465801 -0.878613 0.050450 0.733100 -1
0 -49.820229 7.290548 2.538159 0.000500 0.733100 -1
0 -38.110596 7.136603 -5.186996 0.100400 0.733100 -1
0 -32.247185 7.302044 -8.621110 0.150350 0.733100 -1
0 -26.337051 8.785534 -9.725585 0.200300 0.733100 -1
0 -20.374474 11.748484 -8.215119 0.250250 0.733100 -1
0 -14.382257 15.547605 -5.226719 0.300200 0.733100 -1
0 -8.402531 18.994320 -2.861202 0.350150 0.733100 -1
0 -2.474315 20.987963 -3.063976 0.400100 0.733100 -1
0 3.389798 21.173166 -6.463161 0.450050 0.733100 -1
0 9.211870 20.172392 -11.958555 0.500000 0.733100 -1
0 15.038259 19.293365 -17.238762 0.549950 0.733100 -1
0 20.913420 19.790239 -20.087074 0.599900 0.733100 -1
0 26.859188 22.279013 -19.414705 0.649850 0.733100 -1
0 32.862694 26.396591 -15.863441 0.699800 0.733100 -1
0 38.871826 30.672918 -12.031583 0.749750 0.733100 -1
0 44.828785 33.477425 -10.801169 0.799700 0.733100 -1
0 50.722027 34.484474 -12.747744 0.849650 0.733100 -1
0 56.572590 34.287449 -16.822512 0.899600 0.733100 -1
0 62.416775 33.910431 -21.215414 0.949550 0.733100 -1
0 68.286705 34.259937 -24.324194 0.999500 0.733100 -1
0 -45.651531 11.575819 -4.569291 0.050450 0.666500 -1
0 -51.507637 11.616436 -0.770970 0.000500 0.666500 -1
0 -39.803459 11.308664 -8.768011 0.100400 0.666500 -1
0 -33.927689 11.822646 -11.586086 0.150350 0.666500 -1
0 -28.000240 13.794654 -11.827103 0.200300 0.666500 -1
0 -22.023607 17.154182 -9.615683 0.250250 0.666500 -1
0 -16.028276 21.041105 -6.472101 0.300200 0.666500 -1
0 -10.059912 24.167345 -4.673020 0.350150 0.666500 -1
0 -4.153003 25.559866 -5.938274 0.400100 0.666500 -1
0 1.690177 25.154562 -10.381178 0.450050 0.666500 -1
0 7.503379 23.903542 -16.318882 0.500000 0.666500 -1
0 13.341162 23.345943 -21.030966 0.549950 0.666500 -1
0 19.241959 24.566046 -22.600971 0.599900 0.666500 -1
0 25.214861 27.820293 -20.575634 0.649850 0.666500 -1
0 31.232035 32.323460 -16.342848 0.699800 0.666500 -1
0 37.227623 36.217674 -13.186373 0.749750 0.666500 -1
0 43.159351 38.310455 -13.213923 0.799700 0.666500 -1
0 49.028938 38.650146 -16.340052 0.849650 0.666500 -1
0 54.867958 38.127449 -20.990444 0.899600 0.666500 -1
0 60.715839 37.854778 -25.198915 0.949550 0.666500 -1
0 66.600693 38.625069 -27.563965 0.999500 0.666500 -1
0 -47.345398 15.719579 -8.200332 0.050450 0.599900 -1
0 -53.198383 15.848183 -4.246492 0.000500 0.599900 -1
0 -41.490543 15.643570 -12.061205 0.100400 0.599900 -1
0 -35.600117 16.571230 -14.148102 0.150350 0.599900 -1
0 -29.656616 18.996037 -13.588799 0.200300 0.599900 -1
0 -23.670345 22.627419 -10.896879 0.250250 0.599900 -1
0 -17.677786 26.436169 -7.891468 0.300200 0.599900 -1
0 -11.725121 29.119537 -6.875154 0.350150 0.599900 -1
0 -5.839435 29.913340 -9.198647 0.400100 0.599900 -1
0 -0.013047 29.034288 -14.478896 0.450050 0.599900 -1
0 5.796758 27.687410 -20.586027 0.500000 0.599900 -1
0 11.652777 27.644272 -24.388803 0.549950 0.599900 -1
0 17.583323 29.703646 -24.475405 0.599900 0.599900 -1
0 23.581474 33.670208 -21.191059 0.649850 0.599900 -1
0 29.601606 38.256828 -16.810760 0.699800 0.599900 -1
0 35.576397 41.564365 -14.691235 0.749750 0.599900 -1
0 41.480057 42.865246 -16.118465 0.799700 0.599900 -1
0 47.328068 42.596210 -20.320515 0.849650 0.599900 -1
0 53.160793 41.895973 -25.284714 0.899600 0.599900 -1
0 59.018005 41.886631 -29.027756 0.949550 0.599900 -1
0 64.921394 43.179844 -30.468536 0.999500 0.599900 -1
0 -49.035622 19.965998 -11.649920 0.050450 0.533300 -1
0 -54.890327 20.046129 -7.781757 0.000500 0.533300 -1
0 -43.170246 20.186855 -14.986087 0.100400 0.533300 -1
0 -37.264580 21.544380 -16.313202 0.150350 0.533300 -1
0 -31.308247 24.331242 -15.113967 0.200300 0.533300 -1
0 -25.318293 28.066555 -12.238346 0.250250 0.533300 -1
0 -19.334770 31.620384 -9.683506 0.300200 0.533300 -1
0 -13.400669 33.780033 -9.592864 0.350150 0.533300 -1
0 -7.533395 34.054379 -12.834496 0.400100 0.533300 -1
0 -1.716654 32.903198 -18.595730 0.450050 0.533300 -1
0 4.095412 31.620142 -24.590059 0.500000 0.533300 -1
0 9.974169 32.218456 -27.259073 0.549950 0.533300 -1
0 15.936043 35.161598 -25.783611 0.599900 0.533300 -1
0 21.953636 39.676651 -21.529814 0.649850 0.533300 -1
0 27.965260 44.023243 -17.573765 0.699800 0.533300 -1
0 33.914730 46.616478 -16.716764 0.749750 0.533300 -1
0 39.790833 47.139927 -19.518101 0.799700 0.533300 -1
0 45.622162 46.400349 -24.551834 0.849650 0.533300 -1
0 51.454979 45.702641 -29.511559 0.899600 0.533300 -1
0 57.326496 46.096786 -32.541439 0.949550 0.533300 -1
0 63.250103 47.960434 -32.973984 0.999500 0.533300 -1
0 -50.720333 24.368031 -14.824464 0.050450 0.466700 -1
0 -56.581303 24.271425 -11.268685 0.000500 0.466700 -1
0 -44.841923 24.956575 -17.510744 0.100400 0.466700 -1
0 -38.922131 26.712580 -18.133545 0.150350 0.466700 -1
0 -32.957653 29.729271 -16.528091 0.200300 0.466700 -1
0 -26.970789 33.377380 -13.806602 0.250250 0.466700 -1
0 -21.002113 36.512310 -11.992165 0.300200 0.466700 -1
0 -15.088058 38.106487 -12.900994 0.350150 0.466700 -1
0 -9.236145 37.947487 -16.908564 0.400100 0.466700 -1
0 -3.424759 36.645214 -22.936852 0.450050 0.466700 -1
0 2.402270 35.784286 -28.185064 0.500000 0.466700 -1
0 8.306842 37.110905 -29.566807 0.549950 0.466700 -1
0 14.295626 40.813171 -26.749601 0.599900 0.466700 -1
0 20.322876 45.600666 -22.014261 0.649850 0.466700 -1
0 26.318182 49.486881 -18.871922 0.699800 0.466700 -1
0 32.240738 51.320808 -19.356998 0.749750 0.466700 -1
0 38.092964 51.170731 -23.348795 0.799700 0.466700 -1
0 43.914547 50.156219 -28.868467 0.849650 0.466700 -1
0 49.754025 49.646381 -33.496128 0.899600 0.466700 -1
0 55.643520 50.547798 -35.629414 0.949550 0.466700 -1
0 61.586933 52.970127 -35.074490 0.999501 0.466700 -1
0 -52.398472 28.955399 -17.671431 0.050450 0.400100 -1
0 -58.269386 28.578335 -14.611360 0.000500 0.400100 -1
0 -46.506004 29.940540 -19.656725 0.100400 0.400100 -1
0 -40.574615 32.023800 -19.701105 0.150350 0.400100 -1
0 -34.607426 35.116833 -17.960714 0.200300 0.400100 -1
0 -28.630047 38.497444 -15.712031 0.250250 0.400100 -1
0 -22.680380 41.096146 -14.845372 0.300200 0.400100 -1
0 -16.786295 42.126869 -16.750113 0.350150 0.400100 -1
0 -10.946615 41.622818 -21.367544 0.400100 0.400100 -1
0 -5.130973 40.440605 -27.183630 0.450050 0.400100 -1
0 0.719407 40.238441 -31.267487 0.500000 0.400100 -1
0 6.650115 42.302372 -31.346033 0.549950 0.400100 -1
0 12.656825 46.510353 -27.634975 0.599900 0.400100 -1
0 18.683319 51.276497 -22.937376 0.649850 0.400100 -1
0 24.658184 54.586075 -20.814240 0.699800 0.400100 -1
0 30.554668 55.684525 -22.599268 0.749750 0.400100 -1
0 36.389080 55.031864 -27.479370 0.799700 0.400100 -1
0 42.208664 53.960949 -33.098740 0.849650 0.400100 -1
0 48.060650 53.803986 -37.102703 0.899600 0.400100 -1
0 53.970066 55.267319 -38.242802 0.949550 0.400100 -1
0 59.930847 58.179688 -36.821735 0.999501 0.400100 -1
0 -54.069984 33.729824 -20.187771 0.050450 0.333500 -1
0 -59.953144 33.007202 -17.738472 0.000500 0.333500 -1
0 -48.163994 35.096451 -21.498795 0.100400 0.333500 -1
0 -42.224522 37.407574 -21.140423 0.150350 0.333500 -1
0 -36.259953 40.426941 -19.530239 0.200300 0.333500 -1
0 -30.296818 43.405499 -17.992186 0.250250 0.333500 -1
0 -24.367785 45.422131 -18.154331 0.300200 0.333500 -1
0 -18.491203 45.959145 -20.931694 0.350150 0.333500 -1
0 -12.657062 45.298809 -25.825359 0.400100 0.333500 -1
0 -6.827994 44.495392 -30.971930 0.450050 0.333500 -1
0 -0.952233 45.009186 -33.790329 0.500000 0.333500 -1
0 5.001780 47.730553 -32.706860 0.549950 0.333500 -1
0 11.019449 52.247719 -28.449326 0.599900 0.333500 -1
0 17.034594 56.693680 -24.317646 0.649850 0.333500 -1
0 22.985487 59.327026 -23.389750 0.699800 0.333500 -1
0 28.858835 59.772755 -26.328451 0.749750 0.333500 -1
0 34.682697 58.822445 -31.734652 0.799700 0.333500 -1
0 40.507618 57.902027 -37.088020 0.849650 0.333500 -1
0 46.376526 58.222576 -40.247982 0.899600 0.333500 -1
0 52.305801 60.246086 -40.397964 0.949550 0.333500 -1
0 58.279835 63.532368 -38.316013 0.999501 0.333500 -1
0 -55.735844 38.663612 -22.422440 0.050450 0.266900 -1
0 -61.631844 37.578800 -20.613308 0.000500 0.266900 -1
0 -49.818333 40.355236 -23.159033 0.100400 0.266900 -1
0 -43.874771 42.781761 -22.596685 0.150350 0.266900 -1
0 -37.917141 45.605190 -21.332823 0.200300 0.266900 -1
0 -31.970707 48.112793 -20.627180 0.250250 0.266900 -1
0 -26.061195 49.578770 -21.762606 0.300200 0.266900 -1
0 -20.197380 49.755573 -25.176638 0.350150 0.266900 -1
0 -14.361530 49.143421 -29.985138 0.400100 0.266900 -1
0 -8.514285 48.852795 -34.225357 0.450050 0.266900 -1
0 -2.613008 50.086426 -35.771446 0.500000 0.266900 -1
0 3.360425 53.355679 -33.719593 0.549950 0.266900 -1
0 9.380740 57.947472 -29.330149 0.599900 0.266900 -1
0 15.376217 61.838589 -26.179153 0.649850 0.266900 -1
0 21.301857 63.759518 -26.510456 0.699800 0.266900 -1
0 27.156843 63.687214 -30.364786 0.749750 0.266900 -1
0 32.977512 62.646858 -35.930134 0.799700 0.266900 -1
0 38.813835 62.048157 -40.714867 0.849650 0.266900 -1
0 44.702122 62.915413 -42.908520 0.899600 0.266900 -1
0 50.649178 65.440620 -42.171764 0.949551 0.266900 -1
0 56.631214 68.952415 -39.691216 0.999501 0.266900 -1
0 -57.397957 43.703094 -24.470293 0.050450 0.200300 -1
0 -63.305492 42.292767 -23.236509 0.000500 0.200300 -1
0 -51.472179 45.627964 -24.794621 0.100400 0.200300 -1
0 -45.528458 48.059071 -24.224182 0.150350 0.200300 -1
0 -39.580540 50.608429 -23.444738 0.200300 0.200300 -1
0 -33.650688 52.648273 -23.565855 0.250250 0.200300 -1
0 -27.757145 53.663666 -25.497684 0.300200 0.200300 -1
0 -21.900167 53.647587 -29.252638 0.350150 0.200300 -1
0 -16.056780 53.248123 -33.685223 0.400100 0.200300 -1
0 -10.189240 53.529995 -36.913540 0.450050 0.200300 -1
0 -4.264598 55.422775 -37.294586 0.500000 0.200300 -1
0 1.722819 59.086533 -34.545452 0.549950 0.200300 -1
0 7.735864 63.473225 -30.518522 0.599900 0.200300 -1
0 13.707835 66.701233 -28.539566 0.649850 0.200300 -1
0 19.609882 67.956520 -30.047382 0.699800 0.200300 -1
0 25.452545 67.536682 -34.515984 0.749750 0.200300 -1
0 31.276697 66.594559 -39.907703 0.799700 0.200300 -1
0 37.128738 66.439232 -43.908768 0.849650 0.200300 -1
0 43.036674 67.860794 -45.122700 0.899600 0.200300 -1
0 48.997730 70.780983 -43.687813 0.949551 0.200300 -1
0 54.982037 74.357010 -41.093735 0.999501 0.200300 -1
0 -59.058872 48.776440 -26.458298 0.050450 0.133700 -1
0 -64.974815 47.128975 -25.643656 0.000500 0.133700 -1
0 -53.128979 50.817421 -26.577402 0.100400 0.133700 -1
0 -47.188492 53.157154 -26.168465 0.150350 0.133700 -1
0 -41.251205 55.406750 -25.918846 0.200300 0.133700 -1
0 -35.335415 57.049763 -26.741356 0.250250 0.133700 -1
0 -29.452497 57.765522 -29.202789 0.300200 0.133700 -1
0 -23.596203 57.730167 -32.991810 0.350150 0.133700 -1
0 -17.741129 57.660282 -36.841862 0.400100 0.133700 -1
0 -11.853453 58.510292 -39.066002 0.450050 0.133700 -1
0 -5.909872 60.937374 -38.502682 0.500000 0.133700 -1
0 0.084667 64.802025 -35.398457 0.549950 0.133700 -1
0 6.081995 68.745338 -32.155209 0.599900 0.133700 -1
0 12.029757 71.290306 -31.383526 0.649850 0.133700 -1
0 17.912374 71.997520 -33.860050 0.699800 0.133700 -1
0 23.749269 71.414955 -38.616272 0.749750 0.133700 -1
0 29.582436 70.727158 -43.558475 0.799700 0.133700 -1
0 35.452526 71.080978 -46.659626 0.849650 0.133700 -1
0 41.378315 73.006226 -46.983292 0.899600 0.133700 -1
0 47.348461 76.182808 -45.095230 0.949551 0.133700 -1
0 53.329594 79.669296 -42.659409 0.999501 0.133700 -1
0 -60.721378 53.804714 -28.525953 0.050450 0.067100 -1
0 -66.641090 52.050983 -27.899141 0.000500 0.067100 -1
0 -54.791924 55.833431 -28.666737 0.100400 0.067100 -1
0 -48.857132 58.012508 -28.541759 0.150350 0.067100 -1
0 -42.929474 59.990520 -28.772169 0.200300 0.067100 -1
0 -37.023277 61.362988 -30.072874 0.250250 0.067100 -1
0 -31.144606 61.958870 -32.746181 0.300200 0.067100 -1
0 -25.283346 62.063503 -36.287769 0.350150 0.067100 -1
0 -19.414284 62.388355 -39.440136 0.400100 0.067100 -1
0 -13.508856 63.739105 -40.779221 0.450050 0.067100 -1
0 -7.552591 66.523941 -39.583553 0.500000 0.067100 -1
0 -1.559908 70.336227 -36.571899 0.549950 0.067100 -1
0 4.417458 73.716469 -34.323879 0.599900 0.067100 -1
0 10.343075 75.636765 -34.656296 0.649850 0.067100 -1
0 16.212055 75.959274 -37.812790 0.699800 0.067100 -1
0 22.049538 75.393211 -42.539829 0.749750 0.067100 -1
0 27.895805 75.075020 -46.828766 0.799700 0.067100 -1
0 33.784256 75.946861 -49.014313 0.849650 0.067100 -1
0 39.724461 78.278656 -48.619408 0.899601 0.067100 -1
0 45.698376 81.561584 -46.543392 0.949551 0.067100 -1
0 51.671780 84.830078 -44.492874 0.999501 0.067100 -1
0 -62.388115 58.713955 -30.804018 0.050450 0.000500 -1
0 -68.306046 57.010277 -30.088722 0.000500 0.000500 -1
0 -56.463387 60.609097 -31.180885 0.100400 0.000500 -1
0 -50.535431 62.595474 -31.396503 0.150350 0.000500 -1
0 -44.614624 64.380119 -31.968689 0.200300 0.000500 -1
0 -38.712215 65.645660 -33.458382 0.250250 0.000500 -1
0 -32.831276 66.305588 -36.018497 0.300200 0.000500 -1
0 -26.960625 66.675217 -39.091709 0.350150 0.000500 -1
0 -21.077356 67.400848 -41.535694 0.400100 0.000500 -1
0 -15.158612 69.127251 -42.210823 0.450050 0.000500 -1
0 -9.197013 72.062561 -40.749199 0.500000 0.000500 -1
0 -3.214848 75.578117 -38.262005 0.549950 0.000500 -1
0 2.741984 78.379051 -37.037895 0.599900 0.000500 -1
0 8.649680 79.793816 -38.263847 0.649850 0.000500 -1
0 14.511524 79.914948 -41.776264 0.699800 0.000500 -1
0 20.355148 79.522171 -46.197021 0.749750 0.000500 -1
0 26.216896 79.640709 -49.714046 0.799700 0.000500 -1
0 32.122158 80.986771 -51.061424 0.849650 0.000500 -1
0 38.072285 83.598511 -50.171703 0.899601 0.000500 -1
0 44.044945 86.845993 -48.158325 0.949551 0.000500 -1
0 50.007412 89.805969 -46.653118 0.999501 0.000500 -1
816
-0.045923 -0.470727 -0.881083
-0.142563 -0.509098 -0.848819
-0.221479 -0.587041 -0.778672
-0.202557 -0.598610 -0.775008
-0.374994 -0.670540 -0.640121
-0.359543 -0.681115 -0.637818
-0.352826 -0.687187 -0.635049
-0.351572 -0.690791 -0.631826
-0.146823 -0.620059 -0.770695
-0.161901 -0.616678 -0.770387
0.160005 -0.422397 -0.892177
0.139177 -0.410243 -0.901294
0.369357 -0.214054 -0.904299
0.346769 -0.204078 -0.915480
0.385900 -0.152336 -0.909876
0.375750 -0.145569 -0.915217
0.199520 -0.276913 -0.939952
0.210139 -0.271453 -0.939231
-0.136772 -0.505928 -0.851663
-0.116400 -0.514961 -0.849274
-0.402008 -0.657022 -0.637740
-0.372580 -0.673224 -0.638712
-0.462579 -0.714480 -0.524917
-0.438572 -0.728365 -0.526440
-0.319435 -0.725204 -0.609951
-0.312237 -0.733874 -0.603272
0.024131 -0.596495 -0.802254
0.014982 -0.600002 -0.799859
0.361537 -0.317129 -0.876767
0.331633 -0.315939 -0.888933
0.466409 -0.131488 -0.874742
0.435213 -0.129663 -0.890942
0.332836 -0.166721 -0.928129
0.303518 -0.158777 -0.939504
0.009486 -0.351489 -0.936144
-0.005737 -0.337580 -0.941279
-0.287624 -0.520119 -0.804207
-0.276341 -0.507417 -0.816189
-0.391478 -0.607488 -0.691161
-0.362667 -0.602942 -0.710587
-0.387772 -0.633229 -0.669816
-0.347482 -0.642316 -0.683144
-0.243199 -0.576643 -0.779960
-0.296217 -0.635687 -0.712852
-0.400887 -0.687525 -0.605474
-0.320933 -0.679479 -0.659780
-0.055459 -0.563263 -0.824414
0.255784 -0.329152 -0.908974
0.413677 -0.153004 -0.897475
0.368547 -0.157768 -0.916124
0.108972 -0.353288 -0.929146
-0.248884 -0.586859 -0.770489
-0.462921 -0.692986 -0.552698
-0.466707 -0.724296 -0.507524
-0.255571 -0.694254 -0.672826
0.136239 -0.480335 -0.866440
0.439113 -0.186019 -0.878964
0.477426 -0.078495 -0.875159
0.282992 -0.210063 -0.935836
-0.072407 -0.452457 -0.888842
-0.343844 -0.608101 -0.715531
-0.404400 -0.663238 -0.629744
-0.400280 -0.668112 -0.627218
-0.324958 -0.626249 -0.708670
-0.354799 -0.666602 -0.655561
-0.407220 -0.690766 -0.597507
-0.265241 -0.652092 -0.710227
0.048375 -0.481442 -0.875142
0.337783 -0.236268 -0.911087
0.435014 -0.113400 -0.893254
0.320416 -0.191885 -0.927639
-0.009363 -0.442799 -0.896572
-0.355465 -0.648010 -0.673593
-0.500190 -0.712309 -0.492368
-0.441767 -0.722531 -0.531781
-0.152429 -0.626227 -0.764595
0.254495 -0.331202 -0.908591
0.483286 -0.075606 -0.872192
0.453207 -0.068371 -0.888779
0.187766 -0.293197 -0.937432
-0.176182 -0.555107 -0.812906
-0.388177 -0.673828 -0.628708
-0.391990 -0.699814 -0.597163
-0.382004 -0.685573 -0.619728
-0.381688 -0.656403 -0.650730
-0.393642 -0.680258 -0.618300
-0.393208 -0.679930 -0.618937
-0.187364 -0.601203 -0.776820
0.153607 -0.384125 -0.910414
0.399460 -0.159639 -0.902744
0.434219 -0.101748 -0.895043
0.240696 -0.255740 -0.936303
-0.142605 -0.529411 -0.836294
-0.444831 -0.683558 -0.578683
-0.514176 -0.720501 -0.465297
-0.379877 -0.704645 -0.599307
-0.015445 -0.515542 -0.856725
0.362500 -0.176781 -0.915064
0.494386 -0.002817 -0.869238
0.386775 -0.101825 -0.916535
0.052924 -0.400340 -0.914837
-0.285228 -0.637958 -0.715300
-0.415086 -0.714734 -0.562903
-0.354557 -0.717111 -0.600034
-0.331723 -0.684092 -0.649599
-0.413358 -0.670358 -0.616242
-0.411772 -0.679152 -0.607615
-0.357953 -0.653092 -0.667338
-0.094289 -0.527873 -0.844073
0.248211 -0.288113 -0.924869
0.439271 -0.112027 -0.891342
0.412579 -0.125047 -0.902298
0.136674 -0.345729 -0.928327
-0.272466 -0.599802 -0.752330
-0.511280 -0.696317 -0.503721
-0.504964 -0.720560 -0.475188
-0.272982 -0.659890 -0.700019
0.140656 -0.371842 -0.917578
0.444055 -0.052064 -0.894486
0.478989 0.019669 -0.877601
0.274639 -0.182103 -0.944146
-0.105158 -0.510940 -0.853160
-0.379290 -0.690765 -0.615616
-0.422326 -0.735412 -0.529915
-0.291255 -0.712490 -0.638379
-0.245633 -0.656889 -0.712855
-0.421636 -0.671591 -0.609253
-0.408786 -0.664955 -0.625083
-0.301958 -0.607829 -0.734415
0.002418 -0.440512 -0.897744
0.321781 -0.210964 -0.923012
0.457576 -0.100703 -0.883449
0.369797 -0.189695 -0.909542
0.024685 -0.453301 -0.891016
-0.377972 -0.650508 -0.658770
-0.554016 -0.694741 -0.458695
-0.471336 -0.710414 -0.522641
-0.124872 -0.579658 -0.805235
0.294977 -0.221318 -0.929520
0.492067 0.023108 -0.870251
0.437049 -0.013444 -0.899337
0.127360 -0.303146 -0.944395
-0.260541 -0.604081 -0.753130
-0.444861 -0.717026 -0.536631
-0.408230 -0.740236 -0.534228
-0.202015 -0.680199 -0.704642
-0.122475 -0.594319 -0.794849
-0.407054 -0.661617 -0.629739
-0.383769 -0.637627 -0.667947
-0.229149 -0.544444 -0.806890
0.090340 -0.352614 -0.931398
0.367969 -0.163723 -0.915311
0.452174 -0.127933 -0.882707
0.302824 -0.294923 -0.906266
-0.080902 -0.568173 -0.818923
-0.442713 -0.695383 -0.566081
-0.562208 -0.699587 -0.441020
-0.410312 -0.681774 -0.605663
0.038504 -0.466164 -0.883860
0.424406 -0.100520 -0.899875
0.514050 0.040568 -0.856801
0.362053 -0.102062 -0.926553
-0.033218 -0.440060 -0.897354
-0.385554 -0.666257 -0.638318
-0.479542 -0.726309 -0.492458
-0.370059 -0.729298 -0.575483
-0.091621 -0.615457 -0.782827
0.026173 -0.493894 -0.869128
-0.368744 -0.639652 -0.674443
-0.336070 -0.596523 -0.728847
-0.146989 -0.469131 -0.870810
0.159656 -0.278470 -0.947082
0.384468 -0.149703 -0.910919
0.417020 -0.191206 -0.888557
0.207978 -0.422825 -0.882023
-0.179654 -0.667300 -0.722797
-0.475407 -0.728284 -0.493549
-0.536086 -0.708591 -0.458814
-0.304940 -0.633147 -0.711433
0.188878 -0.336240 -0.922642
0.510016 -0.030266 -0.859632
0.514743 0.002635 -0.857340
0.256287 -0.237412 -0.936991
-0.183762 -0.563637 -0.805323
-0.466589 -0.698705 -0.542316
-0.486074 -0.725432 -0.487320
-0.305137 -0.698033 -0.647798
0.029050 -0.520886 -0.853132
0.173193 -0.371971 -0.911944
-0.306429 -0.603898 -0.735804
-0.267643 -0.542998 -0.795940
-0.064581 -0.393759 -0.916942
0.204960 -0.229378 -0.951513
0.371084 -0.167997 -0.913276
0.346628 -0.281962 -0.894621
0.089287 -0.541914 -0.835678
-0.270062 -0.725358 -0.633184
-0.486112 -0.740039 -0.464797
-0.484163 -0.697929 -0.527713
-0.168239 -0.549009 -0.818710
0.312677 -0.211442 -0.926027
0.547909 -0.001165 -0.836537
0.485761 -0.074727 -0.870892
0.131300 -0.388427 -0.912077
-0.308324 -0.651054 -0.693589
-0.508106 -0.711574 -0.485273
-0.466167 -0.715535 -0.520286
-0.214449 -0.640856 -0.737099
0.146318 -0.409416 -0.900539
0.292447 -0.257593 -0.920934
-0.224194 -0.554739 -0.801250
-0.185077 -0.483126 -0.855766
0.009440 -0.332375 -0.943100
0.225500 -0.211710 -0.950962
0.328975 -0.215615 -0.919394
0.243638 -0.384307 -0.890477
-0.037341 -0.627737 -0.777529
-0.340028 -0.743312 -0.576081
-0.479964 -0.729164 -0.487806
-0.401637 -0.657835 -0.637134
-0.025461 -0.433577 -0.900757
0.402464 -0.112073 -0.908550
0.548706 -0.002856 -0.836010
0.414328 -0.177392 -0.892672
-0.003024 -0.519813 -0.854275
-0.398473 -0.697451 -0.595635
-0.520226 -0.712697 -0.470561
-0.419274 -0.692684 -0.586855
-0.105517 -0.557743 -0.823279
0.246975 -0.301146 -0.921040
0.374585 -0.172495 -0.911006
-0.133743 -0.498320 -0.856616
-0.099434 -0.427793 -0.898391
0.068551 -0.297249 -0.952336
0.224097 -0.227803 -0.947569
0.262797 -0.287061 -0.921159
0.123099 -0.479232 -0.869013
-0.152099 -0.673890 -0.723006
-0.385119 -0.733499 -0.560056
-0.452465 -0.699577 -0.553053
-0.288729 -0.585475 -0.757532
0.111291 -0.310723 -0.943962
0.455130 -0.050281 -0.889004
0.521858 -0.040454 -0.852073
0.303661 -0.300198 -0.904252
-0.135238 -0.616115 -0.775959
-0.454543 -0.713799 -0.532806
-0.509057 -0.704620 -0.494340
-0.345333 -0.650867 -0.676104
0.009413 -0.458179 -0.888810
0.321657 -0.215516 -0.922003
0.423398 -0.123866 -0.897436
-0.052695 -0.446824 -0.893069
-0.023754 -0.389493 -0.920723
0.108957 -0.296067 -0.948933
0.205635 -0.276613 -0.938722
0.183567 -0.372987 -0.909496
0.007800 -0.553265 -0.832969
-0.239509 -0.686815 -0.686237
-0.404717 -0.705087 -0.582286
-0.400651 -0.648960 -0.646785
-0.161145 -0.485925 -0.859017
0.226933 -0.204694 -0.952156
0.474931 -0.031040 -0.879476
0.467385 -0.117746 -0.876177
0.171291 -0.427481 -0.887648
-0.249359 -0.674945 -0.694457
-0.481548 -0.713337 -0.509177
-0.475529 -0.686319 -0.550307
-0.249010 -0.587871 -0.769677
0.117047 -0.358898 -0.926009
0.367721 -0.163743 -0.915407
0.445450 -0.110619 -0.888447
0.001941 -0.413746 -0.910390
0.030215 -0.378190 -0.925235
0.129092 -0.330614 -0.934896
0.176502 -0.352188 -0.919136
0.107675 -0.460516 -0.881096
-0.081595 -0.601919 -0.794378
-0.291783 -0.676382 -0.676292
-0.398420 -0.661206 -0.635664
-0.327189 -0.575397 -0.749577
-0.039571 -0.378958 -0.924568
0.308624 -0.137619 -0.941176
0.469014 -0.058336 -0.881262
0.382953 -0.228866 -0.894968
0.038029 -0.539081 -0.841395
-0.331171 -0.703237 -0.629113
-0.483452 -0.703799 -0.520521
-0.418644 -0.655140 -0.628911
-0.140903 -0.509843 -0.848650
0.205490 -0.277579 -0.938469
0.387357 -0.147952 -0.909980
0.444849 -0.129493 -0.886195
0.018685 -0.408481 -0.912575
0.054098 -0.398465 -0.915587
0.128986 -0.395890 -0.909194
0.144563 -0.441860 -0.885359
0.051445 -0.536244 -0.842494
-0.132598 -0.626070 -0.768411
-0.307197 -0.648953 -0.696053
-0.366585 -0.601935 -0.709429
-0.242452 -0.486632 -0.839289
0.058917 -0.289488 -0.955367
0.349997 -0.118625 -0.929209
0.439031 -0.132221 -0.888690
0.278235 -0.359322 -0.890771
-0.077718 -0.623152 -0.778229
-0.376544 -0.711725 -0.593011
-0.461854 -0.687023 -0.560973
-0.340197 -0.609363 -0.716200
-0.034175 -0.429489 -0.902425
0.267558 -0.226028 -0.936656
0.383603 -0.165062 -0.908627
0.422604 -0.176713 -0.888920
0.005204 -0.402420 -0.915440
0.033758 -0.405528 -0.913459
0.102437 -0.420062 -0.901696
0.124454 -0.470402 -0.873632
0.050000 -0.555400 -0.830079
-0.111864 -0.632883 -0.766124
-0.273815 -0.649616 -0.709242
-0.331479 -0.599608 -0.728417
-0.220069 -0.481103 -0.848593
0.056928 -0.284765 -0.956906
0.326133 -0.116991 -0.938057
0.406151 -0.131896 -0.904237
0.247930 -0.355982 -0.901003
-0.089484 -0.624698 -0.775722
-0.367022 -0.718618 -0.590663
-0.436690 -0.701480 -0.563230
-0.314921 -0.625800 -0.713582
-0.019591 -0.437139 -0.899181
0.270071 -0.223005 -0.936659
0.369927 -0.159986 -0.915182
0.377308 -0.209197 -0.902150
0.045975 0.470795 0.881044
0.202548 0.598630 0.774995
0.221463 0.587061 0.778661
0.142592 0.509151 0.848783
0.359499 0.681097 0.637862
0.374943 0.670531 0.640161
0.351546 0.690782 0.631851
0.352810 0.687190 0.635055
0.161917 0.616726 0.770345
0.146849 0.620119 0.770641
-0.139171 0.410316 0.901261
-0.160007 0.422468 0.892142
-0.346783 0.204075 0.915475
-0.369394 0.214038 0.904287
-0.375745 0.145513 0.915228
-0.385905 0.152268 0.909886
-0.210103 0.271415 0.939250
-0.199472 0.276871 0.939975
0.116424 0.514954 0.849275
0.136817 0.505916 0.851663
0.372583 0.673225 0.638709
0.402021 0.657020 0.637733
0.438583 0.728376 0.526416
0.462601 0.714487 0.524889
0.312242 0.733925 0.603208
0.319473 0.725251 0.609875
-0.015037 0.600091 0.799791
-0.024168 0.596591 0.802181
-0.331697 0.315987 0.888892
-0.361627 0.317167 0.876716
-0.435201 0.129678 0.890945
-0.466420 0.131466 0.874740
-0.303444 0.158814 0.939521
-0.332737 0.166716 0.928166
0.005744 0.337631 0.941261
-0.009425 0.351507 0.936138
0.276264 0.507449 0.816195
0.287562 0.520137 0.804217
0.362612 0.602947 0.710611
0.391405 0.607489 0.691201
0.347454 0.642306 0.683168
0.387731 0.633219 0.669849
0.296175 0.635686 0.712870
0.243178 0.576668 0.779948
0.400841 0.687515 0.605516
0.320960 0.679513 0.659732
0.055500 0.563376 0.824335
-0.255832 0.329204 0.908942
-0.413753 0.152922 0.897454
-0.368544 0.157687 0.916139
-0.108897 0.353277 0.929159
0.248949 0.586859 0.770468
0.462940 0.692982 0.552687
0.466752 0.724288 0.507492
0.255677 0.694288 0.672750
-0.136252 0.480418 0.866391
-0.439238 0.185988 0.878907
-0.477441 0.078371 0.875162
-0.282818 0.209966 0.935910
0.072557 0.452406 0.888856
0.343811 0.608078 0.715566
0.404326 0.663213 0.629817
0.400234 0.668080 0.627282
0.354739 0.666587 0.655608
0.324885 0.626250 0.708704
0.407205 0.690764 0.597520
0.265329 0.652172 0.710121
-0.048344 0.481574 0.875071
-0.337896 0.236240 0.911052
-0.435104 0.113284 0.893225
-0.320384 0.191923 0.927642
0.009414 0.442927 0.896508
0.355497 0.648053 0.673535
0.500195 0.712298 0.492379
0.441839 0.722455 0.531824
0.152659 0.626135 0.764624
-0.254437 0.331173 0.908618
-0.483430 0.075454 0.872125
-0.453221 0.068118 0.888792
-0.187488 0.293004 0.937548
0.176449 0.554995 0.812924
0.388186 0.673775 0.628760
0.391919 0.699769 0.597262
0.381955 0.685519 0.619818
0.393579 0.680237 0.618363
0.381580 0.656389 0.650807
0.393250 0.679941 0.618898
0.187509 0.601324 0.776692
-0.153621 0.384212 0.910374
-0.399625 0.159513 0.902693
-0.434248 0.101733 0.895030
-0.240587 0.256168 0.936214
0.142501 0.529864 0.836025
0.444714 0.683703 0.578602
0.514094 0.720482 0.465417
0.379951 0.704332 0.599628
0.015887 0.515090 0.856989
-0.362284 0.176581 0.915188
-0.494541 0.002567 0.869151
-0.386809 0.101480 0.916559
-0.052545 0.400103 0.914963
0.285600 0.637823 0.715272
0.415125 0.714674 0.562950
0.354481 0.717057 0.600144
0.331666 0.684023 0.649700
0.411725 0.679127 0.607675
0.413237 0.670336 0.616348
0.358074 0.653118 0.667248
0.094463 0.527998 0.843976
-0.248297 0.288090 0.924853
-0.439432 0.111846 0.891286
-0.412375 0.125336 0.902351
-0.136319 0.346820 0.927972
0.272007 0.600733 0.751753
0.510909 0.696591 0.503719
0.504571 0.720542 0.475634
0.272941 0.658973 0.700898
-0.139857 0.370789 0.918126
-0.443584 0.051823 0.894733
-0.479198 -0.019911 0.877481
-0.274754 0.181768 0.944177
0.105586 0.510742 0.853226
0.379707 0.690644 0.615494
0.422364 0.735370 0.529943
0.291161 0.712437 0.638482
0.245561 0.656817 0.712946
0.408769 0.664925 0.625126
0.421517 0.671560 0.609370
0.302156 0.607862 0.734306
-0.002254 0.440586 0.897708
-0.321943 0.210800 0.922993
-0.457648 0.100520 0.883433
-0.369085 0.190327 0.909699
-0.023671 0.454777 0.890291
0.377012 0.651310 0.658526
0.554078 0.694240 0.459378
0.470239 0.710439 0.523595
0.124215 0.578058 0.806486
-0.293680 0.219904 0.930266
-0.491344 -0.023053 0.870660
-0.437405 0.013300 0.899166
-0.127657 0.302922 0.944427
0.260939 0.603985 0.753069
0.445251 0.716948 0.536411
0.408231 0.740225 0.534243
0.201892 0.680150 0.704724
0.122394 0.594257 0.794908
0.383784 0.637595 0.667969
0.406946 0.661579 0.629848
0.229394 0.544465 0.806806
-0.090217 0.352589 0.931419
-0.368191 0.163444 0.915271
-0.452121 0.127768 0.882758
-0.301496 0.295508 0.906518
0.082804 0.568671 0.818387
0.441285 0.695632 0.566889
0.562555 0.698466 0.442355
0.409291 0.681385 0.606790
-0.040490 0.465016 0.884376
-0.423247 0.100069 0.900471
-0.513151 -0.040064 0.857363
-0.362690 0.101957 0.926316
0.032688 0.439970 0.897417
0.385876 0.666273 0.638107
0.479856 0.726289 0.492182
0.369998 0.729312 0.575505
0.091467 0.615415 0.782878
-0.026241 0.493865 0.869143
0.336105 0.596496 0.728853
0.368652 0.639615 0.674529
0.147225 0.469130 0.870771
-0.159600 0.278360 0.947124
-0.384734 0.149389 0.910858
-0.416921 0.191069 0.888633
-0.206516 0.423000 0.882282
0.181411 0.666710 0.722902
0.474380 0.728069 0.494852
0.535237 0.708996 0.459179
0.304876 0.632962 0.711625
-0.191474 0.336511 0.922008
-0.509755 0.031547 0.859741
-0.513966 -0.002036 0.857808
-0.257214 0.237146 0.936805
0.183177 0.563639 0.805455
0.466844 0.698792 0.541984
0.486292 0.725461 0.487059
0.305005 0.698044 0.647847
-0.029213 0.520849 0.853149
-0.173216 0.372000 0.911928
0.267675 0.542986 0.795937
0.306347 0.603872 0.735860
0.064764 0.393752 0.916932
-0.204974 0.229248 0.951541
-0.371388 0.167742 0.913199
-0.346607 0.281890 0.894651
-0.088289 0.541858 0.835820
0.271015 0.724725 0.633502
0.486012 0.739486 0.465781
0.482952 0.699134 0.527227
0.168203 0.549895 0.818122
-0.314373 0.212268 0.925263
-0.548117 0.002735 0.836397
-0.485477 0.074916 0.871034
-0.132113 0.387941 0.912167
0.307956 0.651126 0.693685
0.508321 0.711676 0.484899
0.466288 0.715579 0.520118
0.214271 0.640830 0.737174
-0.146450 0.409387 0.900530
-0.292411 0.257679 0.920922
0.185095 0.483136 0.855757
0.224120 0.554732 0.801276
-0.009318 0.332383 0.943098
-0.225565 0.211623 0.950966
-0.329300 0.215477 0.919310
-0.243742 0.384339 0.890434
0.037845 0.627738 0.777504
0.340506 0.743007 0.576191
0.479794 0.729092 0.488080
0.401297 0.658353 0.636814
0.025599 0.434000 0.900549
-0.403142 0.112578 0.908187
-0.548735 0.003407 0.835989
-0.414377 0.177062 0.892716
0.002518 0.519467 0.854487
0.398371 0.697576 0.595557
0.520407 0.712779 0.470236
0.419304 0.692701 0.586813
0.105335 0.557671 0.823351
-0.247044 0.301146 0.921021
-0.374498 0.172614 0.911019
0.099435 0.427826 0.898375
0.133678 0.498335 0.856617
-0.068475 0.297283 0.952331
-0.224176 0.227780 0.947556
-0.263099 0.287043 0.921078
-0.123275 0.479366 0.868914
0.152314 0.674003 0.722856
0.385353 0.733446 0.559965
0.452363 0.699654 0.553039
0.288614 0.585712 0.757392
-0.111209 0.310876 0.943922
-0.455293 0.050408 0.888914
-0.521873 0.040441 0.852064
-0.303839 0.299895 0.904293
0.134985 0.616060 0.776047
0.454585 0.713934 0.532589
0.509187 0.704673 0.494130
0.345292 0.650836 0.676155
-0.009562 0.458094 0.888853
-0.321659 0.215560 0.921992
-0.423285 0.123993 0.897472
0.023746 0.389540 0.920703
0.052644 0.446854 0.893057
-0.108908 0.296119 0.948922
-0.205694 0.276637 0.938702
-0.183799 0.373041 0.909427
-0.007971 0.553433 0.832855
0.239589 0.686961 0.686062
0.404847 0.705122 0.582153
0.400621 0.649014 0.646748
0.161072 0.486003 0.858986
-0.226927 0.204728 0.952151
-0.474976 0.031042 0.879451
-0.467477 0.117664 0.876140
-0.171474 0.427418 0.887643
0.249257 0.675064 0.694377
0.481619 0.713447 0.508956
0.475593 0.686339 0.550228
0.248933 0.587803 0.769753
-0.117135 0.358846 0.926018
-0.367679 0.163820 0.915410
-0.445335 0.110732 0.888490
-0.030222 0.378235 0.925216
-0.001971 0.413776 0.910377
-0.129053 0.330663 0.934884
-0.176524 0.352223 0.919118
-0.107817 0.460577 0.881047
0.081470 0.602048 0.794293
0.291810 0.676491 0.676171
0.398503 0.661234 0.635582
0.327188 0.575397 0.749577
0.039520 0.378952 0.924572
-0.308643 0.137615 0.941170
-0.469049 0.058321 0.881244
-0.383066 0.228846 0.894925
-0.038162 0.539162 0.841337
0.331140 0.703377 0.628973
0.483499 0.703866 0.520386
0.418644 0.655126 0.628925
0.140828 0.509778 0.848701
-0.205515 0.277586 0.938461
-0.387300 0.148035 0.909992
-0.444754 0.129572 0.886231
-0.054099 0.398492 0.915575
-0.018696 0.408497 0.912568
-0.128952 0.395917 0.909187
-0.144553 0.441874 0.885354
-0.051511 0.536270 0.842473
0.132523 0.626132 0.768373
0.307203 0.649005 0.696002
0.366634 0.601935 0.709404
0.242461 0.486600 0.839305
-0.058946 0.289459 0.955374
-0.350012 0.118617 0.929205
-0.439061 0.132217 0.888676
-0.278315 0.359349 0.890735
0.077645 0.623250 0.778159
0.376535 0.711816 0.592907
0.461863 0.687050 0.560931
0.340160 0.609335 0.716242
0.034127 0.429465 0.902438
-0.267540 0.226082 0.936648
-0.383554 0.165123 0.908637
-0.422546 0.176746 0.888941
-0.033759 0.405544 0.913452
-0.005204 0.402428 0.915437
-0.102412 0.420078 0.901691
-0.124428 0.470405 0.873635
-0.050022 0.555401 0.830077
0.111810 0.632908 0.766111
0.273802 0.649645 0.709220
0.331510 0.599601 0.728409
0.220087 0.481064 0.848610
-0.056943 0.284730 0.956915
-0.326142 0.116982 0.938055
-0.406164 0.131893 0.904231
-0.247977 0.356008 0.900980
0.089432 0.624783 0.775660
0.367006 0.718693 0.590582
0.436680 0.701498 0.563215
0.314883 0.625765 0.713630
0.019553 0.437122 0.899190
-0.270045 0.223079 0.936649
-0.369891 0.160052 0.915185
-0.377291 0.209203 0.902156
0.296337 -0.833797 0.465797
0.296337 -0.833797 0.465797
0.296337 -0.833797 0.465797
0.296337 -0.833797 0.465797
0.296336 -0.833798 0.465796
0.296337 -0.833797 0.465797
0.296336 -0.833797 0.465797
0.296337 -0.833797 0.465797
0.296337 -0.833797 0.465797
0.296337 -0.833797 0.465797
0.296337 -0.833797 0.465797
0.296337 -0.833797 0.465797
0.296337 -0.833797 0.465797
0.296337 -0.833797 0.465797
0.296337 -0.833797 0.465797
0.296336 -0.833797 0.465797
0.296336 -0.833797 0.465797
0.296337 -0.833797 0.465797
0.296336 -0.833797 0.465797
0.296337 -0.833797 0.465797
0.296336 -0.833798 0.465797
0.296336 -0.833797 0.465797
0.296337 -0.833798 0.465796
0.296336 -0.833798 0.465796
0.296336 -0.833797 0.465797
0.296337 -0.833797 0.465796
0.296336 -0.833797 0.465797
0.296336 -0.833797 0.465798
0.296337 -0.833798 0.465796
0.296336 -0.833797 0.465797
0.296336 -0.833798 0.465796
0.296336 -0.833798 0.465796
0.296336 -0.833798 0.465796
0.296336 -0.833798 0.465796
0.296337 -0.833797 0.465797
0.296337 -0.833798 0.465796
0.296337 -0.833796 0.465798
0.296337 -0.833797 0.465798
0.954924 0.249750 -0.160452
0.954924 0.249749 -0.160453
0.954924 0.249750 -0.160453
0.954924 0.249752 -0.160448
0.954924 0.249751 -0.160452
0.954924 0.249751 -0.160451
0.954924 0.249749 -0.160455
0.954924 0.249750 -0.160454
0.954924 0.249748 -0.160454
0.954924 0.249749 -0.160453
0.954924 0.249748 -0.160455
0.954924 0.249747 -0.160455
0.954924 0.249751 -0.160451
0.954924 0.249750 -0.160453
0.954924 0.249750 -0.160453
0.954924 0.249750 -0.160452
0.954924 0.249749 -0.160453
0.954924 0.249750 -0.160453
0.954924 0.249750 -0.160452
0.954924 0.249750 -0.160453
0.954924 0.249750 -0.160451
0.954924 0.249750 -0.160451
0.954924 0.249750 -0.160453
0.954924 0.249750 -0.160452
0.954924 0.249750 -0.160451
0.954924 0.249750 -0.160452
0.954924 0.249750 -0.160451
0.954924 0.249750 -0.160450
0.954924 0.249749 -0.160455
0.954924 0.249750 -0.160452
0.954924 0.249749 -0.160456
0.954924 0.249749 -0.160455
-0.296337 0.833798 -0.465796
-0.296338 0.833798 -0.465794
-0.296337 0.833798 -0.465796
-0.296338 0.833798 -0.465795
-0.296338 0.833799 -0.465793
-0.296338 0.833799 -0.465792
-0.296336 0.833798 -0.465796
-0.296337 0.833798 -0.465796
-0.296336 0.833799 -0.465793
-0.296336 0.833799 -0.465794
-0.296336 0.833798 -0.465795
-0.296336 0.833799 -0.465795
-0.296336 0.833797 -0.465797
-0.296335 0.833799 -0.465795
-0.296338 0.833795 -0.465800
-0.296337 0.833795 -0.465800
-0.296336 0.833797 -0.465797
-0.296337 0.833797 -0.465797
-0.296335 0.833796 -0.465800
-0.296335 0.833797 -0.465799
-0.296335 0.833797 -0.465798
-0.296335 0.833797 -0.465798
-0.296336 0.833796 -0.465800
-0.296336 0.833796 -0.465800
-0.296337 0.833796 -0.465798
-0.296337 0.833796 -0.465799
-0.296337 0.833796 -0.465799
-0.296338 0.833795 -0.465800
-0.296336 0.833799 -0.465795
-0.296336 0.833797 -0.465797
-0.296336 0.833798 -0.465795
-0.296336 0.833799 -0.465794
-0.296337 0.833797 -0.465797
-0.296337 0.833797 -0.465797
-0.296337 0.833798 -0.465795
-0.296337 0.833798 -0.465796
-0.296336 0.833798 -0.465796
-0.296337 0.833798 -0.465795
-0.296337 0.833798 -0.465796
-0.296336 0.833797 -0.465797
-0.296337 0.833800 -0.465792
-0.296337 0.833798 -0.465795
-0.954924 -0.249749 0.160455
-0.954924 -0.249749 0.160454
-0.954924 -0.249748 0.160455
-0.954924 -0.249749 0.160455
-0.954924 -0.249750 0.160452
-0.954924 -0.249749 0.160453
-0.954924 -0.249750 0.160452
-0.954924 -0.249750 0.160452
-0.954924 -0.249750 0.160452
-0.954924 -0.249750 0.160452
-0.954924 -0.249750 0.160452
-0.954924 -0.249750 0.160452
-0.954924 -0.249751 0.160452
-0.954924 -0.249751 0.160451
-0.954924 -0.249749 0.160453
-0.954924 -0.249750 0.160452
-0.954924 -0.249748 0.160454
-0.954924 -0.249749 0.160454
-0.954924 -0.249749 0.160454
-0.954924 -0.249749 0.160454
-0.954924 -0.249749 0.160453
-0.954924 -0.249749 0.160453
-0.954924 -0.249749 0.160454
-0.954924 -0.249748 0.160454
-0.954924 -0.249750 0.160452
-0.954924 -0.249749 0.160453
-0.954924 -0.249751 0.160451
-0.954924 -0.249751 0.160451
-0.954924 -0.249750 0.160451
-0.954924 -0.249751 0.160451
-0.954925 -0.249749 0.160451
-0.954925 -0.249749 0.160451
1340
0 0 1 2 0 1 2 2
0 2 3 0 2 3 0 2
0 3 2 4 3 2 4 2
0 4 5 3 4 5 3 2
0 5 4 6 5 4 6 2
0 6 7 5 6 7 5 2
0 7 6 8 7 6 8 2
0 8 9 7 8 9 7 2
0 9 8 10 9 8 10 2
0 10 11 9 10 11 9 2
0 11 10 12 11 10 12 2
0 12 13 11 12 13 11 2
0 13 12 14 13 12 14 2
0 14 15 13 14 15 13 2
0 15 14 16 15 14 16 2
0 16 17 15 16 17 15 2
0 17 16 18 17 16 18 2
0 18 19 17 18 19 17 2
0 19 18 20 19 18 20 2
0 20 21 19 20 21 19 2
0 21 20 22 21 20 22 2
0 22 23 21 22 23 21 2
0 23 22 24 23 22 24 2
0 24 25 23 24 25 23 2
0 25 24 26 25 24 26 2
0 26 27 25 26 27 25 2
0 27 26 28 27 26 28 2
0 28 29 27 28 29 27 2
0 29 28 30 29 28 30 2
0 30 31 29 30 31 29 2
0 31 30 32 31 30 32 2
0 32 33 31 32 33 31 2
0 33 32 34 33 32 34 2
0 34 35 33 34 35 33 2
0 35 34 36 35 34 36 2
0 36 37 35 36 37 35 2
0 37 36 38 37 36 38 2
0 38 39 37 38 39 37 2
0 39 38 40 39 38 40 2
0 40 41 39 40 41 39 2
0 1 42 43 1 42 43 2
0 43 2 1 43 2 1 2
0 2 43 44 2 43 44 2
0 44 4 2 44 4 2 2
0 4 44 45 4 44 45 2
0 45 6 4 45 6 4 2
0 6 45 46 6 45 46 2
0 46 8 6 46 8 6 2
0 8 46 47 8 46 47 2
0 47 10 8 47 10 8 2
0 10 47 48 10 47 48 2
0 48 12 10 48 12 10 2
0 12 48 49 12 48 49 2
0 49 14 12 49 14 12 2
0 14 49 50 14 49 50 2
0 50 16 14 50 16 14 2
0 16 50 51 16 50 51 2
0 51 18 16 51 18 16 2
0 18 51 52 18 51 52 2
0 52 20 18 52 20 18 2
0 20 52 53 20 52 53 2
0 53 22 20 53 22 20 2
0 22 53 54 22 53 54 2
0 54 24 22 54 24 22 2
0 24 54 55 24 54 55 2
0 55 26 24 55 26 24 2
0 26 55 56 26 55 56 2
0 56 28 26 56 28 26 2
0 28 56 57 28 56 57 2
0 57 30 28 57 30 28 2
0 30 57 58 30 57 58 2
0 58 32 30 58 32 30 2
0 32 58 59 32 58 59 2
0 59 34 32 59 34 32 2
0 34 59 60 34 59 60 2
0 60 36 34 60 36 34 2
0 36 60 61 36 60 61 2
0 61 38 36 61 38 36 2
0 38 61 62 38 61 62 2
0 62 40 38 62 40 38 2
0 42 63 64 42 63 64 2
0 64 43 42 64 43 42 2
0 43 64 65 43 64 65 2
0 65 44 43 65 44 43 2
0 44 65 66 44 65 66 2
0 66 45 44 66 45 44 2
0 45 66 67 45 66 67 2
0 67 46 45 67 46 45 2
0 46 67 68 46 67 68 2
0 68 47 46 68 47 46 2
0 47 68 69 47 68 69 2
0 69 48 47 69 48 47 2
0 48 69 70 48 69 70 2
0 70 49 48 70 49 48 2
0 49 70 71 49 70 71 2
0 71 50 49 71 50 49 2
0 50 71 72 50 71 72 2
0 72 51 50 72 51 50 2
0 51 72 73 51 72 73 2
0 73 52 51 73 52 51 2
0 52 73 74 52 73 74 2
0 74 53 52 74 53 52 2
0 53 74 75 53 74 75 2
0 75 54 53 75 54 53 2
0 54 75 76 54 75 76 2
0 76 55 54 76 55 54 2
0 55 76 77 55 76 77 2
0 77 56 55 77 56 55 2
0 56 77 78 56 77 78 2
0 78 57 56 78 57 56 2
0 57 78 79 57 78 79 2
0 79 58 57 79 58 57 2
0 58 79 80 58 79 80 2
0 80 59 58 80 59 58 2
0 59 80 81 59 80 81 2
0 81 60 59 81 60 59 2
0 60 81 82 60 81 82 2
0 82 61 60 82 61 60 2
0 61 82 83 61 82 83 2
0 83 62 61 83 62 61 2
0 63 84 85 63 84 85 2
0 85 64 63 85 64 63 2
0 64 85 86 64 85 86 2
0 86 65 64 86 65 64 2
0 65 86 87 65 86 87 2
0 87 66 65 87 66 65 2
0 66 87 88 66 87 88 2
0 88 67 66 88 67 66 2
0 67 88 89 67 88 89 2
0 89 68 67 89 68 67 2
0 68 89 90 68 89 90 2
0 90 69 68 90 69 68 2
0 69 90 91 69 90 91 2
0 91 70 69 91 70 69 2
0 70 91 92 70 91 92 2
0 92 71 70 92 71 70 2
0 71 92 93 71 92 93 2
0 93 72 71 93 72 71 2
0 72 93 94 72 93 94 2
0 94 73 72 94 73 72 2
0 73 94 95 73 94 95 2
0 95 74 73 95 74 73 2
0 74 95 96 74 95 96 2
0 96 75 74 96 75 74 2
0 75 96 97 75 96 97 2
0 97 76 75 97 76 75 2
0 76 97 98 76 97 98 2
0 98 77 76 98 77 76 2
0 77 98 99 77 98 99 2
0 99 78 77 99 78 77 2
0 78 99 100 78 99 100 2
0 100 79 78 100 79 78 2
0 79 100 101 79 100 101 2
0 101 80 79 101 80 79 2
0 80 101 102 80 101 102 2
0 102 81 80 102 81 80 2
0 81 102 103 81 102 103 2
0 103 82 81 103 82 81 2
0 82 103 104 82 103 104 2
0 104 83 82 104 83 82 2
0 84 105 106 84 105 106 2
0 106 85 84 106 85 84 2
0 85 106 107 85 106 107 2
0 107 86 85 107 86 85 2
0 86 107 108 86 107 108 2
0 108 87 86 108 87 86 2
0 87 108 109 87 108 109 2
0 109 88 87 109 88 87 2
0 88 109 110 88 109 110 2
0 110 89 88 110 89 88 2
0 89 110 111 89 110 111 2
0 111 90 89 111 90 89 2
0 90 111 112 90 111 112 2
0 112 91 90 112 91 90 2
0 91 112 113 91 112 113 2
0 113 92 91 113 92 91 2
0 92 113 114 92 113 114 2
0 114 93 92 114 93 92 2
0 93 114 115 93 114 115 2
0 115 94 93 115 94 93 2
0 94 115 116 94 115 116 2
0 116 95 94 116 95 94 2
0 95 116 117 95 116 117 2
0 117 96 95 117 96 95 2
0 96 117 118 96 117 118 2
0 118 97 96 118 97 96 2
0 97 118 119 97 118 119 2
0 119 98 97 119 98 97 2
0 98 119 120 98 119 120 2
0 120 99 98 120 99 98 2
0 99 120 121 99 120 121 2
0 121 100 99 121 100 99 2
0 100 121 122 100 121 122 2
0 122 101 100 122 101 100 2
0 101 122 123 101 122 123 2
0 123 102 101 123 102 101 2
0 102 123 124 102 123 124 2
0 124 103 102 124 103 102 2
0 103 124 125 103 124 125 2
0 125 104 103 125 104 103 2
0 105 126 127 105 126 127 2
0 127 106 105 127 106 105 2
0 106 127 128 106 127 128 2
0 128 107 106 128 107 106 2
0 107 128 129 107 128 129 2
0 129 108 107 129 108 107 2
0 108 129 130 108 129 130 2
0 130 109 108 130 109 108 2
0 109 130 131 109 130 131 2
0 131 110 109 131 110 109 2
0 110 131 132 110 131 132 2
0 132 111 110 132 111 110 2
0 111 132 133 111 132 133 2
0 133 112 111 133 112 111 2
0 112 133 134 112 133 134 2
0 134 113 112 134 113 112 2
0 113 134 135 113 134 135 2
0 135 114 113 135 114 113 2
0 114 135 136 114 135 136 2
0 136 115 114 136 115 114 2
0 115 136 137 115 136 137 2
0 137 116 115 137 116 115 2
0 116 137 138 116 137 138 2
0 138 117 116 138 117 116 2
0 117 138 139 117 138 139 2
0 139 118 117 139 118 117 2
0 118 139 140 118 139 140 2
0 140 119 118 140 119 118 2
0 119 140 141 119 140 141 2
0 141 120 119 141 120 119 2
0 120 141 142 120 141 142 2
0 142 121 120 142 121 120 2
0 121 142 143 121 142 143 2
0 143 122 121 143 122 121 2
0 122 143 144 122 143 144 2
0 144 123 122 144 123 122 2
0 123 144 145 123 144 145 2
0 145 124 123 145 124 123 2
0 124 145 146 124 145 146 2
0 146 125 124 146 125 124 2
0 126 147 148 126 147 148 2
0 148 127 126 148 127 126 2
0 127 148 149 127 148 149 2
0 149 128 127 149 128 127 2
0 128 149 150 128 149 150 2
0 150 129 128 150 129 128 2
0 129 150 151 129 150 151 2
0 151 130 129 151 130 129 2
0 130 151 152 130 151 152 2
0 152 131 130 152 131 130 2
0 131 152 153 131 152 153 2
0 153 132 131 153 132 131 2
0 132 153 154 132 153 154 2
0 154 133 132 154 133 132 2
0 133 154 155 133 154 155 2
0 155 134 133 155 134 133 2
0 134 155 156 134 155 156 2
0 156 135 134 156 135 134 2
0 135 156 157 135 156 157 2
0 157 136 135 157 136 135 2
0 136 157 158 136 157 158 2
0 158 137 136 158 137 136 2
0 137 158 159 137 158 159 2
0 159 138 137 159 138 137 2
0 138 159 160 138 159 160 2
0 160 139 138 160 139 138 2
0 139 160 161 139 160 161 2
0 161 140 139 161 140 139 2
0 140 161 162 140 161 162 2
0 162 141 140 162 141 140 2
0 141 162 163 141 162 163 2
0 163 142 141 163 142 141 2
0 142 163 164 142 163 164 2
0 164 143 142 164 143 142 2
0 143 164 165 143 164 165 2
0 165 144 143 165 144 143 2
0 144 165 166 144 165 166 2
0 166 145 144 166 145 144 2
0 145 166 167 145 166 167 2
0 167 146 145 167 146 145 2
0 147 168 169 147 168 169 2
0 169 148 147 169 148 147 2
0 148 169 170 148 169 170 2
0 170 149 148 170 149 148 2
0 149 170 171 149 170 171 2
0 171 150 149 171 150 149 2
0 150 171 172 150 171 172 2
0 172 151 150 172 151 150 2
0 151 172 173 151 172 173 2
0 173 152 151 173 152 151 2
0 152 173 174 152 173 174 2
0 174 153 152 174 153 152 2
0 153 174 175 153 174 175 2
0 175 154 153 175 154 153 2
0 154 175 176 154 175 176 2
0 176 155 154 176 155 154 2
0 155 176 177 155 176 177 2
0 177 156 155 177 156 155 2
0 156 177 178 156 177 178 2
0 178 157 156 178 157 156 2
0 157 178 179 157 178 179 2
0 179 158 157 179 158 157 2
0 158 179 180 158 179 180 2
0 180 159 158 180 159 158 2
0 159 180 181 159 180 181 2
0 181 160 159 181 160 159 2
0 160 181 182 160 181 182 2
0 182 161 160 182 161 160 2
0 161 182 183 161 182 183 2
0 183 162 161 183 162 161 2
0 162 183 184 162 183 184 2
0 184 163 162 184 163 162 2
0 163 184 185 163 184 185 2
0 185 164 163 185 164 163 2
0 164 185 186 164 185 186 2
0 186 165 164 186 165 164 2
0 165 186 187 165 186 187 2
0 187 166 165 187 166 165 2
0 166 187 188 166 187 188 2
0 188 167 166 188 167 166 2
0 168 189 190 168 189 190 2
0 190 169 168 190 169 168 2
0 169 190 191 169 190 191 2
0 191 170 169 191 170 169 2
0 170 191 192 170 191 192 2
0 192 171 170 192 171 170 2
0 171 192 193 171 192 193 2
0 193 172 171 193 172 171 2
0 172 193 194 172 193 194 2
0 194 173 172 194 173 172 2
0 173 194 195 173 194 195 2
0 195 174 173 195 174 173 2
0 174 195 196 174 195 196 2
0 196 175 174 196 175 174 2
0 175 196 197 175 196 197 2
0 197 176 175 197 176 175 2
0 176 197 198 176 197 198 2
0 198 177 176 198 177 176 2
0 177 198 199 177 198 199 2
0 199 178 177 199 178 177 2
0 178 199 200 178 199 200 2
0 200 179 178 200 179 178 2
0 179 200 201 179 200 201 2
0 201 180 179 201 180 179 2
0 180 201 202 180 201 202 2
0 202 181 180 202 181 180 2
0 181 202 203 181 202 203 2
0 203 182 181 203 182 181 2
0 182 203 204 182 203 204 2
0 204 183 182 204 183 182 2
0 183 204 205 183 204 205 2
0 205 184 183 205 184 183 2
0 184 205 206 184 205 206 2
0 206 185 184 206 185 184 2
0 185 206 207 185 206 207 2
0 207 186 185 207 186 185 2
0 186 207 208 186 207 208 2
0 208 187 186 208 187 186 2
0 187 208 209 187 208 209 2
0 209 188 187 209 188 187 2
0 189 210 211 189 210 211 2
0 211 190 189 211 190 189 2
0 190 211 212 190 211 212 2
0 212 191 190 212 191 190 2
0 191 212 213 191 212 213 2
0 213 192 191 213 192 191 2
0 192 213 214 192 213 214 2
0 214 193 192 214 193 192 2
0 193 214 215 193 214 215 2
0 215 194 193 215 194 193 2
0 194 215 216 194 215 216 2
0 216 195 194 216 195 194 2
0 195 216 217 195 216 217 2
0 217 196 195 217 196 195 2
0 196 217 218 196 217 218 2
0 218 197 196 218 197 196 2
0 197 218 219 197 218 219 2
0 219 198 197 219 198 197 2
0 198 219 220 198 219 220 2
0 220 199 198 220 199 198 2
0 199 220 221 199 220 221 2
0 221 200 199 221 200 199 2
0 200 221 222 200 221 222 2
0 222 201 200 222 201 200 2
0 201 222 223 201 222 223 2
0 223 202 201 223 202 201 2
0 202 223 224 202 223 224 2
0 224 203 202 224 203 202 2
0 203 224 225 203 224 225 2
0 225 204 203 225 204 203 2
0 204 225 226 204 225 226 2
0 226 205 204 226 205 204 2
0 205 226 227 205 226 227 2
0 227 206 205 227 206 205 2
0 206 227 228 206 227 228 2
0 228 207 206 228 207 206 2
0 207 228 229 207 228 229 2
0 229 208 207 229 208 207 2
0 208 229 230 208 229 230 2
0 230 209 208 230 209 208 2
0 210 231 232 210 231 232 2
0 232 211 210 232 211 210 2
0 211 232 233 211 232 233 2
0 233 212 211 233 212 211 2
0 212 233 234 212 233 234 2
0 234 213 212 234 213 212 2
0 213 234 235 213 234 235 2
0 235 214 213 235 214 213 2
0 214 235 236 214 235 236 2
0 236 215 214 236 215 214 2
0 215 236 237 215 236 237 2
0 237 216 215 237 216 215 2
0 216 237 238 216 237 238 2
0 238 217 216 238 217 216 2
0 217 238 239 217 238 239 2
0 239 218 217 239 218 217 2
0 218 239 240 218 239 240 2
0 240 219 218 240 219 218 2
0 219 240 241 219 240 241 2
0 241 220 219 241 220 219 2
0 220 241 242 220 241 242 2
0 242 221 220 242 221 220 2
0 221 242 243 221 242 243 2
0 243 222 221 243 222 221 2
0 222 243 244 222 243 244 2
0 244 223 222 244 223 222 2
0 223 244 245 223 244 245 2
0 245 224 223 245 224 223 2
0 224 245 246 224 245 246 2
0 246 225 224 246 225 224 2
0 225 246 247 225 246 247 2
0 247 226 225 247 226 225 2
0 226 247 248 226 247 248 2
0 248 227 226 248 227 226 2
0 227 248 249 227 248 249 2
0 249 228 227 249 228 227 2
0 228 249 250 228 249 250 2
0 250 229 228 250 229 228 2
0 229 250 251 229 250 251 2
0 251 230 229 251 230 229 2
0 231 252 253 231 252 253 2
0 253 232 231 253 232 231 2
0 232 253 254 232 253 254 2
0 254 233 232 254 233 232 2
0 233 254 255 233 254 255 2
0 255 234 233 255 234 233 2
0 234 255 256 234 255 256 2
0 256 235 234 256 235 234 2
0 235 256 257 235 256 257 2
0 257 236 235 257 236 235 2
0 236 257 258 236 257 258 2
0 258 237 236 258 237 236 2
0 237 258 259 237 258 259 2
0 259 238 237 259 238 237 2
0 238 259 260 238 259 260 2
0 260 239 238 260 239 238 2
0 239 260 261 239 260 261 2
0 261 240 239 261 240 239 2
0 240 261 262 240 261 262 2
0 262 241 240 262 241 240 2
0 241 262 263 241 262 263 2
0 263 242 241 263 242 241 2
0 242 263 264 242 263 264 2
0 264 243 242 264 243 242 2
0 243 264 265 243 264 265 2
0 265 244 243 265 244 243 2
0 244 265 266 244 265 266 2
0 266 245 244 266 245 244 2
0 245 266 267 245 266 267 2
0 267 246 245 267 246 245 2
0 246 267 268 246 267 268 2
0 268 247 246 268 247 246 2
0 247 268 269 247 268 269 2
0 269 248 247 269 248 247 2
0 248 269 270 248 269 270 2
0 270 249 248 270 249 248 2
0 249 270 271 249 270 271 2
0 271 250 249 271 250 249 2
0 250 271 272 250 271 272 2
0 272 251 250 272 251 250 2
0 252 273 274 252 273 274 2
0 274 253 252 274 253 252 2
0 253 274 275 253 274 275 2
0 275 254 253 275 254 253 2
0 254 275 276 254 275 276 2
0 276 255 254 276 255 254 2
0 255 276 277 255 276 277 2
0 277 256 255 277 256 255 2
0 256 277 278 256 277 278 2
0 278 257 256 278 257 256 2
0 257 278 279 257 278 279 2
0 279 258 257 279 258 257 2
0 258 279 280 258 279 280 2
0 280 259 258 280 259 258 2
0 259 280 281 259 280 281 2
0 281 260 259 281 260 259 2
0 260 281 282 260 281 282 2
0 282 261 260 282 261 260 2
0 261 282 283 261 282 283 2
0 283 262 261 283 262 261 2
0 262 283 284 262 283 284 2
0 284 263 262 284 263 262 2
0 263 284 285 263 284 285 2
0 285 264 263 285 264 263 2
0 264 285 286 264 285 286 2
0 286 265 264 286 265 264 2
0 265 286 287 265 286 287 2
0 287 266 265 287 266 265 2
0 266 287 288 266 287 288 2
0 288 267 266 288 267 266 2
0 267 288 289 267 288 289 2
0 289 268 267 289 268 267 2
0 268 289 290 268 289 290 2
0 290 269 268 290 269 268 2
0 269 290 291 269 290 291 2
0 291 270 269 291 270 269 2
0 270 291 292 270 291 292 2
0 292 271 270 292 271 270 2
0 271 292 293 271 292 293 2
0 293 272 271 293 272 271 2
0 273 294 295 273 294 295 2
0 295 274 273 295 274 273 2
0 274 295 296 274 295 296 2
0 296 275 274 296 275 274 2
0 275 296 297 275 296 297 2
0 297 276 275 297 276 275 2
0 276 297 298 276 297 298 2
0 298 277 276 298 277 276 2
0 277 298 299 277 298 299 2
0 299 278 277 299 278 277 2
0 278 299 300 278 299 300 2
0 300 279 278 300 279 278 2
0 279 300 301 279 300 301 2
0 301 280 279 301 280 279 2
0 280 301 302 280 301 302 2
0 302 281 280 302 281 280 2
0 281 302 303 281 302 303 2
0 303 282 281 303 282 281 2
0 282 303 304 282 303 304 2
0 304 283 282 304 283 282 2
0 283 304 305 283 304 305 2
0 305 284 283 305 284 283 2
0 284 305 306 284 305 306 2
0 306 285 284 306 285 284 2
0 285 306 307 285 306 307 2
0 307 286 285 307 286 285 2
0 286 307 308 286 307 308 2
0 308 287 286 308 287 286 2
0 287 308 309 287 308 309 2
0 309 288 287 309 288 287 2
0 288 309 310 288 309 310 2
0 310 289 288 310 289 288 2
0 289 310 311 289 310 311 2
0 311 290 289 311 290 289 2
0 290 311 312 290 311 312 2
0 312 291 290 312 291 290 2
0 291 312 313 291 312 313 2
0 313 292 291 313 292 291 2
0 292 313 314 292 313 314 2
0 314 293 292 314 293 292 2
0 294 315 316 294 315 316 2
0 316 295 294 316 295 294 2
0 295 316 317 295 316 317 2
0 317 296 295 317 296 295 2
0 296 317 318 296 317 318 2
0 318 297 296 318 297 296 2
0 297 318 319 297 318 319 2
0 319 298 297 319 298 297 2
0 298 319 320 298 319 320 2
0 320 299 298 320 299 298 2
0 299 320 321 299 320 321 2
0 321 300 299 321 300 299 2
0 300 321 322 300 321 322 2
0 322 301 300 322 301 300 2
0 301 322 323 301 322 323 2
0 323 302 301 323 302 301 2
0 302 323 324 302 323 324 2
0 324 303 302 324 303 302 2
0 303 324 325 303 324 325 2
0 325 304 303 325 304 303 2
0 304 325 326 304 325 326 2
0 326 305 304 326 305 304 2
0 305 326 327 305 326 327 2
0 327 306 305 327 306 305 2
0 306 327 328 306 327 328 2
0 328 307 306 328 307 306 2
0 307 328 329 307 328 329 2
0 329 308 307 329 308 307 2
0 308 329 330 308 329 330 2
0 330 309 308 330 309 308 2
0 309 330 331 309 330 331 2
0 331 310 309 331 310 309 2
0 310 331 332 310 331 332 2
0 332 311 310 332 311 310 2
0 311 332 333 311 332 333 2
0 333 312 311 333 312 311 2
0 312 333 334 312 333 334 2
0 334 313 312 334 313 312 2
0 313 334 335 313 334 335 2
0 335 314 313 335 314 313 2
0 336 337 338 336 337 338 3
0 338 339 336 338 339 336 3
0 337 340 341 337 340 341 3
0 341 338 337 341 338 337 3
0 340 342 343 340 342 343 3
0 343 341 340 343 341 340 3
0 342 344 345 342 344 345 3
0 345 343 342 345 343 342 3
0 344 346 347 344 346 347 3
0 347 345 344 347 345 344 3
0 346 348 349 346 348 349 3
0 349 347 346 349 347 346 3
0 348 350 351 348 350 351 3
0 351 349 348 351 349 348 3
0 350 352 353 350 352 353 3
0 353 351 350 353 351 350 3
0 352 354 355 352 354 355 3
0 355 353 352 355 353 352 3
0 354 356 357 354 356 357 3
0 357 355 354 357 355 354 3
0 356 358 359 356 358 359 3
0 359 357 356 359 357 356 3
0 358 360 361 358 360 361 3
0 361 359 358 361 359 358 3
0 360 362 363 360 362 363 3
0 363 361 360 363 361 360 3
0 362 364 365 362 364 365 3
0 365 363 362 365 363 362 3
0 364 366 367 364 366 367 3
0 367 365 364 367 365 364 3
0 366 368 369 366 368 369 3
0 369 367 366 369 367 366 3
0 368 370 371 368 370 371 3
0 371 369 368 371 369 368 3
0 370 372 373 370 372 373 3
0 373 371 370 373 371 370 3
0 372 374 375 372 374 375 3
0 375 373 372 375 373 372 3
0 374 376 377 374 376 377 3
0 377 375 374 377 375 374 3
0 339 338 378 339 338 378 3
0 378 379 339 378 379 339 3
0 338 341 380 338 341 380 3
0 380 378 338 380 378 338 3
0 341 343 381 341 343 381 3
0 381 380 341 381 380 341 3
0 343 345 382 343 345 382 3
0 382 381 343 382 381 343 3
0 345 347 383 345 347 383 3
0 383 382 345 383 382 345 3
0 347 349 384 347 349 384 3
0 384 383 347 384 383 347 3
0 349 351 385 349 351 385 3
0 385 384 349 385 384 349 3
0 351 353 386 351 353 386 3
0 386 385 351 386 385 351 3
0 353 355 387 353 355 387 3
0 387 386 353 387 386 353 3
0 355 357 388 355 357 388 3
0 388 387 355 388 387 355 3
0 357 359 389 357 359 389 3
0 389 388 357 389 388 357 3
0 359 361 390 359 361 390 3
0 390 389 359 390 389 359 3
0 361 363 391 361 363 391 3
0 391 390 361 391 390 361 3
0 363 365 392 363 365 392 3
0 392 391 363 392 391 363 3
0 365 367 393 365 367 393 3
0 393 392 365 393 392 365 3
0 367 369 394 367 369 394 3
0 394 393 367 394 393 367 3
0 369 371 395 369 371 395 3
0 395 394 369 395 394 369 3
0 371 373 396 371 373 396 3
0 396 395 371 396 395 371 3
0 373 375 397 373 375 397 3
0 397 396 373 397 396 373 3
0 375 377 398 375 377 398 3
0 398 397 375 398 397 375 3
0 379 378 399 379 378 399 3
0 399 400 379 399 400 379 3
0 378 380 401 378 380 401 3
0 401 399 378 401 399 378 3
0 380 381 402 380 381 402 3
0 402 401 380 402 401 380 3
0 381 382 403 381 382 403 3
0 403 402 381 403 402 381 3
0 382 383 404 382 383 404 3
0 404 403 382 404 403 382 3
0 383 384 405 383 384 405 3
0 405 404 383 405 404 383 3
0 384 385 406 384 385 406 3
0 406 405 384 406 405 384 3
0 385 386 407 385 386 407 3
0 407 406 385 407 406 385 3
0 386 387 408 386 387 408 3
0 408 407 386 408 407 386 3
0 387 388 409 387 388 409 3
0 409 408 387 409 408 387 3
0 388 389 410 388 389 410 3
0 410 409 388 410 409 388 3
0 389 390 411 389 390 411 3
0 411 410 389 411 410 389 3
0 390 391 412 390 391 412 3
0 412 411 390 412 411 390 3
0 391 392 413 391 392 413 3
0 413 412 391 413 412 391 3
0 392 393 414 392 393 414 3
0 414 413 392 414 413 392 3
0 393 394 415 393 394 415 3
0 415 414 393 415 414 393 3
0 394 395 416 394 395 416 3
0 416 415 394 416 415 394 3
0 395 396 417 395 396 417 3
0 417 416 395 417 416 395 3
0 396 397 418 396 397 418 3
0 418 417 396 418 417 396 3
0 397 398 419 397 398 419 3
0 419 418 397 419 418 397 3
0 400 399 420 400 399 420 3
0 420 421 400 420 421 400 3
0 399 401 422 399 401 422 3
0 422 420 399 422 420 399 3
0 401 402 423 401 402 423 3
0 423 422 401 423 422 401 3
0 402 403 424 402 403 424 3
0 424 423 402 424 423 402 3
0 403 404 425 403 404 425 3
0 425 424 403 425 424 403 3
0 404 405 426 404 405 426 3
0 426 425 404 426 425 404 3
0 405 406 427 405 406 427 3
0 427 426 405 427 426 405 3
0 406 407 428 406 407 428 3
0 428 427 406 428 427 406 3
0 407 408 429 407 408 429 3
0 429 428 407 429 428 407 3
0 408 409 430 408 409 430 3
0 430 429 408 430 429 408 3
0 409 410 431 409 410 431 3
0 431 430 409 431 430 409 3
0 410 411 432 410 411 432 3
0 432 431 410 432 431 410 3
0 411 412 433 411 412 433 3
0 433 432 411 433 432 411 3
0 412 413 434 412 413 434 3
0 434 433 412 434 433 412 3
0 413 414 435 413 414 435 3
0 435 434 413 435 434 413 3
0 414 415 436 414 415 436 3
0 436 435 414 436 435 414 3
0 415 416 437 415 416 437 3
0 437 436 415 437 436 415 3
0 416 417 438 416 417 438 3
0 438 437 416 438 437 416 3
0 417 418 439 417 418 439 3
0 439 438 417 439 438 417 3
0 418 419 440 418 419 440 3
0 440 439 418 440 439 418 3
0 421 420 441 421 420 441 3
0 441 442 421 441 442 421 3
0 420 422 443 420 422 443 3
0 443 441 420 443 441 420 3
0 422 423 444 422 423 444 3
0 444 443 422 444 443 422 3
0 423 424 445 423 424 445 3
0 445 444 423 445 444 423 3
0 424 425 446 424 425 446 3
0 446 445 424 446 445 424 3
0 425 426 447 425 426 447 3
0 447 446 425 447 446 425 3
0 426 427 448 426 427 448 3
0 448 447 426 448 447 426 3
0 427 428 449 427 428 449 3
0 449 448 427 449 448 427 3
0 428 429 450 428 429 450 3
0 450 449 428 450 449 428 3
0 429 430 451 429 430 451 3
0 451 450 429 451 450 429 3
0 430 431 452 430 431 452 3
0 452 451 430 452 451 430 3
0 431 432 453 431 432 453 3
0 453 452 431 453 452 431 3
0 432 433 454 432 433 454 3
0 454 453 432 454 453 432 3
0 433 434 455 433 434 455 3
0 455 454 433 455 454 433 3
0 434 435 456 434 435 456 3
0 456 455 434 456 455 434 3
0 435 436 457 435 436 457 3
0 457 456 435 457 456 435 3
0 436 437 458 436 437 458 3
0 458 457 436 458 457 436 3
0 437 438 459 437 438 459 3
0 459 458 437 459 458 437 3
0 438 439 460 438 439 460 3
0 460 459 438 460 459 438 3
0 439 440 461 439 440 461 3
0 461 460 439 461 460 439 3
0 442 441 462 442 441 462 3
0 462 463 442 462 463 442 3
0 441 443 464 441 443 464 3
0 464 462 441 464 462 441 3
0 443 444 465 443 444 465 3
0 465 464 443 465 464 443 3
0 444 445 466 444 445 466 3
0 466 465 444 466 465 444 3
0 445 446 467 445 446 467 3
0 467 466 445 467 466 445 3
0 446 447 468 446 447 468 3
0 468 467 446 468 467 446 3
0 447 448 469 447 448 469 3
0 469 468 447 469 468 447 3
0 448 449 470 448 449 470 3
0 470 469 448 470 469 448 3
0 449 450 471 449 450 471 3
0 471 470 449 471 470 449 3
0 450 451 472 450 451 472 3
0 472 471 450 472 471 450 3
0 451 452 473 451 452 473 3
0 473 472 451 473 472 451 3
0 452 453 474 452 453 474 3
0 474 473 452 474 473 452 3
0 453 454 475 453 454 475 3
0 475 474 453 475 474 453 3
0 454 455 476 454 455 476 3
0 476 475 454 476 475 454 3
0 455 456 477 455 456 477 3
0 477 476 455 477 476 455 3
0 456 457 478 456 457 478 3
0 478 477 456 478 477 456 3
0 457 458 479 457 458 479 3
0 479 478 457 479 478 457 3
0 458 459 480 458 459 480 3
0 480 479 458 480 479 458 3
0 459 460 481 459 460 481 3
0 481 480 459 481 480 459 3
0 460 461 482 460 461 482 3
0 482 481 460 482 481 460 3
0 463 462 483 463 462 483 3
0 483 484 463 483 484 463 3
0 462 464 485 462 464 485 3
0 485 483 462 485 483 462 3
0 464 465 486 464 465 486 3
0 486 485 464 486 485 464 3
0 465 466 487 465 466 487 3
0 487 486 465 487 486 465 3
0 466 467 488 466 467 488 3
0 488 487 466 488 487 466 3
0 467 468 489 467 468 489 3
0 489 488 467 489 488 467 3
0 468 469 490 468 469 490 3
0 490 489 468 490 489 468 3
0 469 470 491 469 470 491 3
0 491 490 469 491 490 469 3
0 470 471 492 470 471 492 3
0 492 491 470 492 491 470 3
0 471 472 493 471 472 493 3
0 493 492 471 493 492 471 3
0 472 473 494 472 473 494 3
0 494 493 472 494 493 472 3
0 473 474 495 473 474 495 3
0 495 494 473 495 494 473 3
0 474 475 496 474 475 496 3
0 496 495 474 496 495 474 3
0 475 476 497 475 476 497 3
0 497 496 475 497 496 475 3
0 476 477 498 476 477 498 3
0 498 497 476 498 497 476 3
0 477 478 499 477 478 499 3
0 499 498 477 499 498 477 3
0 478 479 500 478 479 500 3
0 500 499 478 500 499 478 3
0 479 480 501 479 480 501 3
0 501 500 479 501 500 479 3
0 480 481 502 480 481 502 3
0 502 501 480 502 501 480 3
0 481 482 503 481 482 503 3
0 503 502 481 503 502 481 3
0 484 483 504 484 483 504 3
0 504 505 484 504 505 484 3
0 483 485 506 483 485 506 3
0 506 504 483 506 504 483 3
0 485 486 507 485 486 507 3
0 507 506 485 507 506 485 3
0 486 487 508 486 487 508 3
0 508 507 486 508 507 486 3
0 487 488 509 487 488 509 3
0 509 508 487 509 508 487 3
0 488 489 510 488 489 510 3
0 510 509 488 510 509 488 3
0 489 490 511 489 490 511 3
0 511 510 489 511 510 489 3
0 490 491 512 490 491 512 3
0 512 511 490 512 511 490 3
0 491 492 513 491 492 513 3
0 513 512 491 513 512 491 3
0 492 493 514 492 493 514 3
0 514 513 492 514 513 492 3
0 493 494 515 493 494 515 3
0 515 514 493 515 514 493 3
0 494 495 516 494 495 516 3
0 516 515 494 516 515 494 3
0 495 496 517 495 496 517 3
0 517 516 495 517 516 495 3
0 496 497 518 496 497 518 3
0 518 517 496 518 517 496 3
0 497 498 519 497 498 519 3
0 519 518 497 519 518 497 3
0 498 499 520 498 499 520 3
0 520 519 498 520 519 498 3
0 499 500 521 499 500 521 3
0 521 520 499 521 520 499 3
0 500 501 522 500 501 522 3
0 522 521 500 522 521 500 3
0 501 502 523 501 502 523 3
0 523 522 501 523 522 501 3
0 502 503 524 502 503 524 3
0 524 523 502 524 523 502 3
0 505 504 525 505 504 525 3
0 525 526 505 525 526 505 3
0 504 506 527 504 506 527 3
0 527 525 504 527 525 504 3
0 506 507 528 506 507 528 3
0 528 527 506 528 527 506 3
0 507 508 529 507 508 529 3
0 529 528 507 529 528 507 3
0 508 509 530 508 509 530 3
0 530 529 508 530 529 508 3
0 509 510 531 509 510 531 3
0 531 530 509 531 530 509 3
0 510 511 532 510 511 532 3
0 532 531 510 532 531 510 3
0 511 512 533 511 512 533 3
0 533 532 511 533 532 511 3
0 512 513 534 512 513 534 3
0 534 533 512 534 533 512 3
0 513 514 535 513 514 535 3
0 535 534 513 535 534 513 3
0 514 515 536 514 515 536 3
0 536 535 514 536 535 514 3
0 515 516 537 515 516 537 3
0 537 536 515 537 536 515 3
0 516 517 538 516 517 538 3
0 538 537 516 538 537 516 3
0 517 518 539 517 518 539 3
0 539 538 517 539 538 517 3
0 518 519 540 518 519 540 3
0 540 539 518 540 539 518 3
0 519 520 541 519 520 541 3
0 541 540 519 541 540 519 3
0 520 521 542 520 521 542 3
0 542 541 520 542 541 520 3
0 521 522 543 521 522 543 3
0 543 542 521 543 542 521 3
0 522 523 544 522 523 544 3
0 544 543 522 544 543 522 3
0 523 524 545 523 524 545 3
0 545 544 523 545 544 523 3
0 526 525 546 526 525 546 3
0 546 547 526 546 547 526 3
0 525 527 548 525 527 548 3
0 548 546 525 548 546 525 3
0 527 528 549 527 528 549 3
0 549 548 527 549 548 527 3
0 528 529 550 528 529 550 3
0 550 549 528 550 549 528 3
0 529 530 551 529 530 551 3
0 551 550 529 551 550 529 3
0 530 531 552 530 531 552 3
0 552 551 530 552 551 530 3
0 531 532 553 531 532 553 3
0 553 552 531 553 552 531 3
0 532 533 554 532 533 554 3
0 554 553 532 554 553 532 3
0 533 534 555 533 534 555 3
0 555 554 533 555 554 533 3
0 534 535 556 534 535 556 3
0 556 555 534 556 555 534 3
0 535 536 557 535 536 557 3
0 557 556 535 557 556 535 3
0 536 537 558 536 537 558 3
0 558 557 536 558 557 536 3
0 537 538 559 537 538 559 3
0 559 558 537 559 558 537 3
0 538 539 560 538 539 560 3
0 560 559 538 560 559 538 3
0 539 540 561 539 540 561 3
0 561 560 539 561 560 539 3
0 540 541 562 540 541 562 3
0 562 561 540 562 561 540 3
0 541 542 563 541 542 563 3
0 563 562 541 563 562 541 3
0 542 543 564 542 543 564 3
0 564 563 542 564 563 542 3
0 543 544 565 543 544 565 3
0 565 564 543 565 564 543 3
0 544 545 566 544 545 566 3
0 566 565 544 566 565 544 3
0 547 546 567 547 546 567 3
0 567 568 547 567 568 547 3
0 546 548 569 546 548 569 3
0 569 567 546 569 567 546 3
0 548 549 570 548 549 570 3
0 570 569 548 570 569 548 3
0 549 550 571 549 550 571 3
0 571 570 549 571 570 549 3
0 550 551 572 550 551 572 3
0 572 571 550 572 571 550 3
0 551 552 573 551 552 573 3
0 573 572 551 573 572 551 3
0 552 553 574 552 553 574 3
0 574 573 552 574 573 552 3
0 553 554 575 553 554 575 3
0 575 574 553 575 574 553 3
0 554 555 576 554 555 576 3
0 576 575 554 576 575 554 3
0 555 556 577 555 556 577 3
0 577 576 555 577 576 555 3
0 556 557 578 556 557 578 3
0 578 577 556 578 577 556 3
0 557 558 579 557 558 579 3
0 579 578 557 579 578 557 3
0 558 559 580 558 559 580 3
0 580 579 558 580 579 558 3
0 559 560 581 559 560 581 3
0 581 580 559 581 580 559 3
0 560 561 582 560 561 582 3
0 582 581 560 582 581 560 3
0 561 562 583 561 562 583 3
0 583 582 561 583 582 561 3
0 562 563 584 562 563 584 3
0 584 583 562 584 583 562 3
0 563 564 585 563 564 585 3
0 585 584 563 585 584 563 3
0 564 565 586 564 565 586 3
0 586 585 564 586 585 564 3
0 565 566 587 565 566 587 3
0 587 586 565 587 586 565 3
0 568 567 588 568 567 588 3
0 588 589 568 588 589 568 3
0 567 569 590 567 569 590 3
0 590 588 567 590 588 567 3
0 569 570 591 569 570 591 3
0 591 590 569 591 590 569 3
0 570 571 592 570 571 592 3
0 592 591 570 592 591 570 3
0 571 572 593 571 572 593 3
0 593 592 571 593 592 571 3
0 572 573 594 572 573 594 3
0 594 593 572 594 593 572 3
0 573 574 595 573 574 595 3
0 595 594 573 595 594 573 3
0 574 575 596 574 575 596 3
0 596 595 574 596 595 574 3
0 575 576 597 575 576 597 3
0 597 596 575 597 596 575 3
0 576 577 598 576 577 598 3
0 598 597 576 598 597 576 3
0 577 578 599 577 578 599 3
0 599 598 577 599 598 577 3
0 578 579 600 578 579 600 3
0 600 599 578 600 599 578 3
0 579 580 601 579 580 601 3
0 601 600 579 601 600 579 3
0 580 581 602 580 581 602 3
0 602 601 580 602 601 580 3
0 581 582 603 581 582 603 3
0 603 602 581 603 602 581 3
0 582 583 604 582 583 604 3
0 604 603 582 604 603 582 3
0 583 584 605 583 584 605 3
0 605 604 583 605 604 583 3
0 584 585 606 584 585 606 3
0 606 605 584 606 605 584 3
0 585 586 607 585 586 607 3
0 607 606 585 607 606 585 3
0 586 587 608 586 587 608 3
0 608 607 586 608 607 586 3
0 589 588 609 589 588 609 3
0 609 610 589 609 610 589 3
0 588 590 611 588 590 611 3
0 611 609 588 611 609 588 3
0 590 591 612 590 591 612 3
0 612 611 590 612 611 590 3
0 591 592 613 591 592 613 3
0 613 612 591 613 612 591 3
0 592 593 614 592 593 614 3
0 614 613 592 614 613 592 3
0 593 594 615 593 594 615 3
0 615 614 593 615 614 593 3
0 594 595 616 594 595 616 3
0 616 615 594 616 615 594 3
0 595 596 617 595 596 617 3
0 617 616 595 617 616 595 3
0 596 597 618 596 597 618 3
0 618 617 596 618 617 596 3
0 597 598 619 597 598 619 3
0 619 618 597 619 618 597 3
0 598 599 620 598 599 620 3
0 620 619 598 620 619 598 3
0 599 600 621 599 600 621 3
0 621 620 599 621 620 599 3
0 600 601 622 600 601 622 3
0 622 621 600 622 621 600 3
0 601 602 623 601 602 623 3
0 623 622 601 623 622 601 3
0 602 603 624 602 603 624 3
0 624 623 602 624 623 602 3
0 603 604 625 603 604 625 3
0 625 624 603 625 624 603 3
0 604 605 626 604 605 626 3
0 626 625 604 626 625 604 3
0 605 606 627 605 606 627 3
0 627 626 605 627 626 605 3
0 606 607 628 606 607 628 3
0 628 627 606 628 627 606 3
0 607 608 629 607 608 629 3
0 629 628 607 629 628 607 3
0 610 609 630 610 609 630 3
0 630 631 610 630 631 610 3
0 609 611 632 609 611 632 3
0 632 630 609 632 630 609 3
0 611 612 633 611 612 633 3
0 633 632 611 633 632 611 3
0 612 613 634 612 613 634 3
0 634 633 612 634 633 612 3
0 613 614 635 613 614 635 3
0 635 634 613 635 634 613 3
0 614 615 636 614 615 636 3
0 636 635 614 636 635 614 3
0 615 616 637 615 616 637 3
0 637 636 615 637 636 615 3
0 616 617 638 616 617 638 3
0 638 637 616 638 637 616 3
0 617 618 639 617 618 639 3
0 639 638 617 639 638 617 3
0 618 619 640 618 619 640 3
0 640 639 618 640 639 618 3
0 619 620 641 619 620 641 3
0 641 640 619 641 640 619 3
0 620 621 642 620 621 642 3
0 642 641 620 642 641 620 3
0 621 622 643 621 622 643 3
0 643 642 621 643 642 621 3
0 622 623 644 622 623 644 3
0 644 643 622 644 643 622 3
0 623 624 645 623 624 645 3
0 645 644 623 645 644 623 3
0 624 625 646 624 625 646 3
0 646 645 624 646 645 624 3
0 625 626 647 625 626 647 3
0 647 646 625 647 646 625 3
0 626 627 648 626 627 648 3
0 648 647 626 648 647 626 3
0 627 628 649 627 628 649 3
0 649 648 627 649 648 627 3
0 628 629 650 628 629 650 3
0 650 649 628 650 649 628 3
0 631 630 651 631 630 651 3
0 651 652 631 651 652 631 3
0 630 632 653 630 632 653 3
0 653 651 630 653 651 630 3
0 632 633 654 632 633 654 3
0 654 653 632 654 653 632 3
0 633 634 655 633 634 655 3
0 655 654 633 655 654 633 3
0 634 635 656 634 635 656 3
0 656 655 634 656 655 634 3
0 635 636 657 635 636 657 3
0 657 656 635 657 656 635 3
0 636 637 658 636 637 658 3
0 658 657 636 658 657 636 3
0 637 638 659 637 638 659 3
0 659 658 637 659 658 637 3
0 638 639 660 638 639 660 3
0 660 659 638 660 659 638 3
0 639 640 661 639 640 661 3
0 661 660 639 661 660 639 3
0 640 641 662 640 641 662 3
0 662 661 640 662 661 640 3
0 641 642 663 641 642 663 3
0 663 662 641 663 662 641 3
0 642 643 664 642 643 664 3
0 664 663 642 664 663 642 3
0 643 644 665 643 644 665 3
0 665 664 643 665 664 643 3
0 644 645 666 644 645 666 3
0 666 665 644 666 665 644 3
0 645 646 667 645 646 667 3
0 667 666 645 667 666 645 3
0 646 647 668 646 647 668 3
0 668 667 646 668 667 646 3
0 647 648 669 647 648 669 3
0 669 668 647 669 668 647 3
0 648 649 670 648 649 670 3
0 670 669 648 670 669 648 3
0 649 650 671 649 650 671 3
0 671 670 649 671 670 649 3
0 0 3 337 672 673 674 4
0 337 336 0 674 675 672 4
0 3 5 340 673 676 676 4
0 340 337 3 676 674 673 4
0 5 7 342 676 677 678 4
0 342 340 5 678 676 676 4
0 7 9 344 677 679 680 4
0 344 342 7 680 678 677 4
0 9 11 346 679 681 682 4
0 346 344 9 682 680 679 4
0 11 13 348 681 683 684 4
0 348 346 11 684 682 681 4
0 13 15 350 683 685 686 4
0 350 348 13 686 684 683 4
0 15 17 352 685 685 685 4
0 352 350 15 685 686 685 4
0 17 19 354 685 687 688 4
0 354 352 17 688 685 685 4
0 19 21 356 687 689 690 4
0 356 354 19 690 688 687 4
0 21 23 358 689 673 691 4
0 358 356 21 691 690 689 4
0 23 25 360 673 692 693 4
0 360 358 23 693 691 673 4
0 25 27 362 692 694 695 4
0 362 360 25 695 693 692 4
0 27 29 364 694 696 697 4
0 364 362 27 697 695 694 4
0 29 31 366 696 698 699 4
0 366 364 29 699 697 696 4
0 31 33 368 698 700 701 4
0 368 366 31 701 699 698 4
0 33 35 370 700 702 703 4
0 370 368 33 703 701 700 4
0 35 37 372 702 704 705 4
0 372 370 35 705 703 702 4
0 37 39 374 704 706 707 4
0 374 372 37 707 705 704 4
0 39 41 376 706 708 709 4
0 376 374 39 709 707 706 4
0 41 40 377 710 711 712 5
0 377 376 41 712 713 710 5
0 40 62 398 711 714 715 5
0 398 377 40 715 712 711 5
0 62 83 419 714 716 717 5
0 419 398 62 717 715 714 5
0 83 104 440 716 718 719 5
0 440 419 83 719 717 716 5
0 104 125 461 718 720 721 5
0 461 440 104 721 719 718 5
0 125 146 482 720 722 723 5
0 482 461 125 723 721 720 5
0 146 167 503 722 724 725 5
0 503 482 146 725 723 722 5
0 167 188 524 724 726 727 5
0 524 503 167 727 725 724 5
0 188 209 545 726 728 729 5
0 545 524 188 729 727 726 5
0 209 230 566 728 730 731 5
0 566 545 209 731 729 728 5
0 230 251 587 730 732 733 5
0 587 566 230 733 731 730 5
0 251 272 608 732 734 735 5
0 608 587 251 735 733 732 5
0 272 293 629 734 736 737 5
0 629 608 272 737 735 734 5
0 293 314 650 736 738 739 5
0 650 629 293 739 737 736 5
0 314 335 671 738 740 741 5
0 671 650 314 741 739 738 5
0 335 334 670 742 743 744 6
0 670 671 335 744 745 742 6
0 334 333 669 743 746 747 6
0 669 670 334 747 744 743 6
0 333 332 668 746 748 749 6
0 668 669 333 749 747 746 6
0 332 331 667 748 750 751 6
0 667 668 332 751 749 748 6
0 331 330 666 750 752 753 6
0 666 667 331 753 751 750 6
0 330 329 665 752 754 755 6
0 665 666 330 755 753 752 6
0 329 328 664 754 756 757 6
0 664 665 329 757 755 754 6
0 328 327 663 756 758 759 6
0 663 664 328 759 757 756 6
0 327 326 662 758 760 761 6
0 662 663 327 761 759 758 6
0 326 325 661 760 762 763 6
0 661 662 326 763 761 760 6
0 325 324 660 762 764 765 6
0 660 661 325 765 763 762 6
0 324 323 659 764 766 767 6
0 659 660 324 767 765 764 6
0 323 322 658 766 768 769 6
0 658 659 323 769 767 766 6
0 322 321 657 768 770 771 6
0 657 658 322 771 769 768 6
0 321 320 656 770 772 773 6
0 656 657 321 773 771 770 6
0 320 319 655 772 774 775 6
0 655 656 320 775 773 772 6
0 319 318 654 774 776 777 6
0 654 655 319 777 775 774 6
0 318 317 653 776 778 779 6
0 653 654 318 779 777 776 6
0 317 316 651 778 780 781 6
0 651 653 317 781 779 778 6
0 316 315 652 780 782 783 6
0 652 651 316 783 781 780 6
0 315 294 631 784 785 786 7
0 631 652 315 786 787 784 7
0 294 273 610 785 788 789 7
0 610 631 294 789 786 785 7
0 273 252 589 788 790 791 7
0 589 610 273 791 789 788 7
0 252 231 568 790 792 793 7
0 568 589 252 793 791 790 7
0 231 210 547 792 794 795 7
0 547 568 231 795 793 792 7
0 210 189 526 794 796 797 7
0 526 547 210 797 795 794 7
0 189 168 505 796 798 799 7
0 505 526 189 799 797 796 7
0 168 147 484 798 800 801 7
0 484 505 168 801 799 798 7
0 147 126 463 800 802 803 7
0 463 484 147 803 801 800 7
0 126 105 442 802 804 805 7
0 442 463 126 805 803 802 7
0 105 84 421 804 806 807 7
0 421 442 105 807 805 804 7
0 84 63 400 806 808 809 7
0 400 421 84 809 807 806 7
0 63 42 379 808 810 811 7
0 379 400 63 811 809 808 7
0 42 1 339 810 812 813 7
0 339 379 42 813 811 810 7
0 1 0 336 812 814 815 7
0 336 339 1 815 813 812 7
