// MilkShape 3D ASCII

Frames: 30
Frame: 1

Meshes: 1
"Text01" 0 0
207
0 -50.585739 30.010691 -19.448370 0.115641 0.094877 -1
0 -60.966503 -28.841051 -19.448370 0.042247 0.905208 -1
0 -53.674690 34.644688 0.551630 0.093801 0.031071 -1
0 -65.690216 -33.475048 0.551630 0.008849 0.969013 -1
0 -45.787041 -28.841051 -19.448370 0.149569 0.905208 -1
0 -42.697998 -33.475048 0.551630 0.171409 0.969014 -1
0 -35.407772 30.010691 -19.448370 0.222953 0.094877 -1
0 -30.684198 34.644688 0.551630 0.256349 0.031072 -1
0 -28.278364 30.010691 -19.448370 0.273359 0.094877 -1
0 -30.789623 15.529455 -19.448370 0.255604 0.294270 -1
0 -31.378233 34.644688 0.551630 0.251442 0.031072 -1
0 -35.496700 10.895460 0.551630 0.222324 0.358075 -1
0 -15.759377 15.529455 -19.448370 0.361871 0.294270 -1
0 -20.488344 10.895460 0.551630 0.328436 0.358075 -1
0 -23.627390 -28.841051 -19.448370 0.306243 0.905208 -1
0 -28.356359 -33.475048 0.551630 0.272808 0.969014 -1
0 -8.544918 -28.841051 -19.448370 0.412879 0.905208 -1
0 -5.459399 -33.475048 0.551630 0.434694 0.969014 -1
0 -0.676908 15.529455 -19.448370 0.468508 0.294270 -1
0 2.408610 10.895460 0.551630 0.490323 0.358075 -1
0 15.053151 15.529455 -19.448370 0.579723 0.294270 -1
0 18.161375 10.895460 0.551630 0.601698 0.358075 -1
0 17.531584 30.010691 -19.448370 0.597246 0.094877 -1
0 22.226006 34.644688 0.551630 0.630436 0.031072 -1
0 64.861542 20.888533 -19.448370 0.931879 0.220481 -1
0 60.468803 26.535650 -19.448370 0.900821 0.142725 -1
0 68.119904 23.451635 0.551630 0.954916 0.185189 -1
0 62.738071 30.370287 0.551630 0.916866 0.089926 -1
0 54.393497 29.923922 -19.448370 0.857868 0.096072 -1
0 55.444126 34.438206 0.551630 0.865296 0.033915 -1
0 46.635620 31.053343 -19.448370 0.803018 0.080521 -1
0 46.758343 35.702721 0.551630 0.803885 0.016504 -1
0 42.361221 30.765697 -19.448370 0.772797 0.084482 -1
0 41.921413 35.377216 0.551630 0.769687 0.020986 -1
0 38.337128 29.902767 -19.448370 0.744346 0.096363 -1
0 37.428444 34.413742 0.551630 0.737921 0.034252 -1
0 34.563339 28.464539 -19.448370 0.717664 0.116166 -1
0 33.170593 32.791035 0.551630 0.707817 0.056595 -1
0 31.039852 26.451025 -19.448370 0.692752 0.143891 -1
0 29.175001 30.507729 0.551630 0.679567 0.088034 -1
0 27.832701 23.917484 -19.448370 0.670077 0.178775 -1
0 25.521271 27.621416 0.551630 0.653735 0.127775 -1
0 25.007908 20.919195 -19.448370 0.650105 0.220058 -1
0 22.284883 24.186245 0.551630 0.630853 0.175074 -1
0 22.565475 17.456139 -19.448370 0.632836 0.267741 -1
0 19.487553 20.219992 0.551630 0.611075 0.229686 -1
0 20.505400 13.528333 -19.448370 0.618271 0.321823 -1
0 17.147957 15.759242 0.551630 0.594533 0.291106 -1
0 18.870117 9.265137 -19.448370 0.606709 0.380523 -1
0 15.303176 10.949883 0.551630 0.581490 0.357326 -1
0 17.702057 4.795922 -19.448370 0.598451 0.442060 -1
0 13.987344 5.915266 0.551630 0.572187 0.426648 -1
0 17.001221 0.120687 -19.448370 0.593496 0.506433 -1
0 13.201296 0.671582 0.551630 0.566630 0.498848 -1
0 16.767609 -4.760565 -19.448370 0.591844 0.573643 -1
0 12.938994 -4.809120 0.551630 0.564775 0.574312 -1
0 17.134861 -10.395463 -19.448370 0.594441 0.651231 -1
0 13.354661 -11.186862 0.551630 0.567714 0.662127 -1
0 18.236616 -15.362188 -19.448370 0.602230 0.719617 -1
0 14.655229 -17.049839 0.551630 0.576909 0.742855 -1
0 20.072872 -19.660738 -19.448370 0.615213 0.778804 -1
0 16.885815 -22.271484 0.551630 0.592680 0.814752 -1
0 22.643629 -23.291117 -19.448370 0.633389 0.828791 -1
0 20.023199 -26.702040 0.551630 0.614862 0.875756 -1
0 25.841267 -26.175373 -19.448370 0.655997 0.868504 -1
0 23.886326 -30.186565 0.551630 0.642175 0.923735 -1
0 29.558170 -28.235554 -19.448370 0.682276 0.896871 -1
0 28.306229 -32.636402 0.551630 0.673425 0.957466 -1
0 33.794334 -29.471664 -19.448370 0.712227 0.913891 -1
0 33.207630 -34.066628 0.551630 0.708079 0.977159 -1
0 38.549759 -29.883699 -19.448370 0.745849 0.919565 -1
0 38.533573 -34.528099 0.551630 0.745734 0.983513 -1
0 44.123337 -29.458200 -19.448370 0.785255 0.913706 -1
0 44.597881 -34.065136 0.551630 0.788610 0.977139 -1
0 49.721725 -28.181702 -19.448370 0.824837 0.896130 -1
0 50.646305 -32.686024 0.551630 0.831374 0.958150 -1
0 55.344917 -26.054205 -19.448370 0.864594 0.866836 -1
0 56.678848 -30.403648 0.551630 0.874026 0.926724 -1
0 60.992916 -23.075708 -19.448370 0.904527 0.825825 -1
0 64.319870 -26.374126 0.551630 0.928049 0.871241 -1
0 65.852791 4.639566 -19.448370 0.938887 0.444213 -1
0 70.570686 9.273564 0.551630 0.972244 0.380408 -1
0 43.208191 4.639566 -19.448370 0.778785 0.444213 -1
0 40.124729 9.273564 0.551630 0.756984 0.380407 -1
0 41.023708 -7.640520 -19.448370 0.763340 0.613298 -1
0 36.291588 -12.274513 0.551630 0.729883 0.677103 -1
0 50.212261 -7.640520 -19.448370 0.828305 0.613298 -1
0 40.982498 -12.274516 0.551630 0.763049 0.677103 -1
0 49.094650 -14.017695 -19.448370 0.820404 0.701105 -1
0 47.268749 -15.282428 -19.448370 0.807494 0.718519 -1
0 45.302029 -16.185808 -19.448370 0.793589 0.730958 -1
0 43.194485 -16.727837 -19.448370 0.778688 0.738421 -1
0 40.946121 -16.908512 -19.448370 0.762792 0.740909 -1
0 40.814812 -16.908512 -19.448370 0.761863 0.740909 -1
0 38.867439 -16.700684 -19.448370 0.748095 0.738047 -1
0 39.574924 -12.124296 0.551630 0.753097 0.675035 -1
0 37.100338 -16.077198 -19.448370 0.735601 0.729463 -1
0 38.557266 -11.765234 0.551630 0.745902 0.670091 -1
0 35.513500 -15.038057 -19.448370 0.724382 0.715155 -1
0 37.683949 -11.193344 0.551630 0.739727 0.662217 -1
0 34.106934 -13.583259 -19.448370 0.714437 0.695123 -1
0 36.868580 -10.350018 0.551630 0.733963 0.650605 -1
0 32.955055 -11.821073 -19.448370 0.706293 0.670860 -1
0 36.185848 -9.305551 0.551630 0.729136 0.636224 -1
0 32.132282 -9.859769 -19.448370 0.700476 0.643855 -1
0 35.710773 -8.173068 0.551630 0.725777 0.620630 -1
0 31.638620 -7.699350 -19.448370 0.696986 0.614108 -1
0 35.414837 -6.877995 0.551630 0.723684 0.602798 -1
0 31.474064 -5.339814 -19.448370 0.695822 0.581619 -1
0 35.304295 -5.292810 0.551630 0.722903 0.580972 -1
0 31.695831 -1.153209 -19.448370 0.697390 0.523974 -1
0 35.491600 -1.756654 0.551630 0.724227 0.532283 -1
0 32.361137 2.902498 -19.448370 0.702094 0.468131 -1
0 36.057602 1.693650 0.551630 0.728229 0.484775 -1
0 33.469978 6.827310 -19.448370 0.709934 0.414090 -1
0 37.002525 5.038289 0.551630 0.734910 0.438723 -1
0 35.022358 10.621223 -19.448370 0.720909 0.361851 -1
0 38.305859 8.223553 0.551630 0.744124 0.394865 -1
0 36.954109 13.883634 -19.448370 0.734567 0.316931 -1
0 39.787170 10.725245 0.551630 0.754598 0.360419 -1
0 39.201073 16.213924 -19.448370 0.750454 0.284845 -1
0 41.267216 12.260173 0.551630 0.765062 0.339285 -1
0 41.763248 17.612097 -19.448370 0.768569 0.265594 -1
0 42.821621 13.108404 0.551630 0.776052 0.327605 -1
0 44.640636 18.078154 -19.448370 0.788913 0.259177 -1
0 44.650669 13.404663 0.551630 0.788984 0.323526 -1
0 47.480164 17.636478 -19.448370 0.808989 0.265258 -1
0 46.396645 13.133082 0.551630 0.801328 0.327266 -1
0 49.797451 16.311445 -19.448370 0.825373 0.283503 -1
0 47.554424 12.471063 0.551630 0.809514 0.336381 -1
0 51.592484 14.103057 -19.448370 0.838064 0.313910 -1
0 48.446323 11.373776 0.551630 0.815820 0.351490 -1
0 52.865273 11.011312 -19.448370 0.847063 0.356480 -1
0 50.637753 6.050541 0.551630 0.831314 0.424785 -1
0 67.571716 12.982569 -19.448370 0.951041 0.329338 -1
0 73.054985 9.055351 0.551630 0.989808 0.383412 -1
0 -50.585739 30.010691 20.551630 0.115641 0.094877 -1
0 -60.966503 -28.841051 20.551630 0.042247 0.905208 -1
0 -45.787041 -28.841051 20.551630 0.149569 0.905208 -1
0 -35.407772 30.010691 20.551630 0.222953 0.094877 -1
0 -28.278364 30.010691 20.551630 0.273359 0.094877 -1
0 -30.789623 15.529455 20.551630 0.255604 0.294270 -1
0 -15.759377 15.529455 20.551630 0.361871 0.294270 -1
0 -23.627390 -28.841051 20.551630 0.306243 0.905208 -1
0 -8.544918 -28.841051 20.551630 0.412879 0.905208 -1
0 -0.676908 15.529455 20.551630 0.468508 0.294270 -1
0 15.053151 15.529455 20.551630 0.579723 0.294270 -1
0 17.531584 30.010691 20.551630 0.597246 0.094877 -1
0 64.861542 20.888533 20.551630 0.931879 0.220481 -1
0 60.468803 26.535650 20.551630 0.900821 0.142725 -1
0 54.393497 29.923922 20.551630 0.857868 0.096072 -1
0 46.635620 31.053343 20.551630 0.803018 0.080521 -1
0 42.361221 30.765697 20.551630 0.772797 0.084482 -1
0 38.337128 29.902767 20.551630 0.744346 0.096363 -1
0 34.563339 28.464539 20.551630 0.717664 0.116166 -1
0 31.039852 26.451025 20.551630 0.692752 0.143891 -1
0 27.832701 23.917484 20.551630 0.670077 0.178775 -1
0 25.007908 20.919195 20.551630 0.650105 0.220058 -1
0 22.565475 17.456139 20.551630 0.632836 0.267741 -1
0 20.505400 13.528333 20.551630 0.618271 0.321823 -1
0 18.870117 9.265137 20.551630 0.606709 0.380523 -1
0 17.702057 4.795922 20.551630 0.598451 0.442060 -1
0 17.001221 0.120687 20.551630 0.593496 0.506433 -1
0 16.767609 -4.760565 20.551630 0.591844 0.573643 -1
0 17.134861 -10.395463 20.551630 0.594441 0.651231 -1
0 18.236616 -15.362188 20.551630 0.602230 0.719617 -1
0 20.072872 -19.660738 20.551630 0.615213 0.778804 -1
0 22.643629 -23.291117 20.551630 0.633389 0.828791 -1
0 25.841267 -26.175373 20.551630 0.655997 0.868504 -1
0 29.558170 -28.235554 20.551630 0.682276 0.896871 -1
0 33.794334 -29.471664 20.551630 0.712227 0.913891 -1
0 38.549759 -29.883699 20.551630 0.745849 0.919565 -1
0 44.123337 -29.458200 20.551630 0.785255 0.913706 -1
0 49.721725 -28.181702 20.551630 0.824837 0.896130 -1
0 55.344917 -26.054205 20.551630 0.864594 0.866836 -1
0 60.992916 -23.075708 20.551630 0.904527 0.825825 -1
0 65.852791 4.639566 20.551630 0.938887 0.444213 -1
0 43.208191 4.639566 20.551630 0.778785 0.444213 -1
0 41.023708 -7.640520 20.551630 0.763340 0.613298 -1
0 50.212261 -7.640520 20.551630 0.828305 0.613298 -1
0 49.094650 -14.017695 20.551630 0.820404 0.701105 -1
0 47.268749 -15.282428 20.551630 0.807494 0.718519 -1
0 45.302029 -16.185808 20.551630 0.793589 0.730958 -1
0 43.194485 -16.727837 20.551630 0.778688 0.738421 -1
0 40.946121 -16.908512 20.551630 0.762792 0.740909 -1
0 40.814812 -16.908512 20.551630 0.761863 0.740909 -1
0 38.867439 -16.700684 20.551630 0.748095 0.738047 -1
0 37.100338 -16.077198 20.551630 0.735601 0.729463 -1
0 35.513500 -15.038057 20.551630 0.724382 0.715155 -1
0 34.106934 -13.583259 20.551630 0.714437 0.695123 -1
0 32.955055 -11.821073 20.551630 0.706293 0.670860 -1
0 32.132282 -9.859769 20.551630 0.700476 0.643855 -1
0 31.638620 -7.699350 20.551630 0.696986 0.614108 -1
0 31.474064 -5.339814 20.551630 0.695822 0.581619 -1
0 31.695831 -1.153209 20.551630 0.697390 0.523974 -1
0 32.361137 2.902498 20.551630 0.702094 0.468131 -1
0 33.469978 6.827310 20.551630 0.709934 0.414090 -1
0 35.022358 10.621223 20.551630 0.720909 0.361851 -1
0 36.954109 13.883634 20.551630 0.734567 0.316931 -1
0 39.201073 16.213924 20.551630 0.750454 0.284845 -1
0 41.763248 17.612097 20.551630 0.768569 0.265594 -1
0 44.640636 18.078154 20.551630 0.788913 0.259177 -1
0 47.480164 17.636478 20.551630 0.808989 0.265258 -1
0 49.797451 16.311445 20.551630 0.825373 0.283503 -1
0 51.592484 14.103057 20.551630 0.838064 0.313910 -1
0 52.865273 11.011312 20.551630 0.847063 0.356480 -1
0 67.571716 12.982569 20.551630 0.951041 0.329338 -1
249
-0.967070 0.170580 -0.188885
-0.967070 0.170580 -0.188885
-0.982779 0.173351 -0.063984
-0.982779 0.173351 0.063984
0.000000 -0.974192 -0.225720
0.000000 -0.997031 -0.077004
0.000000 -0.997031 0.077004
0.967075 -0.170556 -0.188885
0.967075 -0.170556 -0.188885
0.982784 -0.173327 -0.063984
0.982784 -0.173327 0.063984
0.000000 0.974192 -0.225720
0.000000 0.997031 -0.077004
0.000000 0.997031 0.077004
-0.967566 0.167790 -0.188843
-0.967566 0.167790 -0.188843
-0.983276 0.170515 -0.063970
-0.983276 0.170515 0.063970
0.000000 -0.974192 -0.225720
0.000000 -0.997031 -0.077004
0.000000 -0.997031 0.077004
-0.966912 0.171458 -0.188898
-0.966912 0.171458 -0.188898
-0.982621 0.174244 -0.063989
-0.982621 0.174244 0.063989
0.000000 -0.974192 -0.225720
0.000000 -0.997031 -0.077004
0.000000 -0.997031 0.077004
0.966912 -0.171458 -0.188898
0.982621 -0.174244 -0.063989
0.982621 -0.174244 0.063989
0.000000 -0.974192 -0.225720
0.967939 -0.165661 -0.188812
0.967939 -0.165661 -0.188812
0.983650 -0.168350 -0.063959
0.983650 -0.168350 0.063959
0.000000 0.974192 -0.225720
0.000000 0.997031 -0.077004
0.000000 0.997031 0.077004
0.886878 0.417433 -0.197985
0.685397 0.696817 -0.211370
0.879735 0.475460 -0.001885
0.651484 0.758658 -0.002509
0.368897 0.902312 -0.223043
0.321032 0.947067 -0.001324
0.072117 0.971393 -0.226261
0.038685 0.999251 -0.000096
-0.111966 0.967763 -0.225605
-0.138780 0.990323 0.000233
-0.252612 0.941331 -0.223793
-0.283752 0.958898 0.000496
-0.393972 0.892291 -0.220460
-0.427458 0.904035 0.000727
-0.526059 0.822586 -0.215901
-0.559615 0.828752 0.000862
-0.642712 0.736568 -0.210689
-0.675713 0.737164 0.000935
-0.743181 0.636843 -0.205215
-0.774484 0.632593 0.000913
-0.824610 0.529157 -0.200030
-0.853244 0.521511 0.000792
-0.885536 0.421360 -0.195658
-0.911188 0.411990 0.000609
-0.928568 0.317434 -0.192347
-0.952046 0.305955 0.000456
-0.958123 0.214286 -0.189951
-0.979625 0.200833 0.000301
-0.975577 0.112834 -0.188464
-0.995172 0.098147 0.000142
-0.982121 0.010024 -0.187984
-0.999963 -0.008629 -0.000014
-0.975394 -0.113751 -0.188860
-0.989981 -0.141200 -0.000308
-0.943219 -0.271211 -0.191787
-0.952039 -0.305975 -0.000762
-0.872086 -0.447763 -0.197419
-0.872813 -0.488053 -0.001234
-0.755151 -0.622631 -0.205128
-0.747557 -0.664196 -0.001431
-0.597616 -0.772857 -0.213419
-0.581131 -0.813809 -0.001346
-0.408608 -0.885683 -0.220465
-0.384890 -0.922962 -0.000952
-0.210942 -0.951310 -0.224750
-0.184145 -0.982899 -0.000422
-0.031434 -0.973594 -0.226113
-0.005118 -0.999987 -0.000010
0.121940 -0.966572 -0.225540
0.149636 -0.988741 0.000258
0.259985 -0.939372 -0.223581
0.288788 -0.957393 0.000453
0.382420 -0.897260 -0.220635
0.410970 -0.911649 0.000561
0.455236 -0.863246 -0.218095
0.465177 -0.882095 0.074286
0.967244 -0.169606 -0.188871
0.967244 -0.169606 -0.188870
0.982954 -0.172361 -0.063979
0.982954 -0.172361 0.063979
0.000000 0.974192 -0.225720
0.000000 0.997031 -0.077004
0.000000 0.997031 0.077004
-0.966817 0.171985 -0.188906
-0.966817 0.171985 -0.188906
-0.982526 0.174780 -0.063992
-0.982526 0.174780 0.063992
0.000000 -0.974192 -0.225720
-0.000000 -0.974192 -0.225720
-0.000000 -0.997031 -0.077004
-0.000000 -0.997031 0.077004
-0.909898 0.159461 -0.382960
-0.545001 0.786820 -0.289635
-0.475844 0.835367 -0.275199
-0.182261 0.983077 -0.018447
-0.323844 0.912900 -0.248474
-0.160598 0.959509 -0.231412
-0.039054 0.973465 -0.225481
0.051765 0.972791 -0.225829
0.178089 0.957835 -0.225471
0.220966 0.975281 0.000594
0.397056 0.890795 -0.220978
0.443571 0.896239 0.001163
0.594244 0.775416 -0.213551
0.637395 0.770536 0.001383
0.745131 0.634481 -0.205461
0.781535 0.623861 0.001221
0.851315 0.485613 -0.198600
0.883263 0.468877 0.001032
0.925105 0.326948 -0.193097
0.952061 0.305907 0.000710
0.967211 0.169026 -0.189562
0.989197 0.146593 0.000323
0.981746 0.028281 -0.188082
0.999965 0.008351 0.000015
0.978185 -0.087740 -0.188296
0.994200 -0.107544 -0.000169
0.962252 -0.195209 -0.189645
0.976124 -0.217213 -0.000342
0.933724 -0.302183 -0.191952
0.945441 -0.325794 -0.000491
0.888493 -0.415099 -0.195632
0.895401 -0.445260 -0.000804
0.801626 -0.562525 -0.202387
0.795601 -0.605819 -0.001486
0.631542 -0.745613 -0.212641
0.606576 -0.795023 -0.001841
0.368073 -0.902719 -0.222756
0.324231 -0.945977 -0.001243
0.054512 -0.972314 -0.227232
0.003136 -0.999995 -0.000012
-0.265078 -0.937498 -0.225457
-0.330692 -0.943738 0.001364
-0.584693 -0.782042 -0.215741
-0.647369 -0.762174 0.002304
-0.816290 -0.541080 -0.202247
-0.859570 -0.511015 0.001736
-0.907199 -0.373469 -0.193675
-0.922712 -0.379856 0.065662
0.129442 -0.965696 -0.225113
0.129442 -0.965696 -0.225113
0.132460 -0.988210 -0.076787
0.132460 -0.988210 0.076787
0.928357 0.318242 -0.192031
0.943956 0.323590 -0.065086
-0.967070 0.170580 0.188885
-0.967070 0.170580 0.188885
0.000000 -0.974192 0.225720
0.967075 -0.170556 0.188885
0.967075 -0.170556 0.188885
0.000000 0.974192 0.225720
-0.967566 0.167790 0.188843
-0.967566 0.167790 0.188844
0.000000 -0.974192 0.225720
-0.966912 0.171458 0.188898
-0.966912 0.171458 0.188898
0.000000 -0.974192 0.225720
0.966912 -0.171458 0.188898
0.966912 -0.171458 0.188898
0.000000 -0.974192 0.225720
0.967939 -0.165661 0.188812
0.967939 -0.165661 0.188812
0.000000 0.974192 0.225720
0.834443 0.512868 0.201672
0.584529 0.782021 0.216261
0.255628 0.940080 0.225618
0.003197 0.974018 0.226448
-0.158375 0.961366 0.225151
-0.300382 0.927426 0.222827
-0.439767 0.870991 0.219041
-0.566642 0.795630 0.214217
-0.678249 0.704525 0.208862
-0.772687 0.601308 0.203428
-0.847259 0.492705 0.198478
-0.901495 0.386639 0.194464
-0.939817 0.283001 0.191453
-0.965263 0.180027 0.189359
-0.978877 0.079920 0.188184
-0.981796 -0.026972 0.188011
-0.968186 -0.163461 0.189465
-0.924337 -0.329002 0.193283
-0.837679 -0.508290 0.199837
-0.706732 -0.676236 0.207927
-0.536709 -0.815640 0.216046
-0.341551 -0.913190 0.222321
-0.147695 -0.962966 0.225572
0.021467 -0.973860 0.226132
0.169549 -0.959485 0.225037
0.302880 -0.926644 0.222697
0.419196 -0.880952 0.219541
0.455237 -0.863246 0.218095
0.967244 -0.169606 0.188870
0.967244 -0.169606 0.188870
0.000000 0.974192 0.225720
-0.966817 0.171985 0.188906
-0.966817 0.171985 0.188906
-0.000000 -0.974192 0.225720
0.000000 -0.974192 0.225720
-0.909898 0.159461 0.382960
-0.545001 0.786820 0.289635
-0.475844 0.835367 0.275199
-0.323844 0.912900 0.248474
-0.160598 0.959509 0.231412
-0.039054 0.973465 0.225481
0.069009 0.971742 0.225731
0.252194 0.941319 0.224313
0.467680 0.856412 0.218710
0.650652 0.729517 0.210849
0.784214 0.586320 0.203072
0.879585 0.433229 0.196578
0.942666 0.273184 0.191705
0.974783 0.118765 0.188927
0.982087 -0.011878 0.188053
0.974257 -0.123458 0.188628
0.954103 -0.231229 0.190316
0.921487 -0.337113 0.192915
0.866900 -0.457813 0.197208
0.754988 -0.622774 0.205294
0.551848 -0.805424 0.216232
0.262889 -0.938182 0.225176
-0.048413 -0.972631 0.227255
-0.378263 -0.898485 0.222804
-0.677754 -0.704289 0.211248
-0.865904 -0.458987 0.198849
-0.907199 -0.373470 0.193675
0.129442 -0.965696 0.225113
0.129442 -0.965696 0.225113
0.928357 0.318242 0.192031
0.000000 0.000000 1.000000
0.000000 0.000000 -1.000000
402
0 0 1 2 0 1 2 1
0 1 3 2 1 3 2 1
0 1 4 3 4 4 5 2
0 4 5 3 4 6 5 2
0 4 6 5 7 8 9 1
0 6 7 5 8 10 9 1
0 6 0 7 11 11 12 2
0 0 2 7 11 13 12 2
0 8 9 10 14 15 16 1
0 9 11 10 15 17 16 1
0 9 12 11 18 18 19 2
0 12 13 11 18 20 19 2
0 12 14 13 21 22 23 1
0 14 15 13 22 24 23 1
0 14 16 15 25 25 26 2
0 16 17 15 25 27 26 2
0 16 18 17 28 28 29 1
0 18 19 17 28 30 29 1
0 18 20 19 18 31 19 2
0 20 21 19 31 20 19 2
0 20 22 21 32 33 34 1
0 22 23 21 33 35 34 1
0 22 8 23 36 36 37 2
0 8 10 23 36 38 37 2
0 24 25 26 39 40 41 1
0 25 27 26 40 42 41 1
0 25 28 27 40 43 42 1
0 28 29 27 43 44 42 1
0 28 30 29 43 45 44 1
0 30 31 29 45 46 44 1
0 30 32 31 45 47 46 1
0 32 33 31 47 48 46 1
0 32 34 33 47 49 48 1
0 34 35 33 49 50 48 1
0 34 36 35 49 51 50 1
0 36 37 35 51 52 50 1
0 36 38 37 51 53 52 1
0 38 39 37 53 54 52 1
0 38 40 39 53 55 54 1
0 40 41 39 55 56 54 1
0 40 42 41 55 57 56 1
0 42 43 41 57 58 56 1
0 42 44 43 57 59 58 1
0 44 45 43 59 60 58 1
0 44 46 45 59 61 60 1
0 46 47 45 61 62 60 1
0 46 48 47 61 63 62 1
0 48 49 47 63 64 62 1
0 48 50 49 63 65 64 1
0 50 51 49 65 66 64 1
0 50 52 51 65 67 66 1
0 52 53 51 67 68 66 1
0 52 54 53 67 69 68 1
0 54 55 53 69 70 68 1
0 54 56 55 69 71 70 1
0 56 57 55 71 72 70 1
0 56 58 57 71 73 72 1
0 58 59 57 73 74 72 1
0 58 60 59 73 75 74 1
0 60 61 59 75 76 74 1
0 60 62 61 75 77 76 1
0 62 63 61 77 78 76 1
0 62 64 63 77 79 78 1
0 64 65 63 79 80 78 1
0 64 66 65 79 81 80 1
0 66 67 65 81 82 80 1
0 66 68 67 81 83 82 1
0 68 69 67 83 84 82 1
0 68 70 69 83 85 84 1
0 70 71 69 85 86 84 1
0 70 72 71 85 87 86 1
0 72 73 71 87 88 86 1
0 72 74 73 87 89 88 1
0 74 75 73 89 90 88 1
0 74 76 75 89 91 90 1
0 76 77 75 91 92 90 1
0 76 78 77 91 93 92 1
0 78 79 77 93 94 92 1
0 78 80 79 95 96 97 2
0 80 81 79 96 98 97 2
0 80 82 81 99 99 100 1
0 82 83 81 99 101 100 1
0 82 84 83 102 103 104 2
0 84 85 83 103 105 104 2
0 84 86 85 106 107 108 1
0 86 87 85 107 109 108 1
0 86 88 87 110 110 110 2
0 88 89 87 111 112 113 3
0 89 90 87 112 114 113 3
0 90 91 87 114 115 113 3
0 91 92 87 115 116 113 3
0 92 93 87 116 117 113 3
0 93 94 87 117 118 113 3
0 94 95 87 118 119 113 3
0 94 96 95 118 120 119 3
0 96 97 95 120 121 119 3
0 96 98 97 120 122 121 3
0 98 99 97 122 123 121 3
0 98 100 99 122 124 123 3
0 100 101 99 124 125 123 3
0 100 102 101 124 126 125 3
0 102 103 101 126 127 125 3
0 102 104 103 126 128 127 3
0 104 105 103 128 129 127 3
0 104 106 105 128 130 129 3
0 106 107 105 130 131 129 3
0 106 108 107 130 132 131 3
0 108 109 107 132 133 131 3
0 108 110 109 132 134 133 3
0 110 111 109 134 135 133 3
0 110 112 111 134 136 135 3
0 112 113 111 136 137 135 3
0 112 114 113 136 138 137 3
0 114 115 113 138 139 137 3
0 114 116 115 138 140 139 3
0 116 117 115 140 141 139 3
0 116 118 117 140 142 141 3
0 118 119 117 142 143 141 3
0 118 120 119 142 144 143 3
0 120 121 119 144 145 143 3
0 120 122 121 144 146 145 3
0 122 123 121 146 147 145 3
0 122 124 123 146 148 147 3
0 124 125 123 148 149 147 3
0 124 126 125 148 150 149 3
0 126 127 125 150 151 149 3
0 126 128 127 150 152 151 3
0 128 129 127 152 153 151 3
0 128 130 129 152 154 153 3
0 130 131 129 154 155 153 3
0 130 132 131 154 156 155 3
0 132 133 131 156 157 155 3
0 132 134 133 158 159 160 2
0 134 135 133 159 161 160 2
0 134 24 135 162 39 163 1
0 24 26 135 39 41 163 1
0 2 3 136 2 3 164 1
0 3 137 136 3 165 164 1
0 3 5 137 5 6 166 2
0 5 138 137 6 166 166 2
0 5 7 138 9 10 167 1
0 7 139 138 10 168 167 1
0 7 2 139 12 13 169 2
0 2 136 139 13 169 169 2
0 10 11 140 16 17 170 1
0 11 141 140 17 171 170 1
0 11 13 141 19 20 172 2
0 13 142 141 20 172 172 2
0 13 15 142 23 24 173 1
0 15 143 142 24 174 173 1
0 15 17 143 26 27 175 2
0 17 144 143 27 175 175 2
0 17 19 144 29 30 176 1
0 19 145 144 30 177 176 1
0 19 21 145 19 20 178 2
0 21 146 145 20 172 178 2
0 21 23 146 34 35 179 1
0 23 147 146 35 180 179 1
0 23 10 147 37 38 181 2
0 10 140 147 38 181 181 2
0 26 27 148 41 42 182 1
0 27 149 148 42 183 182 1
0 27 29 149 42 44 183 1
0 29 150 149 44 184 183 1
0 29 31 150 44 46 184 1
0 31 151 150 46 185 184 1
0 31 33 151 46 48 185 1
0 33 152 151 48 186 185 1
0 33 35 152 48 50 186 1
0 35 153 152 50 187 186 1
0 35 37 153 50 52 187 1
0 37 154 153 52 188 187 1
0 37 39 154 52 54 188 1
0 39 155 154 54 189 188 1
0 39 41 155 54 56 189 1
0 41 156 155 56 190 189 1
0 41 43 156 56 58 190 1
0 43 157 156 58 191 190 1
0 43 45 157 58 60 191 1
0 45 158 157 60 192 191 1
0 45 47 158 60 62 192 1
0 47 159 158 62 193 192 1
0 47 49 159 62 64 193 1
0 49 160 159 64 194 193 1
0 49 51 160 64 66 194 1
0 51 161 160 66 195 194 1
0 51 53 161 66 68 195 1
0 53 162 161 68 196 195 1
0 53 55 162 68 70 196 1
0 55 163 162 70 197 196 1
0 55 57 163 70 72 197 1
0 57 164 163 72 198 197 1
0 57 59 164 72 74 198 1
0 59 165 164 74 199 198 1
0 59 61 165 74 76 199 1
0 61 166 165 76 200 199 1
0 61 63 166 76 78 200 1
0 63 167 166 78 201 200 1
0 63 65 167 78 80 201 1
0 65 168 167 80 202 201 1
0 65 67 168 80 82 202 1
0 67 169 168 82 203 202 1
0 67 69 169 82 84 203 1
0 69 170 169 84 204 203 1
0 69 71 170 84 86 204 1
0 71 171 170 86 205 204 1
0 71 73 171 86 88 205 1
0 73 172 171 88 206 205 1
0 73 75 172 88 90 206 1
0 75 173 172 90 207 206 1
0 75 77 173 90 92 207 1
0 77 174 173 92 208 207 1
0 77 79 174 92 94 208 1
0 79 175 174 94 209 208 1
0 79 81 175 97 98 210 2
0 81 176 175 98 211 210 2
0 81 83 176 100 101 212 1
0 83 177 176 101 212 212 1
0 83 85 177 104 105 213 2
0 85 178 177 105 214 213 2
0 85 87 178 108 109 215 1
0 87 179 178 109 216 215 1
0 179 87 180 217 217 217 4
0 180 87 181 218 113 219 3
0 181 87 182 219 113 220 3
0 182 87 183 220 113 221 3
0 183 87 184 221 113 222 3
0 184 87 185 222 113 223 3
0 87 95 185 113 119 223 3
0 95 186 185 119 224 223 3
0 95 97 186 119 121 224 3
0 97 187 186 121 225 224 3
0 97 99 187 121 123 225 3
0 99 188 187 123 226 225 3
0 99 101 188 123 125 226 3
0 101 189 188 125 227 226 3
0 101 103 189 125 127 227 3
0 103 190 189 127 228 227 3
0 103 105 190 127 129 228 3
0 105 191 190 129 229 228 3
0 105 107 191 129 131 229 3
0 107 192 191 131 230 229 3
0 107 109 192 131 133 230 3
0 109 193 192 133 231 230 3
0 109 111 193 133 135 231 3
0 111 194 193 135 232 231 3
0 111 113 194 135 137 232 3
0 113 195 194 137 233 232 3
0 113 115 195 137 139 233 3
0 115 196 195 139 234 233 3
0 115 117 196 139 141 234 3
0 117 197 196 141 235 234 3
0 117 119 197 141 143 235 3
0 119 198 197 143 236 235 3
0 119 121 198 143 145 236 3
0 121 199 198 145 237 236 3
0 121 123 199 145 147 237 3
0 123 200 199 147 238 237 3
0 123 125 200 147 149 238 3
0 125 201 200 149 239 238 3
0 125 127 201 149 151 239 3
0 127 202 201 151 240 239 3
0 127 129 202 151 153 240 3
0 129 203 202 153 241 240 3
0 129 131 203 153 155 241 3
0 131 204 203 155 242 241 3
0 131 133 204 155 157 242 3
0 133 205 204 157 243 242 3
0 133 135 205 160 161 244 2
0 135 206 205 161 245 244 2
0 135 26 206 163 41 246 1
0 26 148 206 41 182 246 1
0 136 137 138 247 247 247 3
0 136 138 139 247 247 247 3
0 142 143 144 247 247 247 3
0 142 144 145 247 247 247 3
0 140 141 142 247 247 247 3
0 147 140 142 247 247 247 3
0 147 142 145 247 247 247 3
0 147 145 146 247 247 247 3
0 205 206 148 247 247 247 5
0 177 178 179 247 247 247 5
0 176 177 179 247 247 247 5
0 175 176 179 247 247 247 5
0 175 179 180 247 247 247 5
0 174 175 180 247 247 247 5
0 173 174 180 247 247 247 5
0 173 180 181 247 247 247 5
0 205 148 149 247 247 247 5
0 204 205 149 247 247 247 5
0 204 149 150 247 247 247 5
0 203 204 150 247 247 247 5
0 203 150 151 247 247 247 5
0 202 203 151 247 247 247 5
0 201 202 151 247 247 247 5
0 201 151 152 247 247 247 5
0 173 181 182 247 247 247 5
0 172 173 182 247 247 247 5
0 172 182 183 247 247 247 5
0 200 201 152 247 247 247 5
0 200 152 153 247 247 247 5
0 171 172 183 247 247 247 5
0 171 183 184 247 247 247 5
0 171 184 185 247 247 247 5
0 171 185 186 247 247 247 5
0 170 171 186 247 247 247 5
0 170 186 187 247 247 247 5
0 200 153 154 247 247 247 5
0 199 200 154 247 247 247 5
0 199 154 155 247 247 247 5
0 198 199 155 247 247 247 5
0 198 155 156 247 247 247 5
0 169 170 187 247 247 247 5
0 169 187 188 247 247 247 5
0 168 169 188 247 247 247 5
0 168 188 189 247 247 247 5
0 167 168 189 247 247 247 5
0 167 189 190 247 247 247 5
0 166 167 190 247 247 247 5
0 166 190 191 247 247 247 5
0 165 166 191 247 247 247 5
0 164 165 191 247 247 247 5
0 164 191 192 247 247 247 5
0 163 164 192 247 247 247 5
0 163 192 193 247 247 247 5
0 162 163 193 247 247 247 5
0 162 193 194 247 247 247 5
0 161 162 194 247 247 247 5
0 161 194 195 247 247 247 5
0 160 161 195 247 247 247 5
0 159 160 195 247 247 247 5
0 159 195 196 247 247 247 5
0 158 159 196 247 247 247 5
0 158 196 197 247 247 247 5
0 157 158 197 247 247 247 5
0 156 157 197 247 247 247 5
0 198 156 197 247 247 247 5
0 0 4 1 248 248 248 3
0 0 6 4 248 248 248 3
0 12 16 14 248 248 248 3
0 12 18 16 248 248 248 3
0 8 12 9 248 248 248 3
0 22 12 8 248 248 248 3
0 22 18 12 248 248 248 3
0 22 20 18 248 248 248 3
0 132 24 134 248 248 248 4
0 82 86 84 248 248 248 4
0 80 86 82 248 248 248 4
0 78 86 80 248 248 248 4
0 78 88 86 248 248 248 4
0 76 88 78 248 248 248 4
0 74 88 76 248 248 248 4
0 74 89 88 248 248 248 4
0 132 25 24 248 248 248 4
0 130 25 132 248 248 248 4
0 130 28 25 248 248 248 4
0 128 28 130 248 248 248 4
0 128 30 28 248 248 248 4
0 126 30 128 248 248 248 4
0 124 30 126 248 248 248 4
0 124 32 30 248 248 248 4
0 74 90 89 248 248 248 4
0 72 90 74 248 248 248 4
0 72 91 90 248 248 248 4
0 122 32 124 248 248 248 4
0 122 34 32 248 248 248 4
0 70 91 72 248 248 248 4
0 70 92 91 248 248 248 4
0 70 93 92 248 248 248 4
0 70 94 93 248 248 248 4
0 68 94 70 248 248 248 4
0 68 96 94 248 248 248 4
0 122 36 34 248 248 248 4
0 120 36 122 248 248 248 4
0 120 38 36 248 248 248 4
0 118 38 120 248 248 248 4
0 118 40 38 248 248 248 4
0 66 96 68 248 248 248 4
0 66 98 96 248 248 248 4
0 64 98 66 248 248 248 4
0 64 100 98 248 248 248 4
0 62 100 64 248 248 248 4
0 62 102 100 248 248 248 4
0 60 102 62 248 248 248 4
0 60 104 102 248 248 248 4
0 58 104 60 248 248 248 4
0 56 104 58 248 248 248 4
0 56 106 104 248 248 248 4
0 54 106 56 248 248 248 4
0 54 108 106 248 248 248 4
0 52 108 54 248 248 248 4
0 52 110 108 248 248 248 4
0 50 110 52 248 248 248 4
0 50 112 110 248 248 248 4
0 48 112 50 248 248 248 4
0 46 112 48 248 248 248 4
0 46 114 112 248 248 248 4
0 44 114 46 248 248 248 4
0 44 116 114 248 248 248 4
0 42 116 44 248 248 248 4
0 40 116 42 248 248 248 4
0 118 116 40 248 248 248 4
