// MilkShape 3D ASCII

Frames: 30
Frame: 1

Meshes: 4
"Curve01" 0 0
18
0 27.922693 12.203903 12.088498 0.500000 0.999501 -1
0 -0.764865 40.891453 12.088499 0.999501 0.480083 -1
0 -10.813076 30.843239 12.088498 0.824544 0.298150 -1
0 -1.002895 21.033062 12.088498 0.653731 0.475773 -1
0 -27.252340 21.033060 12.088498 0.653731 0.000500 -1
0 -27.252337 3.374741 12.088498 0.346269 0.000499 -1
0 -1.002891 3.374742 12.088498 0.346269 0.475773 -1
0 -10.813067 -6.435436 12.088498 0.175457 0.298149 -1
0 -0.764852 -16.483648 12.088497 0.000500 0.480083 -1
0 23.760586 12.203903 17.782558 0.500000 0.924141 -1
0 -0.764864 36.729347 17.782558 0.927031 0.480083 -1
0 -6.650969 30.843239 17.782558 0.824544 0.373509 -1
0 6.102265 18.090010 17.782558 0.602487 0.604419 -1
0 -24.309286 18.090008 17.782558 0.602488 0.053787 -1
0 -24.309284 6.317795 17.782558 0.397513 0.053787 -1
0 6.102267 6.317796 17.782558 0.397513 0.604419 -1
0 -6.650961 -6.435435 17.782558 0.175457 0.373509 -1
0 -0.764853 -12.321542 17.782558 0.072969 0.480083 -1
20
0.000000 0.000000 0.000000
0.779585 -0.259861 0.569842
0.259861 0.779585 0.569842
0.779585 0.259862 0.569842
-0.259862 0.779585 0.569842
-0.779585 0.259861 0.569842
-0.779585 -0.259862 0.569842
-0.661114 -0.193636 0.724868
-0.330557 0.604400 0.724868
-0.367500 0.734999 0.569842
-0.735000 0.367500 0.569842
-0.734999 -0.367500 0.569842
-0.367500 -0.734999 0.569842
-0.330557 -0.604400 0.724868
-0.661114 0.193636 0.724868
-0.779585 0.259861 0.569842
-0.779585 -0.259862 0.569842
-0.259861 -0.779585 0.569842
0.259862 -0.779585 0.569842
0.000000 0.000000 1.000000
43
0 0 1 0 0 0 0 1
0 1 1 0 0 0 0 1
0 1 2 1 0 0 0 1
0 2 2 1 0 0 0 1
0 2 3 2 0 0 0 1
0 3 3 2 0 0 0 1
0 3 4 3 0 0 0 1
0 4 4 3 0 0 0 1
0 4 5 4 0 0 0 1
0 5 5 4 0 0 0 1
0 5 6 5 0 0 0 1
0 6 6 5 0 0 0 1
0 6 7 6 0 0 0 1
0 7 7 6 0 0 0 1
0 7 8 7 0 0 0 1
0 8 8 7 0 0 0 1
0 8 0 8 0 0 0 1
0 0 0 8 0 0 0 1
0 0 1 9 1 2 3 6
0 1 10 9 2 4 3 6
0 1 2 10 2 5 4 6
0 2 11 10 5 6 4 6
0 2 3 11 5 7 6 6
0 3 12 11 7 8 6 6
0 3 4 12 7 9 8 6
0 4 13 12 9 10 8 6
0 4 5 13 9 11 10 6
0 5 14 13 11 12 10 6
0 5 6 14 11 13 12 6
0 6 15 14 13 14 12 6
0 6 7 15 13 15 14 6
0 7 16 15 15 16 14 6
0 7 8 16 15 17 16 6
0 8 17 16 17 18 16 6
0 8 0 17 17 1 18 6
0 0 9 17 1 3 18 6
0 16 17 9 19 19 19 11
0 15 16 9 19 19 19 11
0 13 14 15 19 19 19 11
0 12 13 15 19 19 19 11
0 12 15 9 19 19 19 11
0 12 9 10 19 19 19 11
0 11 12 10 19 19 19 11
"Rectangle0" 0 1
8
0 38.598911 48.811527 0.000000 0.999501 0.000500 -1
0 -38.563366 48.811527 0.000000 0.000500 0.000499 -1
0 33.598911 43.811527 11.858311 0.934767 0.051510 -1
0 -33.563366 43.811527 11.858311 0.065234 0.051510 -1
0 -38.563366 -49.110142 0.000000 0.000499 0.999500 -1
0 -33.563366 -44.110142 11.858311 0.065233 0.948490 -1
0 38.598911 -49.110142 0.000000 0.999500 0.999501 -1
0 33.598911 -44.110142 11.858311 0.934766 0.948490 -1
10
0.000000 0.921440 0.388521
0.000000 0.921440 0.388521
-0.921440 0.000000 0.388521
-0.921440 0.000000 0.388521
0.000000 -0.921440 0.388521
0.000000 -0.921440 0.388521
0.921440 0.000000 0.388521
0.921440 0.000000 0.388521
0.000000 0.000000 1.000000
0.000000 0.000000 -1.000000
12
0 0 1 2 0 1 1 2
0 1 3 2 1 1 1 2
0 1 4 3 2 3 3 3
0 4 5 3 3 3 3 3
0 4 6 5 4 5 5 4
0 6 7 5 5 5 5 4
0 6 0 7 6 7 7 5
0 0 2 7 7 7 7 5
0 5 7 2 8 8 8 11
0 3 5 2 8 8 8 11
0 4 0 6 9 9 9 11
0 1 0 4 9 9 9 11
"Rectangle1" 0 0
8
0 23.539837 -23.875919 12.264879 0.999500 0.000500 -1
0 -24.460163 -23.875919 12.264879 0.000500 0.000499 -1
0 21.539837 -25.875919 15.599436 0.957875 0.125375 -1
0 -22.460163 -25.875919 15.599436 0.042125 0.125375 -1
0 -24.460163 -39.875919 12.264879 0.000500 0.999500 -1
0 -22.460163 -37.875919 15.599436 0.042125 0.874625 -1
0 23.539837 -39.875919 12.264879 0.999500 0.999501 -1
0 21.539837 -37.875919 15.599436 0.957875 0.874625 -1
5
0.000000 0.857576 0.514357
-0.857576 0.000000 0.514357
0.000000 -0.857576 0.514357
0.857576 0.000000 0.514357
0.000000 0.000000 1.000000
10
0 0 1 2 0 0 0 2
0 1 3 2 0 0 0 2
0 1 4 3 1 1 1 3
0 4 5 3 1 1 1 3
0 4 6 5 2 2 2 4
0 6 7 5 2 2 2 4
0 6 0 7 3 3 3 5
0 0 2 7 3 3 3 5
0 5 7 2 4 4 4 11
0 5 2 3 4 4 4 11
"Rectangle2" 0 2
13
0 20.729721 -26.756826 16.239626 0.000000 1.000000 -1
0 -21.541536 -26.756826 16.239626 0.250000 1.000000 -1
0 20.729721 -26.756826 17.297676 0.000000 0.000000 -1
0 -21.541536 -26.756826 17.297676 0.250000 0.000000 -1
0 -21.541536 -36.888454 16.239626 0.500000 1.000000 -1
0 -21.541536 -36.888454 17.297676 0.500000 0.000000 -1
0 20.729721 -36.888454 16.239626 0.750000 1.000000 -1
0 20.729721 -36.888454 17.297676 0.750000 0.000000 -1
0 20.729721 -26.756826 16.239626 1.000000 1.000000 -1
0 20.729721 -26.756826 17.297676 1.000000 0.000000 -1
0 -21.541536 -36.888454 17.297676 0.000000 1.000000 -1
0 20.729721 -36.888454 17.297676 1.000000 1.000000 -1
0 -21.541536 -26.756826 17.297676 0.000000 0.000000 -1
5
0.000000 1.000000 0.000000
-1.000000 0.000000 0.000000
0.000000 -1.000000 0.000000
1.000000 0.000000 0.000000
0.000000 0.000000 1.000000
10
0 0 1 2 0 0 0 2
0 1 3 2 0 0 0 2
0 1 4 3 1 1 1 3
0 4 5 3 1 1 1 3
0 4 6 5 2 2 2 4
0 6 7 5 2 2 2 4
0 6 8 7 3 3 3 5
0 8 9 7 3 3 3 5
0 10 11 9 4 4 4 11
0 10 9 12 4 4 4 11
