// MilkShape 3D ASCII

Frames: 30
Frame: 1

Meshes: 2
"Rectangle0" 1 1
8
1 63.000000 47.000000 -1.774530 0.999501 0.000500 -1
1 -71.000000 47.000000 -1.774530 0.000500 0.000499 -1
1 0.199852 -15.800148 2.225470 0.531311 0.361059 -1
1 -8.199852 -15.800148 2.225470 0.468689 0.361059 -1
1 -71.000000 -127.000000 -1.774530 0.000500 0.999500 -1
1 -8.199852 -64.199860 2.225470 0.468689 0.638941 -1
1 63.000000 -127.000000 -1.774530 0.999500 0.999501 -1
1 0.199852 -64.199860 2.225470 0.531311 0.638941 -1
7
0.000000 0.063565 0.997978
0.000000 0.063565 0.997978
-0.063565 0.000000 0.997978
0.000000 -0.063565 0.997978
0.000000 -0.063565 0.997978
0.063565 0.000000 0.997978
0.000000 0.000000 1.000000
10
1 0 1 2 0 1 1 2
1 1 3 2 1 1 1 2
1 1 4 3 2 2 2 3
1 4 5 3 2 2 2 3
1 4 6 5 3 3 3 4
1 6 7 5 3 4 3 4
1 6 0 7 5 5 5 5
1 0 2 7 5 5 5 5
1 5 7 2 6 6 6 11
1 3 5 2 6 6 6 11
"Circle01" 1 0
64
1 59.014989 80.000999 0.001000 1.000000 0.468438 -1
1 55.211956 103.262589 0.001000 0.988079 0.256459 -1
1 36.449619 80.000999 4.001000 0.817101 0.468438 -1
1 33.577679 94.205872 4.001000 0.790930 0.338991 -1
1 42.342113 122.342117 0.001000 0.870799 0.082590 -1
1 25.774328 105.774330 4.001000 0.719819 0.233570 -1
1 23.262583 135.211960 0.001000 0.696930 0.000000 -1
1 14.205870 113.577682 4.001000 0.614397 0.162459 -1
1 0.000996 136.000000 0.001000 0.484951 0.000000 -1
1 0.000999 116.449615 4.001000 0.484951 0.136287 -1
1 -23.260588 135.211960 0.001000 0.272972 0.000000 -1
1 -14.203873 113.577667 4.001000 0.355504 0.162459 -1
1 -42.340118 122.342102 0.001000 0.099103 0.082590 -1
1 -25.772333 105.774323 4.001000 0.250082 0.233569 -1
1 -55.209961 103.262581 0.001000 0.000000 0.256459 -1
1 -33.575684 94.205872 4.001000 0.178972 0.338991 -1
1 -57.912991 80.000992 0.001000 0.000000 0.468438 -1
1 -36.447620 80.000992 4.001000 0.152800 0.468438 -1
1 -55.209957 56.739410 0.001000 0.000000 0.680417 -1
1 -33.575680 65.796127 4.001000 0.178972 0.597884 -1
1 -42.340111 37.659878 0.001000 0.099103 0.854285 -1
1 -25.772329 54.227669 4.001000 0.250082 0.703306 -1
1 -23.260578 24.790039 0.001000 0.272972 0.971566 -1
1 -14.203866 46.424316 4.001000 0.355504 0.774417 -1
1 0.001008 20.087013 0.001000 0.484951 1.000000 -1
1 0.001005 43.552380 4.001000 0.484951 0.800588 -1
1 23.262589 24.790043 0.001000 0.696930 0.971566 -1
1 14.205875 46.424316 4.001000 0.614397 0.774417 -1
1 42.342121 37.659882 0.001000 0.870798 0.854286 -1
1 25.774332 54.227669 4.001000 0.719819 0.703306 -1
1 55.211960 56.739418 0.001000 0.988079 0.680417 -1
1 33.577682 65.796127 4.001000 0.790930 0.597884 -1
1 33.388920 80.000999 8.001000 0.789209 0.468438 -1
1 30.755816 93.024559 8.001000 0.765214 0.349756 -1
1 23.613312 103.613312 8.001000 0.700126 0.253263 -1
1 13.024559 110.755829 8.001000 0.603632 0.188174 -1
1 0.001000 113.388916 8.001000 0.484951 0.164179 -1
1 -13.022562 110.755814 8.001000 0.366269 0.188174 -1
1 -23.611317 103.613312 8.001000 0.269775 0.253262 -1
1 -30.753820 93.024559 8.001000 0.204687 0.349756 -1
1 -33.386921 80.000999 8.001000 0.180692 0.468438 -1
1 -30.753817 66.977432 8.001000 0.204687 0.587119 -1
1 -23.611313 56.388687 8.001000 0.269775 0.683613 -1
1 -13.022555 49.246185 8.001000 0.366269 0.748701 -1
1 0.001005 46.613083 8.001000 0.484951 0.772696 -1
1 13.024565 49.246185 8.001000 0.603632 0.748701 -1
1 23.613316 56.388687 8.001000 0.700126 0.683613 -1
1 30.755819 66.977440 8.001000 0.765214 0.587119 -1
1 1.965679 80.000992 10.501000 0.502854 0.468438 -1
1 1.784641 80.896416 10.501000 0.501205 0.460278 -1
1 1.426846 81.426849 10.501000 0.497944 0.455444 -1
1 0.896414 81.784645 10.501000 0.493110 0.452184 -1
1 0.001008 81.965675 10.501000 0.484951 0.450534 -1
1 -0.894417 81.784637 10.501000 0.476791 0.452184 -1
1 -1.424852 81.426842 10.501000 0.471957 0.455444 -1
1 -1.782645 80.896416 10.501000 0.468697 0.460278 -1
1 -1.963679 80.000999 10.501000 0.467047 0.468438 -1
1 -1.782641 79.105583 10.501000 0.468697 0.476597 -1
1 -1.424850 78.575157 10.501000 0.471957 0.481431 -1
1 -0.894415 78.217361 10.501000 0.476791 0.484692 -1
1 0.001005 78.036331 10.501000 0.484951 0.486341 -1
1 0.896420 78.217361 10.501000 0.493110 0.484692 -1
1 1.426848 78.575150 10.501000 0.497944 0.481431 -1
1 1.784643 79.105583 10.501000 0.501205 0.476597 -1
65
0.168029 -0.011324 0.985717
0.159391 0.054602 0.985704
0.514744 -0.022452 0.857050
0.483557 0.178397 0.856940
0.126696 0.111279 0.985680
0.379663 0.349106 0.856727
0.075233 0.150754 0.985704
0.219296 0.466436 0.856940
0.011324 0.168029 0.985717
0.022452 0.514744 0.857050
-0.054602 0.159391 0.985704
-0.178398 0.483558 0.856940
-0.111279 0.126696 0.985680
-0.349106 0.379664 0.856727
-0.150754 0.075233 0.985704
-0.466436 0.219296 0.856940
-0.168029 0.011324 0.985717
-0.514744 0.022452 0.857050
-0.159391 -0.054602 0.985704
-0.483557 -0.178397 0.856940
-0.126696 -0.111279 0.985680
-0.379663 -0.349106 0.856727
-0.075233 -0.150754 0.985704
-0.219296 -0.466436 0.856941
-0.011324 -0.168029 0.985717
-0.022452 -0.514744 0.857050
0.054602 -0.159391 0.985704
0.178397 -0.483557 0.856941
0.111279 -0.126696 0.985680
0.349106 -0.379663 0.856727
0.150754 -0.075233 0.985704
0.466436 -0.219296 0.856940
0.475499 0.026159 0.879327
0.428817 0.207517 0.879234
0.318822 0.354428 0.879052
0.159864 0.448767 0.879234
-0.026160 0.475499 0.879327
-0.207517 0.428818 0.879234
-0.354428 0.318822 0.879052
-0.448766 0.159864 0.879234
-0.475499 -0.026159 0.879327
-0.428817 -0.207517 0.879234
-0.318822 -0.354428 0.879052
-0.159863 -0.448766 0.879234
0.026159 -0.475499 0.879327
0.207517 -0.428817 0.879234
0.354428 -0.318822 0.879052
0.448766 -0.159864 0.879234
0.079307 0.005345 0.996836
0.071154 0.035509 0.996833
0.052523 0.059800 0.996828
0.025772 0.075231 0.996833
-0.005345 0.079307 0.996836
-0.035509 0.071154 0.996833
-0.059800 0.052523 0.996828
-0.075231 0.025772 0.996833
-0.079307 -0.005345 0.996836
-0.071154 -0.035509 0.996833
-0.052523 -0.059800 0.996828
-0.025771 -0.075231 0.996833
0.005345 -0.079307 0.996836
0.035509 -0.071154 0.996833
0.059800 -0.052523 0.996828
0.075231 -0.025772 0.996833
0.000000 0.000000 1.000000
110
1 0 1 2 0 1 2 1
1 1 3 2 1 3 2 1
1 1 4 3 1 4 3 1
1 4 5 3 4 5 3 1
1 4 6 5 4 6 5 1
1 6 7 5 6 7 5 1
1 6 8 7 6 8 7 1
1 8 9 7 8 9 7 1
1 8 10 9 8 10 9 1
1 10 11 9 10 11 9 1
1 10 12 11 10 12 11 1
1 12 13 11 12 13 11 1
1 12 14 13 12 14 13 1
1 14 15 13 14 15 13 1
1 14 16 15 14 16 15 1
1 16 17 15 16 17 15 1
1 16 18 17 16 18 17 1
1 18 19 17 18 19 17 1
1 18 20 19 18 20 19 1
1 20 21 19 20 21 19 1
1 20 22 21 20 22 21 1
1 22 23 21 22 23 21 1
1 22 24 23 22 24 23 1
1 24 25 23 24 25 23 1
1 24 26 25 24 26 25 1
1 26 27 25 26 27 25 1
1 26 28 27 26 28 27 1
1 28 29 27 28 29 27 1
1 28 30 29 28 30 29 1
1 30 31 29 30 31 29 1
1 30 0 31 30 0 31 1
1 0 2 31 0 2 31 1
1 2 3 32 2 3 32 1
1 3 33 32 3 33 32 1
1 3 5 33 3 5 33 1
1 5 34 33 5 34 33 1
1 5 7 34 5 7 34 1
1 7 35 34 7 35 34 1
1 7 9 35 7 9 35 1
1 9 36 35 9 36 35 1
1 9 11 36 9 11 36 1
1 11 37 36 11 37 36 1
1 11 13 37 11 13 37 1
1 13 38 37 13 38 37 1
1 13 15 38 13 15 38 1
1 15 39 38 15 39 38 1
1 15 17 39 15 17 39 1
1 17 40 39 17 40 39 1
1 17 19 40 17 19 40 1
1 19 41 40 19 41 40 1
1 19 21 41 19 21 41 1
1 21 42 41 21 42 41 1
1 21 23 42 21 23 42 1
1 23 43 42 23 43 42 1
1 23 25 43 23 25 43 1
1 25 44 43 25 44 43 1
1 25 27 44 25 27 44 1
1 27 45 44 27 45 44 1
1 27 29 45 27 29 45 1
1 29 46 45 29 46 45 1
1 29 31 46 29 31 46 1
1 31 47 46 31 47 46 1
1 31 2 47 31 2 47 1
1 2 32 47 2 32 47 1
1 32 33 48 32 33 48 1
1 33 49 48 33 49 48 1
1 33 34 49 33 34 49 1
1 34 50 49 34 50 49 1
1 34 35 50 34 35 50 1
1 35 51 50 35 51 50 1
1 35 36 51 35 36 51 1
1 36 52 51 36 52 51 1
1 36 37 52 36 37 52 1
1 37 53 52 37 53 52 1
1 37 38 53 37 38 53 1
1 38 54 53 38 54 53 1
1 38 39 54 38 39 54 1
1 39 55 54 39 55 54 1
1 39 40 55 39 40 55 1
1 40 56 55 40 56 55 1
1 40 41 56 40 41 56 1
1 41 57 56 41 57 56 1
1 41 42 57 41 42 57 1
1 42 58 57 42 58 57 1
1 42 43 58 42 43 58 1
1 43 59 58 43 59 58 1
1 43 44 59 43 44 59 1
1 44 60 59 44 60 59 1
1 44 45 60 44 45 60 1
1 45 61 60 45 61 60 1
1 45 46 61 45 46 61 1
1 46 62 61 46 62 61 1
1 46 47 62 46 47 62 1
1 47 63 62 47 63 62 1
1 47 32 63 47 32 63 1
1 32 48 63 32 48 63 1
1 63 48 49 64 64 64 11
1 62 63 49 64 64 64 11
1 61 62 49 64 64 64 11
1 60 61 49 64 64 64 11
1 59 60 49 64 64 64 11
1 58 59 49 64 64 64 11
1 57 58 49 64 64 64 11
1 56 57 49 64 64 64 11
1 55 56 49 64 64 64 11
1 54 55 49 64 64 64 11
1 53 54 49 64 64 64 11
1 52 53 49 64 64 64 11
1 51 52 49 64 64 64 11
1 51 49 50 64 64 64 11
