#TITLE:Kiss Me Red;
#SUBTITLE:;
#ARTIST:Crispy;
#TITLETRANSLIT:;
#SUBTITLETRANSLIT:;
#ARTISTTRANSLIT:;
#GENRE:;
#CREDIT:;
#BANNER:Kiss Me Red-banner.png;
#BACKGROUND:Kiss Me Red-bg.png;
#LYRICSPATH:;
#CDTITLE:;
#MUSIC:Kiss Me Red.ogg;
#OFFSET:0.002;
#SAMPLESTART:15.700;
#SAMPLELENGTH:14.020;
#SELECTABLE:YES;
#BPMS:0.000=137.512;
#STOPS:;
#BGCHANGES:0.000=Kiss Me Red-bg.png=1.000=0=0=1=====,
16.000=-random-=1.000=0=0=1=====,
32.000=Kiss Me Red-bg.png=1.000=0=0=1=====,
36.000=-random-=1.000=0=0=1=====,
52.000=-random-=1.000=0=0=1=====,
68.000=-random-=1.000=0=0=1=====,
84.000=-random-=1.000=0=0=1=====,
100.000=-random-=1.000=0=0=1=====,
116.000=-random-=1.000=0=0=1=====,
132.000=-random-=1.000=0=0=1=====,
148.000=-random-=1.000=0=0=1=====,
164.000=-random-=1.000=0=0=1=====,
180.000=-random-=1.000=0=0=1=====,
196.000=-random-=1.000=0=0=1=====,
212.000=-random-=1.000=0=0=1=====,
228.000=-random-=1.000=0=0=1=====,
245.000=Kiss Me Red-bg.png=1.000=0=0=1=====,
99999=-nosongbg-=1.000=0=0=0 // don't automatically add -songbackground-
;
#KEYSOUNDS:;
// cache tags:
#FIRSTBEAT:16.000;
#LASTBEAT:245.000;
#SONGFILENAME:/Songs/In The Groove/Kiss Me Red/Kiss me red.sm;
#HASMUSIC:1;
#HASBANNER:1;
#MUSICLENGTH:108.427;
// end cache tags

//---------------dance-single - M. Puls----------------
#NOTES:
     dance-single:
     M. Puls:
     Challenge:
     9:
     0.607,0.000,0.323,0.138,0.355,411.000,35.000,15.000,0.000,0.000,0.000:




0000
0000
0000
0000
,
0000
0000
0000
0000
,
0000
0000
0000
0000
,
0000
0000
0000
0000
,
1100
0010
1000
0000
0110
0000
0000
0000
,
0011
0100
0001
0000
0110
0000
1001
0000
,
0100
0000
0001
1000
0010
0100
0001
1000
,
0100
0010
0100
0001
,
1000
0000
0200
0310
,
1000
0000
0000
0000
0000
0000
0001
0000
0010
0000
1000
0100
1000
0000
0000
0000
,
1000
0000
0001
0000
0010
0000
0001
0000
0100
0001
1000
0000
0100
0000
0000
0000
,
0001
0000
0100
0000
0010
0000
1000
0010
0100
0000
0200
0000
0001
0000
0001
0000
,
0310
1000
0010
1000
1000
0100
0011
0000
,
0001
0000
0000
0000
0000
0000
1000
0000
0100
0000
0001
0010
0001
0000
0000
0000
,
0001
0000
1000
0000
0100
0000
1000
0000
0010
1000
0001
0000
0010
0000
0000
0000
,
1000
0000
0010
0000
0100
0000
0001
0100
0010
0000
0020
0000
1000
0000
1000
0000
,
0130
0011
1100
0011
,
0001
0010
0100
0000
1000
0000
0000
0000
1000
0000
0000
0010
0000
0000
1000
0001
,
1000
0100
0010
0000
0001
0000
0000
0000
0001
0000
0000
0100
0000
0000
0001
1000
,
0001
0010
0100
0000
1000
0000
0100
0000
1000
0000
0000
0010
0000
0000
1000
0001
,
1000
0100
0010
0000
0002
0000
0000
0000
1003
0000
1000
0000
0010
0000
1000
0000
,
1000
0100
0010
0000
0001
0000
0000
0000
0001
0000
0000
0100
0000
0000
0001
1000
,
0001
0010
0100
0000
1000
0000
0000
0000
1000
0000
0000
0010
0000
0000
1000
0001
,
1000
0100
0010
0000
0001
0000
0010
0000
0001
0000
0000
0100
0000
0000
0001
1000
,
0001
0010
0100
0000
2000
0000
0000
0000
3001
0000
0001
0000
0100
0000
0001
0000
,
0001
0000
1000
0001
0100
0000
0010
0000
0001
0000
0000
0000
0100
0000
0001
0000
,
0010
1100
0000
0110
0000
0011
0000
1001
,
0000
0000
1000
0100
1000
0000
0000
0000
0001
0010
0100
0000
1000
0000
1000
0000
,
0002
0000
1000
0000
0103
0000
0010
0000
0001
0000
0000
0001
0100
0001
0000
0000
,
0010
0000
0100
1000
0001
0000
0000
0000
1000
0000
0000
0000
0010
0000
1000
0000
,
0100
0011
0000
0110
0000
1100
0000
1001
,
0000
0000
0001
0010
0001
0000
0000
0000
1000
0100
0010
0000
0001
0000
0001
0000
,
2000
0000
0001
0000
3010
0000
0100
0000
1000
0000
0000
1000
0010
1000
0000
0000
,
0011
0000
0000
0000
0100
1000
0010
0000
1000
0000
0011
0000
1000
0000
0100
0000
,
0010
0000
1000
0100
0022
0000
0033
0000
,
1000
0001
0100
0000
0001
0000
0010
0000
0001
1000
0100
0000
1001
0000
0110
0000
,
2002
3003
0000
0000
,
0010
0100
0010
1000
0001
0000
0100
0000
,
1000
0001
0100
0000
0000
0000
0000
0000
0000
0000
0000
0000
0000
0000
0000
0000
,
1000
0000
0100
0000
1000
0100
0010
0000
0001
0000
1000
0000
0110
0000
1001
0000
,
1000
0001
1000
0001
1000
0000
0000
0001
1000
0010
0100
0010
0100
0001
1000
0001
,
1000
0000
0000
0000
0000
0000
0001
0000
0010
0000
1000
0100
1000
0000
0000
0000
,
1000
0000
0001
0000
0010
0000
0001
0000
0100
0001
1000
0000
0100
0000
0000
0000
,
0001
0000
0100
0000
0010
0000
1000
0010
0100
0000
0200
0000
0001
0000
0001
0000
,
0310
1000
0010
1000
1000
0100
0011
0000
,
0001
0000
0000
0000
0000
0000
1000
0000
0100
0000
0001
0010
0001
0000
0000
0000
,
0001
0000
1000
0000
0100
0000
1000
0000
0010
1000
0001
0000
0010
0000
0000
0000
,
1000
0000
0010
0000
0100
0000
0001
0100
0010
0000
0020
0000
1000
0000
1000
0000
,
0130
0011
1100
0011
,
0001
0010
0100
0000
1000
0000
0000
0000
1000
0000
0000
0010
0000
0000
1000
0001
,
1000
0100
0010
0000
0001
0000
0000
0000
0001
0000
0000
0100
0000
0000
0001
1000
,
0001
0010
0100
0000
1000
0000
0100
0000
1000
0000
0000
0010
0000
0000
1000
0001
,
1000
0100
0010
0000
0002
0000
0000
0000
1003
0000
1000
0000
0010
0000
1000
0000
,
1000
0100
0010
0000
0001
0000
0000
0000
0001
0000
0000
0100
0000
0000
0001
1000
,
0001
0010
0100
0000
1000
0000
0000
0000
1000
0000
0000
0010
0000
0000
1000
0001
,
1000
0100
0010
0000
0001
0000
0010
0000
0001
0000
0000
0100
0000
0000
0001
1000
,
0001
0010
0100
0000
2000
0000
0000
0000
3001
0000
0001
0000
0100
0000
0001
0000
,
0001
0000
0000
0000
0000
0000
1001
0000
0110
0000
0000
0000
0000
0000
1000
0001
,
1000
0001
0010
1000
0010
0001
0010
1000
,
0100
0000
1000
0100
0010
0000
0001
1000
0001
0000
1000
0000
0001
0000
0100
0000
,
0011
0110
0011
1100
,
0001
1000
0100
0000
0000
0000
0000
0000
;

//---------------dance-single - M. Puls----------------
#NOTES:
     dance-single:
     M. Puls:
     Hard:
     7:
     0.476,0.000,0.240,0.249,0.046,308.000,26.000,27.000,0.000,0.000,0.000:




0000
0000
0000
0000
,
0000
0000
0000
0000
,
0000
0000
0000
0000
,
0000
0000
0000
0000
,
1000
0001
0100
0000
0001
0000
0001
0000
,
0001
1000
0100
0000
1000
0000
1000
0000
,
1000
0002
0000
0003
1000
1000
0001
0200
,
0000
0310
1001
2002
,
3003
0000
0000
0000
,
1001
0000
0000
1000
0010
0000
1100
0000
,
1000
0100
0010
0100
0010
0001
0001
0000
,
0010
0000
0100
0001
2000
0000
3010
0000
,
1000
1000
0020
0000
1030
0001
0000
0000
,
1000
0000
0001
0010
0001
0000
0000
0000
,
0001
0000
1000
0000
0010
0100
0001
0000
,
1000
0100
0010
0000
0100
0000
0010
0000
,
1001
1001
0110
1001
,
1000
0000
0001
0000
0100
0000
0000
0000
1000
0000
0000
0001
0000
0000
0100
0000
,
0001
0000
0000
0000
1000
0000
0001
0000
1000
0000
0000
0010
0000
0000
1000
0000
,
0001
0100
0001
1000
0001
1000
0000
0100
,
0001
0000
1000
0001
0100
0010
0100
0010
,
0001
0000
1000
0000
0010
0000
0000
0000
0001
0000
0000
1000
0000
0000
0010
0000
,
1000
0000
0000
0000
0001
0000
1000
0000
0001
0000
0000
0100
0000
0000
0001
0000
,
1000
0010
1000
0001
1000
0001
0000
0010
,
1000
0000
0001
1000
0010
0100
0010
0100
,
1000
1100
0001
0011
,
1000
0000
1100
0000
1000
0001
0010
0000
,
2000
0000
3001
0100
0010
1000
0020
0000
,
1030
0100
1000
0000
0001
0000
0002
0000
,
1003
0011
1000
1100
,
0001
0000
0011
0000
0001
1000
0100
0000
,
0002
0000
1003
0010
0100
0001
0200
0000
,
0301
0010
0001
0000
1000
0000
2000
0000
,
3002
0100
0203
0001
,
0301
0010
0002
0000
1003
0010
0100
0000
,
1010
0000
0001
0010
0001
1000
0001
1000
,
2000
3000
0000
0000
,
0001
1100
0001
0011
,
1000
0000
1100
0000
1000
0001
0010
0000
,
2000
0000
3001
0100
0010
1000
0020
0000
,
1030
0100
0010
0001
0010
0100
1001
0000
,
1001
0000
0000
0001
0100
0000
0011
0000
,
0001
0010
0100
0010
0100
1000
1000
0000
,
0100
0000
0010
1000
0002
0000
0103
0000
,
0001
0001
0200
0000
0301
1000
0000
0000
,
0001
0000
1000
0100
1000
0000
0000
0000
,
1000
0000
0001
0000
0100
0010
1000
0000
,
0001
0010
0100
0000
0010
0000
0100
0000
,
1001
1001
0110
1001
,
1000
0000
0001
0000
0100
0000
0000
0000
1000
0000
0000
0001
0100
0000
0001
0000
,
0001
0000
0001
0000
1000
0000
0001
0000
1000
0000
0000
0010
0000
0000
1000
0000
,
0001
0000
0100
0000
0001
0000
2000
0000
0001
0000
0000
0001
3000
0000
0100
0000
,
0001
0000
1000
0001
0100
0010
0100
0010
,
1000
0000
0001
0000
0010
0000
0000
0000
0001
0000
0000
1000
0010
0000
1000
0000
,
1000
0000
1000
0000
0001
0000
1000
0000
0001
0000
0000
0100
0000
0000
0001
0000
,
1000
0000
0010
0000
1000
0000
0002
0000
1000
0000
0000
1000
0003
0000
0010
0000
,
1000
0000
0001
1000
0010
0100
0010
0100
,
1000
0000
0001
1000
0100
0000
0000
0000
,
0100
0010
0010
0100
1000
0100
0200
0000
,
1300
0000
0001
1000
0010
1000
0100
0000
,
0200
2300
3002
0103
,
0120
0031
0000
0000
;

//---------------dance-single - M. Puls----------------
#NOTES:
     dance-single:
     M. Puls:
     Medium:
     5:
     0.408,0.000,0.212,0.194,0.000,266.000,23.000,21.000,0.000,0.000,0.000:




0000
0000
0000
0000
,
0000
0000
0000
0000
,
0000
0000
0000
0000
,
0000
0000
0000
0000
,
1000
0001
0100
0000
,
0001
1000
0010
0000
,
2000
0000
0000
0000
3001
0100
0002
0000
,
0100
0100
0103
0000
,
0000
0000
0220
0330
,
0001
0000
0000
1000
1000
0000
0000
0000
,
0100
0000
0010
0000
0001
0010
0001
0000
,
1000
0000
1000
0001
0100
0000
0010
0000
,
1000
1000
0001
0000
0100
0010
0000
0000
,
1100
0000
0000
0011
0011
0000
0000
0000
,
1000
0001
0100
0010
1000
0000
0001
0000
,
1000
1000
0001
0010
0001
1000
0100
1000
,
0002
2003
3020
0230
,
0301
1000
0100
0001
,
0100
1000
0101
0101
,
1000
0100
1000
0000
0001
0000
1000
0000
,
0100
0000
0001
0000
1000
0001
1000
1000
,
1000
0001
0010
1000
,
0010
0001
1010
1010
,
0001
0010
0001
0000
1000
0000
0001
0000
,
0010
0000
1000
0000
0001
1000
0001
0001
,
1000
0000
0110
0000
0001
0000
0010
0001
,
0010
0000
0100
1000
0100
0000
1000
0000
,
0002
1000
0003
1000
0100
0010
0000
0001
,
0000
0001
0001
0001
0000
1000
0100
0000
,
0001
0000
0110
0000
1000
0000
0100
1000
,
0100
0000
0010
0001
0010
0000
0001
0000
,
2000
0001
3000
0001
0010
0100
0000
1000
,
0000
1000
1000
1000
0000
0001
0010
0000
,
1000
0000
0001
0000
1000
0000
0001
0100
,
0000
0010
0000
1001
0000
0000
0000
0001
,
0001
1000
0100
0000
0001
0000
1000
0010
,
0020
0000
0030
0000
,
0001
0000
1000
0000
0001
0000
1000
0010
,
0000
0100
0000
1001
0000
0000
0000
1000
,
1000
0001
0010
0000
1000
0000
0001
0100
,
0100
0000
0001
1000
0100
0000
0011
0000
,
1000
0000
0000
0001
0001
0000
0000
0000
,
0010
0000
0100
0000
1000
0100
1000
0000
,
0001
0000
0001
1000
0010
0000
0100
0000
,
0001
0001
1000
0000
0010
0100
0000
0000
,
0011
0000
0000
1100
1100
0000
0000
0000
,
0001
1000
0010
0100
0001
0000
1000
0000
,
0001
0001
1000
0100
1000
0001
0010
0001
,
2000
3002
0203
0320
,
1030
0001
0010
1000
,
0010
0001
1010
1010
,
0001
0010
0001
0000
1000
0000
0001
0000
,
0010
0000
1000
0000
0001
1000
0001
0001
,
0001
1000
0100
0001
,
0100
1000
0101
0101
,
1000
0100
1000
0000
0001
0000
1000
0000
,
0100
0000
0001
0000
1000
0001
0100
0000
,
0110
0000
0000
1001
1001
0000
1000
0100
,
1000
0000
0010
0000
0001
0010
0001
1000
,
1000
0001
0001
1000
0200
0000
0320
0000
,
0032
2003
3002
0203
,
0310
1000
0000
0000
;

//---------------dance-single - M. Puls----------------
#NOTES:
     dance-single:
     M. Puls:
     Easy:
     2:
     0.150,0.000,0.000,0.000,0.000,114.000,0.000,0.000,0.000,0.000,0.000:




0000
0000
0000
0000
,
0000
0000
0000
0000
,
0000
0000
0000
0000
,
0000
0000
0000
0000
,
1000
0000
0010
0000
,
1000
0000
0100
0000
,
1000
0000
0010
0000
,
1000
0000
0001
0000
,
0000
0000
0000
0000
,
1000
0000
0001
0000
,
1000
0000
0010
0000
,
1000
0000
0000
0000
,
1000
0000
0001
0001
,
0001
0000
1000
0000
,
0010
0000
1000
0000
,
1000
1000
1000
0000
,
0001
0000
0100
0000
,
0000
0001
0000
0000
,
0000
0001
0000
0000
,
0000
0100
0000
0000
,
0000
0010
0000
0000
,
0000
1000
0001
0000
,
0000
0100
0010
0000
,
0000
1000
0001
0000
,
0100
0000
0000
0000
,
0001
0000
0000
0000
,
1000
0000
0001
0001
,
0001
0000
0000
0000
,
0100
0000
0001
0001
,
0001
0000
1000
0000
,
1000
0000
0100
0000
,
1000
0000
1000
0000
,
0000
0000
0010
0000
,
0000
0000
0001
0000
,
0000
0000
0100
0000
,
0001
0001
1000
1000
,
0010
0010
0000
0000
,
1000
1000
0010
0010
,
0100
0100
0000
0000
,
0001
0000
1000
0000
,
0001
0000
0000
0000
,
1000
0000
0001
0000
,
1000
0000
0010
0000
,
1000
0000
0000
0000
,
1000
0000
0001
0001
,
0001
0000
1000
0000
,
0001
0000
1000
1000
,
1000
0000
0001
0000
,
0010
0001
0010
0001
,
0000
1000
0000
0000
,
0000
0001
0000
0000
,
0000
0100
0000
0000
,
0000
0010
0000
0000
,
0000
1000
0001
0000
,
0000
0100
0010
0000
,
0000
1000
0001
0100
,
0010
0010
0010
0000
,
1000
1000
0100
0000
,
0001
0001
0010
0000
,
1000
0000
0001
0000
,
1000
0001
0010
0001
,
1000
0000
0000
0000
;

//---------------dance-double - K. Ward----------------
#NOTES:
     dance-double:
     K. Ward:
     Easy:
     3:
     0.262,0.000,0.240,0.157,0.000,156.000,26.000,17.000,0.000,0.000,0.000:




00000000
00000000
00000000
00000000
,
00000000
00000000
00000000
00000000
,
00000000
00000000
00000000
00000000
,
00000000
00000000
00000000
00000000
,
00010000
10000000
00010000
10000000
,
00100000
01000000
10010000
00000000
,
00001000
00100000
00001000
00010000
,
00011000
00000000
00022000
00000000
,
00033000
00000000
00000000
00000000
,
00001001
00000000
00011000
00000000
,
00100000
00010000
01000000
00010000
,
10010000
00000000
00011000
00000000
,
00000010
00001000
00001001
00000000
,
00000011
00000000
00000110
00000000
,
00001000
00000010
00010000
00010000
,
00001000
00000000
00100000
00000000
,
00010000
10000000
10000000
10000000
,
00020000
00000000
00130000
00000000
,
00002000
00000000
00013000
00000000
,
00000020
00000000
00001030
00000000
,
00001000
00001000
00000010
00000010
,
00000200
00000000
00000301
00000000
,
00000020
00000000
00000031
00000000
,
00000001
00001000
00000010
00010000
,
00002000
00000000
00103000
00000000
,
00001000
00000000
00100000
00000000
,
00010000
00000000
10000000
10000000
,
10000000
00000000
00100000
00000000
,
01000000
00000000
00011000
00011000
,
00001000
00000000
00010000
00000000
,
00000010
00000000
00001000
00001000
,
00001000
00000001
00000100
00000010
,
00001000
00000000
00001100
00000000
,
00100000
00010000
00110000
00000000
,
00010000
01000000
01100000
00000000
,
10000000
00100000
01000000
00010000
,
00110000
00000000
00000000
00000000
,
00000100
00001000
00001100
00000000
,
00001000
00000010
00000110
00000000
,
00000001
00000100
00000010
00001000
,
00000200
00000000
00000000
00001300
,
00011000
00000000
00110000
00000000
,
00100000
00010000
01000000
00010000
,
00110000
00000000
00011000
00000000
,
00000010
00001000
00001100
00000000
,
00000110
00000000
00011000
00000000
,
00001000
00010000
00000100
00000100
,
00001000
00000000
00000010
00000000
,
00000100
00000001
00000001
00001000
,
00002000
00000000
00003100
00000000
,
00020000
00001000
00031000
00000000
,
02000000
00000000
03010000
00000000
,
00010000
00010000
01000000
01000000
,
00200000
00000000
10300000
00000000
,
02000000
10000000
13000000
00000000
,
10000000
00010000
01000000
00001000
,
00020000
00000100
00030100
00000000
,
00002000
00000000
00003000
00000000
,
00000020
00000000
00000030
00000000
,
00000100
00000000
00000010
00000000
,
00001000
00001000
00001000
00000100
,
00010000
00011000
00000000
00000000
;

//---------------dance-double - K. Ward----------------
#NOTES:
     dance-double:
     K. Ward:
     Medium:
     5:
     0.341,0.000,0.397,0.157,0.000,199.000,43.000,17.000,0.000,0.000,0.000:




00000000
00000000
00000000
00000000
,
00000000
00000000
00000000
00000000
,
00000000
00000000
00000000
00000000
,
00000000
00000000
00000000
00000000
,
00000001
00000001
00000001
00000110
,
00001000
00001000
00001000
00001100
,
00010000
00010000
00010000
00011000
,
00100000
00010000
01000000
00100000
,
10100000
00000000
00000000
00010000
,
01100000
00001000
00011000
00000000
,
00000001
00000100
00000010
00001100
,
00001000
00001010
00001000
00000100
,
00010000
00101000
00110000
00000000
,
10000000
00010000
00110000
00000000
,
00001000
00010000
00000010
00001100
,
00000001
00000010
00000001
00001000
,
00000010
00001000
00000100
00001100
,
00100000
00001000
00010000
00001000
,
00100000
00010000
10000000
00010000
,
00100000
00010000
01000000
00100000
,
20000000
30010000
00200000
00301000
,
00010000
00000010
00001000
00000010
,
00000100
00000001
00001000
00001001
,
00000002
00000103
00000020
00001030
,
00000100
00001000
00000100
00000000
00001100
00000000
00000000
00000000
,
00100000
00010000
01100000
10000000
,
10010000
00000000
00000000
00000000
,
00010000
10000000
00100000
01000000
,
01010000
00000000
00110000
00000000
,
00000100
00001000
00000110
00000001
,
00001001
00000000
00000000
00000000
,
00001000
00000001
00000100
00000010
,
00001010
00000000
00001100
00001100
,
00000020
00001000
00000000
00001030
,
00000200
00010000
00000000
00010300
,
00002000
00100000
00010000
00103000
,
01100000
00000000
00000000
00000000
,
20000000
00010000
00000000
30010000
,
00200000
00001000
00000000
00301000
,
00020000
00000100
00001000
00030100
,
00000110
00000000
00011000
00000000
,
00000010
00001000
00001100
00000000
,
00100000
00010000
01000000
00110000
,
00001000
00011000
00000010
00001000
,
00000010
00010100
00001100
00000000
,
00000001
00001000
00001100
00000000
,
00010000
00001000
01000000
00110000
,
10000000
01000000
10000000
00010000
,
02000000
00010000
03100000
01100000
,
10000000
01000000
00100000
00010000
,
00100000
00001000
00010000
00000010
,
00001000
00000010
00001000
00000100
,
00020000
00030010
00000200
00000301
,
00001000
00000100
00100000
00010000
,
10000000
01100000
00000000
01100000
,
00200000
10300000
02000000
13000000
,
10000000
01000000
10000000
00000000
00200000
00000000
10000000
00000000
,
10300000
00000000
00110000
00000000
,
00001100
00000000
00011000
00011000
,
00110000
00000000
00011000
00000000
,
10000000
00010000
01000000
00100000
,
20000000
30100000
00000000
00000000
;

//---------------dance-double - K. Ward----------------
#NOTES:
     dance-double:
     K. Ward:
     Hard:
     6:
     0.430,0.000,0.433,0.120,0.000,266.000,47.000,13.000,0.000,0.000,0.000:




00000000
00000000
00000000
00000000
,
00000000
00000000
00000000
00000000
,
00000000
00000000
00000000
00000000
,
00000000
00000000
00000000
00000000
,
00000001
00000110
00010000
00011000
,
01000000
10100000
10000000
10100000
,
01000000
00011000
00010000
00000110
,
00000001
00000000
00001100
00000000
00000010
00001000
00000100
00020000
,
00000000
00000000
00030100
00000000
,
00010000
00001000
00100000
00010000
,
10010000
00000000
00010000
00000000
00100000
00001000
00001000
00000000
,
00010000
00000010
00001000
00000001
,
00000110
00000000
00011000
00000000
,
01000000
10000000
00100000
01000000
,
10010000
00000000
00010000
00000000
00100000
00001000
00010000
00000000
,
00000100
00000010
00000001
00000001
,
00000100
00000010
00010000
00001000
00100000
00010000
10000000
00000000
,
10000000
10000000
00100000
01000000
,
00010000
00100000
01000000
00000000
10010000
00000000
00000000
00000000
,
00100000
00000000
00001000
00000000
00010000
00000010
00000100
00000001
,
00000000
00001010
00000000
00001010
00001010
00000000
00000000
00000000
,
00000001
00000000
00000010
00000000
00000100
00010000
00001000
00000000
,
00100000
00010000
10000000
00000000
01100000
00000000
00000000
00000000
,
00010000
00100000
00001000
00010000
00002000
00000000
00013000
00000000
,
00000010
00001100
00000000
00001100
00001100
00000000
00000000
00000000
,
00001000
00010000
00001000
00000000
00010000
00001000
00100000
00000000
,
01000000
10000000
00100000
00000000
00110000
00000000
00110000
00000000
,
01000000
00001000
00100000
00000000
00010000
01000000
00100000
00000000
,
10000000
00010000
00100000
00001000
00010000
00000100
00002000
00000000
,
00003001
00000000
00000001
00000000
00000010
00000100
00001000
00000000
,
00000011
00000000
00000011
00000000
00000100
00010000
00001000
00000000
,
00100000
00000000
01000000
00000000
10000000
00010000
00100000
00000000
,
11000000
00110000
01100000
00011000
,
00000020
00000000
00001000
00000000
00001030
00000000
00000200
00000010
,
00000000
00000310
00000000
00000011
00000000
00000000
00000000
00001000
,
00000010
00000000
00001000
00000010
00001000
00000100
00010000
00000200
,
00000000
00010300
00000000
00000000
00000000
00000000
00000000
00000000
,
00001000
00100000
00010000
00000000
01000000
00100000
10000000
00000000
,
10000000
00000000
00100000
00000000
01001000
00010000
00001000
00000000
,
00010000
00000000
00000100
00000000
00000010
00000001
00000100
00000010
,
00001000
00000000
00000100
00000000
00010000
00001000
00010000
00000000
,
00000100
00000000
00000010
00000000
00000001
00000100
00000010
00000000
,
00001001
00000000
00000000
00000000
00000010
00010000
00001000
00000000
,
01000000
00000000
00100000
00000000
10000000
01000000
00100000
00000000
,
10010000
00000000
00100000
01000000
00001000
00000000
00010000
00000000
,
00000100
00000000
00000010
00000000
00000001
00000100
00000010
00000000
,
00001001
00000000
00000000
00000000
00000100
00000010
00010000
00000000
,
00011000
01000000
00100000
00100000
,
10000000
01000000
00010000
00001000
00000100
00000000
00001001
00000000
,
00000001
00000001
00000100
00000010
,
00001000
00000100
00000010
00000000
00001001
00000000
00000000
00000000
,
00000100
00000000
00010000
00000000
00001000
01000000
00100000
10000000
,
00000000
01010000
00000000
01010000
01010000
00000000
00110000
00000000
,
10000000
00000000
01000000
00000000
00100000
00001000
00010000
00000000
,
00000100
00001000
00000001
00000000
00000110
00000000
00000110
00000000
,
00001000
00000100
00010000
00001000
00020000
00000000
00031000
00000000
,
01000000
00110000
00000000
00110000
00110000
00000000
00010000
00000000
,
20000000
00000000
00000000
00010000
30200000
00000000
00000000
00001000
,
00320000
00000010
00030010
00000101
,
00000002
00000000
00000000
00001000
00000203
00000000
00000000
00010000
,
00002300
00100000
00010000
00013000
,
00001100
00011000
00000000
00000000
;

//---------------dance-double - K. Ward----------------
#NOTES:
     dance-double:
     K. Ward:
     Challenge:
     9:
     0.610,0.000,0.433,0.267,0.235,387.000,47.000,29.000,30.000,7.000,0.000:




00000000
00000000
00000000
00000000
,
00000000
00000000
00000000
00000000
,
00000000
00000000
00000000
00000000
,
00000000
00000000
00000000
00000000
,
10000000
00100000
01000000
00010000
00100000
00001000
00010000
00000100
,
00001000
00000010
00000100
00000001
00000010
00000001
00000020
00000001
,
00000031
00000100
00000010
00001000
00000100
00010000
00001000
00100000
,
00010000
01000000
00100000
10000000
01000000
10000000
10000000
00200000
,
00000000
00000000
01300000
0MM00000
,
00001000
00010000
00001000
00000010
00000001
00000000
00000011
00000000
,
00000001
00000000
00000010
00000000
00000100
00000000
00001000
00000000
00000100
00000000
00010000
00001000
00011000
00000000
00000000
00000000
,
00001000
00010000
01000000
10000000
00100000
01000000
00010000
00100000
,
00001000
01000000
00100000
10000000
11000000
00000000
00110000
00000000
,
00010000
00001000
00010000
01000000
10000000
00000000
11000000
00000000
,
10000000
00000000
00100000
00000000
01000000
00000000
00010000
00000000
00100000
00000000
00001000
00010000
00011000
00000000
00000000
00000000
,
00010000
00000000
00001000
00000000
00000100
00000000
00000001
00000000
00000010
00000000
00000001
00000000
00000100
00000010
00000100
00000010
,
00002000
00000100
00003200
00000010
00000320
00000001
00000032
00000000
,
00010003
00001000
00010000
00000000
00011000
00000000
00000000
00000000
00100000
00000000
00000000
00010000
00000000
00000000
01000000
00000000
,
00100000
10000000
01000000
00000000
10000000
00000000
00100000
00000000
01000000
00000000
00000000
01010000
00000000
00000000
00110000
00000000
,
00001000
00010000
00001000
00000000
00011000
00000000
00000000
00000000
00000100
00000000
00000000
00001000
00000000
00000000
00000010
00000000
,
00000100
00000001
00000010
00000000
00000001
00000000
00000100
00000000
00000010
00000000
00001000
00000000
00000100
00000000
00100000
00000000
,
00001000
00010000
00001000
00000000
00011000
00000000
00000000
00000000
00100000
00000000
00000000
00010000
00000000
00000000
01000000
00000000
,
00100000
10000000
01000000
00000000
10000000
00000000
00100000
00000000
01000000
00000000
00000000
00110000
00000000
00000000
00011000
00000000
,
00000100
00001000
00000100
00000000
00010000
00000000
00020000
00000000
00000100
00000000
00030000
00001000
00000000
00000000
00000010
00000000
,
00000100
00000001
00000010
00000000
00000100
00000000
00001000
00000000
00000010
00000000
00000100
00000000
00000001
00000000
00000010
00000000
,
00000000
00000000
00000000
00001100
00000000
00000000
00000000
000MM000
00000000
01010000
00000000
00000000
00000000
00MM0000
00000000
00110000
00000000
00000000
00000000
0MM00000
00000000
11000000
00000000
00000000
,
00M10000
00000000
00000000
00110000
00000000
00000000
00000000
00M0M000
00000000
00011000
00000000
00000000
00000000
0000M0M0
00000000
00000110
00000000
00000000
00000000
000MM000
00000000
00011000
00000000
00000000
,
00001000
00000000
00000000
00101000
00000000
00000000
00000000
0M0M0000
00000000
01010000
00000000
00000000
00000000
000MM000
00000000
00110000
00000000
00000000
00000000
MM000000
00000000
11000000
00000000
00000000
,
10000000
00000000
00000000
10100000
00000000
00000000
00000000
0MM00000
00000000
00110000
00000000
00000000
00000000
00MM0000
00000000
00011000
00000000
00000000
00110000
00000000
00000000
00000000
00000000
00000000
,
10000000
01000000
00100000
00010000
00100000
00001000
00010000
00000100
,
00001000
00000000
00000100
00000000
00000010
00000000
00000001
00000000
00000010
00000001
00000010
00000000
00000001
00000000
00000010
00000000
,
00000100
00001000
00000100
00010000
00001000
00100000
00010000
00100000
,
01000000
10000000
01000000
00000000
10000000
00000000
00100000
00000000
01000000
00010000
00100000
00000000
00110000
00000000
00000000
00000000
,
20000000
00000000
02000000
00000000
00100000
33000000
00000000
00000000
,
02000000
00000000
00200000
00000000
00010000
03300000
00000000
00000000
,
00001000
00010000
01000000
10000000
00010000
00100000
00000200
00020000
,
00000000
00001000
00001000
00000000
00001000
00030300
00000000
00000000
,
20000000
00000000
02000000
00000000
00100000
33000000
00000000
00000000
,
02000000
00000000
00200000
00000000
00010000
03300000
00000000
00000000
,
10000000
00000000
01000000
00000000
00100000
00000000
01000000
00000000
10000000
00000000
00100000
00000000
00010000
00001000
00010000
00001000
,
00010000
00001000
00000100
00000010
00000200
00000001
00000301
00000000
,
00010000
00001000
00010000
01000000
10000000
00000000
11000000
00000000
,
10000000
00000000
01000000
00000000
00100000
00000000
00010000
00000000
01000000
00001000
00010000
00000000
00011000
00000000
00000000
00000000
,
00010000
00001000
00000010
00000001
00000100
00000010
00001000
00000100
,
00001000
00000010
00000100
00000001
00000011
00000000
00011000
00000000
,
00001000
00010000
00001000
00000010
00000001
00000000
00000011
00000000
,
00000001
00000000
00000100
00000000
00000010
00000000
00001000
00000000
00000100
00100000
00001000
00000000
00011000
00000000
00000000
00000000
,
00001000
00010000
01000000
10000000
01000000
10000000
00100000
01000000
,
00020000
00100000
00230000
01000000
02300000
10000000
23000000
00000000
,
30100000
01000000
00100000
00000000
11000000
00000000
00000000
00000000
00010000
00000000
00000000
00100000
00000000
00000000
00010000
00000000
,
01000000
00100000
10000000
00000000
00100000
00000000
01000000
00000000
00110000
00000000
00000000
00011000
00000000
00000000
00001100
00000000
,
00000010
00000100
00000010
00000000
00000110
00000000
00000000
00000000
00000001
00000000
00000000
00000100
00000000
00000000
00000010
00000000
,
00000100
00000001
00000010
00000000
00000001
00000000
00000100
00000000
00000010
00000000
00001000
00000000
00001100
00000000
00000000
00000000
,
00010000
00001000
00010000
00000000
00011000
00000000
00000000
00000000
00100000
00000000
00000000
00010000
00000000
00000000
01000000
00000000
,
00100000
10000000
01000000
00000000
10000000
00000000
00010000
00000000
00100000
00000000
00000000
00110000
00000000
00000000
00011000
00000000
,
00000100
00001000
00000100
00000000
00001100
00000000
00000000
00000000
00000010
00000000
00000000
00000100
00000000
00000000
00000001
00000000
,
00000010
00000001
00000010
00000000
00000100
00000000
00001000
00000000
00000010
00000000
00000100
00000000
00000001
00000000
00000001
00000000
,
00002000
00000000
00003000
0000M010
00000200
00000000
00000300
00000M01
,
00000020
00000000
00000000
00000100
00000000
00000000
0000013M
00000000
00001000
00000000
00000100
00000000
00010000
00000000
00001000
00000000
,
00020000
00000000
00030000
010M0000
00200000
00000000
00300000
00M10000
,
02000000
00100000
10000000
03200000
,
10300000
11000000
00000000
00000000
;

//---------------lights-cabinet - ----------------
#NOTES:
     lights-cabinet:
     :
     Easy:
     1:
     1.000,0.000,1.000,0.295,0.065,342.000,228.000,32.000,0.000,202.000,0.000:



00000000
00000000
00000000
00000000
,
00000000
00000000
00000000
00000000
,
00000000
11110000
00000000
11110000
,
00000000
11110000
00000000
11110000
,
10000011
00010000
01000011
00000000
00010011
00000000
00010011
00000000
,
00010011
10000000
01000011
00000000
10000011
00000000
10000011
00000000
,
10000011
00020000
00000011
00030000
10000011
10000000
00010011
02000000
,
00000011
00000000
03100011
00000000
10010011
00000000
10010011
10010000
,
00000000
00000000
00000000
11110000
,
10010011
00000000
00000000
00000000
00000011
00000000
00000000
10000000
00100011
00000000
00000000
00000000
11000011
00000000
00000000
00000000
,
10000011
01000000
00100011
01000000
00100011
00010000
00010011
00000000
,
00100011
00000000
01000011
00010000
20000011
00000000
30100011
00000000
,
10000011
10000000
00200011
00000000
10300011
00010000
00000011
00000011
,
10000011
00000000
00010011
00100000
00010011
00000000
00000011
00000000
,
00010011
00000000
10000011
00000000
00100011
01000000
00010011
00000000
,
10000011
01000000
00100011
00000000
01000011
00000000
00100011
00000000
,
10010011
10010011
01100011
10010011
,
10000011
00000000
00010000
00000000
01000011
00000000
00000000
00000000
10000011
00000000
00010000
00000000
00000011
01000000
00000000
00000000
,
00000011
00010000
00000000
00000000
10000011
00000000
00010000
00000000
10000011
00000000
00100000
00000000
00000011
00000000
10000000
00000000
,
00010011
00000000
01000000
00000000
00010011
00000000
20000000
00000000
00010011
00000000
00000000
00010000
30000011
00000000
01000000
00000000
,
00010011
00000000
10000011
00010000
01000022
00100000
01000033
00100000
,
10000011
00000000
00010000
00000000
00100011
00000000
00000000
00000000
00010011
00000000
10000000
00000000
00000011
00100000
00000000
00000000
,
00000011
10000000
00000000
00000000
00010011
00000000
10000000
00000000
00010011
00000000
01000000
00000000
00000011
00000000
00010000
00000000
,
10000011
00000000
00100000
00000000
10000011
00000000
00020000
00000000
10000011
00000000
00000000
10000000
00030011
00000000
00100000
00000000
,
10000011
00000000
00010011
10000000
00100022
01000000
00100033
01000000
,
10000011
11000011
00010011
00110011
,
10000011
00000000
11000011
00000000
10000011
00010000
00100011
00000000
,
20000011
00000000
30010011
01000000
00100011
10000000
00200011
00000000
,
10300011
01000000
10000011
00000000
00010011
00000011
00020011
00000000
,
10030011
00110011
10000011
11000011
,
00010011
00000000
00110011
00000000
00010011
10000000
01000011
00000000
,
00020011
00000000
10030011
00100000
01000011
00010000
02000011
00000000
,
03010011
00100000
00010011
00000000
10000011
00000011
11110011
00000000
,
00010011
01000011
11000011
00010011
,
00010011
00100000
00020011
00000000
10030011
00100000
01000011
00000000
,
10100011
00000000
00010011
00100000
00010011
00110000
11010011
00000000
,
22220022
00000000
33330033
00000000
00000011
00000011
00000011
00000000
,
00010011
11000011
00010011
00110011
,
10000011
00000000
11000011
00000000
10000011
00010000
00100011
00000000
,
20000011
00000000
30010011
01000000
00100011
10000000
00200011
00000000
,
10300011
01000000
00100000
00010000
00100000
01000000
10010000
00000000
,
10010011
00000000
00000000
00000000
00000011
00000000
00000000
00010000
01000011
00000000
00000000
00000000
00110011
00000000
00000000
00000000
,
00010011
00100000
01000011
00100000
01000011
10000000
11110011
00000000
,
01000011
00000000
00100011
10000000
00020011
00000000
01030011
00000000
,
00010011
00010000
02000011
00000000
03010011
10000000
00000011
00000011
,
00010011
00000000
10000011
01000000
10000011
00000000
00000011
00000000
,
10000011
00000000
00010011
00000000
01000011
00100000
10000011
00000000
,
00010011
00100000
01000011
10000000
00100011
00000000
01100011
00000011
,
10010011
10010000
01100011
10010011
,
10000011
00000000
00010000
00000000
01000011
00000000
00000000
00000000
10000011
00000000
00010000
00000000
00000011
01000000
00000000
00000000
,
00000011
00010000
00000000
00000000
10000011
00000000
00010000
00000000
10000011
00000000
00100000
00000000
00000011
00000000
10000000
00000000
,
00010011
00000000
01000000
00000000
00010011
00000000
20000000
00000000
00010011
00000000
00000000
00010000
30000011
00000000
01000000
00000000
,
00010011
00000000
10000011
00010000
01000011
00100000
01000011
00100011
,
10000011
00000000
00010000
00000000
00100011
00000000
00000000
00000000
00010011
00000000
10000000
00000000
00000011
00100000
00000000
00000000
,
00000011
10000000
00000000
00000000
00010011
00000000
10000000
00000000
00010011
00000000
01000000
00000000
00000011
00000000
00010000
00000000
,
10000011
00000000
00100000
00000000
10000011
00000000
00020000
00000000
10000011
00000000
00000000
10000000
00030011
00000000
00100000
00000000
,
10000011
00000000
00010011
10000000
00100011
01000000
00100011
01000000
,
10000011
00000000
00010000
10000000
01000000
00000000
00000000
00000000
,
01000011
00100000
00000000
01000000
10000011
01000000
02000011
00000000
,
13000011
00000000
00010000
10000000
00100011
10000000
01000000
01000000
,
02000011
23000000
30020011
01030011
,
01100011
11110011
00000000
00000000
;

//---------------dance-single - M. Puls----------------
#NOTES:
     dance-single:
     M. Puls:
     Beginner:
     1:
     0.079,0.000,0.055,0.000,0.000,54.000,6.000,0.000,0.000,0.000,0.000:




0000
0000
0000
0000
,
0000
0000
0000
0000
,
0000
0000
0000
0000
,
0000
0000
0000
0000
,
1000
0000
0000
0000
,
1000
0000
0000
0000
,
0001
0000
0000
0000
,
0001
0000
0000
0000
,
0000
0000
0000
0000
,
1000
0000
0000
0000
,
0100
0000
0000
0000
,
0100
0000
0000
0000
,
0010
0000
0000
0000
,
0001
0000
0000
0000
,
0010
0000
0000
0000
,
0010
0000
0000
0000
,
0100
0000
0000
0000
,
0100
0000
0000
0000
,
0100
0000
0000
0000
,
0010
0000
0000
0000
,
0010
0000
0000
0000
,
0010
0000
0000
0000
,
0010
0000
0000
0000
,
0100
0000
0000
0000
,
0100
0000
0000
0000
,
1001
0000
0000
0000
,
1000
0000
0000
0000
,
0001
0000
0000
0000
,
1000
0000
0000
0000
,
1001
0000
0000
0000
,
0100
0000
0000
0000
,
0010
0000
0000
0000
,
0100
0000
0000
0000
,
1001
0000
0000
0000
,
0000
0000
0000
0000
,
1000
0000
1000
0000
,
0000
0000
0000
0000
,
0001
0000
0001
0000
,
0000
0000
0000
0000
,
1000
0000
0000
0000
,
0001
0000
0000
0000
,
1000
0000
0000
0000
,
1000
0000
0000
0000
,
0100
0000
0000
0000
,
0100
0000
0000
0000
,
0001
0000
0000
0000
,
0001
0000
0000
0000
,
0010
0000
0000
0000
,
0010
0000
0000
0000
,
1001
0000
0000
0000
,
0000
0000
0000
0000
,
1001
0000
0000
0000
,
0000
0000
0000
0000
,
1001
0000
0000
0000
,
0100
0000
0000
0000
,
0001
0000
0000
0000
,
0010
0000
0000
0000
,
1000
0000
0000
0000
,
0100
0000
0000
0000
,
0010
0000
0000
0000
,
0001
0000
0000
0000
,
1000
0000
0000
0000
;
