#TITLE:Driving Force Classical;
#SUBTITLE:;
#ARTIST:Digital Explosion;
#TITLETRANSLIT:;
#SUBTITLETRANSLIT:;
#ARTISTTRANSLIT:;
#GENRE:;
#CREDIT:;
#BANNER:Driving Force Classical-banner.png;
#BACKGROUND:driving Force Classical-bg.png;
#LYRICSPATH:;
#CDTITLE:;
#MUSIC:Digital Explosion - Drivingforceclassical.ogg;
#OFFSET:-3.160;
#SAMPLESTART:68.913;
#SAMPLELENGTH:11.920;
#SELECTABLE:YES;
#BPMS:0.000=168.000;
#STOPS:;
#BGCHANGES:0.000=driving Force Classical-bg.png=1.000=0=0=1=====,
24.000=vol3-18-ntsc.mpg=1.000=0=0=1=====,
40.000=vol4-15-ntsc.mpg=1.000=0=0=1=====,
56.000=vol4-12-ntsc.mpg=1.000=0=0=1=====,
72.000=vol3-07-ntsc.mpg=1.000=0=0=1=====,
88.000=vis_vol4-20-ntsc.mpg=1.000=0=0=1=====,
92.000=vol3-07-ntsc.mpg=1.000=0=0=1=====,
96.000=vis_vol4-20-ntsc.mpg=1.000=0=0=1=====,
100.000=vol3-07-ntsc.mpg=1.000=0=0=1=====,
102.000=driving Force Classical-bg.png=1.000=0=0=1=====,
103.000=vol3-07-ntsc.mpg=1.000=0=0=1=====,
104.000=EV01445N.mpg=1.000=0=0=1=====,
120.000=712_JumpBack.mpg=1.000=0=0=1=====,
152.000=EV01442N.mpg=1.000=0=0=1=====,
184.000=vol3-21-ntsc.mpg=1.000=0=0=1=====,
200.000=vol3-11-ntsc.mpg=1.000=0=0=1=====,
214.500=vol3-15-ntsc.mpg=1.000=0=0=1=====,
228.000=675_JumpBack.mpg=1.000=0=0=1=====,
244.000=738_JumpBack.mpg=1.000=0=0=1=====,
258.000=EV01455N.mpg=1.000=0=0=1=====,
272.000=vol3-18-ntsc.mpg=1.000=0=0=1=====,
288.000=EV01448N.mpg=1.000=0=0=1=====,
302.000=vol4-12-ntsc.mpg=1.000=0=0=1=====,
320.000=vol3-07-ntsc.mpg=1.000=1=0=1===CrossFade==,
327.000=driving Force Classical-bg.png=1.000=0=0=1=====,
99999=-nosongbg-=1.000=0=0=0 // don't automatically add -songbackground-
;
#KEYSOUNDS:;
// cache tags:
#FIRSTBEAT:16.000;
#LASTBEAT:328.000;
#SONGFILENAME:/Songs/In The Groove/Driving Force Classical/drivingforceclassical.sm;
#HASMUSIC:1;
#HASBANNER:1;
#MUSICLENGTH:121.547;
// end cache tags

//---------------dance-single - K. Ward----------------
#NOTES:
     dance-single:
     K. Ward:
     Hard:
     8:
     0.632,0.000,0.189,0.362,0.033,471.000,23.000,44.000,0.000,0.000,0.000:


0000
0000
0000
0000
,
0000
0000
0000
0000
,
0000
0000
0000
0000
,
0000
0000
0000
0000
,
1000
0000
0010
0000
,
1000
0000
0001
1000
,
0001
0010
0100
0000
0001
0010
0100
0000
,
0010
0100
0010
0100
1000
0000
0001
0000
,
1000
0010
0100
0000
0001
0010
0100
0000
,
0010
0100
0010
0100
1000
0000
0110
0000
,
0001
0010
0100
0000
0010
0100
1000
0000
,
0010
0100
0010
0100
0001
0000
1100
0000
,
0001
0010
0100
0000
0010
0100
1000
0000
,
0010
0100
0010
0100
0001
0000
1100
0000
,
0001
0010
0001
1000
1000
0010
1000
0001
,
0001
1000
0100
1000
0002
0000
1003
0000
,
0001
0010
0001
1000
1000
0010
1000
0001
,
1000
1000
0010
0100
0002
0000
1003
0000
,
1000
0001
0100
0001
1000
0010
2000
0000
,
3001
0100
0010
1000
0001
0100
0002
0000
,
1003
0010
1000
0100
2000
0000
0001
0000
,
3001
0100
0010
0100
0020
0000
0100
0000
,
0031
0100
0010
1000
0001
0100
0001
0001
,
1000
0001
0100
0010
1000
1000
0001
1000
,
0100
0010
0001
0100
0100
0010
1000
0001
,
0100
0100
0010
1000
0001
0001
0001
0000
,
1001
1000
0010
0000
0010
0000
0100
0000
,
0110
0010
1000
0000
1000
0000
0001
0000
,
1001
1000
0010
0000
0010
0000
0100
0000
,
0001
0100
0010
1000
0001
1000
0010
0000
,
0101
0100
0010
0000
0010
0000
1000
0000
,
1010
1000
0001
0000
0001
0000
0100
0000
,
0101
0100
0010
0000
1000
0000
0001
0000
,
1010
1000
0010
0100
0001
0000
0110
0000
,
0110
0020
1000
1030
,
1001
0000
0200
0000
0010
0010
0310
0000
,
0011
0200
0001
0301
,
1100
0000
0020
0000
1000
1000
1030
0000
,
0010
1000
0001
0100
0010
1000
0001
0100
,
0010
0100
0001
0100
0001
0100
0001
0100
,
0001
1000
0010
1000
0010
1000
0010
0100
,
0001
1000
0001
1000
0001
1000
0001
0100
,
0010
0010
1000
1000
0020
0000
1030
0000
,
0001
0100
0010
0000
1000
0010
0100
0000
,
0001
0001
0100
0100
0001
0001
1000
1000
,
0010
1100
1001
0101
,
1000
0000
0010
0100
0002
0000
0103
0010
,
2000
0000
3010
0100
0002
0000
0000
0000
,
0103
0000
0010
0100
0002
0000
0103
0010
,
1000
0000
0010
0100
0010
0000
1000
0010
2000
0000
0000
0000
0000
0000
0000
0000
,
3001
0100
0001
0010
0001
1000
0002
0000
,
1003
0100
0020
0000
0130
1000
0002
0000
,
1003
0000
0001
0100
0010
1000
0020
0000
,
1030
0000
0010
0000
0100
0000
0000
0010
1000
0000
0000
0000
0000
0000
0000
0000
,
1000
0010
0100
0001
1000
0001
1000
0100
,
1000
0001
0010
0001
0100
0001
0100
0000
,
0010
1000
0100
0010
0002
0000
0000
0000
,
2003
0000
3001
0100
0020
0000
1030
0010
,
0100
0001
0100
0001
0200
0000
0000
0000
,
0320
0000
1030
0100
2000
0000
3010
0100
,
0010
0000
1000
0010
1000
0000
0001
0100
0020
0000
0000
0000
0000
0000
0000
0000
,
0130
0001
0200
0000
0310
0100
0020
0000
,
1030
0001
0200
0000
0310
1000
0002
0000
,
1003
0000
0100
0010
0001
1000
0002
0000
,
1003
0000
0010
0000
0100
0000
0000
0010
0100
0000
0000
0000
0000
0000
0000
0000
,
0001
0100
0010
1000
0001
1000
0001
0010
,
0001
1000
0100
1000
0010
1000
0010
0000
,
0100
0001
0010
0100
2000
0000
0000
0000
,
3010
0000
1000
0010
0100
0000
0001
0100
,
0010
0000
1000
0010
0200
0000
0310
0000
,
2000
0000
3010
0100
0002
0000
0103
0001
,
1100
0110
2002
3003
,
1000
0000
0001
1000
0010
0000
0100
0000
0001
0000
0100
0000
0020
0000
0000
0000
,
1030
1000
0002
0000
0103
0100
0020
0000
,
2030
0000
3010
1000
0010
0100
0002
0000
,
1003
0000
0100
0000
0010
0000
0000
0001
1000
0000
0000
0000
0000
0000
0000
0000
,
1000
0010
0100
0000
0010
0100
0001
0000
,
1000
0100
1000
0001
0100
0010
1000
0000
,
0001
0100
0010
1000
0002
0000
0000
0000
,
1003
0100
0010
0000
0100
0010
0001
0000
,
0001
0100
0010
1000
0001
1000
0001
0010
,
0001
1000
0010
0000
1100
0000
0011
0000
;

//---------------dance-single - K. Ward----------------
#NOTES:
     dance-single:
     K. Ward:
     Medium:
     5:
     0.382,0.000,0.058,0.197,0.000,294.000,7.000,24.000,0.000,0.000,0.000:


0000
0000
0000
0000
,
0000
0000
0000
0000
,
0000
0000
0000
0000
,
0000
0000
0000
0000
,
0002
0000
1003
0000
,
0020
0000
1030
0000
,
0001
0000
0100
0000
,
0010
0000
0000
0000
1000
0010
1000
0000
,
1000
0000
0010
0000
,
0100
0000
0000
0000
0010
0100
0001
0000
,
1000
0000
0100
0000
,
1000
0000
0000
0000
0010
1000
0100
0000
,
1000
0000
0001
0000
,
0100
0000
0000
0000
0001
1000
0100
0000
,
1000
0000
0010
0000
,
0100
0000
0000
0000
0001
0100
0001
0000
,
1000
0000
0010
0000
,
1000
0000
0000
0000
0001
0100
0001
0000
,
1000
0000
0010
0000
,
1000
0000
0000
0000
0001
0100
0010
0100
,
0001
0000
0100
0000
,
0010
0000
0000
0000
1000
0001
0100
0000
,
0010
0000
0100
0000
,
0001
0000
0100
0000
,
0010
0100
0001
1000
,
1001
0010
1001
1001
,
1000
0100
1000
0000
0001
0000
0001
0000
,
0010
0001
0010
0000
0001
0000
0001
0000
,
1000
0010
1000
0000
0001
0000
0001
0000
,
0100
0100
0100
0100
,
0001
0100
0001
0000
1000
0000
1000
0000
,
0010
0100
0010
0000
1000
0000
1000
0000
,
0001
0100
0001
0000
1000
0000
1000
0000
,
0010
0010
0010
0010
,
0100
0010
1000
0000
0001
0000
0001
0000
,
1000
0100
1000
0000
1000
0000
0010
0000
,
1000
0001
0100
0000
0100
0000
0001
0000
,
0100
0010
0100
0000
0001
0000
0001
0000
,
1000
0010
0100
0000
0001
0000
0001
0000
,
1000
0100
1000
0000
0010
0000
0010
0000
,
0100
0010
0100
0000
0001
0000
0001
0000
,
0010
0001
0010
0000
0001
0000
0001
0000
,
1000
0100
1000
0000
0010
0100
0010
0000
,
1000
0100
1000
0000
0010
0100
0010
0000
,
1000
0000
0001
0000
1000
0100
1000
0000
,
0001
0100
0001
0100
0001
0000
1000
0000
,
0002
0000
2003
0000
,
3010
0100
0001
0000
1000
0000
0000
0000
,
0020
0000
2030
0000
,
3010
0100
0010
0100
0010
0000
0000
0000
,
1000
0001
0100
0010
,
1000
0010
0010
1000
,
0001
0000
1000
0000
0001
0100
0001
0000
,
1000
0010
0100
0000
0110
0000
0000
0000
,
2000
0000
3002
0000
,
0103
0100
0002
0000
,
1003
1000
0020
0000
,
2030
0000
3002
0000
,
0103
0010
1000
0000
0001
0000
0000
0000
,
0200
0000
0302
0000
,
0103
0010
0100
0010
0100
0000
0000
0000
,
0001
1000
0010
0100
,
0001
0100
0100
0001
,
1000
0000
0001
0000
1000
0010
1000
0000
,
0001
0100
0010
0000
0110
0000
0000
0000
,
0002
0000
2003
0000
,
3010
0010
2000
0000
,
3001
0001
0200
0000
,
0301
0100
0001
0000
1000
0010
1000
0000
,
0001
1000
0020
0000
,
1030
0010
0100
0001
,
0100
0010
0100
0010
0200
0000
0000
0000
,
0301
0100
0100
0001
,
1000
0100
0100
1000
,
1000
0000
0001
0100
0010
0000
0010
0000
,
1000
0010
1000
0000
1001
0000
0000
0000
,
1000
0000
0010
0000
,
1000
0001
2000
0000
,
3010
0100
0002
0000
,
1003
0000
0020
0000
,
1030
0000
0002
1000
,
1003
0001
1000
1001
;

//---------------dance-single - K. Ward----------------
#NOTES:
     dance-single:
     K. Ward:
     Easy:
     2:
     0.176,0.000,0.058,0.000,0.000,143.000,7.000,0.000,0.000,0.000,0.000:


0000
0000
0000
0000
,
0000
0000
0000
0000
,
0000
0000
0000
0000
,
0000
0000
0000
0000
,
0001
0000
0000
0000
,
0100
0000
0000
0000
,
0001
0000
1000
0000
,
0010
0000
0000
0000
,
1000
0000
0010
0000
,
0100
0000
0000
0000
,
0001
0000
0100
0000
,
0010
0000
0000
0000
,
1000
0000
0001
0000
,
1000
0000
0000
0000
,
0010
0000
1000
0000
,
0100
0000
0000
0000
,
1000
0000
0010
0000
,
1000
0000
0000
0000
,
0001
0000
0100
0000
,
0010
0000
0000
0000
,
1000
0000
0100
0000
,
1000
0000
0000
0000
,
0001
0000
0100
0000
,
0001
0000
0100
0000
,
0001
0000
0100
0000
,
1001
0000
0000
0000
,
1000
0000
0100
0000
,
1000
0000
1000
0000
,
0100
0000
1000
0000
,
0001
0000
0001
0000
,
1000
0000
0100
0000
,
1000
0000
1000
0000
,
0010
0000
0100
0000
,
0001
0000
0100
0000
,
0001
0000
0010
0000
,
0001
0000
0001
0000
,
1000
0000
1000
0000
,
0100
0000
1000
0000
,
1001
0000
0000
0000
,
1001
0000
0000
0000
,
0110
0000
0000
0000
,
0110
0000
0000
0000
,
1000
0000
0100
0000
,
1000
0000
0001
0000
,
1000
0000
1000
0000
,
1000
1000
1000
0000
,
0001
0000
0010
0000
,
0001
0000
1000
0000
,
0001
0000
0010
0000
,
0001
0001
0001
0000
,
1000
0000
0010
0000
,
1000
0000
0100
0000
,
1000
0000
0010
0000
,
1000
0000
1100
0000
,
1000
0000
0000
0000
,
0001
0000
0000
0000
,
1000
0000
0010
0000
,
1000
0000
0100
0000
,
1000
0000
0001
0000
,
1000
0000
0100
0000
,
1000
1000
1000
0000
,
0001
0000
0100
0000
,
0001
0000
0010
0000
,
0001
0000
0100
0000
,
0001
0000
0011
0000
,
0001
0000
0000
0000
,
1000
0000
0000
0000
,
0001
0000
0010
0000
,
0001
0000
0100
0000
,
0010
0000
1000
0000
,
0001
0000
0100
0000
,
0001
0001
0001
0000
,
1000
0000
0010
0000
,
1000
0000
0100
0000
,
1000
0000
0010
0000
,
1000
0100
1000
0000
,
0001
0000
0001
0000
,
0001
0000
1000
0000
,
1000
0000
1000
0000
,
0010
0000
0010
0000
,
1000
0000
1000
0000
,
0010
0000
0100
0001
;

//---------------dance-double - M. Emirzian----------------
#NOTES:
     dance-double:
     M. Emirzian:
     Easy:
     4:
     0.247,0.000,0.041,0.107,0.000,192.000,5.000,13.000,0.000,0.000,0.000:


00000000
00000000
00000000
00000000
,
00000000
00000000
00000000
00000000
,
00000000
00000000
00000000
00000000
,
00000000
00000000
00000000
00000000
,
10000000
00000000
00010000
00000000
,
01000000
00000000
00001000
00000000
,
00020000
00030000
00001000
00000000
,
00000010
00000000
00000001
00001000
,
00000002
00000003
00000100
00000000
,
00000010
00000000
00010000
00001000
,
00020000
00030000
00100000
00000000
,
10000000
00000000
01000000
00100000
,
02000000
03000000
10000000
00000000
,
00010000
00000000
01000000
00100000
,
02000000
03000000
00010000
00000000
,
00100000
00000000
00001000
00010000
,
00002000
00003000
00000100
00000000
,
00000001
00000000
00001000
00000001
,
00002000
00003000
00000010
00000000
,
00000100
00000000
00000001
00000100
,
00000002
00000003
00000010
00000000
,
00001000
00000000
00010000
00001000
,
00020000
00030000
00100000
00000000
,
01000000
00000000
00010000
00000000
,
00100000
00000000
00010000
00000000
,
10000000
00000000
01000000
00000000
,
00010000
00000000
00001000
00000000
,
00010000
00000000
00010100
00000000
,
00000010
00000000
00000100
00000000
,
00000001
00000000
00000010
00000000
,
00000100
00001000
00000100
00000000
,
00010000
00000000
00001000
00000000
,
01000000
00000000
00010000
00000000
,
00100000
00000000
01000000
00000000
,
00100000
00000000
00010000
00000000
,
01000000
00000000
00100000
00000000
,
01000000
00000000
00010000
00000000
,
00100000
00000000
00001000
00010000
,
00001000
00000000
00010000
00000000
,
00000100
00000000
00001000
00000000
,
00000010
00000000
00000100
00000000
,
00001000
00000000
00010000
00001000
,
00010000
01000000
00010000
00000000
,
00001000
00001000
00000000
00010000
,
00000000
00000100
00000000
00000010
,
00000000
00000001
00000000
00000001
,
00000100
00000010
00001000
00000000
,
00000100
00010000
00001000
00000000
,
01000000
00010000
00100000
00000000
,
01000000
01000000
02000000
03000000
,
01000000
10000000
00000000
00100000
,
01000000
00000000
00001000
00100000
,
00000000
00001000
00010000
00000000
,
00000100
00000010
00000011
00000000
,
00000100
00000000
00000010
00000000
,
00010000
00001000
00010000
00000000
,
00100000
00000000
10000000
00000000
,
01000000
00100000
01000000
00000000
,
10000000
00100000
01000000
00000000
,
00001000
00010000
00000100
00000000
,
00001000
00001000
00002000
00003000
,
00000001
00000100
00000000
00000010
,
00010000
00000000
00000100
00010000
,
00000000
00001000
01000000
00000000
,
00100000
10000000
10100000
00000000
,
01000000
00000000
00100000
00000000
,
00001000
00010000
00001000
00000000
,
00000010
00000000
00000001
00000000
,
00000100
00000010
00000100
00000000
,
00001000
00010000
00000100
00000000
,
00010000
00001000
00100000
00000000
,
01000000
01000000
02000000
03000000
,
10000000
00100000
00000000
01000000
,
00010000
00000000
00100000
00001000
,
00000000
00010000
00000100
00000000
,
00001000
00000001
00001001
00000000
,
00000100
00000000
00000010
00000000
,
00010000
00001000
00010000
00000000
,
01000000
00000000
10000000
00000000
,
00010000
00000000
00000000
00000000
,
02000000
00000000
00000000
00000000
,
03010000
00000000
00100000
10010000
;

//---------------dance-double - M. Emirzian----------------
#NOTES:
     dance-double:
     M. Emirzian:
     Medium:
     7:
     0.435,0.000,0.090,0.206,0.000,334.000,11.000,25.000,0.000,0.000,0.000:


00000000
00000000
00000000
00000000
,
00000000
00000000
00000000
00000000
,
00000000
00000000
00000000
00000000
,
00000000
00000000
00000000
00000000
,
00020000
00030000
00002000
00003000
,
00020000
00030000
00001000
00100000
,
02000000
00000000
03000000
10000000
00200000
00000000
00300000
00010000
,
00002000
00000000
00003000
00010000
00001000
00000000
00010000
00000000
,
00000020
00000000
00000030
00000100
00000002
00000000
00000003
00001000
,
00000020
00000000
00000030
00010000
00001000
00000000
00010000
00000000
,
00002000
00000000
00003000
01000000
00020000
00000000
00030000
10000000
,
02000000
00000000
03000000
00100000
00010000
00000000
10000000
00000000
,
02000000
00000000
03000000
00010000
00002000
00000000
00003000
00010000
,
00000200
00000000
00000300
00001000
00000010
00000000
00000100
00000000
,
00000002
00000000
00000003
00001000
00000200
00000000
00000300
00010000
,
00002000
00000000
00003000
01000000
00020000
00000000
10030000
00000000
,
00100000
01000000
00010000
00000000
00100000
00001000
00010000
00000000
,
00000010
00010000
00001000
00000000
00010000
00000000
00000100
00000000
,
00000010
00000000
00000001
00000000
00000100
00000010
00001000
00000000
,
00000100
00000010
00000001
00000000
00000100
00000000
00000010
00000000
,
00000100
00000000
00001000
00000000
00010000
00001000
00100000
00000000
,
00010000
01000000
00100000
00000000
10000000
00000000
00010000
00000000
,
01000000
00100000
10000000
00000000
01000000
00100000
00001000
00000000
,
00010000
00000100
00001000
00000000
00000010
00000100
00000001
00000000
,
00000001
00000100
00001000
00000000
00001000
00010000
01000000
00000000
,
01000000
10000000
00100000
00000000
00100000
00010000
00001000
00000000
,
00011000
00000000
00000010
00000000
,
00001000
00000100
00010000
00000000
,
00001000
00000000
01000000
00010000
,
10000000
01000000
00100000
00000000
,
00001000
00000000
00010000
00000010
,
00001000
00000100
00000010
00000000
,
00000001
00000000
00000100
00000010
,
00010000
00001000
01000000
00010000
,
00100000
00000000
01000000
10000000
,
00010000
01000000
00100000
00000000
,
10000000
00000000
01000000
00100000
,
00001000
00010000
00000010
00000000
,
00000100
00000001
00000100
00001000
,
00010000
00001000
00010000
01000000
,
10000000
01000000
10000000
00100000
,
01000000
00001000
01000000
00001000
,
00010000
00000100
00010000
00000100
,
00001000
00000010
00000100
00000001
,
00001000
00000001
00000100
00000010
,
00001000
00000000
00010100
00011000
,
00010000
00000000
00100000
00000000
10000000
00000000
00010000
01000000
,
00100000
00000000
10000000
01000000
00010000
00000000
00001000
00000000
,
00010000
00000100
00001000
00000000
00000110
00000000
00000100
00000001
,
00001000
00000100
00000010
00000001
00000100
00000000
00000010
00000000
,
00010000
00001000
00010000
00000000
00001000
01000000
00001000
00000000
,
01000000
00010000
01000000
00000000
00100000
00000000
10000000
00100000
,
10000000
00000000
01000000
00000000
00100000
00001000
00100000
00000000
,
00001000
00010000
00000010
00000000
00022000
00000000
00033000
00000000
,
00000010
00000001
00000100
00000000
,
00000010
00001000
00000100
00010000
,
00001000
00000000
01000000
01000000
,
00100000
00000000
10000000
00000000
01000000
00000000
00100000
00001000
,
00010000
00000000
00001000
00000010
00000001
00000000
00000100
00000000
,
00000010
00010000
00001000
00000000
00010100
00000000
00010000
00001000
,
00100000
00010000
00100000
01000000
10000000
00000000
00100000
00000000
,
01000000
00010000
01000000
00000000
00100000
10000000
00100000
00000000
,
01000000
00001000
01000000
00000000
00001000
00000000
00010000
00000010
,
00010000
00000000
00000100
00000000
00000010
00000001
00000010
00000000
,
00000100
00010000
00001000
00000000
00202000
00000000
00303000
00000000
,
00010000
01000000
00100000
00000000
,
10000000
01000000
00100000
00001000
,
00010000
00000000
00000100
00001000
,
00000010
00000000
00000100
00000000
00000001
00000000
00000100
00000010
,
00010000
00000000
00000100
00000010
00001000
00000000
00010000
00000000
,
00001000
01000000
00010000
00000000
01001000
00000000
00010000
01000000
,
00100000
00010000
10000000
01000000
00100000
00000000
00010000
00000000
,
01000000
00100000
01000000
00000000
00010000
10000000
00010000
00000000
,
00100000
00001000
00100000
00000000
00001000
00010000
00001000
00000000
,
00000010
00000000
00000001
00000000
00000100
00000001
00000100
00000000
,
00000010
00010000
00001000
00000000
00020020
00000000
00030030
00000000
,
00001000
00000100
00010000
00000000
,
00001000
01000000
00100000
10000000
,
01000000
00000000
00010000
00001000
,
00100000
00000000
00001000
00000000
,
00010000
00001000
00000010
00000000
,
00001001
00000000
00000100
00001010
;

//---------------dance-double - M. Emirzian----------------
#NOTES:
     dance-double:
     M. Emirzian:
     Hard:
     8:
     0.503,0.000,0.132,0.132,0.012,396.000,16.000,16.000,0.000,0.000,0.000:


00000000
00000000
00000000
00000000
,
00000000
00000000
00000000
00000000
,
00000000
00000000
00000000
00000000
,
00000000
00000000
00000000
00000000
,
00000020
00000230
00002300
00003020
,
00000230
00002300
00023000
00130000
,
10000000
01000000
00010000
00000000
00001000
00000100
00000001
00000000
,
00000200
00000000
00000310
00000000
00001000
00000100
00000010
00000000
,
00000100
00010000
00001000
00000000
00000100
00001000
00010000
00000000
,
02000000
00000000
03100000
00000000
10000000
00100000
00010000
00000000
,
10000000
01000000
00010000
00000000
00001000
00010000
00000100
00000000
,
00002000
00000000
00003010
00000000
00000100
00001000
00000001
00000000
,
00000010
00001000
00000100
00000000
00000001
00000100
00001000
00000000
,
00000010
00000000
00020000
00000000
00031000
00010000
00100000
00000000
,
10000000
01000000
00010000
00000000
00001000
01000000
00100000
00000000
,
00010000
00000000
00100000
00000000
10000000
00010000
00100000
00000000
,
01000000
00010000
00001000
00000100
00000010
00000000
00000001
00000010
,
00001000
00000000
00000001
00000100
00001000
00010000
00001000
00000000
,
00010000
00001000
01000000
00000000
00100000
10000000
00010000
00000000
,
01000000
10000000
00010000
00000000
00100000
01000000
00001000
00000000
,
00011000
00000000
00010000
00000010
00001000
00000000
00000100
00000001
,
00001000
00000000
00000010
00000001
00001000
00000000
00000020
00000000
,
00000130
00001000
00010000
00000000
00000100
00001000
00010000
00000000
,
00100000
00010000
00001000
00000000
00100000
00010000
00001000
00000000
,
00010000
01000000
10000000
00000000
00100000
01000000
00010000
00000000
,
00100000
10000000
00010000
00000000
01000000
00010000
00001000
00000100
,
00000001
00000100
00000100
00000010
,
00000010
00000100
00000100
00001000
,
00010000
00001000
00001000
01000000
,
00010000
10000000
10000000
01000000
,
00010000
00001000
00000010
00000001
,
00000001
00000100
00000010
00000010
,
00000100
00001000
00010000
01000000
,
10000000
10000000
00010000
00010000
,
01000000
01000000
00100000
00100000
,
00010000
00001000
00010000
00010000
,
00000100
00000010
00000010
00000001
,
00000100
00000100
00000100
00000100
,
00000010
00000010
00000100
00001000
,
00100000
00010000
01000000
00100000
,
10000000
00010000
00001000
00000100
,
00000010
00001000
00000010
00000001
,
00000100
00000100
00000100
00001000
,
00010000
01000000
00100000
10000000
,
00100000
00010000
01000000
00001000
,
00011000
00010010
00011000
00101000
,
00010000
00000000
00001000
00010000
00100000
00000000
00010000
00100000
,
10000000
00000000
00010000
01000000
10000000
00000000
02000000
00000000
,
03010000
00000000
10000000
01000000
00010000
00000000
00001000
00000010
,
00000001
00001001
00000110
00000100
,
00001000
00010000
00000100
00000000
00010000
00001000
01000000
00000000
,
00010000
00100000
01000000
00000000
00100000
10000000
00100000
00000000
,
00010000
00000000
10000000
01000000
00010000
00001000
00000100
00000000
,
00000001
00000000
00000100
00000000
00001000
00000000
00000000
00000100
00000001
00000000
00000000
00000000
00000100
00000000
00000000
00000000
,
00001000
00001000
00010000
00010000
,
00100000
10000000
01000000
00000000
00100000
00000000
00100000
00000000
,
00001000
00010000
00000010
00000000
00001010
00000000
00000100
00000000
,
00000001
00000000
00000100
00000010
00010000
00000000
00001000
00010000
,
00100000
00000000
01000000
10000000
01000000
00000000
00020000
00000000
,
00130000
00000000
01000000
00010000
00001000
00000000
00000010
00000001
,
00000100
00001001
00000110
00000100
,
00000010
00000001
00001000
00000000
00000100
00001000
00010000
00000000
,
01000000
00100000
10000000
00000000
00100000
00010000
01000000
00000000
,
00100000
00000000
10000000
00100000
00010000
00001000
00000010
00000000
,
00000001
00000000
00000100
00000000
00000010
00000000
00000000
00001000
00000001
00000000
00000000
00000000
00000100
00000000
00000000
00000000
,
00001000
00010000
00010000
01000000
,
10000000
01000000
00010000
00000000
01000000
00000000
10000000
00000000
,
00010000
01000000
00100000
00000000
01001000
00000000
00010000
00000000
,
01000000
00000000
00010000
00001000
00100000
00000000
00010000
01000000
,
00100000
00000000
00010000
00001000
00000010
00000000
00000002
00000000
,
00000103
00000000
00000010
00000001
00001000
00000000
00000100
00001000
,
00010000
00101000
00110000
01000000
,
10000000
01000000
00010000
00000000
00001000
00000100
00000010
00000000
,
00000001
00001000
00000100
00000000
00000001
00000100
00001000
00000000
,
00000100
00000000
00001000
00010000
01000000
10000000
00100000
00000000
,
01000000
00000000
00010000
00000000
00100000
00000000
00000000
00001000
00010000
00000000
00000000
00000000
00001000
00000000
00000000
00000000
,
00010000
01000000
00010000
00001000
,
00000010
00000100
00000001
00000000
00000100
00000000
00001000
00000000
,
00000010
00000100
00001000
00000000
00011000
00000000
01000000
00000000
,
10000000
00100000
01000000
00001000
,
00010000
00001000
00000100
00000000
00000002
00000000
00001003
00000000
,
00001010
00001000
00000100
00000000
00010000
00001000
01001000
00000000
;

//---------------dance-double - M. Emirzian----------------
#NOTES:
     dance-double:
     M. Emirzian:
     Challenge:
     9:
     0.598,0.000,0.099,0.099,0.074,485.000,12.000,12.000,2.000,3.000,0.000:


00000000
00000000
00000000
00000000
,
00000000
00000000
00000000
00000000
,
00000000
00000000
00000000
00000000
,
00000000
00000000
00000000
00000000
,
20000000
00000000
32000000
00000000
,
03020000
00000000
00031000
00000010
,
00000001
00000100
00000010
00000100
00000001
00000000
00000010
00000000
,
00000100
00010000
00001000
01000000
00100000
00000000
10000000
00000000
,
01000000
00010000
10000000
00100000
00010000
00000000
01000000
00100000
,
00010000
00000000
00001000
00000010
00000001
00001000
00000100
00000000
,
00000001
00000100
00010000
00000010
00001000
00000000
00000100
00010000
,
00100000
00000000
10000000
01000000
00010000
10000000
00100000
00000000
,
00010000
01000000
00001000
00000010
00000100
00000000
00001000
00000001
,
00000100
00001000
00000001
00000000
00000010
00010000
00001000
00000000
,
00010000
01000000
10000000
00010000
00100000
00000000
01000000
00010000
,
00001000
00000000
00000010
00000001
00001000
00000010
00000001
00000000
,
00000010
00010000
00001000
00100000
01000000
00000000
10000000
00100000
,
00010000
10000000
01000000
00000000
00001000
00010000
00000100
00000000
,
00000010
00001000
00010000
00000100
00000010
00000000
00000001
00001000
,
00000100
00000000
00000001
00000100
00001000
00000001
00000010
00000000
,
00001000
00010000
00100000
10000000
00010000
00000000
01000000
10000000
,
00010000
00100000
01000000
00000000
00001000
00010000
00000010
00000000
,
00001000
00000100
00000001
00000100
00001000
00000001
00000100
00001000
,
00000100
00000001
00000010
00001000
00010000
00100000
00010000
00001000
,
00000010
00001000
00010000
00100000
10000000
01000000
00010000
01000000
,
10000000
00010000
00100000
10000000
00100000
00010000
01000000
00000000
,
00001000
00010000
00000010
00000100
,
00000001
00000010
00001000
00000000
00010000
00000000
00001000
00000000
,
00000100
00001000
00020000
00000000
00130000
00000000
10000000
00000000
,
01000000
00010000
10000000
00100000
00001000
00010000
00000010
00000000
,
00000200
00000000
00000002
00000000
00000010
00000303
00000010
00000000
,
00000200
00000000
00020000
00000000
00001000
00030300
00001000
00000000
,
01000000
00100000
00010000
00000000
10000000
00000000
10000000
00000000
,
01000000
00010000
10000000
00100000
00010000
00001000
00000020
00000000
,
00000031
00000100
00001000
01000000
,
00010000
00100000
01000000
00000000
00010000
00000000
00000010
00000000
,
00001000
00000100
00000001
00000000
00001000
00000000
00000010
00000000
,
00000001
00000100
00001000
00000001
00000010
00010000
00002000
00000000
,
00103000
01000000
10000000
00100000
,
00010000
00100000
10000000
00000000
00010000
00000000
01000000
00000000
,
00100000
00010000
00001000
00000000
00000010
00000000
00000100
00000000
,
00000001
00000100
00001000
00000001
00000100
00001000
00010000
00000000
,
00001000
01000000
00100000
00010000
,
00000010
00000001
00001000
00000000
00000100
00000000
00000001
00000000
,
00000100
00001000
00010000
00000000
01000000
10000000
00010000
00100000
,
10000000
00010000
01000000
10000000
00100000
00010000
00001000
00000010
,
00000001
00000000
00000100
00000010
00010000
00000000
00000100
00010000
,
00100000
00000000
10000000
01000000
00100000
00000000
10010000
00000000
,
00100000
00000000
01000000
00001000
00010000
00000000
00000100
00000010
,
00000001
00000000
00000000
00000001
00000100
00000000
00000000
00000100
00000010
00000000
00000000
00000010
00010000
00000000
00001000
00000000
,
00100000
00000000
00001000
00000000
00010000
00000000
01000000
00000000
10000000
00000000
00100000
00000000
10000000
00000000
00000000
10000000
,
01000000
00000000
00100000
00000000
00010000
00000000
00000000
00010000
00100000
00000000
00001000
00000000
00010000
00000000
00000100
00000000
,
00000010
00000001
00000100
00001000
00000100
00000001
00000010
00000100
,
00010000
00000000
00001000
00000000
01000000
00000000
00000000
01000000
00100000
00000000
00000000
00000000
10010000
00000000
00000000
00000000
,
00100000
01000000
10000000
01000000
00100000
00010000
00100000
00000000
,
00001000
00010000
00100000
00010000
00001000
00010000
00100000
00000000
,
00010000
00001000
00000010
00000001
00000010
00000000
00000110
00000000
,
00000100
00000000
00001000
00000001
00000100
00000000
00001000
00100000
,
01000000
00000000
10000000
00100000
00010000
00000000
00011000
00000000
,
00000100
00000000
00000001
00000010
00000100
00000000
00010000
01000000
,
10000000
00000000
00000000
10000000
00100000
00000000
00000000
00100000
00010000
00000000
00000000
00010000
00001000
00000000
00010000
00000000
,
01000000
00000000
00010000
00000000
00001000
00000000
00000100
00000000
00000001
00000000
00001000
00000000
00000100
00000000
00000000
00000100
,
00000010
00000000
00000001
00000000
00000100
00000000
00000000
00000100
00001000
00000000
00010000
00000000
00100000
00000000
00010000
00000000
,
00001000
00100000
01000000
10000000
00100000
00010000
00001000
00010000
,
01000000
00000000
00010000
00000000
00001000
00000000
00000000
00001000
00000010
00000000
00000000
00000000
00000011
00000000
00000000
00000000
,
00000100
00000010
00001000
00000010
00000100
00000001
00000010
00000000
,
00001000
00010000
00100000
00010000
00001000
00010000
00100000
00000000
,
00010000
00001000
00100000
01000000
10000000
00000000
10010000
00000000
,
00100000
00000000
01000000
00010000
00100000
00000000
00001000
00000010
,
00000001
00000000
00000100
00000010
00010000
00000000
00011000
00000000
,
00010000
00000000
00100000
00010000
00001000
00000000
00010000
01000000
,
10000000
00000000
00000000
10000000
00100000
00000000
00000000
00100000
00010000
00000000
00000000
00010000
00001000
00000000
00000100
00000000
,
00001000
00000000
00010000
00000000
00000010
00000000
00000100
00000000
00000001
00000000
00000010
00000000
00000100
00000000
00000000
00000100
,
00010000
00000000
00001000
00000000
01000000
00000000
00000000
01000000
00100000
00000000
10000000
00000000
01000000
00000000
00010000
00000000
,
00001000
00010000
00001000
00000100
00000001
00000010
00000100
00001000
,
00000001
00000000
00000100
00000000
00001000
00000000
00000000
00001000
00010000
00000000
00000000
00000000
00011000
00000000
00000000
00000000
,
01000000
00100000
10000000
00100000
01000000
00010000
00100000
00000000
,
01000000
00010000
00001000
00010000
01000000
00010000
00001000
00000000
,
00000100
00000001
00000010
00000100
00001000
00000000
00010010
00000000
,
00002000
00000000
00000200
00000000
00000001
00003300
00000100
00000000
,
00001000
00000000
00010000
00000000
00100000
00000000
10000000
00010000
,
00110000
000M0000
00100000
00001000
00011000
0000M000
00010100
00000000
;

//---------------dance-single - M. Emirzian----------------
#NOTES:
     dance-single:
     M. Emirzian:
     Challenge:
     9:
     0.766,0.000,0.403,0.181,0.074,581.000,49.000,22.000,4.000,0.000,0.000:


0000
0000
0000
0000
,
0000
0000
0000
0000
,
0000
0000
0000
0000
,
0000
0000
0000
0000
,
2000
0000
0000
3100
0020
0000
0000
0031
,
0200
0000
0000
0310
1000
0000
1001
0000
,
0100
0010
0001
0100
0010
1000
0100
0001
,
0100
1000
0010
0100
0001
1000
0100
0010
,
0001
0100
0010
1000
0100
0010
0001
0010
,
0100
1000
0010
0001
0010
1000
0100
0010
,
0100
0010
0001
1000
0100
0001
0100
1000
,
0001
0010
1000
0010
0001
0100
0001
0010
,
0100
1000
0100
0010
0001
0100
0010
1000
,
0010
0100
1000
0100
0001
0010
1000
0001
,
0100
1000
0100
0001
1000
0010
0001
0010
,
1000
0010
0001
1000
0001
0100
0010
1000
,
0100
0010
0001
0100
0010
1000
0001
0010
,
0100
0010
0001
0010
0100
1000
0010
0100
,
0010
1000
0100
0001
0100
1000
0100
0001
,
0101
0001
0100
1000
0010
0100
0001
0100
,
0010
0001
0010
0100
1000
0001
0010
1000
,
1010
0010
1000
0100
0001
0100
1000
0001
,
0100
0010
1000
0100
0010
0100
0010
0001
,
1000
0010
0001
1000
0100
0001
0010
0100
,
1000
0010
0001
0010
1000
0100
0010
0001
,
0100
0010
1000
0100
0010
0001
1001
0000
,
0010
1000
0100
0010
0001
0100
0110
0010
,
1000
0100
0010
0001
0100
0010
0110
0100
,
0001
0010
0100
1000
0010
0100
0110
0010
,
1000
0100
0001
0100
1000
0001
0010
0100
,
1000
0010
0100
0001
0010
0100
0110
0100
,
1000
0010
0001
0010
1000
0100
0110
0010
,
0001
0100
0010
0100
0001
0100
0110
0010
,
1000
0100
0001
0010
0001
0100
1000
0001
,
0010
1000
0100
1000
0010
0001
0011
0001
,
1000
0010
0001
0010
0100
1000
0101
0001
,
0100
0010
1000
0100
0010
0001
1001
1000
,
0001
0010
1000
0010
0001
0100
1000
0100
,
0001
0010
0100
1000
0010
0001
0100
0001
,
0010
1000
0100
0010
1000
0010
0001
0100
,
1000
0001
0010
0100
0001
1000
0100
0010
,
0001
0100
0001
0010
0100
1000
1001
1000
,
0001
0100
1001
0001
0110
0100
1100
0010
,
0101
0100
1001
1000
0101
0010
1010
0001
,
1001
0010
0001
0010
1000
0100
0010
0001
,
0100
0010
1000
0001
0110
1000
1001
0100
,
0010
0000
0001
0200
1000
0000
0310
2000
,
0100
0000
3001
0100
1001
0000
1100
0000
,
0011
0000
0100
0010
1002
0000
0013
0100
,
1000
0000
0001
0100
0010
0000
1000
0100
0010
0000
0001
0000
0100
0000
0010
0000
,
1000
0000
0000
1000
0100
0000
0001
0000
0100
0000
1000
0000
0010
0000
0000
0010
,
0100
0000
0001
0000
1000
0000
0000
1000
0010
0000
0100
0000
0001
0000
1000
0000
,
0201
0000
0310
1000
0100
0001
0100
1000
,
0010
0000
0100
0000
0001
0000
0000
0001
1000
0000
1001
0000
0010
0000
1000
0000
,
0100
0001
0100
1000
0100
0001
0200
0000
,
1300
0010
0001
0010
1000
0010
0001
0010
,
1000
0100
0010
0001
1000
0100
1002
0000
,
0013
0000
0100
2000
0010
0000
3001
0200
,
1000
0000
0301
0010
1001
0000
0110
0000
,
1100
0000
0010
0100
0201
0000
1300
0100
,
0001
0000
1000
0010
0100
0000
0001
0010
0100
0000
1000
0000
0010
0000
1000
0000
,
0100
0000
0000
0100
0010
0000
0001
0000
0100
0000
1000
0000
0100
0000
0000
0100
,
0001
0000
0010
0000
0001
0000
0000
0001
0100
0000
0010
0000
1000
0000
0100
0000
,
0021
0000
1030
0010
0001
0100
1000
0100
,
0001
0000
0010
0000
0100
0000
0000
0100
1000
0000
1001
0000
0010
0000
0001
0000
,
0010
1000
0010
0001
0010
1000
0200
0000
,
0301
0100
1000
0100
0001
0100
1000
0010
,
0100
0001
0010
0100
1000
0100
1020
0000
,
0031
0000
0010
0200
1000
0000
0310
2000
,
0100
0000
3010
0001
1001
0000
1100
0000
,
0101
0000
0100
1000
1020
0000
0031
0010
,
1000
0000
0100
0010
0001
0000
0100
0010
1000
0000
0100
0000
0001
0000
0100
0000
,
1000
0000
0000
1000
0010
0000
0001
0000
1000
0000
0100
0000
0001
0000
0000
0001
,
0010
0000
1000
0000
0010
0000
0000
0010
0001
0000
0100
0000
0010
0000
1000
0000
,
0102
0000
0013
0100
1000
0010
0001
1000
,
0100
0000
0001
0000
0010
0000
0000
0010
0100
0000
1001
0000
1000
0000
0100
0000
,
1000
0010
1000
0100
1000
0010
0200
0000
,
0301
0010
0001
0100
0001
0010
0001
0100
,
1000
0100
0001
0010
0100
1000
1200
0000
,
0001
1000
0310
0021
,
1000
0000
0100
0000
0031
0000
1000
0010
,
0101
0M0M
0010
0100
1001
M00M
0110
0000
;

//---------------lights-cabinet - ----------------
#NOTES:
     lights-cabinet:
     :
     Easy:
     1:
     1.000,0.000,1.000,0.000,0.033,479.000,268.000,0.000,0.000,246.000,0.000:


00000000
00000000
00000000
00000000
,
00000000
00000000
00000000
00000000
,
11110011
00000000
11110011
00000000
,
11110011
00000000
11110011
11110000
,
11110011
00000000
11110011
00000000
,
11110011
00000000
11110011
11110011
,
10010011
00100000
01000011
00000000
00010011
00100000
01000011
00000000
,
00100011
01000000
00100011
01000000
10000011
00000000
00010011
00000000
,
10000011
00100000
01000011
00000000
00010011
00100000
01000011
00000000
,
00100011
01000000
00100011
01000000
10000011
00000000
01100011
00000000
,
00010011
00100000
01000011
00000000
00100011
01000000
10000011
00000000
,
00100011
01000000
00100011
01000000
00010011
00000000
11000011
00000000
,
00010011
00100000
01000011
00000000
00100011
01000000
10000011
00000000
,
00100011
01000000
00100011
01000000
00010011
00000000
11000011
00000000
,
00010011
00100000
00010011
10000000
10000011
00100000
10000011
00010000
,
00010011
10000000
01000011
10000000
00010011
00000000
10000011
00000000
,
00010011
00100000
00010011
10000000
10000011
00100000
10000011
00010000
,
10000011
10000000
00100011
01000000
00010011
00000000
10000011
00000000
,
10000011
00010000
01000011
00010000
10000011
00100000
10000011
00000000
,
00010011
01000000
00100011
10000000
00010011
01000000
00010011
00000000
,
10000011
00100000
10000011
01000000
10000011
00000000
00010011
00000000
,
00010011
01000000
00100011
01000000
00100011
00000000
01000011
00000000
,
00010011
01000000
00100000
10000000
00010011
01000000
00010000
00010000
,
10000011
00010000
01000000
00100000
10000011
10000000
00010000
10000000
,
01000011
00100000
00010000
01000000
01000011
00100000
10000000
00010000
,
01000011
01000000
00100011
10000000
00010011
00010011
00010011
00000000
,
10010011
10000000
00100011
00000000
00100011
00000000
01000011
00000000
,
01100011
00100000
10000011
00000000
10000011
00000000
00010011
00000000
,
10010011
10000000
00100011
00000000
00100011
00000000
01000011
00000000
,
00010011
01000000
00100011
10000000
00010011
10000000
00100000
00000000
,
01010011
01000000
00100011
00000000
00100011
00000000
10000011
00000000
,
10100011
10000000
00010011
00000000
00010011
00000000
01000011
00000000
,
01010011
01000000
00100011
00000000
10000011
00000000
00010000
00000000
,
10100011
10000000
00100011
01000000
00010011
00000000
01100011
00000000
,
01100011
00100011
11000011
11000011
,
10010011
00000000
01000011
00000000
10100011
10100000
10100011
00000000
,
00110011
01000011
00110011
00110011
,
11000011
00000000
00100011
00000000
10010011
10010000
10010000
00000000
,
00100011
10000000
00010011
01000000
00100011
10000000
00010011
01000000
,
00100011
01000000
00010011
01000000
00010011
01000000
00010011
01000000
,
00010011
10000000
00100011
10000000
00100011
10000000
00100011
01000000
,
00010011
10000000
00010011
10000000
00010011
10000000
00010011
01000000
,
10100011
10100000
10100000
10100000
00100011
00000000
10000000
00000000
,
10010011
01000000
00100011
00000000
10000011
00100000
01000000
00000000
,
00110011
00010000
11000000
01000000
00110011
00010000
11000000
10000000
,
00100011
00000000
11100011
00000000
10110011
00000011
01110011
00000000
,
11100011
00000000
00100000
01000000
10110011
00000000
01000000
00100000
,
11100011
00000000
00100000
01000000
10010011
00000000
01100000
00000000
,
11000011
00000000
00100000
01000000
01110011
00000000
01000000
00100000
,
10010011
00000000
00100000
01000000
10110011
00000000
10000000
00100000
10010011
00000000
00000000
00000000
00000000
00000000
00000000
00000000
,
10110011
01000000
00010000
00100000
01110011
10000000
00010000
00000000
,
10100011
01000000
00100000
00000000
11000011
10000000
00110011
00000000
,
11100011
00000000
00010000
01000000
10100011
10000000
00100000
00000000
,
11010011
00000000
00100000
00000000
01000011
00000000
00000000
00100000
10100011
00000000
00000000
00000000
00000000
00000000
00000000
00000000
,
10110011
00100000
01000000
00010000
11000011
00010000
10000000
01000000
,
10100011
00010000
01100000
00010000
11000011
00010000
01000011
00000000
,
00110011
10000000
01000000
00100000
10110011
00000000
00000000
00000000
,
11100011
00000000
00010000
01000000
10100011
00000000
10100000
00100000
,
01000011
00010000
01000000
00010000
11100011
00000000
00000011
00000000
,
01110011
00000000
10000000
01000000
10100011
00000000
00100000
01000000
,
11100011
00000000
10000000
00100000
10010011
00000000
00010000
01000000
10100011
00000000
00000000
00000000
00000000
00000000
00000000
00000000
,
11100011
00010000
01000000
00000000
01110011
01000000
00100000
00000000
,
10100011
00010000
01000000
00000000
01110011
10000000
01110011
00000000
,
11100011
00000000
01000000
00100000
10110011
10000000
00010000
00000000
,
11100011
00000000
00100000
00000000
01000011
00000000
00000000
00100000
11010011
00000000
00000000
00000000
00000000
00000000
00000000
00000000
,
10110011
01000000
00100000
10000000
01110011
10000000
00010000
00100000
,
10110011
10000000
01100011
10000000
01110011
10000000
00100000
00000000
,
11100011
00010000
00100011
01000000
11010011
00000000
00000000
00000000
,
10100011
00000000
10010000
00100000
01000011
00000000
00110000
01000000
,
10100011
00000000
10010000
00100000
11000011
00000000
00100011
00000000
,
10010011
00000000
01100000
01000000
00110011
00000000
11000000
00010000
,
11110011
01100011
11110011
00000000
,
11100011
00000000
00010000
10000000
00100000
00000000
01000000
00000000
10110011
00000000
01000000
00000000
00100000
00000000
00000000
00000000
,
11010011
10000000
00010000
00000000
11100011
01000000
00100011
00000000
,
11010011
00000000
00100000
10000000
01100011
01000000
00010000
00000000
,
10100011
00000000
01000000
00000000
00110011
00000000
00000000
00010000
11100011
00000000
00000000
00000000
00000000
00000000
00000000
00000000
,
10000011
00100000
01000000
00000000
10100011
01000000
00010000
00000000
,
10100011
01000000
11000011
00010000
01100011
00100000
10000000
00000000
,
10110011
01000000
00100011
10000000
01110011
00000000
00000000
00000000
,
10010011
01000000
10100000
00000000
01100011
00100000
01010000
00000000
,
00110011
01000000
10100000
10000000
01110011
10000000
01110000
00100000
,
10010011
10000000
01100000
00000000
11110011
00000000
11110011
00000000
;

//---------------dance-single - M. Puls----------------
#NOTES:
     dance-single:
     M. Puls:
     Beginner:
     1:
     0.107,0.000,0.008,0.000,0.000,90.000,1.000,0.000,0.000,0.000,0.000:


0000
0000
0000
0000
,
0000
0000
0000
0000
,
0000
0000
0000
0000
,
0000
0000
0000
0000
,
0000
0000
0000
0000
,
0000
0000
0000
0000
,
1000
0000
0000
0000
,
1000
0000
0000
0000
,
0001
0000
0000
0000
,
0001
0000
0000
0000
,
0100
0000
0000
0000
,
0010
0000
0000
0000
,
0100
0000
0000
0000
,
1000
0000
0000
0000
,
0100
0000
0000
0000
,
0001
0000
0000
0000
,
0100
0000
0000
0000
,
0000
1000
0000
0000
,
0000
0001
0000
0000
,
0000
0010
0000
0000
,
0000
0100
0000
0000
,
0000
1000
0000
0000
,
0000
0001
0000
0000
,
0000
0001
0000
0000
,
0000
1000
0000
0001
,
0000
1000
0000
0000
,
1001
0000
0000
0000
,
1000
0000
0001
0000
,
1000
0000
0000
0000
,
0100
0000
0000
0000
,
0001
0000
1000
0000
,
0001
0000
0000
0000
,
0010
0000
0000
0000
,
1000
0000
0000
0100
,
0000
0000
0000
0000
,
1000
0000
0000
0000
,
0001
0000
0000
0000
,
0100
0000
0000
0001
,
0000
0000
0000
0000
,
0010
0000
0000
1000
,
0000
0001
0000
1000
,
0000
0001
0000
1000
,
0000
0000
0000
0000
,
1000
0000
0000
0000
,
0100
0000
0000
0000
,
0010
0000
0000
0000
,
0001
0000
0001
0000
,
0001
0000
0000
0001
,
0000
0000
0000
0000
,
1000
0000
1000
0000
,
1000
0000
0000
1000
,
0000
0000
0000
0000
,
0001
0000
0000
0000
,
0010
0000
0010
0000
,
0000
0000
0000
0000
,
0001
0000
0000
0000
,
1000
0000
0000
0000
,
0000
0000
0000
0000
,
0001
1000
0000
0000
,
1000
0001
0000
0000
,
0001
0000
0001
0000
,
0001
0000
0000
0000
,
1000
0100
0000
0000
,
0001
0010
0000
0000
,
0100
0000
0100
0000
,
0100
0000
0000
0000
,
0100
0000
0000
0000
,
0010
0000
0000
0000
,
0010
0000
0000
0000
,
1000
0000
0000
0000
,
0100
0000
0000
0000
,
0001
0000
0001
0000
,
0001
0000
0000
0000
,
1000
0000
0000
0000
,
0100
0000
0000
0000
,
1000
0000
0000
0000
,
0001
0000
0000
0000
,
0010
0000
0000
0000
,
0001
0000
0000
0000
,
0100
0000
0000
0000
,
0010
0000
0000
0000
,
0100
0000
0000
0000
,
0010
0000
0000
0000
;
