#TITLE:Bubble Dancer;
#SUBTITLE:;
#ARTIST:Crispy;
#TITLETRANSLIT:;
#SUBTITLETRANSLIT:;
#ARTISTTRANSLIT:;
#GENRE:;
#CREDIT:;
#BANNER:Bubble Dancer-banner.png;
#BACKGROUND:Bubble Dancer-bg.png;
#LYRICSPATH:;
#CDTITLE:;
#MUSIC:Bubble Dancer.ogg;
#OFFSET:-0.526;
#SAMPLESTART:63.581;
#SAMPLELENGTH:14.040;
#SELECTABLE:YES;
#BPMS:0.000=137.002;
#STOPS:;
#BGCHANGES:0.000=VOL1-27-NTSC.mpg=1.000=1=0=1===CrossFade==,
16.000=671_JumpBack.mpg=1.000=0=0=1=====,
32.000=jb_105.mpg=1.000=0=0=1=====,
48.000=VOL1-33-NTSC.mpg=1.000=0=0=1=====,
64.000=vol4-06-ntsc.mpg=1.000=0=0=1=====,
80.000=jb_105.mpg=1.000=1=0=1===CrossFade==,
112.000=vol3-07-ntsc.mpg=1.000=0=0=1=====,
128.000=VOL1-27-NTSC.mpg=1.000=0=0=1=====,
134.750=Bubble Dancer-bg.png=1.000=0=0=1=====,
135.500=VOL1-27-NTSC.mpg=1.000=0=0=1=====,
144.000=671_JumpBack.mpg=1.000=0=0=1=====,
160.000=jb_105.mpg=1.000=0=0=1=====,
176.000=VOL1-33-NTSC.mpg=1.000=0=0=1=====,
192.000=vol4-06-ntsc.mpg=1.000=0=0=1=====,
208.000=EV01453N.mpg=1.000=0=0=1=====,
224.000=vol4-14-ntsc.mpg=1.000=0=0=1=====,
240.000=EV01453N.mpg=1.000=0=0=1=====,
256.000=vol4-14-ntsc.mpg=1.000=0=0=1=====,
272.000=Bubble Dancer-bg.png=1.000=0=0=1=====,
99999=-nosongbg-=1.000=0=0=0 // don't automatically add -songbackground-
;
#KEYSOUNDS:;
// cache tags:
#FIRSTBEAT:16.000;
#LASTBEAT:272.000;
#SONGFILENAME:/Songs/In The Groove/Bubble Dancer/Bubble Dancer.sm;
#HASMUSIC:1;
#HASBANNER:1;
#MUSICLENGTH:122.627;
// end cache tags

//---------------dance-single - R. McKanna----------------
#NOTES:
     dance-single:
     R. McKanna:
     Hard:
     7:
     0.382,0.000,0.082,0.179,0.126,296.000,10.000,22.000,0.000,0.000,0.000:


0000
0000
0000
0000
,
0000
0000
0000
0000
,
0000
0000
0000
0000
,
0000
0000
0000
0000
,
1001
0000
0000
0001
1000
0001
0000
1000
,
0000
0010
0000
0100
0000
0000
0000
0000
,
0000
0010
1000
0010
0000
0100
0000
0100
,
0000
0100
0000
0000
0010
0000
0100
0000
,
1001
0000
0000
0100
1000
0100
0000
1000
,
0000
0001
0000
0010
0000
0000
0000
0000
,
0000
0100
0010
0100
0000
1000
0000
1000
,
0000
1000
0000
0000
1000
0000
1000
0000
,
1000
0000
0000
0000
0100
0000
0000
0100
0010
0000
0001
0000
0010
0000
0000
0000
,
0100
1000
0010
1000
0100
0000
0010
0000
,
0001
0000
0000
0000
1000
0000
0000
1000
0001
0000
0010
0000
0100
0000
0000
0000
,
2000
3020
0230
0301
,
1000
0000
0000
0000
1000
0000
0000
0010
1000
0000
0100
0000
1000
0000
0000
0000
,
0001
1000
0001
1000
0001
0000
0100
0000
,
0010
0000
0000
0000
0010
0000
0000
1000
0010
0000
0100
0000
0010
0000
0000
0000
,
2000
3002
0023
0130
,
1100
0011
0010
0001
,
0100
0001
0100
0000
0010
1000
0010
0000
,
0200
0302
0013
0100
,
1000
0010
0100
0001
,
0101
1010
0010
1000
,
0100
1000
0100
0000
0010
0001
0010
0000
,
0200
2300
0000
0000
,
3010
0000
0100
0000
0001
0010
0001
0000
,
0000
0000
0100
0000
0000
0100
0000
0000
0001
0000
0000
0001
0000
0000
0001
0000
,
0000
0000
0010
0000
0000
0001
0000
0000
1000
0000
0000
0001
0000
0000
0010
0000
,
0000
0000
0100
0000
0000
0100
0000
0000
1000
0000
0000
1000
0000
0000
1000
0000
,
0000
0000
0010
0000
0000
1000
0000
0000
0001
0000
0000
1000
0000
0000
0010
0000
,
0000
0000
0100
0000
0000
0001
0000
0000
0100
0000
0000
0010
0000
0000
1000
0000
,
0000
0000
0001
0000
0000
0010
0000
0000
0100
0000
0000
1000
0000
0000
0010
0000
,
0000
0000
0100
0000
0000
0010
0000
0000
1000
0000
0000
0100
0000
0000
0010
0000
,
0000
0000
0001
0000
0000
1000
0000
0000
0100
0000
0000
0000
0000
0000
0000
0000
,
1001
0000
0000
1000
0001
1000
0000
0001
,
0000
0100
0000
0010
0000
0000
0000
0000
,
0000
0100
0001
0100
0000
0010
0000
0010
,
0000
0010
0000
0000
0100
0000
0010
0000
,
1001
0000
0000
0010
0001
0010
0000
0001
,
0000
1000
0000
0100
0000
0000
0000
0000
,
0000
0010
0100
0010
0000
0001
0000
0001
,
0000
0001
0000
0000
0001
0000
0001
0000
,
0001
0000
0000
0000
0010
0000
0000
0010
0100
0000
1000
0000
0100
0000
0000
0000
,
0010
0001
0100
0001
0010
0000
0100
0000
,
1000
0000
0000
0000
0001
0000
0000
0001
1000
0000
0100
0000
0010
0000
0000
0000
,
0002
0203
0320
1030
,
0001
0000
0000
0000
0001
0000
0000
0100
0001
0000
0010
0000
0001
0000
0000
0000
,
1000
0001
1000
0001
1000
0000
0010
0000
,
0100
0000
0000
0000
0100
0000
0000
0001
0100
0000
0010
0000
0100
0000
0000
0000
,
0002
2003
3200
0310
,
0011
0000
2000
0000
0000
0000
0000
3001
,
0000
0010
0001
0010
0100
0000
1000
0010
,
0100
0000
0002
0000
0000
0000
0000
1003
,
0000
0100
1000
0001
1000
0000
0010
0100
,
0001
0000
0002
0000
0000
0000
0000
0013
,
0000
0001
0010
0001
0100
0000
0100
0010
,
1000
0000
2000
0000
0000
0000
0000
3010
,
0000
0100
0001
0010
0100
0000
1001
0000
,
0001
0000
2000
0000
0000
0000
0000
3001
,
0000
0100
0010
1000
0100
0000
0010
0001
,
0100
0000
0002
0000
0000
0000
0000
0003
,
1000
0100
0010
0100
,
1000
0000
0000
0001
0000
0000
1000
0000
0000
0001
0000
0000
1000
0000
0100
0000
,
0010
0000
0000
0100
0000
0000
0010
0000
0000
0100
0000
0000
0010
0000
0100
0000
,
1000
0000
0000
0001
0000
0000
0010
0000
0000
0100
0000
0000
1000
0000
0001
0000
,
0100
0000
0000
0010
0000
0000
1000
0000
0000
0001
0000
0000
0010
0000
0100
0000
,
1000
0000
0000
0000
;

//---------------dance-single - R. McKanna----------------
#NOTES:
     dance-single:
     R. McKanna:
     Medium:
     5:
     0.330,0.000,0.204,0.065,0.000,250.000,25.000,8.000,0.000,0.000,0.000:


0000
0000
0000
0000
,
0000
0000
0000
0000
,
0000
0000
0000
0000
,
0000
0000
0000
0000
,
1001
0000
0000
0000
1000
0100
0000
1000
,
0000
1001
0000
1001
0000
0000
0000
0000
,
0000
0100
0010
0100
0000
0010
0000
0100
,
0000
0010
0000
0000
0000
0000
0000
0000
,
1001
0000
0000
0000
0001
0010
0000
0001
,
0000
1001
0000
1001
0000
0000
0000
0000
,
0000
0100
0010
0100
0000
0010
0000
0100
,
0000
0010
0000
0000
0000
0000
0000
0000
,
1000
0000
0001
0000
1000
0100
0000
0000
,
1000
0010
1000
0010
1000
0000
0100
0000
,
0010
0000
0001
0000
0100
0010
0000
0000
,
1000
1001
0101
0100
,
0010
0000
0100
0000
0001
0010
0000
0000
,
0100
0010
0100
0010
0100
0000
1000
0000
,
0001
0000
0100
0000
0010
1000
0000
0000
,
0100
1001
1001
0000
,
0001
0000
0001
0000
0000
0000
0000
0001
,
0000
0001
0010
0001
0100
0000
0100
0010
,
1000
1000
0100
0000
,
0010
0000
0100
1000
,
1000
0000
1000
0000
0000
0000
0000
1000
,
0000
1000
0100
1000
0010
0000
0010
0100
,
0001
0001
0100
0000
,
0100
0000
0010
0000
1000
0100
1000
0000
,
0001
0001
0100
0100
,
1000
0100
0001
0100
0000
0000
0001
0000
,
1000
1000
0001
0001
,
0100
0010
0100
1001
,
1000
1000
0010
0010
,
0001
0010
1000
0010
0000
0000
1001
0000
,
0100
0100
0001
0001
,
0010
0100
0100
0000
,
1001
0000
0000
0000
0001
0010
0000
0001
,
0000
1001
0000
1001
0000
0000
0000
0000
,
0000
0010
0100
0010
0000
0100
0000
0010
,
0000
0100
0000
0000
0000
0000
0000
0000
,
1001
0000
0000
0000
1000
0100
0000
1000
,
0000
1001
0000
1001
0000
0000
0000
0000
,
0000
0010
0100
0010
0000
0100
0000
0010
,
0000
0100
0000
0000
0000
0000
0000
0000
,
0001
0000
1000
0000
0001
0010
0000
0000
,
0001
0100
0001
0100
0001
0000
0010
0000
,
0100
0000
1000
0000
0010
0100
0000
0000
,
0001
1001
1010
0010
,
0100
0000
0010
0000
1000
0100
0000
0000
,
0010
0100
0010
0100
0010
0000
0001
0000
,
1000
0000
0010
0000
0100
0001
0000
0000
,
0010
1001
1001
0000
,
1000
0020
0100
0130
,
0001
0010
0100
1000
,
0001
0200
0010
0310
,
1000
0010
0100
1001
,
1000
0020
0100
0130
,
0001
1000
0100
0010
,
0001
0200
0010
0310
,
0001
0010
0100
1000
,
1000
0200
0010
0310
,
0001
0000
0100
0010
1000
0000
0001
0010
,
0100
0020
0100
0130
,
1000
0010
0100
0001
,
0010
1001
1000
0100
,
0010
0001
0010
0100
,
2000
0010
0100
0010
,
3002
0010
0100
0013
,
1001
0000
0000
0000
;

//---------------dance-single - R. McKanna----------------
#NOTES:
     dance-single:
     R. McKanna:
     Easy:
     3:
     0.203,0.000,0.139,0.016,0.000,155.000,17.000,2.000,0.000,0.000,0.000:


0000
0000
0000
0000
,
0000
0000
0000
0000
,
0000
0000
0000
0000
,
0000
0000
0000
0000
,
0010
0000
0000
0000
,
0010
0001
1000
0000
,
0100
0000
0100
0000
,
1000
0000
1000
0000
,
0010
0000
0000
0000
,
0010
1000
0001
0000
,
0100
0000
0100
0000
,
0001
0000
0001
0000
,
1001
0000
1000
0000
,
0010
0010
0010
0000
,
0100
0000
0001
0000
,
0010
0010
0010
0000
,
1001
0000
0001
0000
,
0100
0100
0100
0000
,
0010
0000
1000
0000
,
0100
0100
0100
0010
,
1001
0000
0000
0000
,
0001
0001
0010
0010
,
0100
2000
0000
3000
,
0000
0000
0000
0001
,
0001
0001
0000
0000
,
1000
1000
0100
0100
,
0010
0002
0000
0003
,
0100
0100
0100
0100
,
0001
0000
0010
0000
,
0100
0000
1000
1000
,
0001
0000
0100
0000
,
0010
0100
0010
0010
,
1000
0000
0100
0000
,
0010
0001
0010
0001
,
1000
0000
0010
0000
,
0100
0010
0100
0000
,
1001
0000
0000
0000
,
0100
1000
0001
0000
,
0010
0000
0010
0000
,
0001
0000
0001
0001
,
0100
0000
0000
0000
,
0100
0001
1000
0000
,
0010
0000
0010
0000
,
1000
0000
1000
0000
,
1001
0000
0001
0000
,
0100
0100
0100
0000
,
0010
0000
1000
0000
,
0100
0100
0100
0000
,
1001
0000
1000
0000
,
0010
0010
0010
0000
,
0100
0000
0001
0000
,
0010
0010
0010
0100
,
1001
0000
1000
0000
,
0100
0000
0010
0000
,
1001
0000
0001
0000
,
0010
0000
0100
0000
,
1001
0000
0010
0000
,
0100
0000
0001
0000
,
1001
0000
0010
0000
,
0100
0000
1000
1000
,
1001
0000
1000
0000
,
0001
0000
1000
0000
,
0110
0000
0001
0000
,
1000
0000
0001
0000
,
1001
0000
0100
0000
,
1001
0000
0100
0000
,
1001
0010
0100
1000
,
1001
0100
0010
0001
,
1001
0000
0000
0000
;

//---------------dance-double - K. Ward----------------
#NOTES:
     dance-double:
     K. Ward:
     Easy:
     3:
     0.197,0.000,0.106,0.000,0.000,156.000,13.000,0.000,0.000,0.000,0.000:


00000000
00000000
00000000
00000000
,
00000000
00000000
00000000
00000000
,
00000000
00000000
00000000
00000000
,
00000000
00000000
00000000
00000000
,
10000000
00000000
00000000
00000000
,
00010000
00000000
00000000
00000000
,
00100000
00000000
00000000
00000000
,
00001000
00000000
00001000
00000000
,
00100000
00000000
00000000
00000000
,
00001000
00000000
00000000
00000000
,
00010000
00000000
00000010
00000000
,
00001000
00000100
00010000
00001000
,
10000000
00000000
00010000
00000000
,
00100000
00010000
00010000
00000000
,
10000000
00000000
00100000
00000000
,
01000000
00010000
00010000
00000000
,
00100000
00000000
00001000
00000000
,
00010000
00000010
00000010
00000000
,
00001000
00000000
00000001
00000000
,
00001000
00000010
00000100
00000010
,
00001000
00000000
00010000
00000000
,
00100000
00000000
01000000
00000000
,
10000000
00000000
10000000
00000000
,
00100000
01000000
00100000
00100000
,
10000000
00000000
00100000
00000000
,
00010000
00000000
00001000
00000000
,
00000100
00000000
00000010
00000000
,
00000001
00000100
00000010
00001000
,
00000000
00000011
00000000
00000000
,
00000000
00001100
00000000
00000000
,
00000000
00000110
00000000
00000000
,
00000000
00011000
00010000
00001000
,
00000000
11000000
00000000
00000000
,
00000000
00110000
00000000
00000000
,
00000000
01100000
00000000
00000000
,
00000000
00011000
00011000
00000000
,
10000000
00000000
00010000
00000000
,
01000000
00010000
00010000
00000000
,
00100000
00000000
00001000
00000000
,
00010000
00010000
00010000
00000010
,
00000100
00000000
00000001
00000000
,
00001000
00000010
00000010
00000000
,
00001000
00000000
00000100
00000000
,
00010000
00001000
00010000
00011000
,
10000000
00000000
00010000
00000000
,
01000000
00010000
00010000
00000000
,
00100000
00000000
00001000
00000000
,
00010000
00010000
00010000
00000000
,
00000010
00000000
00001000
00000000
,
00000010
00000010
00001000
00000000
,
00000100
00000000
00100000
00000000
,
00010000
00100000
00010000
00010000
,
10000000
00000000
00010000
00000000
,
00010000
00000000
00100000
00000000
,
00100000
00000000
00001000
00000000
,
00001000
00010000
00001100
00000000
,
00000010
00000100
00000001
00000000
,
00001000
00000100
00010000
00010000
,
00001000
01000000
00000000
00000000
,
10000000
10000000
00110000
00000000
,
10000000
00010000
00010000
00100000
,
00001000
00001000
00010000
00000010
,
00000010
00000000
00001000
00000000
,
00000001
00000010
00000100
00001000
,
00010000
00000000
00001000
00000000
,
00100000
00000000
00010000
00000000
,
10000000
01000000
00100000
01000000
,
10000000
00010000
00100000
00001000
,
00011000
00000000
00000000
00000000
;

//---------------dance-double - K. Ward----------------
#NOTES:
     dance-double:
     K. Ward:
     Medium:
     7:
     0.319,0.000,0.285,0.106,0.000,226.000,35.000,13.000,0.000,0.000,0.000:


00000000
00000000
00000000
00000000
,
00000000
00000000
00000000
00000000
,
00000000
00000000
00000000
00000000
,
00000000
00000000
00000000
00000000
,
10010000
00000000
00000000
00000000
00000000
00000000
00000000
00001001
,
00001001
00000000
00000000
00000000
,
10010000
00000000
00000000
00000000
00000000
00000000
00000000
00001000
,
00000001
00000000
00000001
00000000
00000001
00000100
00000001
00000000
,
00001001
00000000
00000000
00000000
00000000
00000000
00000000
10010000
,
10010000
00000000
00000000
00000000
,
00001001
00000000
00110000
00100000
,
00010000
10000000
00010000
00000000
00010000
00100000
00010000
10000000
,
00010000
00100000
10100000
01000000
,
10000000
00000000
01000000
00000000
00100000
00010000
00100000
00000000
,
00001000
00010000
00000010
00001000
,
00000001
00000000
00000001
00000000
00000001
00000000
00001000
00000010
,
00001000
00000100
00100000
00010000
,
10000000
00100000
10000000
00010000
,
00100000
00001000
00010000
00000100
,
00001100
00001000
00001010
00000000
,
00000001
00001000
00000010
00010000
,
00001000
00010000
00000010
00001000
,
00001000
00000000
00000002
00000000
00000000
00000000
00001003
00000010
,
00000000
00000000
00001000
00000010
00000000
00000000
00011000
00000000
,
10000000
00010000
01000000
00001000
,
00010000
00001000
01000000
00010000
,
00010000
00000000
20000000
00000000
00000000
00000000
30010000
01000000
,
00000000
00000000
00010000
01000000
00010000
00000000
00011000
00000000
,
00000010
00000010
00000100
00001001
,
00001000
00001000
00000001
00001100
,
00100000
00100000
00010000
00010000
,
10000000
11000000
00010000
00110000
,
00100000
00001000
00010000
00000010
,
00001000
00000001
00001000
00001100
,
00000100
00000100
00000010
00000010
,
00000001
00000001
00001001
00000000
,
00010000
00000000
01000000
00100000
10000000
00000000
00100000
01000000
,
00010000
10000000
11000000
00000000
,
00100000
00001000
00010000
00001000
,
00011000
00000000
00000000
00000000
,
00010000
00000000
00001000
00100000
00010000
00000000
01000000
00100000
,
10000000
00100000
11000000
00000000
,
10000000
00000000
00010000
00000000
00100000
00001000
00010000
00000000
,
00011000
00000000
00000000
00000000
,
00200000
00000000
00310000
00000000
,
00100000
00010000
10000000
00000000
00100000
00000000
00000000
00000000
,
01000000
00010000
00020000
00000000
,
00130000
10000000
11000000
00000000
,
00001000
00010000
00000010
00000000
00001100
00000000
00000000
00000000
,
00000010
00000100
00000010
00000000
00001100
00000000
00000000
00000000
,
00000010
00001000
00000010
00000000
00000100
00000001
00001000
00000000
,
00000200
00000000
00010300
00011000
,
10000000
00020000
00000000
00000000
,
01030000
00000000
00100000
00000000
00100000
00000000
00100000
01000000
,
00010000
02000000
00000000
00000000
,
03010000
00100000
00001000
00001000
,
00020000
00000000
00000000
00030010
,
00000200
00000000
00000000
00000301
,
00002000
00000000
00000100
00000000
00000000
00000000
00003100
00010000
,
00001000
00010000
00011000
00100000
,
00110000
00000000
00020000
00000000
00000000
00000000
00000000
10030000
,
00100000
00000000
01100000
00010000
,
00100000
00000000
00002000
00000000
00000000
00000000
00000000
00010000
,
00013000
00000010
00001000
00000001
,
00002000
00000010
00000000
00003010
,
00001100
00000000
00000011
00000000
,
00011000
00000000
01100000
00000000
,
10000000
00010000
00100000
00001000
,
00010000
00000000
00000000
00000000
;

//---------------dance-double - K. Ward----------------
#NOTES:
     dance-double:
     K. Ward:
     Hard:
     9:
     0.487,0.000,0.269,0.236,0.135,356.000,33.000,29.000,40.000,0.000,0.000:


00000000
00000000
00000000
00000000
,
00000000
00000000
00000000
00000000
,
00000000
00000000
00000000
00000000
,
00000000
00000000
00000000
00000000
,
00100000
00000000
00000000
00010000
00000000
00000000
00101000
00000000
00000000
00000000
00000000
00000000
00000000
00000000
00010000
00000000
,
00000100
00000000
00000000
00001000
00000000
00000000
00010100
00000000
00000000
00000000
00000000
00000000
00000000
00000000
00000000
00000000
,
00010000
00000000
00000000
10000000
00000000
00000000
00010000
00000000
00000000
00000000
10000000
00000000
00000000
00000000
00010000
00000000
,
10010000
00000000
00000000
00000000
,
00000001
00000000
00000000
00001000
00000000
00000000
00010100
00000000
00000000
00000000
00000000
00000000
00000000
00000000
10000000
00000000
,
00010000
00000000
00000000
00100000
00000000
00000000
00101000
00000000
00000000
00000000
00000000
00000000
00000000
00000000
00000000
00000000
,
00001020
00000000
00000000
00001000
00000000
00000000
00001000
00000000
00000000
00000000
00001030
00000000
00000001
00000000
00000001
00000000
,
00001001
00011000
00001100
00001001
,
00000001
00000000
00000000
00000001
00001000
00000000
00000000
00001000
00000100
00000000
00000000
00000100
00010000
00000000
00000000
00010000
,
00100000
00000000
00000000
00100000
10000000
00000000
00000000
10000000
01000000
00000000
00000000
01000000
00100000
00000000
00000000
00100000
,
00001000
00000000
00000000
00001000
00010000
00000000
00000000
00010000
00000010
00000000
00000000
00000010
00010000
00000000
00000000
00010000
,
00000100
00000000
00000000
00000100
00001000
00000000
00000000
00001000
00000010
00000000
00000000
00000000
00000200
00000000
00000001
00000000
,
00000301
00000000
00000000
00000001
00001000
00000000
00000000
00001000
00000100
00000000
00000000
00000100
00010000
00000000
00000000
00010000
,
00100000
00000000
00000000
00100000
10000000
00000000
00000000
10000000
01000000
00000000
00000000
01000000
00100000
00000000
00000000
00100000
,
00001000
00000000
00000000
00001000
00010000
00000000
00000000
00010000
00000010
00000000
00000000
00000010
00010000
00000000
00000000
00010000
,
00000100
00000000
00000000
00000100
00001000
00000000
00000000
00000000
00001100
00000000
00000000
00000000
00000000
00000000
00000000
00000000
,
10000000
10000000
00100000
01000000
00100000
00100000
01000000
00010000
,
00100000
00100000
00010000
00100000
00001000
00001000
00010000
00000010
,
00001000
00001000
00000100
00001000
00000001
00000001
00000100
00000010
,
00000100
00000100
00000010
00001000
00000100
00000100
00002000
00000000
,
00003010
00001010
00000000
00000110
00000000
00000011
00000000
00001100
,
00000100
00010100
00000000
00011000
00000000
01010000
00000000
00100000
,
00010000
00110000
00000000
00100000
00000000
10010000
00000000
00010000
,
01010000
00000000
00100000
00000000
01000000
00100000
11000000
00000000
,
10000000
00100000
01000000
00000000
00010000
00100000
00001000
00000000
,
00010000
00000100
00001000
00000010
00000100
00000001
00000200
00000000
,
00000310
00000000
00002000
00000000
00003100
00000000
00010000
00001000
,
00000000
00010000
00110000
00000000
00001100
00010000
00011000
00000000
,
00000001
00000100
00000010
00000000
00001000
00000100
00010000
00000000
,
00001000
00100000
00010000
01000000
00100000
00000000
0MM00000
00000000
,
01000000
00000000
00020000
00000000
00230000
00000000
00301000
00020000
,
00000000
00031000
00000000
000MM000
00000000
00000000
00000000
00000000
,
10000000
01000000
10000000
00100000
10000000
01000000
00100000
00001000
,
00010000
00000010
00001000
00000001
00000100
00000000
00000011
00000000
,
00000001
00000010
00000001
00000100
00000001
00000010
00000100
00010000
,
00001000
01000000
00010000
10000000
00100000
00000000
11000000
00000000
,
10000000
01000000
10000000
00100000
10000000
01000000
00100000
00001000
,
00010000
00000010
00001000
00000001
00000100
00000000
00000011
00000000
,
00000001
00000010
00000001
00000100
00000001
00000010
00000100
00010000
,
00001000
01000000
00010000
10000000
00100000
00000000
11000000
00000000
,
00100000
10000000
00100000
00000000
10000000
01000000
00010000
00000000
,
00001000
00001000
00010000
00000100
00001000
00000000
00001001
00000000
,
00000010
00000001
00000010
00000000
00000001
00000100
00001000
00000000
,
00010000
00010000
00001000
01000000
00010000
00000000
10010000
00000000
,
00100000
10000000
00100000
00000000
10000000
01000000
00010000
00000000
,
00001000
00001000
00010000
00000100
00001000
00000000
00001001
00000000
,
00000010
00000001
00000010
00000000
00000001
00000100
00001000
00000000
,
00010000
00010000
00001000
01000000
00010000
00010000
00110000
00000000
,
20000000
00000000
30010000
MMMMMMMM
,
00020000
00000000
00130000
MMMMMMMM
,
00002000
00000000
00013000
MMMMMMMM
,
00000002
00000000
00001003
MMMMMMMM
,
00000020
00000130
00000002
00001003
,
00002000
00103000
00200000
10300000
,
20000000
30010000
00020000
00030100
,
00000200
00000000
00000301
00000000
00000002
00000000
00000003
0000MMMM
,
00000002
00000000
00000003
00000001
00002000
00000000
00003000
00001000
,
00200000
00000000
00300000
01000000
20000000
00000000
30000000
00100000
,
00020000
00000000
00030000
00001000
02000000
00000000
03000000
10000000
,
02000000
13000000
00020000
10030000
,
10000000
00100000
00010000
00001000
00000001
00000010
00001000
00010000
,
00010000
00001000
01000000
00100000
00001000
00010000
01000000
00100000
,
00001000
00010000
01000000
00100000
00001000
00010000
01000000
00100000
,
10000000
01000000
00010000
01000000
00010000
10000000
00020000
00000000
,
10030000
00000000
00000000
00000000
;

//---------------lights-cabinet - ----------------
#NOTES:
     lights-cabinet:
     :
     Easy:
     1:
     1.000,0.000,1.000,0.000,0.122,386.000,243.000,0.000,0.000,155.000,0.000:


00000000
00000000
00000000
00000000
,
00000000
00000000
00000000
00000000
,
00000011
11110000
00000011
11110000
,
00000011
00000000
11110011
00000000
11110011
11110000
11110011
00000000
,
10010011
00000000
00000000
00010000
11000000
00010000
00000000
10000011
,
00000011
00100000
00000000
01000000
00000000
01100000
00000000
10010000
,
00000011
00100000
10000000
00100000
00000000
01000000
00000000
01000011
,
00000011
01000000
00000000
01010000
10100000
00000000
01000000
00000000
,
10010011
00000000
00000000
01000000
10100000
01000000
00000000
10000011
,
00000011
00010000
00000000
00100000
00000000
11000000
00000000
01010000
,
00000011
01000000
00100000
01000000
00000000
10000000
00000000
10000011
,
00000011
10000000
00000000
00110000
11000011
00000000
10000011
00000000
,
11000011
00000000
00000000
00000000
01000011
00000000
00000000
01000000
00100011
00000000
00010000
00000000
00100011
00000000
00000000
00000000
,
01100011
10000000
00100011
10000000
01010011
00000000
00100011
00000000
,
00110011
00000000
00000000
00000000
10000011
00000000
00000000
10000000
00010011
00000000
00100000
00000000
01000011
00000000
00000000
00000000
,
11000011
00000000
00100011
00000000
01100011
00000000
00010011
00000011
,
10100011
00000000
00000000
00000000
10000011
00000000
00000000
00100000
10000011
00000000
01000000
00000000
10000011
00000000
00000000
00000000
,
00010011
10000000
00010011
10000000
01010011
00000000
01000011
00000000
,
00110011
00000000
00000000
00000000
00100011
00000000
00000000
10000000
00100011
00000000
01000000
00000000
00100011
00000000
00000000
00000000
,
11000011
00000000
00010011
00000000
00110011
00000000
01000011
00000011
,
11000011
00110011
00110011
00010011
,
01010011
00010000
01000011
00000000
01100011
10000000
00100011
00000000
,
01100011
00010011
10100011
01000011
,
11000011
00000000
00100011
00000000
01010011
00000000
00010011
00000011
,
01010011
10100011
00110011
10000011
,
11000011
10000000
01000011
00000000
00110011
00010000
00100011
00000000
,
01010011
10000011
00110011
11000011
,
00110011
00000000
01000011
00000000
01010011
00100011
00010011
00000000
,
00000011
00000000
01000000
00000000
00000011
01000000
00000000
00000000
00010011
00000000
00000000
00010000
00000011
00000000
00010000
00000000
,
00000011
00000000
00100000
00000000
00000011
00010000
00000000
00000000
11000011
00000000
00000000
00010000
00000011
00000000
00100000
00000000
,
00000011
00000000
01000000
00000000
00000011
01000000
00000000
00000000
11000011
00000000
00000000
10000000
00000011
00000000
10000000
00000000
,
00000011
00000000
00100000
00000000
00000011
10000000
00000000
00000000
00110011
00000000
00000000
10000000
00000011
00000000
00100011
00000000
,
00000011
00000000
01000000
00000000
00000011
00010000
00000000
00000000
11000011
00000000
00000000
00100000
00000011
00000000
10000000
00000000
,
00000011
00000000
00010000
00000000
00000011
00100000
00000000
00000000
01010011
00000000
00000000
00000000
11111111
00000000
00100000
00000000
,
00000011
00000000
01000000
00000000
00000011
00100000
00000000
00000000
11000011
00000000
00000000
01000000
00000011
00000000
00100000
00000000
,
00000011
00000000
00010000
00000000
00000011
10000000
00000000
00000000
01100011
00000000
00000000
00000000
00000000
00000000
00000000
00000000
,
10010011
00000000
00000011
10000000
00110011
10000000
00000011
00010000
,
00000011
01000000
00000011
00100000
00000011
00000000
10010011
00000000
,
00000011
01000000
00010011
01000000
00000011
00100000
00000011
00100000
,
00000011
00100000
00000011
00000000
01100011
00000000
00100011
00000011
,
10010011
00000000
00000011
00100000
00010011
00100000
00000011
00010000
,
00000011
10000000
00000011
01000000
00000011
00000000
01010011
00000000
,
00000011
00100000
01000011
00100000
00000011
00010000
00000011
00010000
,
00000011
00010000
00000011
00000000
00010011
00000000
00010011
00000011
,
00110011
00000000
00000000
00000000
00100011
00000000
00000000
00100000
01000011
00000000
10000000
00000000
01000011
00000000
00000000
00000000
,
10100011
00010000
01000011
00010000
00110011
00000000
01000011
00000000
,
10100011
00000000
00000000
00000000
00010011
00000000
00000000
00010000
10000011
00000000
01000000
00000000
00100011
00000000
00000000
00000000
,
00010011
00000000
01000011
00000000
10100011
00000000
10000011
00000011
,
00010011
00000000
00000000
00000000
00010011
00000000
00000000
01000000
00010011
00000000
00100000
00000000
00010011
00000000
00000000
00000000
,
11000011
00010000
10000011
00010000
11000011
00000000
00100011
00000000
,
11000011
00000000
00000000
00000000
01000011
00000000
00000000
00010000
01000011
00000000
00100000
00000000
01000011
00000000
00000000
00000000
,
00010011
00000000
10000011
00000000
11000011
00000000
00100011
00000011
,
00110011
00000000
10000000
00000000
01100011
00000000
00000000
00010000
,
00000011
00100000
00010000
00100000
01010000
00000000
10000000
00100011
,
11000011
00000000
00010000
00000000
01100000
00000000
00000000
10000011
,
00000011
01000000
10000000
00010000
11000000
00000000
00100000
01000000
,
00010011
00000000
00010000
00000000
11000000
00000000
00000000
00100011
,
00000011
00010000
00100000
00010000
11000000
00000000
01000000
00100000
,
11000011
00000000
10000000
00000000
01100000
00000000
00000000
00100011
,
00000011
01000000
00010000
00100000
01100000
00000000
10010000
00000000
,
01010011
00000000
10000000
00000000
01100000
00000000
00000000
00010011
,
00000011
01000000
00100000
10000000
11000000
00000000
00100000
00010000
,
01100011
00000000
00010000
00000000
11000000
00000000
00110000
00000011
,
11000011
01000000
00100000
01000000
,
11000011
00000000
00000000
00010000
00000000
00000000
10000000
00000000
00000000
00010000
00000000
00000000
10000000
00000000
01000011
00000000
,
10100011
00000000
00000000
01000000
00000000
00000000
00100000
00000000
00000000
01000000
00000000
00000000
00100000
00000000
01000000
00000000
,
10100011
00000000
00000000
00010000
00000000
00000000
00100000
00000000
00000011
01000000
00000000
00000000
10000000
00000000
00010011
00000000
,
01100011
00000000
00000000
00100000
00000000
00000000
10000000
00000000
00000011
00010000
00000011
00000000
00100011
00000000
01000011
00000000
,
10000011
00000000
00000000
00000000
;

//---------------dance-single - M. Puls----------------
#NOTES:
     dance-single:
     M. Puls:
     Beginner:
     1:
     0.097,0.000,0.073,0.008,0.000,73.000,9.000,1.000,0.000,0.000,0.000:


0000
0000
0000
0000
,
0000
0000
0000
0000
,
0000
0000
0000
0000
,
0000
0000
0000
0000
,
0000
0000
0000
0000
,
0000
0000
0000
0000
,
1000
0000
0000
0000
,
0000
0000
0000
0000
,
0001
0000
0000
0000
,
1000
0000
0000
0000
,
0001
0000
0000
0000
,
1001
0000
0000
0000
,
1000
0000
1000
0000
,
1000
0000
0000
0000
,
0001
0000
0000
0000
,
0010
0000
0000
0000
,
0001
0000
0001
0000
,
0001
0000
0000
0000
,
1000
0000
0000
0000
,
0100
0000
0000
0000
,
1001
0000
0000
0000
,
0000
0000
0000
0000
,
1000
1000
0000
0000
,
0000
0000
0000
0001
,
0001
0001
0000
0000
,
0100
0000
0100
0000
,
0001
0002
0000
0000
,
0003
0000
0000
0000
,
0100
0000
0000
0000
,
0001
0000
0000
0000
,
1000
0000
0000
0000
,
0100
0000
0000
0000
,
1000
0000
0001
0000
,
1000
0000
0000
0000
,
0100
0000
0010
0000
,
0100
0000
0000
0000
,
1001
0000
0000
0000
,
1000
0000
1000
0000
,
1000
0000
0000
0000
,
0100
0000
0000
0000
,
0100
0000
0000
0000
,
0001
0000
0001
0000
,
0001
0000
1000
0000
,
0001
0000
1000
0000
,
0001
0000
0000
0000
,
0100
0000
0000
0000
,
0010
0000
0000
0000
,
0100
0100
0100
0000
,
1001
0000
0000
0000
,
0010
0000
0000
0000
,
0100
0000
0000
0000
,
0010
0000
0000
0000
,
1001
0000
0000
0000
,
0000
0000
0000
0000
,
1001
0000
0000
0000
,
0010
0000
0000
0000
,
1001
0000
0000
0000
,
0100
0000
0000
0000
,
0010
0000
0000
0000
,
0100
0000
0000
0000
,
1001
0000
0000
0000
,
0001
0000
0000
0000
,
0001
0000
0000
0000
,
1000
0000
0000
0000
,
1000
0000
0000
0000
,
0001
0000
0000
0000
,
1000
0000
0000
0000
,
0001
0000
0000
0000
,
1001
0000
0000
0000
;
