#TITLE:Remember December;
#SUBTITLE:;
#ARTIST:Mind Reflection;
#TITLETRANSLIT:;
#SUBTITLETRANSLIT:;
#ARTISTTRANSLIT:;
#GENRE:;
#CREDIT:;
#BANNER:Remember December-banner.png;
#BACKGROUND:Remember December-bg.png;
#LYRICSPATH:;
#CDTITLE:;
#MUSIC:Mind Reflection - Remember December.ogg;
#OFFSET:0.000;
#SAMPLESTART:101.027;
#SAMPLELENGTH:12.000;
#SELECTABLE:YES;
#BPMS:0.000=192.405;
#STOPS:;
#BGCHANGES:0.000=Remember December-bg.png=1.000=0=0=1=====,
15.000=666_JumpBack.mpg=1.000=1=0=1===CrossFade==,
32.000=EV01455N.mpg=1.000=0=0=1=====,
36.000=672_JumpBack.mpg=1.000=0=0=1=====,
52.000=EV01456N.mpg=1.000=0=0=1=====,
64.000=EV01456N.mpg=1.400=0=0=1=====,
68.000=669_JumpBack.mpg=1.000=0=0=1=====,
84.000=736_JumpBack.mpg=1.000=0=0=1=====,
96.000=736_JumpBack.mpg=1.600=0=0=1=====,
100.000=735_JumpBack.mpg=1.200=0=0=1=====,
116.000=VOL1-10-NTSC.mpg=1.800=0=0=1=====,
124.000=jb_048.mpg=1.200=0=0=1=====,
132.000=714_JumpBack.mpg=1.000=0=0=1=====,
148.000=671_JumpBack.mpg=1.000=0=0=1=====,
164.000=EV01455N.mpg=1.000=0=0=1=====,
180.000=666_JumpBack.mpg=1.000=0=0=1=====,
196.000=VOL1-16-NTSC.mpg=1.000=0=0=1=====,
204.000=VOL1-10-NTSC.mpg=1.800=0=0=1=====,
212.000=VOL1-12-NTSC.mpg=1.000=0=0=1=====,
220.000=vol3-15-ntsc.mpg=1.000=0=0=1=====,
228.000=739_JumpBack.mpg=1.000=0=0=1=====,
244.000=jb_105.mpg=1.000=0=0=1=====,
252.000=jb_048.mpg=1.000=0=0=1=====,
260.000=VOL1-35-NTSC.mpg=1.000=0=0=1=====,
276.000=vol3-08-ntsc.mpg=1.000=0=0=1=====,
292.000=672_JumpBack.mpg=1.000=0=0=1=====,
308.000=EV01456N.mpg=1.000=0=0=1=====,
324.000=669_JumpBack.mpg=1.000=0=0=1=====,
340.000=686_JumpBack.mpg=1.000=0=0=1=====,
356.000=736_JumpBack.mpg=1.000=0=0=1=====,
372.000=671_JumpBack.mpg=1.000=0=0=1=====,
388.000=EV01455N.mpg=1.000=0=0=1=====,
392.000=735_JumpBack.mpg=1.000=0=0=1=====,
396.000=666_JumpBack.mpg=1.000=0=0=1=====,
402.000=Remember December-bg.png=1.000=0=0=1=====,
99999=-nosongbg-=1.000=0=0=0 // don't automatically add -songbackground-
;
#KEYSOUNDS:;
// cache tags:
#FIRSTBEAT:16.000;
#LASTBEAT:402.000;
#SONGFILENAME:/Songs/In The Groove/Remember December/Remember December.sm;
#HASMUSIC:1;
#HASBANNER:1;
#MUSICLENGTH:125.984;
// end cache tags

//---------------dance-single - K. Ward----------------
#NOTES:
     dance-single:
     K. Ward:
     Hard:
     9:
     0.716,0.000,0.222,0.381,0.187,555.000,28.000,48.000,37.000,0.000,0.000:
0000
0000
0000
0000
,
0000
0000
0000
0000
,
0000
0000
0000
0000
,
0000
0000
0000
0000
,
0010
0000
0010
0000
1000
0001
0000
1000
,
0010
0000
0100
0001
0000
1000
0001
0000
,
0100
0000
0100
0000
0001
1000
0000
0010
,
0100
0000
0001
1000
0000
0001
1000
0000
,
0002
2003
3020
2030
,
3010
1000
0010
1000
0001
0100
0001
0100
,
0010
1000
0100
0010
0001
0100
0010
0000
,
0010
1000
0010
1000
0001
0100
0001
0100
,
0010
1000
0100
0010
0001
0100
0010
0000
,
0010
1000
0010
1000
0001
0100
0001
0100
,
0010
1000
0100
0010
0001
0100
0010
0000
,
0010
1000
0100
0010
0001
0100
0010
1000
,
0100
0010
0001
1000
0001
1000
0001
0000
,
1000
1000
0001
1000
0010
0100
0010
0000
,
0001
0001
1000
0001
0100
0010
0100
0000
,
0100
0100
1000
0100
1000
0010
1000
0000
,
0001
0001
0100
0001
0010
0001
0010
0000
,
1000
0010
1000
0002
0000
0000
0013
0000
,
0001
0100
0001
2000
0000
0000
3100
0000
,
0011
1100
0011
1100
,
1000
0010
0100
0001
0010
0001
0100
0001
,
1000
0000
0001
0000
0100
0010
1000
0000
,
0020
0130
0200
0310
,
0001
0000
1000
0000
0010
0100
0001
0000
,
0100
0001
1000
0010
0100
0001
1000
0000
,
0001
0000
1000
0000
0010
0100
0001
0000
,
0200
0310
0020
0130
,
0001
0000
1000
0000
0010
0100
0001
0000
,
1000
0010
0100
0010
1000
0001
1000
0000
,
2000
0010
3010
0000
0002
0100
0103
0000
,
0200
0010
0310
0000
0020
1000
1030
0000
,
0011
1010
1100
0011
,
1001
0000
0000
0000
0110
0000
0000
0000
1000
0000
0000
0001
1000
0000
0000
0001
,
2000
0010
3010
0000
0002
0100
0103
0000
,
0200
0010
0310
0000
0020
1000
1030
0000
,
0001
0010
0001
0010
0001
1000
0100
1000
,
2001
3010
0210
0301
,
1000
0100
1000
0000
0010
0001
0010
0000
,
1000
0100
1000
0001
1000
0100
1000
0000
,
0001
0010
0001
0000
1000
0100
1000
0000
,
0001
0010
0001
1000
0001
0010
0001
0000
,
1000
0100
1000
0100
0010
0001
0020
0000
,
0031
1000
0100
0010
0100
1000
0200
0000
,
1300
0001
1000
0100
0010
0001
0020
0000
,
0031
0100
0110
0000
0010
0100
0110
0000
,
1000
0000
0000
1000
0010
0000
0000
0000
0100
0000
0000
0100
0010
0000
0000
0000
,
0010
0000
0000
0010
1000
0000
0000
0000
2000
0000
0000
0000
3001
0000
0000
0000
,
0001
0000
0000
0001
1000
0000
0000
0000
1000
0000
0000
1000
0100
0000
0000
0000
,
0100
0000
0000
0000
0000
0000
0000
0000
0000
0100
0000
0000
1000
0000
0000
0000
0000
0000
0000
0000
0000
0000
0000
0000
1000
0000
0000
0000
0000
0000
0000
0000
0000
0000
0000
0000
0010
0000
0000
0000
0100
0000
0000
0000
0010
0000
0000
0000
,
0100
0000
0000
0100
0001
0000
0000
0000
0001
0000
0000
0001
1000
0000
0000
0000
,
1000
0000
0000
1000
0001
0000
0000
0000
0001
0000
0000
0001
1000
0000
0000
0000
,
0010
0000
0000
0010
0100
0000
0000
0100
0010
0000
0000
0010
0100
0000
0000
0100
,
0020
0000
0130
1001
,
0001
0000
0000
0001
1000
0000
0000
1000
0010
0000
0000
0010
0100
0000
0000
0100
,
0001
0000
0000
0001
0010
0000
0000
0010
0001
0000
0000
0001
0100
0000
0000
0100
,
0001
0000
0000
0001
1000
0000
0000
1000
0010
0000
0000
0010
0100
0000
0000
0100
,
0020
0100
1000
1030
,
0010
0000
0000
0010
1000
0000
0000
1000
0001
0000
0000
0001
0100
0000
0000
0100
,
0010
0000
0000
0010
1000
0000
0000
1000
0001
0000
0000
0001
0100
0000
0000
0100
,
0001
0000
0000
0100
0010
0000
0000
0001
0010
0000
0000
1000
0010
0000
0000
0100
,
0001
0000
0000
0010
0100
0000
0000
1000
0001
0000
0000
0100
0010
0000
0000
0000
,
2000
000M
0000
00M0
0000
000M
0000
00M0
,
0000
0M00
0000
0M00
3020
M000
0000
M000
,
0230
00M0
0000
M0M0
0000
000M
0000
M0M0
,
0302
00M0
0M00
M000
0000
0M00
0000
00M0
,
2003
0000
0M00
000M
0000
0000
00M0
0000
0000
0000
00M0
0000
0000
0000
0M00
0000
,
3020
0M00
0000
M000
0000
M000
0230
M000
,
0302
0M00
0000
00M0
0000
0M00
0000
M000
,
0023
0M0M
0000
M000
0230
M000
0000
00M0
,
1300
0000
0001
0000
0100
0010
1000
0000
,
0020
0130
0200
0310
,
0001
0000
1000
0000
0010
0100
0001
0000
,
0100
0000
0000
0000
0011
0000
0000
0000
0100
0000
0000
0000
0011
0000
0000
0001
,
1000
0000
1000
0000
0010
0100
0001
0000
,
0200
0310
0020
0130
,
0001
0000
1000
0000
0010
0100
0001
0000
,
0010
1100
0010
1100
,
1000
0010
1000
0010
1000
0010
1000
0100
,
0010
0001
0100
0010
1000
0001
0100
0000
,
0010
1000
0010
1000
0001
0100
0001
0100
,
0010
1000
0100
0010
0001
0100
0010
0000
,
0010
1000
0010
1000
0001
0100
0001
0100
,
0010
1000
0100
0010
0001
0100
0010
0000
,
0010
1000
0100
0010
0001
0100
0010
1000
,
0100
0010
0001
1000
0001
1000
0001
0000
,
1000
0001
1000
0010
0100
0001
1000
0010
,
0200
0010
0310
0000
0020
0100
0130
0000
,
0001
1000
0001
0100
0010
1000
0001
0100
,
0020
0100
0130
0000
0200
0010
0310
0000
,
0001
1000
0001
0100
0010
1000
0001
0100
,
0020
0100
0130
0000
0200
0010
0310
0000
,
0001
1000
0010
1000
0010
0100
0001
0100
,
0010
1000
0010
0100
0110
0000
0110
0000
,
2000
0000
3001
0000
,
0002
0000
1003
0000
,
0011
1010
1100
0011
,
1001
0110
1001
0000
;

//---------------dance-single - K. Ward----------------
#NOTES:
     dance-single:
     K. Ward:
     Easy:
     3:
     0.220,0.000,0.024,0.032,0.000,187.000,3.000,4.000,0.000,0.000,0.000:

0000
0000
0000
0000
,
0000
0000
0000
0000
,
0000
0000
0000
0000
,
0000
0000
0000
0000
,
0001
0000
1000
0000
,
0001
0000
0001
0000
,
0010
0000
0100
0000
,
0001
0000
1000
1000
,
0001
0000
0000
0000
,
0001
0000
0100
0000
,
0001
0000
0001
0000
,
0001
0000
0100
0000
,
0001
0000
0001
0000
,
0010
0000
0100
0000
,
0010
0000
0010
0000
,
1000
1000
1000
1000
,
0010
0000
0010
0000
,
1000
0000
0001
0000
,
1000
0000
0001
0000
,
0001
0000
0100
0000
,
0001
0000
0001
0000
,
0010
0000
0100
0000
,
0010
0000
0010
0000
,
1000
1000
1000
1000
,
0001
0000
0001
0000
,
1000
0000
0000
0000
,
0010
0000
0000
0000
,
1000
0000
0000
0000
,
0010
0000
0000
0000
,
1000
0000
0000
0000
,
0010
0000
0000
0000
,
1000
0000
0001
0000
,
0100
0000
0100
0100
,
0001
0000
0100
0000
,
0001
0000
1000
0000
,
0001
0000
0100
0000
,
0001
0000
1000
1000
,
0001
0000
0100
0000
,
0001
0000
0001
0000
,
1000
0000
1000
0000
,
0001
0001
0000
0000
,
0100
0000
0100
0000
,
0001
0000
0001
0000
,
0100
0000
0100
0000
,
0001
0000
0001
0000
,
0100
0000
0100
0000
,
0001
0000
0001
0000
,
1000
0000
1000
0000
,
0001
0000
0001
0000
,
0100
0000
0000
0000
,
0100
0000
0000
0000
,
0100
0000
0000
0000
,
0100
0000
0010
0000
,
0100
0000
0100
0000
,
0100
0000
0100
0000
,
0100
0100
0100
0100
,
0100
0000
0000
0000
,
0001
0001
0001
0001
,
0010
0010
0010
0010
,
0001
0001
0001
0001
,
0010
0001
0010
0001
,
0001
0001
0001
0001
,
0010
0010
0010
0010
,
0001
0001
0001
0001
,
0001
0000
0001
0000
,
0020
0000
0000
0000
,
0000
0000
0000
0000
,
2030
0000
0000
0000
,
0000
0000
0000
0000
,
3002
0000
0000
0000
,
0000
0000
0000
0000
,
0203
0000
0000
0000
,
0000
0000
0000
0000
,
0301
0000
0100
0000
,
0001
0000
1000
0000
,
0001
0000
0100
0000
,
0001
0000
1000
1000
,
0001
0000
0100
0000
,
0001
0000
0001
0000
,
1000
0000
1000
0000
,
0001
0001
0001
0000
,
0100
0000
0100
0000
,
0001
0000
0001
0000
,
0100
0000
0100
0000
,
0001
0000
0001
0000
,
0100
0000
0100
0000
,
0001
0000
0001
0000
,
1000
0000
0000
0000
,
0100
0000
1000
0000
,
0001
0000
0000
0000
,
0100
0000
0100
0000
,
0001
0000
0000
0000
,
0001
0000
0000
0000
,
0100
0000
0000
0000
,
0001
0000
0001
0000
,
0100
0000
0000
0000
,
0001
0000
0001
0000
,
0000
0000
1001
0000
,
0000
0000
1001
0000
,
1000
0000
0001
0000
,
1001
0000
0000
0000
;

//---------------dance-single - K. Ward----------------
#NOTES:
     dance-single:
     K. Ward:
     Medium:
     6:
     0.485,0.000,0.079,0.167,0.004,397.000,10.000,21.000,0.000,0.000,0.000:
0000
0000
0000
0000
,
0000
0000
0000
0000
,
0000
0000
0000
0000
,
0000
0000
0000
0000
,
0100
0100
0001
0000
,
0100
0000
0000
0001
0000
0001
1000
0000
,
0010
0010
1000
0000
,
0010
0000
0000
1000
0000
1000
0001
0000
,
2000
3000
0002
0003
,
0100
0001
0100
0000
0001
0000
1000
0000
,
0001
0100
0010
0000
1000
0000
0001
0000
,
0100
0001
0100
0000
0001
0000
1000
0000
,
0001
0100
0010
0000
1000
0010
0100
0001
,
0100
0001
0100
0000
0001
0000
1000
0000
,
0001
0100
0010
0000
1000
0000
0001
0000
,
0100
0001
0100
0000
0001
0000
1000
0000
,
0100
1000
0010
0000
1000
0010
0100
0000
,
0100
0001
0100
0000
0001
0000
1000
0000
,
0001
0100
0010
0000
1000
0000
0001
0000
,
0100
0001
0100
0000
0001
0000
1000
0000
,
0001
0100
0010
0000
1000
0010
0100
0001
,
0100
0001
0100
0000
0001
0000
1000
0000
,
0001
0100
0010
0000
1000
0000
0001
0000
,
0100
0001
0100
0000
0001
0000
1000
0000
,
0100
1000
0010
0000
1000
0010
0100
0001
,
1000
1000
0010
0010
,
0200
0000
0001
0301
,
1000
1000
0010
0010
,
0200
0000
0001
0301
,
1000
0001
0100
0100
,
0020
0000
1000
1030
,
0001
0001
0100
0100
,
0020
0000
1000
1030
,
0001
0100
0010
1000
,
0001
0100
0010
1000
,
1000
0010
0100
0001
,
1000
0000
0010
0000
0100
0000
0001
1000
,
0001
0100
0010
1000
,
0001
0100
0010
1000
,
1000
0010
0100
0001
,
1000
0000
0010
0000
0100
0000
0001
1000
,
0001
0001
0100
0100
,
0001
0010
0001
0000
1001
0000
1001
0000
,
0001
0001
0100
0100
,
0001
0010
0001
0000
1001
0000
1001
0000
,
1000
1000
0010
0010
,
1000
0100
1000
0000
1001
0000
1001
0000
,
1000
1000
0010
0010
,
1000
0100
1000
0000
1001
0000
1001
0000
,
2000
0000
3010
0000
,
0200
0000
0310
0000
,
2000
0000
3010
0000
,
0200
0000
0310
0110
,
0002
0103
0020
0130
,
0002
0103
0020
0130
,
0001
1000
0001
1000
,
0002
0000
0000
0003
,
1000
0001
0100
0010
,
1000
0100
1000
0010
,
1000
0001
0100
0010
,
0200
0000
0001
0301
,
0100
0001
1000
0010
,
0100
0001
1000
0010
,
1000
0100
0100
0100
,
1000
1000
0001
0001
,
1000
0001
1000
0000
,
0110
0000
0020
0030
,
1000
0001
1000
0000
,
0020
0000
0100
0030
,
0001
1000
0010
0100
,
0020
0000
0130
0000
,
0001
0100
0010
0000
,
2000
0000
3010
0000
,
1000
1000
0010
0100
,
0100
0010
1000
0001
,
0001
1000
0010
0100
,
0100
0000
0000
0000
0010
0000
0000
0000
1000
0000
0000
0000
0001
0000
0000
1000
,
0001
0001
0100
0010
,
0010
0100
0001
1000
,
1000
0001
0100
0010
,
0010
0100
0001
1000
,
0100
0001
0100
0000
0001
0000
1000
0000
,
0001
0100
0010
0000
1000
0000
0001
0000
,
0100
0001
0100
0000
0001
0000
1000
0000
,
0001
0100
0010
0000
1000
0010
0100
0001
,
0100
0001
0100
0000
0001
0000
1000
0000
,
0001
0100
0010
0000
1000
0000
0001
0000
,
0100
0001
0100
0000
0001
0000
1000
0000
,
0100
0000
0010
0000
1000
0010
0100
0001
,
1000
0010
0100
0001
,
1000
0100
1000
0000
0001
0000
0001
0000
,
0100
0100
0001
1000
,
0001
0100
0010
0000
1000
0000
1000
0000
,
1000
0010
0100
0001
,
1000
0100
1000
0000
0001
0000
0001
0000
,
0100
0100
0001
1000
,
0001
0100
0010
0000
1000
0000
0001
0000
,
1000
0000
0010
0000
,
0100
0000
0001
0000
,
1000
0001
0100
0010
,
0200
0000
0301
0000
;

//---------------dance-single - C. Foy----------------
#NOTES:
     dance-single:
     C. Foy:
     Challenge:
     10:
     0.819,0.000,0.238,0.278,0.397,657.000,30.000,35.000,53.000,0.000,0.000:
0000
0000
0000
0000
,
0000
0000
0000
0000
,
0000
0000
0000
0000
,
0000
0000
0000
0000
,
2001
0000
0000
0000
0010
3000
0000
0000
1000
0000
0001
0000
0000
0000
1000
0000
,
0010
0000
0100
0001
0000
1000
0001
0000
,
1002
0000
0000
0000
0100
0003
0000
0000
0001
0000
1000
0000
0000
0000
0010
0000
,
0100
0000
0001
1000
0000
0001
1000
0000
,
1002
0000
0000
0003
0102
0000
0000
0003
2001
0000
0000
3000
2010
0000
0000
0000
,
3010
1000
0001
0100
0010
0100
0001
1000
,
0010
1000
0100
0010
0001
0100
0010
0000
,
0010
1000
0100
0010
0001
0100
0010
1000
,
0010
1000
0100
0010
0001
0100
0010
0000
,
0010
0100
0001
1000
0100
1000
0010
0100
,
0010
1000
0100
0010
0001
0100
0010
0000
,
0010
0100
0010
1000
0100
0010
0001
0100
,
0010
0000
0010
0100
0001
0000
0010
0000
0100
0000
1000
0000
0001
0100
0010
0000
,
1000
1000
0001
0100
1000
0100
0001
0000
,
0001
0001
0010
1000
0010
0001
0001
0000
,
0100
0100
1000
0100
0010
1000
0100
0000
,
1000
1000
0010
0001
0010
1000
0100
0100
,
1000
0010
1000
0002
0000
0000
0013
0000
,
0001
0100
0001
2000
0000
0000
3100
0000
,
0101
0000
1010
0000
0110
0000
1010
0001
,
1000
0000
0010
1000
0001
0000
0001
0000
0010
0000
0001
0000
1000
0001
0100
0010
,
1000
0000
0100
0010
0001
0000
0010
0000
0100
0000
1000
0000
0000
0000
0001
0000
,
0100
0000
0010
1000
0001
0000
1000
0000
0010
0000
0001
0000
0010
0000
1000
0000
,
0100
0000
1000
0001
0010
0000
0001
0000
0100
0000
0010
0000
0000
0000
1000
0000
,
0100
0000
1000
0100
1000
0000
0001
0000
1000
0000
0001
0100
0001
0000
1000
0010
,
1000
0000
0001
0010
0001
0000
0010
0000
0001
0000
0100
0000
0000
0000
0010
0000
,
1000
0000
0100
1000
0001
0000
0100
0000
0010
0000
1000
0000
0001
0000
1000
0010
,
0100
0000
0010
0100
0001
0000
1000
0000
0100
0000
0010
0000
0000
0000
0100
0000
,
1000
0000
0100
1000
0001
0000
0100
0000
0010
0000
1000
0100
1000
0001
0100
0010
,
1000
0100
1000
0010
1000
0100
0010
0001
,
0010
0100
1000
0001
0100
0010
1000
0001
,
1000
0100
1000
0001
0100
0010
0100
0001
,
0100
0000
0010
1000
0001
0000
1000
0000
0001
0000
0010
0100
1000
0000
0001
0100
,
0010
0100
0010
1000
0100
1000
0001
0010
,
0001
0100
0010
1000
0100
0010
0001
0100
,
0010
0100
0010
1000
0100
0010
0001
0010
,
0001
0100
0010
1000
0001
0000
0010
0100
1000
0000
0001
1000
0001
0000
1000
0010
,
0100
0010
1000
0100
1000
0001
0010
0100
,
0010
0001
0100
0010
0100
0010
1000
0100
,
0010
0001
0100
0010
1000
0100
1000
0010
,
1000
0000
0000
1000
0100
0000
1000
0000
0001
0000
1000
0100
1000
0000
0001
1000
,
0001
0100
0010
1000
0100
0010
0001
1000
,
0010
0100
0001
1000
0010
1000
0001
0100
,
0001
0010
0100
0010
0001
0100
0010
1000
,
0001
0000
0000
0001
1000
0000
0000
1000
0001
0000
0100
0000
0010
0000
1000
0001
,
2000
0000
0000
3100
0000
0010
0000
0000
0001
0100
0000
0010
,
0200
0000
0000
0000
0000
0000
0001
0300
0000
0000
0100
0000
0000
0000
0000
0000
0001
0000
0000
0000
0000
0000
0010
0000
,
0002
0000
0000
0000
0000
0000
1000
0003
0000
0000
0100
0000
0000
0000
0000
0000
0100
0000
0010
0000
0000
0000
0010
0000
,
0001
0000
0000
0100
0000
0010
0000
0000
1000
0001
0100
0001
,
1000
0000
0000
0100
0000
0010
0000
0000
0010
0001
0000
0001
,
0200
0000
0000
0310
0000
1000
0000
0000
0100
0000
0000
0010
,
0001
0000
0000
0001
0000
0100
0000
0000
0100
1000
0000
0000
,
1100
0110
0011
1010
,
1000
0000
0000
0001
1000
0000
0000
1000
0010
0000
0000
0010
0001
0000
0000
0001
,
0010
0000
0000
0010
1000
0000
0000
1000
0100
0000
0000
0100
0001
0000
0000
0001
,
0100
0000
0000
0010
0001
0000
0000
0100
1000
0000
0000
1000
0100
0000
0000
0100
,
0020
0000
0000
0000
0100
0000
0000
0000
0001
0000
0000
0000
1000
0030
0000
0000
,
0010
0000
0000
0010
1000
0000
0000
0001
0100
0000
0000
0010
0100
0000
0000
0010
,
1000
0000
0000
0100
0010
0000
0000
0001
0100
0000
0000
0010
1000
0000
0000
0100
,
1000
0000
0000
0100
0010
0000
0000
0001
0010
0000
0000
0100
1000
0000
0000
0010
,
0001
0000
0000
0010
1000
0000
0000
0100
0010
0000
0000
0001
1000
0000
0000
0000
,
2M10
000M
0000
00M0
0000
000M
0000
00M0
,
0000
0000
0M00
0000
0000
0000
0M00
3000
0120
0000
M00M
0000
0000
0M00
M00M
0030
,
0201
0000
00M0
0000
0000
0000
M00M
0000
0000
0000
00M0
0000
0000
0000
M00M
0300
,
10M2
0000
0000
0M00
0000
0000
M000
0000
0000
0000
0M00
0000
0000
0000
00M0
0003
,
2010
0000
0M00
000M
0000
0000
00M0
0000
0000
0000
00M0
0000
0000
0000
0M00
3000
,
012M
0000
000M
0000
M000
0000
0M00
0000
0000
0000
M000
0000
023M
0000
M000
0300
,
10M2
0000
0M00
0000
0000
0000
M0M0
0000
0000
0000
0M00
0000
0000
0000
M000
0003
,
1020
0000
0M0M
0000
0000
0000
M000
0030
0201
0000
M000
0000
0000
0000
00M0
0000
,
M31M
0000
0010
0000
0100
0010
1000
0000
,
0020
0130
0200
0310
,
1000
0000
0001
0000
0010
0100
1000
0000
,
0100
0000
0000
0000
1010
0000
0000
0000
0100
0000
0000
0000
0101
0000
0000
0001
,
1000
0000
0100
0000
0010
0100
0001
0000
,
0200
0310
0020
0031
,
0001
0000
1000
0000
0010
0100
0001
0000
,
0010
0000
0000
0000
0101
0000
0000
0000
0100
0000
0001
1000
0010
0000
1000
0100
,
1000
0010
1000
0001
0100
0010
1000
0100
,
0010
0001
0100
0010
1000
0001
0100
0100
,
0010
1000
0010
0100
0001
0010
0100
1000
,
0010
0000
1000
0000
0100
0000
0010
0000
0001
0000
0100
0000
0010
0000
0000
0010
,
1000
0001
0010
0100
1000
0100
0010
0001
,
0100
0010
0100
0001
0100
0010
1000
1000
,
0010
1000
0010
1000
0001
0100
0010
1000
,
0100
0000
0010
0000
0001
0000
1000
0000
0001
0000
0100
0010
1000
0000
0010
0100
,
0001
1000
0001
0100
0010
1000
0001
0100
,
0200
0010
0310
0000
0020
0100
0130
0000
,
0001
1000
0001
0100
0010
1000
0001
0100
,
0020
0000
0100
0000
0130
0000
0000
0000
0200
0000
0010
0000
0310
0000
0000
1000
,
0001
1000
0001
0100
0010
1000
0001
0100
,
0020
0100
0130
0000
0200
0010
0310
0000
,
0010
1000
0100
0010
0001
0100
0010
1000
,
0001
0000
1000
0000
0010
0000
0100
0000
0110
0000
0010
1000
0001
0000
1000
0010
,
2000
0000
3MMM
0001
,
0002
0000
0000
0000
0000
0000
0000
0000
1MM3
0001
1000
0010
1000
0001
1000
0100
,
1000
0000
0000
0010
1000
0000
0000
0000
1100
0000
0000
1000
0001
0000
0000
0000
,
1010
0000
0000
0001
1000
0000
0000
0000
1001
0000
0000
0000
0000
0000
0000
0000
;

//---------------dance-double - M. Emirzian----------------
#NOTES:
     dance-double:
     M. Emirzian:
     Easy:
     5:
     0.380,0.000,0.135,0.127,0.000,302.000,17.000,16.000,0.000,0.000,0.000:
00000000
00000000
00000000
00000000
,
00000000
00000000
00000000
00000000
,
00000000
00000000
00000000
00000000
,
00000000
00000000
00000000
00000000
,
10000000
00010000
10000000
00000000
,
00010000
00000000
00100000
00001000
,
00100000
00000000
00001000
00000000
,
00010000
00000100
00010000
00000000
,
00000100
00000000
00001010
00000000
,
00001100
00000000
00000010
00000001
,
00001000
00000000
00000220
00000330
,
00000100
00000000
00000010
00010000
,
00001000
00000000
02020000
03030000
,
00010000
00000000
10000000
00010000
,
01000000
00000000
20200000
30300000
,
10000000
00000000
00010000
01000000
,
00001000
00000000
00010000
00010000
,
00010000
00000000
00002200
00003300
,
00001000
00000001
00000100
00000000
,
00000010
00000000
00022000
00033000
,
00001000
01000000
00010000
00000000
,
10000000
00000000
00220000
00330000
,
01000000
00100000
00001000
00000000
,
00010000
00000100
00001000
00000000
,
00000000
00000010
00000010
00000010
,
00000100
00000001
00000100
00000010
,
00000100
00000001
00000100
00000010
,
00001000
00000001
00001000
00000100
,
00001000
00000001
00001000
00000100
,
00010000
00001000
00100000
00001000
,
00010000
00001000
01000000
00001000
,
00010000
00100000
01000000
00100000
,
10000000
10010000
10010000
10010000
,
10000000
01000000
01000000
01000000
,
00100000
00100000
00100000
00001000
,
00001000
00001000
00010000
00010000
,
00010000
00000100
00000100
00000100
,
00001100
00000010
00000010
00000010
,
00000001
00000001
00000001
00000100
,
00000100
00000100
00000010
00000010
,
00000010
00010000
00010000
00010000
,
00011000
00100000
00100000
00100000
,
10000000
10000000
10000000
00010000
,
00010000
00010000
01000000
01000000
,
01000000
00001000
00001000
00001000
,
00010000
00010000
00010000
00000010
,
00000010
00000010
00001000
00001000
,
00001000
00000100
00000100
00000100
,
00000010
00000010
00001001
00001001
,
00001001
00000000
00001000
00000000
,
00000001
00010000
00001000
00000000
,
10000000
00000000
00010000
00000000
,
10000000
00001000
00010000
00000000
,
00000001
00000000
00001000
00000000
,
00000001
00010000
00001000
00000000
,
00010000
00001000
00010000
00001000
,
01000000
00010000
01000000
00100000
,
10000000
01000000
01000000
00100000
,
00002000
00000000
00013000
00001000
,
00010000
00000100
00000100
00001000
,
00000020
00000000
00000130
00000001
,
00000100
00000010
00000010
00000100
,
00002000
00000000
00013000
00001000
,
00010000
00001000
00001000
01000000
,
00200000
00000000
10300000
01000000
,
10000000
00000000
00000000
00000000
,
01000000
00000000
00000000
00000000
,
00010000
00000000
00000000
00000000
,
00001000
00000000
00000000
00000000
,
00000100
00000000
00000000
00000000
,
00000001
00000000
00000000
00000000
,
00000010
00000000
00000000
00000000
,
00001000
00000000
00010000
00001000
,
00010000
00001000
01000000
00010000
,
01000000
00010000
01000000
00100000
,
10000000
00100000
10000000
01000000
,
10000000
00010000
10000000
01000000
,
00100000
01000000
10000000
01000000
,
00100000
01000000
10000000
00010000
,
01000000
00001000
00010000
00000100
,
00001000
00000010
00000010
00000010
,
00000100
00000001
00000100
00000000
,
00000010
00001000
00000100
00000000
,
00010000
00001000
00100000
00000000
,
00001000
00010000
00000100
00000000
,
00010000
00001000
01000000
00000000
,
00010000
01000000
00100000
00000000
,
10000000
01000000
00100000
00001000
,
00010000
00000100
00001000
00000010
,
00000100
00000100
00000100
00000000
,
00000001
00000000
00000010
00000000
,
00000100
00000100
00000100
00000000
,
00010000
00000000
00001000
00000000
,
01000000
01000000
01000000
00000000
,
00100000
00000000
10000000
00000000
,
01000000
01000000
01000000
00000000
,
00100000
00000000
00001000
00000000
,
00010000
00000000
00000100
00000000
,
00001000
00000010
00000100
00000000
,
00000001
00000100
00001000
00010000
,
01000000
10000000
10010000
00000000
;

//---------------dance-double - M. Emirzian----------------
#NOTES:
     dance-double:
     M. Emirzian:
     Medium:
     7:
     0.500,0.000,0.492,0.095,0.000,367.000,62.000,12.000,0.000,0.000,0.000:
00000000
00000000
00000000
00000000
,
00000000
00000000
00000000
00000000
,
00000000
00000000
00000000
00000000
,
00000000
00000000
00000000
00000000
,
10000000
00000000
00010000
00000000
00000000
10000000
00000000
00000000
,
00010000
00000000
00000000
01000000
00000000
00001000
00000000
00000000
,
00010000
00000000
00001000
00000000
00000000
00010000
00000000
00000000
,
00000100
00000000
00000000
00001000
00000000
00000010
00000000
00000000
,
00000100
00001001
00010010
00001100
,
00000010
00000001
00000100
00000010
,
00001000
00000100
00000000
00010000
00000000
00000000
00000000
00000000
,
00001000
01000000
00010000
00100000
,
01000000
10000000
00000000
00010000
00000000
00000000
00000000
00000000
,
10000000
00010000
01000000
00001000
,
00010000
00000100
00000000
00001000
00000000
00000000
00000000
00000000
,
00000001
00000100
00000010
00001000
,
00000100
00010000
00001000
00100000
00001000
00010000
00000100
00000000
,
00010000
00001000
01000000
00100000
,
10000000
00010000
00000000
01000000
00000000
00000000
00000000
00000000
,
00100000
10000000
00010000
01000000
,
00001000
00010000
00000000
00000100
00000000
00000000
00000000
00000000
,
00000010
00000001
00000100
00000010
,
00010000
00001000
01000000
00000000
00001000
00000000
00010000
00000000
,
00001000
00100000
00010000
00000000
01000000
00000000
00001000
00000000
,
00010000
00001000
01000000
00001000
00010000
00000100
00010000
00000000
,
00001000
00010000
00010000
00010000
,
00100000
10000000
10010000
10010000
,
01000000
00100000
00100000
00100000
,
00001000
00001000
00011000
00011000
,
00010000
00000100
00000100
00001000
,
00000010
00000010
00000100
00000100
,
00000001
00000010
00001000
00010000
,
00100000
10010000
10010000
10010000
,
01000000
01000000
01000000
00110000
,
01010000
00001000
00010000
00000100
,
00001000
00001010
00001100
00000010
,
00000010
00000010
00000011
00000101
,
00000010
00010000
00001000
00100000
,
00110000
01010000
00100000
10100000
,
11000000
11000000
01010000
11000000
,
01010000
00011000
00011000
00010100
,
00001000
00001000
00001000
00001010
,
00001100
00000010
00000001
00000100
,
00000010
00001010
00010010
00001000
,
00010000
00001000
01000000
01010000
,
00110000
01000000
01000000
01000000
,
11000000
10100000
01000000
01001000
,
00011000
00010010
00001010
00000011
,
00001010
00000011
00001010
00001100
,
00010000
00000000
00001000
00000000
00010000
00000000
00000000
00010000
,
00001000
10000000
01000000
00000000
,
10000000
00000000
00010000
00000000
00100000
00000000
00000000
00001000
,
00010000
00000001
00000100
00000000
,
00000010
00000000
00000100
00000000
00000001
00000000
00000000
00010000
,
00001000
10000000
01000000
00100000
,
00011000
00011000
00010100
00010100
,
00001100
00001100
00001001
00000000
,
00000100
00000000
00000010
00000000
00000100
00000000
00000000
00001000
,
00010000
00010000
00001000
00010000
,
01000000
00000000
10000000
00000000
00100000
00000000
00000000
01000000
,
00010000
00100000
00100000
01000000
,
00010000
00000000
00001000
00000000
00010000
00000000
00000000
00000100
,
00001000
00000010
00000010
00000100
,
00000001
00000100
00001000
00010000
,
01000000
10000000
00010000
10000000
,
10010000
00000000
02000000
03000000
,
00200000
00300000
00002000
00003000
,
00020000
00030000
00000200
00000300
,
00000020
00000030
00000002
00000003
,
00000200
00000300
00000020
00000030
,
00020000
00030000
00002000
00003000
,
02000000
00000000
00000000
00000000
,
03010000
00000000
01000000
00000000
,
00100000
10000000
01000000
00100000
,
00001000
00010000
00000100
00010000
,
00001000
00100000
00001000
00010000
,
00000100
00001100
00001100
00000010
,
00000001
00000100
00000010
00010000
,
00000100
00001000
00000100
00010000
,
00001000
01000000
00010000
00100000
,
01000000
10000000
00010000
10010000
,
10010000
10000000
00010000
01000000
,
00001000
00000000
00010000
00000100
00001000
00000000
00000000
00000000
,
00001001
00000010
00000100
00000001
,
00001000
00000000
00000100
00010000
00001000
00000000
00000000
00000000
,
00101000
00001000
01000000
00100000
,
10000000
00000000
00010000
01000000
00100000
00000000
00000000
00000000
,
10010000
10000000
01000000
00100000
,
00001000
00000000
00010000
00000010
00001000
00000000
00000000
00000000
,
00000001
00000100
00000010
00000100
,
00000001
00000100
00000100
00001000
,
00010000
00000100
00010000
00001000
,
00100000
00010000
00010000
01000000
,
00100000
10000000
00010000
10000000
,
01000000
00100000
00100000
00001000
,
00010000
00000100
00010000
00001000
,
00010000
00000010
00000010
00000100
,
00000001
00000100
00000010
00000100
,
00000001
00000100
00000000
00000010
00010000
00000000
00001000
00000000
,
01000000
00010000
10000000
00100000
,
00110000
01010000
01001000
00000000
;

//---------------dance-double - M. Emirzian----------------
#NOTES:
     dance-double:
     M. Emirzian:
     Hard:
     9:
     0.700,0.000,0.833,0.254,0.064,480.000,105.000,32.000,0.000,0.000,0.000:
00000000
00000000
00000000
00000000
,
00000000
00000000
00000000
00000000
,
00000000
00000000
00000000
00000000
,
00000000
00000000
00000000
00000000
,
10000000
00000000
00010000
00000000
01000000
00100000
00000000
01000000
,
00100000
00000000
00010000
00001000
00000000
00010000
00000000
00000010
,
00001000
00000000
00000100
00000000
00000010
00000100
00000000
00000010
,
00000100
00000000
00010000
00001000
00000000
00010000
00000000
00001000
,
00011000
01001000
10010000
01100000
,
21000000
00000000
31000000
00000000
00100000
00001000
00010000
00000000
,
00001000
00100000
00001000
00010000
00000100
00000000
00001000
00000000
,
00000120
00000000
00000130
00000000
00000001
00001000
00000100
00000000
,
00000010
00000001
00001000
00000100
00010000
00000000
00001000
00000000
,
02010000
00000000
03010000
00000000
10000000
01000000
00100000
00000000
,
00010000
01000000
00001000
00010000
00000010
00000000
00000100
00000000
,
00000012
00000000
00000013
00000000
00000100
00001000
00000010
00000000
,
00010000
00001000
00100000
00001000
00010000
00000100
00001000
00000100
,
00020000
00000000
00031000
00000000
01000000
00010000
10000000
00000000
,
01000000
00000000
00100000
00010000
10000000
00000000
01000000
00000000
,
00210000
00000000
00301000
00010000
00000100
00000000
00001000
00000000
,
00000010
00000100
00000001
00001000
00000100
00000000
00010000
00001000
,
00012000
00000000
01003000
00010000
10000000
00000000
01000000
00000000
,
00100000
00001000
00010000
00000100
00000000
00010000
00000000
00001000
,
00100000
00010000
00100000
00001000
00000000
00010000
00000000
00000100
,
00001000
00000001
00001000
00000100
00010000
00001000
01000000
00100000
,
10000000
01000000
00100000
00010000
,
01000000
00001000
00011000
00010010
,
00001000
00000100
00000010
00000001
,
00001001
00000000
00000110
00000000
00000100
00001000
00010000
00001000
,
00100000
01000000
10000000
00000000
00010000
00000000
10000000
00000000
,
00110000
00101000
00010000
00000100
,
00001001
00000000
00000110
00000000
00000101
00000000
00000001
00000100
,
00000010
00001000
00000100
00010000
00001000
01000000
00100000
00000000
,
11000000
01010000
11000000
01010000
,
00101000
01001000
00011000
00010010
,
00010100
00001001
00000110
00010010
,
00011000
10010000
01001000
00110000
,
01001000
00011000
00010010
00001100
,
00000011
00010100
00011000
10100000
,
01010000
00010100
00001001
00000110
,
00001000
00000001
00000100
00000010
00000100
00001000
00010000
00000000
,
01001000
00110000
11000000
01100000
,
00101000
01010000
00101000
00010100
,
00001010
00001001
00010010
00101000
,
01001000
00010100
01001000
00110000
,
10100000
00110000
01001000
00110000
,
00101000
00010100
00001001
00000110
,
00001001
00000000
00011000
00000000
10010000
00000000
10000000
00100000
,
01000000
00001000
00010000
00000100
00001000
00000010
00000100
00000001
,
00000020
00000000
00000000
00000130
00000000
00010000
00000000
00000000
00001000
01000000
00000000
00010000
,
01000000
00000000
00000000
00200000
00000000
10000000
00300000
00000000
00100000
00000000
00000000
00100000
,
20000000
00000000
00000000
31000000
00000000
00100000
00000000
00000000
00001000
00010000
00000000
00000010
,
00002000
00000000
00000000
00003100
00000000
00000010
00000000
00000000
00000010
00000002
00000000
00000000
,
00000103
00000110
00010020
00001030
,
00201000
00310000
01200000
10300000
,
10010000
01100000
10010000
00101000
,
00010010
00000000
00000010
00000000
00000100
00000001
00000010
00000100
,
00002000
00003010
00010000
00001000
,
00100000
00001000
00010000
00000000
00000100
00010000
00001000
00000000
,
02000000
03010000
10000000
01000000
,
00100000
00001000
00010000
00000000
00000100
00010000
00001000
00000000
,
00020000
00030100
00000010
00000001
,
00000100
00000010
00010000
00000000
00001000
00010000
00000100
00000000
,
00020000
00031000
01000000
00010000
,
10000000
01000000
00100000
00001000
00010000
00000010
00001000
00000100
,
00000010
00000001
00000000
00000200
00000000
00000000
00000300
00000000
,
00000010
00010000
00000000
00001000
00000000
00000000
01000000
00000000
,
00010000
10000000
00000000
00200000
00000000
00000000
00300000
00000000
,
01000000
00001000
00000000
00020000
00000000
00000000
00030010
00000000
,
00000100
00000001
00000000
00000020
00000000
00000000
00000030
00000000
,
00000100
00001000
00000000
00000020
00000000
00000000
00000030
00000000
,
00010000
00001000
00000000
02000000
00000000
00000000
03100000
00000000
,
10000000
00010000
00000000
00200000
00000000
00000000
00300000
00000000
,
10010000
00100000
10000000
01010000
,
00100000
00001000
00010000
00000000
00000100
00000000
00000110
00000000
,
00000020
00000000
00000031
00000000
00000100
00000000
00000010
00001000
,
00000100
00000000
00000000
00000000
00010000
00000000
00001000
00000000
01000000
00000000
00010000
00000000
00100000
00000000
00000000
00100000
,
02000000
00000000
13000000
00000000
10010000
00000000
00010000
01000000
,
00100000
10000000
10010000
01000000
,
00010000
00010000
00001000
00001000
,
00000010
00000000
00000000
00000000
00000010
00000000
00000000
00000000
00000001
00000000
00000000
00001000
00000001
00000000
00000000
00001000
,
00000100
00010000
00010000
00010100
,
00001000
00000010
00000100
00000000
00000001
00000100
00000010
00000000
,
00010010
00001000
00001000
00011000
,
00001000
00000000
01000000
00000000
00010000
00000000
00000000
00000000
10000000
00000000
00100000
00000000
01000000
00000000
00000000
00010000
,
10000000
00010000
01010000
00101000
,
00010000
00000100
00001000
00000000
00000010
00001000
00000001
00000000
,
00001010
00000100
00001001
00010100
,
00010000
00001000
01000000
00010000
10000000
01000000
00100000
00010000
,
02000000
00000000
03100000
10000000
01000000
00000000
01000000
00100000
,
00001000
00001000
00010000
00010100
,
00002000
00000000
00003010
00000100
00000001
00000000
00000001
00000100
,
00000010
00000000
00000000
00000000
00000010
00000000
00000000
00000000
00010000
00000000
00000000
00000000
00001000
00000000
00000000
00001000
,
02000000
00000000
03010000
00100000
01000000
00000000
01000000
10000000
,
00100000
01000000
00011000
00010000
,
00000200
00000000
00000310
00000001
00001000
00000000
00001000
00000010
,
00000100
00000001
00001001
00000110
,
00010000
00001000
00000000
01000000
00000000
00000000
10010000
00000000
,
00100000
00001000
00010000
00000010
00010000
00001000
01000000
00001000
,
00010000
00001001
00010010
00011000
,
01001000
01000000
00100000
00000000
;

//---------------dance-double - M. Emirzian----------------
#NOTES:
     dance-double:
     M. Emirzian:
     Challenge:
     9:
     0.722,0.000,0.595,0.111,0.242,548.000,75.000,14.000,3.000,2.000,0.000:
00000000
00000000
00000000
00000000
,
00000000
00000000
00000000
00000000
,
00000000
00000000
00000000
00000000
,
00000000
00000000
00000000
00000000
,
00100000
00000000
00001000
00000000
01000000
00010000
00000000
00100000
,
01000000
00000000
10000000
00010000
00000000
01000000
00000000
00001000
,
00010000
00000000
00000010
00000000
00001000
00000100
00000000
00000010
,
00000001
00000000
00000100
00000010
00000000
00010000
00000000
00000100
,
00010100
00101000
01010000
11000000
,
10000000
00100000
01000000
00001000
00100000
00010000
01000000
00000000
,
00001000
00010000
00000010
00010000
00001000
00000000
00010010
00000000
,
00001000
00000100
00000010
00000001
00001000
00000010
00010000
00000000
,
00000100
00010000
00001000
01000000
00010000
00000000
10010000
00000000
,
00100000
01000000
10000000
00100000
01000000
00001000
01000000
00000000
,
00001000
00010000
00000010
00010000
00001000
00000000
00010100
00000000
,
00001000
00000010
00000100
00000001
00000010
00000100
00010000
00001000
,
01000000
00000000
00010000
10000000
00000000
00000000
00100000
00000000
01000000
00000000
00010000
00000000
00100000
00000000
00000000
00000000
,
01000000
10000000
00100000
01000000
00010000
01000000
00001000
00000000
,
00010000
00000010
00010000
00001000
00100000
00000000
00011000
00000000
,
00000100
00000010
00000001
00001000
00000010
00010000
00001000
00000000
,
01000000
00010000
01000000
00001000
00010000
00000000
01100000
00000000
,
00010000
01000000
00100000
10000000
01000000
00100000
00001000
00000000
,
00010000
00000010
00010000
00000100
00001000
00000010
00000100
00000000
,
00000001
00001000
00000010
00000100
00000001
00000010
00000100
00010000
,
00001000
00000000
01000000
00010000
00000000
00000000
00100000
00000000
01000000
00000000
10000000
00000000
00010000
00000000
00000000
00000000
,
01000000
00000000
00000000
01000000
00100000
00000000
00000000
00100000
10000000
00000000
00000000
10000000
01000000
00000000
00100000
00000000
,
00010000
00000000
00000000
00010000
00100000
00000000
00000000
00100000
00001000
00000000
00010000
00000000
00001000
00000000
00000000
00000000
,
00001000
00000000
00000000
00001000
00010000
00000000
00000000
00010000
00000100
00000000
00000000
00000100
00001000
00000000
00000100
00000000
,
00000010
00000000
00000000
00000010
00000001
00000000
00000000
00000001
00000100
00000000
00000010
00000000
00010000
00000000
00000000
00000000
,
00010000
00000000
00000000
00010000
00001000
00000000
00000000
00001000
01000000
00000000
00000000
01000000
00010000
00000000
01000000
00000000
,
00100000
00000000
00000000
00100000
10000000
00000000
00000000
10000000
01000000
00000000
00100000
00000000
00010000
00000000
00000000
00000000
,
00010000
00000000
00000000
00010000
01000000
00000000
00000000
01000000
00001000
00000000
00000000
00001000
00010000
00000000
00001000
00000000
,
00100000
00000000
00000000
00100000
00001000
00000000
00000000
00001000
00010000
00000000
00000010
00000000
00001000
00000000
00000010
00000000
,
00001001
00010100
00001010
00010100
,
00000110
00000000
00011000
00000000
01100000
00000000
01001000
01000000
,
00100000
10000000
01000000
00100000
00001000
00010000
00000010
00010000
,
00001000
00000000
01000000
00000000
00001000
00000000
00010000
00000000
00000010
00000000
00000000
00000100
00000001
00000000
00000000
00000001
,
00000010
00000110
00010100
00101000
,
10010000
00101000
00010100
00001001
,
00010100
00010000
00001000
01000000
00100000
10000000
00010000
01000000
,
00001000
00010000
00000010
00010000
00001000
00100000
00001000
00000000
,
01010000
00101000
00010010
00001001
,
00000110
00000000
00010100
00000000
00011000
00000000
10010000
10000000
,
01000000
00100000
00001000
00010000
00000010
00010000
00000100
00001000
,
00000001
00000000
00000010
00000000
00000100
00000000
00001000
00000000
00000010
00000000
00000000
00001000
00000100
00000000
00000000
00000100
,
00000010
00001001
00011000
10010000
,
01001000
00000000
00101000
00000000
00010100
00000000
01001000
01000000
,
00100000
10000000
01000000
00100000
00001000
01000000
00001000
00010000
,
00000010
00000000
00000000
00010000
00001000
00000000
00000000
00010000
00000100
00000000
00000010
00000000
00000001
00000000
00000100
00000000
,
00000010
00000000
00000000
00001000
00000000
00000100
00000000
00000000
00000100
00010000
00000000
00001000
,
00010000
00000000
00000000
00001000
00000000
01000000
00000000
00000000
00100000
00000000
00000000
10000000
,
01000000
00000000
00000000
00100000
00000000
00010000
00000000
00000000
00010000
00100000
00000000
00001000
,
00010000
00000000
00000000
00000100
00000000
00001000
00000000
00000000
00000010
00000100
00000000
00000000
,
00001001
00000010
00001100
00010000
,
00011000
00000100
00011000
00100000
,
01001000
10100000
11000000
00101000
,
00011000
00010000
00000100
00001000
00000010
00000100
00000001
00000000
,
00000010
00000000
00000000
00000000
00000100
00000000
00000000
00010000
00001000
00000000
00000000
00000000
01000000
00000000
00000000
00100000
,
10000000
00000000
00000000
00010000
01000000
00000000
00000000
00100000
10000000
00000000
00000000
01000000
00100000
00000000
00000000
00000000
,
00110000
00000000
00000000
00000000
00001000
00000000
00000000
00010000
00000100
00000000
00000000
00000000
00001000
00000000
00000000
00000010
,
00000100
00000000
00000000
00000001
00001000
00000000
00000000
00000100
00000010
00000000
00000000
00000001
00001000
00000000
00000000
00000000
,
00000010
00000000
00000000
00000000
00001010
00000000
00000000
00001000
00000010
00000000
00000000
00000000
00011000
00000000
00000000
00010000
,
00001000
00000000
00000000
00000000
01001000
00000000
00000000
01000000
00001000
00000000
00000000
00000000
00110000
00000000
00000000
00000000
,
01000000
10100000
01000000
00101000
,
00001000
01000000
00010000
01000000
00001000
00010000
00000010
00000000
,
00002000
00000000
00003200
0000M000
,
00000310
00000001
00000000
00001001
00000000
00000000
00010010
00000000
,
00020000
00000000
00032000
000M0000
,
01003000
00100000
00000000
10010000
00000000
00000000
20000000
00000000
,
02000000
00000000
00000000
00000000
00010000
33000000
00000000
00000000
,
00010000
00001000
00000200
00000000
,
00000002
00000000
00000000
00000000
00000010
00000303
00000000
00000000
,
00000010
00000100
00020000
00000000
,
00032000
001M0000
00100000
00103000
,
00010000
01000000
00100000
00000000
10000000
00000000
01100000
00000000
,
00100000
00000000
00010000
00000000
01000000
00000000
00001000
00010000
,
00000010
00000000
00000000
00000000
00010000
00000000
00001000
00000000
00010000
00000000
00000100
00000000
00001000
00000000
00000000
00000100
,
00000020
00000001
00000001
00000031
,
00000100
00000010
00010000
00000000
00001000
00000000
01001000
00000000
,
00010000
00000000
10000000
00000000
00100000
00000000
01000000
00100000
,
10000000
00000000
00000000
00000000
01000000
00000000
00100000
00000000
00010000
00000000
00000000
00100000
00001000
00000000
00000000
00010000
,
00001000
00000000
00010000
00000100
00001000
00000000
00000010
00000100
,
00000001
00000010
00000100
00001001
,
00000100
00000000
00000010
00010000
00001000
00000000
01000000
00010000
,
00100000
00000000
00000000
00000000
01000000
00000000
00000000
00000000
10000000
00000000
00000000
00000000
10010000
00000000
00000000
10000000
,
00100000
00000000
01000000
00001000
00010000
00000000
00001000
00010000
,
00000010
00001000
00000100
00001001
,
00000010
00000000
00000100
00001000
00000010
00000000
00010000
00001000
,
01000000
00000000
00000000
00000000
00100000
00000000
00000000
00000000
01000000
00000000
00000000
00001000
00010000
00000000
00000000
00001000
,
00100000
00000000
01000000
10000000
00100000
00000000
01000000
00001000
,
00010000
00000010
00001010
00010010
,
00001000
00000000
00010000
00000100
00001000
00000000
00000010
00001000
,
00000100
00000000
00000000
00000000
00000010
00000000
00000000
00000000
00000011
00000000
00000000
00000000
00001001
00000000
00000000
00001000
,
00000010
00000000
00010000
00001000
01000000
00000000
00001000
00100000
,
00010000
01000000
10100000
01010000
,
00100000
00000000
01000000
10000000
00100000
00000000
01000000
00001000
,
00010000
00000000
00000000
00000000
00000100
00000000
00000000
00000000
00000010
00000000
00000000
00000001
00001000
00000000
00000000
00001000
,
00000010
00002000
00000000
00000200
00003000
00000000
00010300
00000000
,
00001000
02000000
00000000
03100000
10000000
01000000
00100000
00000000
,
00101000
00010010
01001000
00010100
,
00000110
00000001
00000100
00000000
;

//---------------lights-cabinet - ----------------
#NOTES:
     lights-cabinet:
     :
     Easy:
     1:
     1.000,0.479,1.000,0.341,0.183,588.000,323.000,43.000,0.000,291.000,0.000:

00000000
00000000
00000000
00000000
,
00000000
00000000
00000000
00000000
,
00100011
00000000
00100000
00000000
10000000
00010000
00000000
10000000
,
00100000
00000000
01000000
00010000
00000000
10000000
00010000
00000000
,
21120011
00000000
31130000
00000000
10000000
00010000
00000000
10000000
,
00100011
00000000
01000000
00010000
00000000
10000000
00010000
00000000
,
12210011
00000000
03300000
00000000
10010000
01100000
00000000
00100000
,
01000011
00000000
00010000
10000000
00000000
00010000
10000000
00000000
,
10010000
01100000
10010000
01100000
,
00100011
10000000
00100011
10000000
00010011
01000000
00010011
01000000
,
00100011
10000000
01000011
00100000
00010011
01000000
00100011
00000000
,
00100011
10000000
00100011
10000000
00010011
01000000
00010011
01000000
,
00100011
10000000
01000011
00100000
00010011
01000000
00100011
00000000
,
00100011
10000000
00100011
10000000
00010011
01000000
00010011
01000000
,
00100011
10000000
01000011
00100000
00010011
01000000
00100011
00000000
,
00100011
10000000
01000011
00100000
00010011
01000000
00100011
10000000
,
01000011
00100000
00010011
10000000
00010011
10000000
00010011
00000011
,
10000011
10000000
00010011
10000000
00100011
01000000
00100011
00000000
,
00010011
00010000
10000011
00010000
01000011
00100000
01000011
00000000
,
01000011
01000000
10000011
01000000
10000011
00100000
10000011
00000000
,
00010011
00010000
01000011
00010000
00100011
00010000
00100011
00000011
,
10000011
00100000
10000011
00010000
01000011
00000000
00100011
00000000
,
00010011
01000000
00010011
10000000
00100011
00000000
01000011
00000000
,
00110011
11000011
00110011
11000011
,
10000011
00100000
01000011
00010000
00100011
00010011
01000011
00010011
,
11110011
11110000
22220000
33330000
,
11110000
11110000
22220000
33330000
,
11110000
11110000
22220000
33330000
,
11110000
11110000
22220000
33330000
,
10010000
01100000
20020000
31130000
,
01100000
10010000
02200000
13310000
,
10010000
01100000
10010000
01100000
,
10010000
00100000
01000011
00100000
10000000
00010000
10000000
00000000
,
20000011
00100000
30100011
00000000
00020011
01000000
01030011
00000000
,
02000011
00100000
03100011
00000000
00200011
10000000
10300011
00000000
,
00110011
10100011
11000011
00110011
,
10010011
00000000
00000000
00000000
01100011
00000000
00000000
00000000
10000011
00000000
00000000
00010000
10000011
00000000
00000000
00010000
,
20000011
00100011
30100011
00000000
00020011
01000000
01030011
00000000
,
02000011
00100000
03100011
00000000
00200011
10000000
10300011
00000000
,
00010011
00100000
00010011
00100000
00010011
10000000
01000011
10000011
,
20010011
00000000
30100011
00000000
02100011
00000000
03010011
00000011
,
10000011
01000000
10000011
00000000
00100011
00010000
00100011
00000000
,
10000011
01000000
10000011
00010000
10000011
01000000
10000011
00000000
,
00010011
00100000
00010011
00000000
10000011
01000000
10000011
00000000
,
00010011
00100000
00010011
10000000
00010011
00100000
00010011
00000011
,
10000011
01000000
10000011
01000000
00100011
00010000
00200011
00000000
,
00310011
10000000
01000011
00100000
01000011
10000000
02000011
00000000
,
13000011
00010000
10000011
01000000
00100011
00010000
00200011
00000000
,
00310011
01000000
01100011
00000000
00100011
01000000
01100011
00000011
,
10000011
00000000
00000000
10000000
00100000
00000000
00000000
00000000
01000000
00000000
00000000
01000000
00100000
00000000
00000000
00000000
,
00100000
00000000
00000000
00100000
10000000
00000000
00000000
00000000
20000000
00000000
00000000
00000000
30010000
00000000
00000000
00000000
,
00010000
00000000
00000000
00010000
10000000
00000000
00000000
00000000
10000000
00000000
00000000
10000000
01000000
00000000
00000000
00000000
,
01000000
00000000
00000000
00000000
00000000
00000000
00000000
00000000
00000000
01000000
00000000
00000000
10000000
00000000
00000000
00000000
00000000
00000000
00000000
00000000
00000000
00000000
00000000
00000000
10000000
00000000
00000000
00000000
00000000
00000000
00000000
00000000
00000000
00000000
00000000
00000000
00100000
00000000
00000000
00000000
01000000
00000000
00000000
00000000
00100000
00000000
00000000
00000000
,
01000000
00000000
00000000
01000000
00010000
00000000
00000000
00000000
00010000
00000000
00000000
00010000
10000000
00000000
00000000
00000000
,
10000000
00000000
00000000
10000000
00010000
00000000
00000000
00000000
00010000
00000000
00000000
00010000
10000000
00000000
00000000
00000000
,
00100000
00000000
00000000
00100000
01000000
00000000
00000000
01000000
00100000
00000000
00000000
00100000
01000000
00000000
00000000
01000000
,
00200000
00000000
01300000
10010000
,
00010011
00000000
00000000
00010000
10000011
00000000
00000000
10000000
00100011
00000000
00000000
00100000
01000011
00000000
00000000
01000000
,
00010011
00000000
00000000
00010000
00100011
00000000
00000000
00100000
00010011
00000000
00000000
00010000
01000011
00000000
00000000
01000000
,
00010011
00000000
00000000
00010000
10000011
00000000
00000000
10000000
00100011
00000000
00000000
00100000
01000011
00000000
00000000
01000000
,
00100011
00000000
01010011
00000000
11100011
00000000
11110011
00000011
,
00100011
00000000
00000000
00100000
10000011
00000000
00000000
10000000
00010011
00000000
00000000
00010000
01000011
00000000
00000000
01000000
,
00100011
00000000
00000000
00100000
10000011
00000000
00000000
10000000
00010011
00000000
00000000
00010000
01000011
00000000
00000000
01000000
,
00010011
00000000
00000000
01000000
00100011
00000000
00000000
00010000
00100011
00000000
00000000
10000000
00100011
00000000
00000000
01000000
,
00010011
00000000
00000000
00100000
01000011
00000000
00000000
10000000
00010011
00000000
00000000
01000000
00100011
00000000
00000000
00000000
,
10000011
00100000
01000000
00010000
,
10000000
00010000
01000000
00100000
,
10000000
00100000
01000000
00010000
,
10000000
00010000
01000000
00010000
,
01000000
00100000
10000000
00010000
,
01000000
00010000
10000000
00100000
,
10000000
00100000
01000000
00010000
,
10000000
00100000
01000000
00010000
,
10000011
00000000
00010011
00000000
01000011
00100000
10000011
00000000
,
00100011
01000011
01000011
00100011
,
00010011
00000000
10000011
00000000
00100011
01000000
00010011
00000000
,
01000011
00000000
00000000
00000000
00110011
00000000
00000000
00000000
01000011
00000000
00000000
00000000
00110011
00000000
00000011
00010000
,
10000011
00000000
10000011
00000000
00100011
01000000
00010011
00000000
,
01000011
00100011
00100011
01000011
,
00010011
00000000
10000011
00000000
00100011
01000000
00010011
00000000
,
11110011
00000000
11110011
00000000
22220011
00000000
33330011
00000011
,
10000011
00100000
10000011
00100000
10000011
00100000
10000011
01000000
,
00100011
00010000
01000011
00100000
10000011
00010000
01000011
00000000
,
00100011
10000000
00100011
10000000
00010011
01000000
00010011
01000000
,
00100011
10000000
01000011
00100000
00010011
01000000
00100011
00000000
,
00100011
10000000
00100011
10000000
00010011
01000000
00010011
01000000
,
00100011
10000000
01000011
00100000
00010011
01000000
00100011
00000000
,
00100011
10000000
01000011
00100000
00010011
01000000
00100011
10000000
,
01000011
00100000
00010011
10000000
00010011
10000000
00010011
00000011
,
10000011
00010000
10000011
00100000
01000011
00010000
10000011
00100000
,
01000011
00100000
00100011
00000000
00100011
01000000
01000011
00000000
,
00010011
10000000
00010011
01000000
00100011
10000000
00010011
01000000
,
00100011
01000000
01000011
00000000
01000011
00100000
00100011
00000000
,
00010011
10000000
00010011
01000000
00100011
10000000
00010011
01000000
,
00100011
01000000
01000011
00000000
01000011
00100000
00100011
00000000
,
00010011
10000000
00100011
10000000
00100011
01000000
00010011
01000000
,
00100011
10000000
00100011
01000000
01100011
00000000
01100011
00000011
,
10010011
00000000
01100000
00000011
,
10010011
00000000
01100000
00000000
,
00110011
10100000
11000011
00110011
,
10010011
01101000
10010100
00000000
;

//---------------dance-single - K. Ward----------------
#NOTES:
     dance-single:
     K. Ward:
     Beginner:
     1:
     0.110,0.000,0.056,0.000,0.000,90.000,7.000,0.000,0.000,0.000,0.000:
0000
0000
0000
0000
,
0000
0000
0000
0000
,
0000
0000
0000
0000
,
0000
0000
0000
0000
,
1000
0000
0000
0000
,
0000
0000
0000
0000
,
0001
0000
0000
0000
,
0000
0000
0000
0000
,
1000
0000
0001
0000
,
0010
0000
0000
0000
,
0000
0000
0000
0000
,
0100
0000
0000
0000
,
0000
0000
0000
0000
,
0010
0000
0000
0000
,
0000
0000
0000
0000
,
0001
0000
0000
0000
,
1000
0000
0001
0000
,
0010
0000
0010
0000
,
0010
0000
0000
0000
,
0100
0000
0100
0000
,
0100
0000
0000
0000
,
1000
0000
0000
0000
,
0001
0000
0000
0000
,
1000
0000
1000
0000
,
1000
0000
0000
0000
,
1001
0000
0000
0000
,
0000
0000
0000
0000
,
1001
0000
0000
0000
,
0000
0000
0000
0000
,
0110
0000
0000
0000
,
0000
0000
0000
0000
,
1001
0000
0000
0000
,
0000
0000
0000
0000
,
0001
0000
0001
0000
,
0001
0000
0000
0000
,
0010
0000
0010
0000
,
0010
0000
0000
0000
,
0001
0000
0001
0000
,
0001
0000
0000
0000
,
1000
0000
1000
0000
,
1000
0000
0000
0000
,
0001
0000
0000
0000
,
0010
0000
0000
0000
,
0100
0000
0000
0000
,
1000
0000
0000
0000
,
1000
0000
0000
0000
,
0100
0000
0000
0000
,
0010
0000
0000
0000
,
0001
0000
0001
0000
,
0001
0000
0000
0000
,
0000
0000
0000
0000
,
1000
0000
0000
0000
,
0000
0000
0000
0000
,
0001
0000
0000
0000
,
1000
0000
0000
0000
,
0001
0000
0001
0000
,
0001
0000
0000
0000
,
1000
0000
0000
0000
,
1000
0000
0000
0000
,
1000
0000
0000
0000
,
0010
0000
0010
0000
,
0010
0000
0000
0000
,
0100
0000
0000
0000
,
0001
0000
0000
0000
,
1000
0000
0000
0000
,
1001
0000
0000
0000
,
0000
0000
0000
0000
,
1000
0000
0000
0000
,
0000
0000
0000
0000
,
0001
0000
0000
0000
,
0000
0000
0000
0000
,
1000
0000
0000
0000
,
0010
0000
0010
0000
,
0100
0000
0000
0000
,
0000
0000
0000
0000
,
0001
0000
0000
0000
,
0000
0000
0000
0000
,
1000
0000
0000
0000
,
0010
0000
0000
0000
,
0100
0000
0000
0000
,
0000
0000
0000
0000
,
1001
0000
0000
0000
,
0000
0000
0000
0000
,
0010
0000
0000
0000
,
0000
0000
0000
0000
,
0100
0000
0000
0000
,
0000
0000
0000
0000
,
0001
0000
0000
0000
,
0100
0000
0100
0000
,
0100
0000
0000
0000
,
0010
0000
0000
0000
,
1000
0000
0000
0000
,
0100
0000
0000
0000
,
1000
0000
0000
0000
,
0001
0000
0000
0000
,
0010
0000
0000
0000
,
0000
0000
0000
0000
,
1001
0000
0000
0000
,
0000
0000
0000
0000
,
1000
0000
1000
0000
,
1000
0000
0000
0000
;
