#TITLE:Destiny;
#SUBTITLE:;
#ARTIST:☺;
#TITLETRANSLIT:;
#SUBTITLETRANSLIT:;
#ARTISTTRANSLIT:;
#GENRE:Happy Hardcore;
#CREDIT:;
#BANNER:Destiny-banner.png;
#BACKGROUND:Destiny-bg.png;
#LYRICSPATH:;
#CDTITLE:;
#MUSIC:Destiny.ogg;
#OFFSET:0.004;
#SAMPLESTART:43.860;
#SAMPLELENGTH:13.420;
#SELECTABLE:YES;
#BPMS:0.000=175.000;
#STOPS:;
#BGCHANGES:0.000=Destiny-bg.png=1.000=0=0=1=====,
16.000=In The Groove 2/595_JumpBack.mpg=1.000=1=0=1===CrossFade==,
32.000=In The Groove 2/955_JumpBack.mpg=1.000=0=0=1=====,
48.000=In The Groove 2/452_JumpBack.mpg=1.000=0=0=1=====,
64.000=-random-=1.000=0=0=1=====,
80.000=-random-=1.000=0=0=1=====,
96.000=In The Groove 2/807_JumpBack.mpg=1.000=0=0=1=====,
112.000=In The Groove 2/586_JumpBack.mpg=1.000=1=0=1===CrossFade==,
126.000=Destiny-bg.png=1.000=0=0=1=====,
128.000=In The Groove 2/604_JumpBack.mpg=1.000=0=0=1=====,
144.000=-random-=1.000=0=0=1=====,
160.000=-random-=1.000=0=0=1=====,
176.000=-random-=1.000=0=0=1=====,
192.000=In The Groove 2/828_JumpBack.mpg=1.000=0=0=1=SongBgWithMovieViz====,
224.000=-random-=1.000=0=0=1=====,
240.000=-random-=1.000=0=0=1=====,
252.000=Destiny-bg.png=1.000=0=0=1=====,
256.000=-random-=1.000=0=0=1=====,
272.000=-random-=1.000=0=0=1=====,
288.000=-random-=1.000=0=0=1=====,
304.000=-random-=1.000=0=0=1=====,
320.000=Destiny-bg.png=1.000=0=0=1=====,
99999=-nosongbg-=1.000=0=0=0 // don't automatically add -songbackground-
;
#BGCHANGES2:96.000=white flash=1.000=0=0=1=====,
126.000=yellow flash=2.000=0=0=1=====,
127.000=yellow flash=2.000=0=0=1=====,
128.000=white flash=1.000=0=0=1=====,
192.000=white flash=1.000=0=0=1=====,
208.000=yellow flash=1.000=0=0=1=====,
212.000=yellow flash=1.000=0=0=1=====,
216.000=yellow flash=1.000=0=0=1=====,
220.000=yellow flash=1.000=0=0=1=====,
224.000=white flash=1.000=0=0=1=====,
248.000=yellow flash=1.000=0=0=1=====,
250.000=yellow flash=1.000=0=0=1=====,
252.000=yellow flash=1.000=0=0=1=====,
256.000=white flash=1.000=0=0=1=====,
312.000=yellow flash=1.000=0=0=1=====,
320.000=white flash=1.000=0=0=1=====,
;
#KEYSOUNDS:;
// cache tags:
#FIRSTBEAT:16.000;
#LASTBEAT:322.000;
#SONGFILENAME:/Songs/In The Groove 2/Destiny/Destiny.sm;
#HASMUSIC:1;
#HASBANNER:1;
#MUSICLENGTH:112.457;
// end cache tags

//---------------dance-single - ----------------
#NOTES:
     dance-single:
     :
     Easy:
     4:
     0.281,0.000,0.231,0.044,0.000,190.000,26.000,5.000,0.000,0.000,0.000:
0000
0000
0000
0000
,
0000
0000
0000
0000
,
0000
0000
0000
0000
,
0000
0000
0000
0000
,
0001
0000
0000
1000
,
0001
0000
0000
0001
,
0100
0100
0100
0000
,
0010
0010
0010
0000
,
1000
0000
0000
0001
,
0001
0000
1000
0100
,
0001
0000
0000
0001
,
0100
0000
1000
0001
,
1000
0000
0000
0001
,
0010
0000
0000
0010
,
0001
1000
1000
0000
,
0010
0100
0001
0000
,
1000
0000
0000
0001
,
1001
0000
0100
0010
,
0110
0000
0000
1000
,
1001
0000
0001
0010
,
0001
0000
0000
0100
,
0110
0000
0000
1000
,
1100
0000
0110
0000
,
1001
0000
0110
0000
,
0002
0000
0000
0000
,
1003
0000
0000
0000
,
2000
0000
0000
0000
,
3001
0000
0000
0000
,
0200
0000
0010
0000
,
0310
0000
0000
0000
,
0020
0000
0000
0100
,
0130
0000
0011
0000
,
1000
1000
1000
0000
,
0001
0001
0001
0000
,
0100
0100
0100
0000
,
0010
0010
0010
0000
,
1000
0100
0010
0000
,
0010
0100
1000
0000
,
0010
0100
1001
0000
,
0100
0010
1001
0000
,
0100
0100
0100
0000
,
0010
0010
0010
0000
,
1000
1000
1000
0000
,
0001
0001
0001
0000
,
1000
0000
1100
0000
,
0001
0000
0011
0000
,
0100
0010
1000
0000
,
0010
0100
0002
0000
,
1003
0000
0000
0000
,
0100
0000
0000
0000
,
1000
0000
0000
0000
,
0010
0000
0000
0000
,
0001
1001
0000
0000
,
1000
1001
0000
0000
,
0100
0110
0000
0000
,
0010
0110
0000
0000
,
1000
0000
1000
0000
,
0001
0000
0001
0001
,
0010
0000
0010
0000
,
0010
0000
0100
1000
,
0010
0000
0010
0000
,
0100
0000
0100
0000
,
0001
1000
0001
1000
,
0001
1000
0001
1000
,
0010
0010
0100
0000
,
0001
0001
0010
0000
,
0100
0100
1000
0000
,
0010
0010
0100
0000
,
0001
1000
0001
0000
,
0100
0010
0100
0000
,
0001
0010
0100
1000
,
0100
0010
0001
1000
,
1001
0000
0010
0001
,
0011
0000
1000
0100
,
1100
0000
0010
0100
,
1100
0000
0001
0010
,
0110
0000
1001
0000
,
0110
0000
1001
0000
,
0010
0010
0001
0001
,
0100
1000
0010
0001
,
1001
0000
0000
0000
;

//---------------dance-single - MEDIUM----------------
#NOTES:
     dance-single:
     MEDIUM:
     Medium:
     6:
     0.407,0.000,0.124,0.205,0.000,283.000,14.000,23.000,3.000,0.000,0.000:
0000
0000
0000
0000
,
0000
0000
0000
0000
,
0000
0000
0000
0000
,
0000
0000
0000
0000
,
0001
0000
0000
0001
0000
0000
0010
0000
,
0001
0000
0000
0001
0000
0000
0100
0000
,
0010
1000
1000
1000
,
1000
0100
0010
0001
,
1000
0000
0000
1000
0000
0000
0001
0000
,
0010
0000
0000
0100
0000
0000
1000
0000
,
0010
0000
0000
0010
0000
0000
0100
0000
,
0100
0001
0010
0010
,
0001
0000
0000
0001
0000
0000
1000
0000
,
0010
0000
0000
0010
0000
0000
0100
0000
,
0001
0010
0001
0100
,
1000
0100
0001
0001
,
1000
0000
0000
0100
0000
0000
0010
0000
,
0010
0000
0000
0100
0000
0000
1000
0000
,
0001
0000
0000
0010
0000
0000
0010
0000
,
0001
0001
2000
0010
,
3100
0000
0000
0010
0000
0000
0100
0000
,
1000
0000
0000
0010
0000
0000
0001
0000
,
0010
0100
1000
0100
,
1000
0100
0001
1000
,
0020
0000
0100
0000
,
0001
0000
0100
0100
,
0230
0000
1000
0000
,
0010
0000
0301
0010
,
0020
0000
0230
0000
,
2300
0000
3002
0000
,
2003
0010
3020
0000
,
0230
0001
0301
0000
,
1000
0000
1000
0010
0000
0010
0100
0000
,
0100
0001
0000
0001
0010
0001
0010
0001
,
1000
0000
1000
0100
0000
0100
1000
0000
,
1000
0010
0000
0010
0200
0000
0301
0000
,
0010
0000
0010
0100
0000
0100
0010
0000
,
0010
0001
0000
0001
1000
0000
0100
0000
,
0010
0000
0010
0001
0000
0001
1000
0000
,
1000
0010
0000
0010
0200
0000
0301
0000
,
0001
0000
0001
0100
0000
0100
0010
0000
,
0010
1000
0000
1000
0100
1000
0100
1000
,
0010
0000
0010
0100
0000
0100
0001
0000
,
0001
0010
0000
0010
0100
1000
0100
1000
,
0010
0000
0010
0100
0000
0100
0001
0000
,
0001
1000
0000
1000
0010
0100
0010
0100
,
0001
0000
0001
0010
0000
0010
0001
0000
,
0001
1000
0000
1000
0010
0000
0100
0000
,
0002
0000
0000
1000
,
2003
000M
0000
0010
,
3020
M000
0000
0100
,
0230
00M0
0000
0000
,
0301
0011
0000
0000
,
1000
1100
0000
0000
,
0010
0110
0000
0000
,
1000
1001
0000
0000
,
1000
0000
1000
0100
0000
0000
0010
0000
,
0020
0000
0130
0000
,
0010
0000
0010
0001
0000
0000
0001
0000
,
0002
0000
0013
0000
,
0100
0000
0100
1000
0000
0000
1000
0000
,
2000
0000
3001
0000
,
0001
0000
0001
0010
0000
0000
0001
0000
,
1001
0000
0110
0000
,
1000
0100
0010
0100
,
1000
0000
0001
0000
0010
0000
0001
0010
,
0001
0010
0100
0010
,
0100
1000
0001
1001
,
1000
0100
1000
0000
1000
0000
0001
0000
,
0100
0010
0100
0000
0100
0000
0001
0000
,
0010
0000
0010
0001
0000
0001
1000
0000
,
1000
0010
0000
0010
0100
0000
0001
0000
,
2000
0010
0010
3001
,
0002
0100
0100
1003
,
0200
0010
0001
0310
,
0200
1000
0010
1300
,
0001
1000
0010
0100
,
0001
1000
0010
0100
,
0011
0000
1100
0000
,
0110
1001
0110
0110
,
1001
0000
0000
0000
;

//---------------dance-single - HARD----------------
#NOTES:
     dance-single:
     HARD:
     Hard:
     8:
     0.549,0.000,0.151,0.124,0.098,401.000,17.000,14.000,39.000,2.000,0.000:
0000
0000
0000
0000
,
0000
0000
0000
0000
,
0000
0000
0000
0000
,
0000
0000
0000
0000
,
0100
0000
0000
0100
,
0001
0000
0000
0001
0000
0000
1000
0000
,
0010
0000
0100
00M0
0100
000M
0100
00M0
,
0100
0001
0010
0100
,
1001
0010
1000
0100
,
0110
0000
0010
0000
0001
0000
0010
0001
,
0100
1000
0100
0001
,
1010
0000
1000
0000
0100
0000
0010
0001
,
0010
0100
1000
0010
,
0101
0000
0100
0000
0001
0000
1000
0001
,
1000
M010
0M10
M010
,
0010
0000
0000
0000
1000
0000
0000
0000
0100
0000
0000
0010
0100
0000
0100
0000
,
1000
0100
0001
0100
,
1100
0000
0100
0000
0010
0000
0100
1000
,
0010
0001
0010
1000
,
0101
0000
0001
0000
0010
0000
0100
1000
,
0100
0010
0001
0100
,
1010
0000
0010
0000
1000
0000
0001
1000
,
0001
010M
01M0
010M
,
0100
0000
0000
0000
0001
0000
0000
0000
1000
0000
0000
1000
0010
0000
0100
0000
,
0001
0000
1000
0001
0000
0100
0000
0001
,
1000
0000
0000
0001
0000
0001
0010
0000
,
0100
0010
0001
0000
0100
0000
0010
1000
,
0000
0000
0000
0001
0000
1000
0100
0001
,
0100
1000
0010
0000
0200
0000
0000
0001
,
0000
0000
0000
0310
0000
0010
0100
0010
,
1000
0000
0000
0001
0000
0000
1000
0000
,
0001
0010
0101
1010
,
0100
0000
0000
0000
1000
0000
0100
M000
0000
0000
1000
0000
0010
M000
0000
0000
,
1000
0000
0100
M000
0000
0000
1000
0000
0010
0000
1000
0000
0100
0000
0010
0000
,
0001
0000
0000
0000
0100
0000
0010
0M00
0000
0000
0100
0000
0001
0M00
0000
0000
,
0100
0000
0010
0M00
0000
0000
0100
0000
0001
0000
0100
0000
0010
0000
1000
0000
,
0100
0000
0000
0000
0010
0000
0001
00M0
0000
0000
0010
0000
0100
00M0
0000
0000
,
0010
0000
0001
00M0
0000
0000
0010
0000
0100
0000
0010
0000
0001
0000
0100
0000
,
0010
0000
0000
0000
1000
0000
0100
M000
0000
0000
1000
0000
0001
M000
0000
0000
,
1000
0000
0100
M000
0000
0000
1000
0000
0001
0000
0010
0000
0100
0000
1000
0000
,
0100
00M0
0100
0010
0M00
0010
0100
00M0
,
0100
0010
0M00
0010
0100
1000
0010
0100
,
0001
00M0
0001
0010
000M
0010
0001
00M0
,
0001
0010
000M
0010
0001
0100
0010
1000
,
0100
M000
0100
1000
0M00
1000
0010
M000
,
0010
0001
00M0
0001
0010
1000
0100
0010
,
0001
00M0
0001
0100
000M
0100
1000
0M00
,
1000
0100
M000
0100
0001
0000
1000
0000
,
0001
1000
0001
0000
1000
0000
0100
0000
0000
0000
1000
0000
0100
0000
0000
0000
,
1000
0100
1000
0000
0100
0000
0010
0000
0000
0000
0100
0000
0010
0000
0000
0000
,
0100
0010
0100
0000
0010
0000
0001
0000
0000
0000
0010
0000
0001
0000
0000
0000
,
0100
0001
0100
0000
0010
0000
1000
0000
0000
0000
0010
0000
1000
0000
0000
0000
,
0010
1000
0010
1000
0010
0000
0000
0000
0000
0000
0000
0000
0000
0000
0000
0000
,
0100
0001
0100
0001
0100
0000
0000
0000
0000
0000
0000
0000
0000
0000
0000
0000
,
2002
0000
0010
0000
,
0000
0000
0010
3003
,
0001
0000
0002
0010
0000
0000
0103
0000
,
1000
0000
2000
0010
0000
0000
3100
0000
,
0001
0000
0002
0100
0000
0000
0013
0000
,
1000
0000
2000
0100
0000
0000
3010
0000
,
0001
0000
0200
1000
0000
0000
0310
0000
,
0001
0000
0020
0100
0000
0000
0031
0000
,
0001
0000
0200
1000
0000
0000
0310
0000
,
0001
0010
0100
0000
0010
0000
1001
0000
,
0001
0010
0001
0010
1000
0010
0100
1000
,
0001
0010
0001
0010
1000
0010
0100
0100
,
0100
1000
0100
0001
0100
0010
0100
1000
,
0100
1000
0100
0001
0100
0010
0100
1000
,
0001
0001
0200
0000
0310
0000
1001
0000
,
1000
1000
0200
0000
0310
0000
1001
0000
,
0100
0000
1000
0100
0001
0100
1000
0000
,
0001
0010
0100
0010
0100
0010
0001
0000
,
1000
0100
0001
0100
0001
0100
0010
0001
,
1000
0100
0001
0100
0001
0100
0010
0010
,
0010
0001
0010
1000
0010
0100
0010
0100
,
0010
0001
0010
1000
0010
0100
0010
0001
,
0100
0100
0020
0000
0130
0000
1001
0000
,
0100
0100
0020
0000
0130
0000
1001
0000
,
0001
0000
0001
0010
1001
0010
0001
0000
,
1000
0100
0010
1001
0010
0100
1000
0000
,
M10M
0000
0000
0000
;

//---------------dance-single - ----------------
#NOTES:
     dance-single:
     :
     Challenge:
     11:
     0.884,0.000,0.560,0.276,0.542,602.000,63.000,31.000,11.000,3.000,0.000:
0000
0000
0000
0000
,
0000
0000
0000
0000
,
0000
0000
0000
0000
,
0000
0000
0000
0000
,
1000
0100
0010
0001
1000
0100
0010
0001
0010
0100
1000
0100
0010
0001
1000
0001
,
0100
0010
1000
0001
0100
0010
1000
0001
1000
0010
0100
0001
1000
0010
0100
0010
,
1000
0001
1000
0100
1000
0100
0010
0100
1000
0100
0010
0100
0010
0001
1000
0001
,
1000
0010
1000
0001
0100
0010
0100
0001
1000
0010
0100
0001
1000
0010
1000
0010
,
1000
1001
1010
1100
,
0110
0000
0011
0000
1001
0000
0011
1001
,
1100
0000
1000
0100
1000
0000
0001
0000
1001
0000
0000
0000
1010
0000
0010
0000
,
0100
0000
0010
1000
0001
0000
0100
0000
0101
0000
0000
0000
1010
0000
1001
0000
,
0101
0000
0001
0100
0001
0000
1000
0000
1010
0000
0000
0000
1100
0000
0100
0000
,
1000
0000
0010
1000
0001
0000
0100
0000
0101
0000
0000
0000
1010
0000
1010
0000
,
0110
0000
0100
0010
0100
0000
0001
0000
1001
0000
0000
0000
1100
0000
1000
0000
,
0010
0000
1000
0010
0100
0000
0001
0000
0101
0000
0000
0000
1001
0000
1100
0000
,
1100
0000
1000
0001
0100
0000
0001
0000
0101
0000
0000
0000
1010
0000
0001
0000
,
0100
0000
0010
1000
0001
0000
0010
0000
0011
0000
0000
0000
0011
0000
1001
0000
,
0101
0000
0001
0100
0010
0000
1000
0000
1100
0000
0000
0000
0110
0000
0100
0000
,
0010
0000
0001
1000
0010
0000
0100
0000
0110
0000
0000
0000
1010
0000
1001
0000
,
0101
0000
0001
0100
0010
0000
1000
0000
1100
0000
0000
0000
1001
0000
0100
0000
,
0010
0000
0100
0001
1000
0000
0010
0000
1010
0000
0000
0000
1001
0000
0101
0000
,
0110
0000
0100
0001
1000
0000
0010
0000
1010
0000
0000
0000
1001
0000
0100
0000
,
0010
0000
1000
0010
0100
0000
0001
0000
0101
0000
0000
0010
1000
0000
1010
0000
,
1001
0000
1000
0020
0000
1000
0000
0001
,
0031
0000
0000
0010
0000
0200
0001
0000
,
1000
1000
1300
0000
0100
0000
0001
0020
,
0000
0000
0000
0001
0000
0001
0100
0130
,
0200
0010
1000
0000
0010
0000
0000
0002
,
0300
0000
0000
0103
0000
1000
0010
1000
,
0002
0000
0000
0010
0000
0000
1000
1000
,
0000
0000
0003
0000
0000
0000
1000
0001
1000
0000
0000
0000
1010
0000
0000
0000
,
1001
0000
0001
0200
0000
0001
0001
0000
,
0010
0010
0000
1000
1300
0100
0100
0020
,
1000
0000
1000
0100
0000
0001
0001
0030
,
0010
1000
0000
0100
0010
0100
0001
0100
,
0020
0000
0001
0100
0030
0010
0001
0000
,
0100
0010
0000
0100
1000
0100
0001
0010
,
1000
0000
1000
0020
0000
0001
0100
0030
,
0010
0100
0000
1000
0001
0100
0010
1000
,
0200
0000
1000
1000
0000
0010
0320
0000
,
0001
0000
0100
0030
0000
0000
0100
0000
0010
0000
0001
0000
0100
0000
0010
0000
,
0001
0000
0001
0020
0000
0001
0100
0030
,
0100
0010
0000
0010
1000
0100
0010
1000
,
0020
0000
1000
0100
0030
0010
0002
0000
,
1000
0000
0100
0003
0000
0000
0001
0000
0010
0000
1000
0000
0010
0000
0001
0000
,
0200
0000
0000
0000
0001
0000
0001
0300
0000
0000
0100
0000
0020
0000
0000
0000
,
0100
0100
0030
0010
1000
0000
0010
0000
,
1000
0100
0020
0000
0001
0000
0100
0030
0000
0000
0010
0000
0001
0000
0000
0000
,
1000
0010
0200
0000
0010
0000
1000
0000
0000
0000
0010
0000
0001
0000
0300
0000
,
0100
0010
1000
0000
0010
0000
1000
0000
0000
0000
0010
0000
0100
0000
0000
0000
,
0001
0010
0200
0000
0010
0000
0010
0000
0000
0000
1000
0000
2300
0000
3000
0000
,
0010
0100
0001
0100
0020
0000
0000
0000
0001
0000
0000
0000
0100
0030
0000
0000
,
0010
0100
0010
1000
0020
0000
0000
0000
0001
0000
0000
0000
1000
0030
0000
0000
,
2002
0000
0010
0000
,
0010
0000
0010
3003
,
1001
0000
1000
0010
1000
0000
0001
0100
0001
0000
1000
0010
0100
0000
0001
1000
,
0100
0000
0010
0001
0010
0000
0001
1000
0010
0000
0100
0001
0100
0010
1000
0001
,
0100
0000
0001
1000
0010
0000
0100
0010
0100
0000
0001
0100
0010
0000
1000
0001
,
0100
0000
0001
1000
0010
0000
0100
0001
1000
0010
0100
0001
1000
0001
0010
0001
,
1000
0000
0001
1000
0001
0000
0001
1000
0001
0000
0100
0010
0100
0000
0010
0100
,
0010
0000
0010
1000
0010
0000
1000
0100
0010
0001
1000
0010
0100
0001
1000
0010
,
1000
0001
0010
0100
1000
0100
0010
0001
1000
0001
0100
0001
1000
0100
0010
0100
,
1000
0001
0100
0010
0100
0001
0100
0010
1000
0001
1000
0010
0100
0001
1000
0000
,
0001
1000
0001
0000
0001
0000
0100
0000
1000
0000
0100
0000
0001
0000
0010
0000
,
0100
0010
0100
0000
0001
0000
0100
0000
1000
0000
0001
0000
1000
0000
1000
0000
,
1000
0010
0100
0000
0100
0000
0001
0000
0100
0000
0001
0000
0010
0000
0100
0000
,
0100
1000
0001
0000
0001
0000
0100
0000
0010
0000
1000
0000
0100
0000
0010
0000
,
0010
0001
0010
0000
0200
0000
0000
0000
0010
0000
0300
0000
1001
0000
0000
0000
,
0010
1000
0100
0000
0200
0000
0000
0000
0010
0000
0300
0000
1001
0000
0101
0000
,
0101
0000
0001
0100
1000
0100
0001
0000
,
0001
0000
0010
0000
1000
0000
0010
0000
0001
0000
0000
0001
0100
0000
0100
0000
,
0100
0010
1000
0000
0100
0000
0010
0000
0001
0000
0100
0000
0020
0000
0001
0000
,
0031
0010
0001
0000
0010
0000
0100
0000
0001
0000
1000
0000
0100
0000
0010
0000
,
1000
0010
0100
0000
0001
0000
1000
0000
0010
0000
0100
0000
0010
0000
1000
0000
,
0001
0100
0010
0000
0010
0000
1000
0000
0001
0000
0100
0000
0010
0000
1000
0000
,
0001
0100
0010
0000
0020
0000
0000
0000
0001
0000
0030
0000
0011
0000
0000
0000
,
0010
0100
0010
0000
0200
0000
0000
0000
1000
0000
0300
0000
1100
0000
0110
0000
,
0101
0000
0010
0010
1001
0010
0001
0000
,
1000
0000
0000
0100
1000
0000
0001
0010
0100
100M
0010
0100
00M1
1000
001M
0100
,
M002
0000
00M0
0M00
M000
0M00
00M0
0M00
M003
0000
0000
0000
0000
0000
0000
0000
;

//---------------dance-double - J.Casarino----------------
#NOTES:
     dance-double:
     J.Casarino:
     Hard:
     9:
     0.655,0.000,0.436,0.391,0.089,423.000,49.000,44.000,24.000,3.000,0.000:
00000000
00000000
00000000
00000000
,
00000000
00000000
00000000
00000000
,
00000000
00000000
00000000
00000000
,
00000000
00000000
00000000
00000000
,
00002000
00000000
00000000
00023000
,
02030000
00000000
00000000
03020000
00000000
00000000
00032000
00000000
,
00023000
00230000
20300000
32000000
,
03020000
00032000
00003020
00001030
,
00010010
00000000
00000100
00000100
00000000
00001000
00001000
00000000
,
00010100
00000000
00001000
00001000
00000000
01000000
01000000
00000000
,
00110000
00000000
10000000
00100000
00000000
10000000
01000000
00000000
,
10010000
00000000
10000000
00100000
01000000
00010000
00100000
00000000
,
00101000
00000000
00010000
00000000
00001000
00010000
00100000
00000000
,
01001000
00000000
00010000
00000000
00001000
00000100
00000001
00000000
,
00000120
00000001
00001000
00000130
,
00021000
00030200
00000320
00000031
,
00000101
00000000
00000100
00001000
00010000
01000000
10000000
00000000
,
10100000
00000000
00100000
00010000
00001000
00000100
00000010
00000000
,
00011000
00000000
00100000
00001000
01000000
00100000
00010000
00000000
,
00100000
01000000
00001000
00100000
01000000
00010000
00001000
00000000
,
00000110
00000000
00010000
00001000
00000010
00000001
00000100
00000000
,
00001001
00000000
00000001
00000010
00001000
00010000
00100000
00000000
,
10010000
11000000
10010000
00110000
,
00101000
00011000
00010010
00001001
,
0001020M
00000000
000M0000
00002300
00000000
00003020
00000000
00000000
,
00000230
00000000
00000000
00000302
00000000
00002003
00000010
00000000
,
00003010
00010000
00002000
00000000
02003000
00000000
03200000
20000000
,
00000000
00300000
00000000
30010000
00000000
00010000
01000000
10000000
,
01000000
00010000
00200000
00000000
02000000
00300000
00000000
20000000
,
00000000
30000000
00000000
03200000
00000000
00301000
00010000
00001000
,
00000200
00000000
00000000
00000002
00000000
00000003
00000320
00000000
,
00000030
00001000
00000101
00001010
,
00010100
00000000
00000000
00000000
00001000
00000000
01000000
0000M000
00000000
00000000
00001000
00000000
00100000
0000M000
00000000
00000000
,
00001000
00000000
01000000
0000M000
00000000
00000000
00001000
00000000
00010000
00000000
00100000
00000000
10000000
00000000
01000000
00000000
,
00100000
00000000
00000000
00000000
01000000
00000000
00100000
0M000000
00000000
00000000
01000000
00000000
10000000
0M000000
00000000
00000000
,
01000000
00000000
00100000
0M000000
00000000
00000000
01000000
00000000
10000000
00000000
01000000
00000000
00100000
00000000
00001000
00000000
,
00010000
00000000
00000000
00000000
00000010
00000000
00010000
000000M0
00000000
00000000
00000010
00000000
00001000
000000M0
00000000
00000000
,
00000010
00000000
00000100
000000M0
00000000
00000000
00000010
00000000
00000001
00000000
00000010
00000000
00000100
00000000
00000001
00000000
,
00000100
00000000
00000000
00000000
00001000
00000000
00010000
0000M000
00000000
00000000
00001000
00000000
00100000
0000M000
00000000
00000000
,
00001000
00000000
00000010
0000M000
00000000
00000000
00001000
00000000
00010000
00000000
01000000
00000000
00100000
00000000
00001000
00000000
,
00010000
0000M000
00010000
00100000
000M0000
00100000
00010000
00M00000
,
00010000
00100000
000M0000
00100000
00010000
00M01000
00000100
00000001
,
00000010
0000000M
00000010
00001000
000000M0
00001000
00000010
0000M000
,
00000010
00001000
000000M0
00001000
00010000
0100M000
10000000
00100000
,
00010000
00000000
00010000
00001000
00000000
00001000
00000010
00000000
,
00000010
00000001
00000000
00000001
00000100
00001000
00000100
00000010
,
00010000
00000000
00010000
00100000
00000000
00100000
10000000
00000000
,
10000000
01000000
00000000
01000000
00010000
00001000
00010000
00000100
,
00010000
00001000
00010000
00000000
00000100
00000000
00001000
00000000
00000000
00000000
00001000
00000000
00000010
00000000
00000000
00000000
,
00000100
00000001
00000100
00000000
00000001
00000000
00001000
00000000
00000000
00000000
00000010
00000000
00010000
00000000
00000000
00000000
,
00001000
00010000
00001000
00000000
01000000
00000000
00100000
00000000
00000000
00000000
00010000
00000000
00100000
00000000
00000000
00000000
,
10000000
01000000
10000000
00000000
00010000
00000000
00100000
00000000
00000000
00000000
00100000
00000000
00001000
00000000
00000000
00000000
,
00010000
00000100
00010000
00000100
00010000
00000000
00000000
00000000
00001000
00000000
00000000
00000000
00000100
00000000
00000000
00000000
,
00000001
00001000
00000001
00001000
00000001
00000000
00000000
00000000
00000010
00000000
00000000
00000000
00001000
00000000
00000000
00000000
,
00022000
00000000
01000000
00000000
,
00000100
00000000
00000000
00000000
00000000
00000000
00000000
00000000
00100010
00033000
00000000
00000000
00000000
00000000
00000000
00000000
,
02001000
00000000
00001000
03002000
00000000
00010000
00023000
00000000
,
00100000
00230000
00000000
10300000
01000000
00100000
00001000
00010000
,
00000200
00000000
00010000
00010000
00000000
00001000
00001000
00000000
,
00000010
00000010
00000000
00000301
00000100
00001000
00000010
00010000
,
00002000
00000000
01000000
01000000
00000000
00100000
00203000
00000000
,
00001000
00001000
00300000
00010000
00100000
01000000
10000000
00010000
,
01010000
10010000
01010000
01001000
,
00010100
00010010
00001010
00000101
,
00000001
00000010
00000100
00000010
00001000
00010000
00000100
00000000
,
00010000
00001000
01000000
00100000
01000000
00010000
10000000
00000000
,
00100000
00010000
00001000
00010000
01000000
10000000
00010000
00000000
,
00100000
00001000
00010000
00001000
00000100
00000001
00001000
00000000
,
00000010
00010000
00010010
00000000
00001100
00000000
00011000
00000000
,
00100000
00001000
00101000
00000000
01010000
00000000
00011000
00000000
,
00001000
00000100
00001000
00000100
00000001
00000010
00000001
00000010
,
00001000
00010000
01000000
00010000
00001000
00100000
00010000
00000000
,
01000000
00001000
00100000
00001000
00010000
00001000
00000010
00000000
,
00000100
00010000
00000010
00010000
00001000
00010000
00100000
00000000
,
01000000
10000000
01000000
00010000
00100000
00001000
00010000
00000000
,
00000100
00000001
00000100
00001000
00000010
00010000
00001000
00000000
,
00100000
00010000
10010000
00000000
00101000
00000000
00011000
00000000
,
00100000
00001000
01001000
00000000
00011000
00000000
01100000
00000000
,
10000000
00010000
00100000
01000000
00010000
00001000
00000010
00000100
,
00001000
00000010
00000100
00001000
00010000
01000000
00100000
00010000
,
20020000
00000000
30030000
00000000
;

//---------------dance-double - J.Casarino----------------
#NOTES:
     dance-double:
     J.Casarino:
     Medium:
     6:
     0.484,0.000,0.462,0.258,0.000,300.000,52.000,29.000,5.000,0.000,0.000:
00000000
00000000
00000000
00000000
,
00000000
00000000
00000000
00000000
,
00000000
00000000
00000000
00000000
,
00000000
00000000
00000000
00000000
,
00001000
00000000
00000000
00001000
00000000
00000000
00010000
00000000
,
00000010
00000000
00000000
00010000
00000000
00000000
00000110
00000000
,
00002001
00003002
00002003
00003001
,
00000210
00000320
00000230
00000310
,
00001001
00000000
00000000
00000001
00000000
00000000
00000100
00000000
,
00001000
00000000
00000000
00010000
00000000
00000000
01000000
00000000
,
10000000
00000000
00000000
00100000
00000000
00000000
01000000
00000000
,
00001000
00000000
00010000
00000000
00001000
01000000
00001000
00000000
,
00010000
00000000
00000000
00010000
00000000
00000000
00100000
00000000
,
00010000
00000000
00000000
00010000
00000000
00000000
00001000
00000000
,
00100000
01000000
01000000
00010000
,
01000000
10000000
00010000
01000000
,
10100000
00000000
00000000
01000000
00000000
00000000
00100000
00000000
,
00110000
00000000
00000000
00001000
00000000
00000000
00010000
00000000
,
00010100
00000000
00000000
00000010
00000000
00000000
00000001
00000000
,
00001001
00000000
00000010
00000000
00001000
00000100
00001000
00000000
,
00001010
00000000
00000000
00010000
00000000
00000000
00001000
00000000
,
00101000
00000000
00000000
00010000
00000000
00000000
10000000
00000000
,
10010000
01010000
01010000
00011000
,
00011000
00001100
00001100
00001001
,
00000012
00000000
00000100
00000100
,
00000100
00000000
00001000
00001000
,
00002003
00000000
00000010
00000000
,
00000010
00000000
00003200
00010000
,
00020300
00001000
00001000
00000000
,
00100000
00000000
00001000
00032000
,
01000000
00000000
01000000
00000000
,
00103000
00000000
00110000
10010000
,
00110000
00000000
10000000
01000000
00000000
10000000
01000000
00000000
,
10000000
01000000
00000000
10000000
01000000
00000000
01000000
00000000
,
00100000
00000000
00001000
00010000
00000000
00001000
00010000
00000000
,
00001000
00010000
00000000
00001000
00010000
00000000
00000010
00000000
,
00000010
00000000
00001000
00000001
00000000
00001000
00000001
00000000
,
00001000
00000001
00000000
00001000
00000001
00000000
00000010
00000000
,
00000010
00000000
00000100
00001000
00000000
00000100
00001000
00000000
,
00000100
00001000
00000000
00000100
00001000
00000000
00001000
00000000
,
00000100
00000000
00010000
00001000
00000000
00010000
00001000
00000000
,
00010000
00001000
00000000
00010000
00001000
00000000
00001000
00000000
,
00100000
00000000
00010000
10000000
00000000
00010000
10000000
00000000
,
00010000
10000000
00000000
00010000
10000000
00000000
10000000
00000000
,
00100000
00000000
01000000
00001000
00000000
01000000
00001000
00000000
,
01000000
00001000
00000000
01000000
00001000
00000000
00001000
00000000
,
00100000
00000000
00010000
01000000
00000000
00010000
01000000
00000000
,
00010000
01000000
00000000
00010000
01000000
00000000
00100000
00000000
,
10020000
00000000
00000000
10000000
,
20030000
000M0000
00000000
00100000
,
30200000
M0000000
00000000
00010000
,
00320000
00M00000
00000000
00000000
,
00031000
00011000
00010000
00010000
,
00000100
00001100
00001000
00001000
,
00000220
00000000
00000000
00000330
,
00002002
00000000
00000000
00003003
,
00000001
00000000
00000000
00000100
00000000
00000000
00000001
00000000
,
00000100
00000000
00000010
00001000
,
00000010
00000000
00000000
00010000
00000000
00000000
00000010
00000000
,
00010000
00000000
00001000
00010000
,
00001000
00000000
00000000
00100000
00000000
00000000
00001000
00000000
,
00100000
00000000
00010000
10000000
,
10010000
01100000
01100000
00110000
,
00110000
00011000
00010010
00001010
,
00000001
00000100
00000001
00000000
00000100
00000010
00000100
00000000
,
00000010
00001000
00000010
00000000
00001000
00000100
00001000
00000000
,
00000100
00010000
00000100
00000000
00010000
00001000
00010000
00000000
,
00001000
01000000
00001000
00000000
01000000
00100000
01000000
00000000
,
00010000
10000000
01000000
00000000
00110000
00000000
00110000
00000000
,
10000000
01000000
00100000
00000000
00101000
00000000
00101000
00000000
,
00020000
00032000
00003200
00000302
,
00000023
00002030
00023000
00230000
,
10300000
01000000
10000000
00000000
01000000
00010000
01000000
00000000
,
00010000
00001000
00010000
00000000
00001000
00000100
00001000
00000000
,
00000100
00000001
00000100
00000000
00000001
00000010
00000001
00000000
,
00000010
00000100
00000010
00000000
00000100
00010000
00000100
00000000
,
00010000
00001000
01000000
00000000
00110000
00000000
00110000
00000000
,
10000000
01000000
00010000
00000000
01010000
00000000
01010000
00000000
,
11000000
00110000
00101000
01001000
,
00011000
00010010
00001010
00000110
,
00002002
00003003
0000M00M
00000000
;

//---------------dance-double - J.Casarino----------------
#NOTES:
     dance-double:
     J.Casarino:
     Easy:
     4:
     0.302,0.000,0.151,0.169,0.000,202.000,17.000,19.000,0.000,0.000,0.000:
00000000
00000000
00000000
00000000
,
00000000
00000000
00000000
00000000
,
00000000
00000000
00000000
00000000
,
00000000
00000000
00000000
00000000
,
10000000
00000000
00000000
00100000
,
10000000
00000000
00000000
00010000
,
10000000
01000000
01000000
01000000
,
01000000
10000000
00010000
00100000
,
00001000
00000000
00000000
00010000
,
00001000
00000000
00001000
00000100
,
00000001
00000000
00000000
00000010
,
00000100
00000000
00000001
00001000
,
00000001
00000000
00000000
00001000
,
00000100
00000000
00000000
00010000
,
00001000
00100000
00100000
00100000
,
00100000
00001000
00010000
01000000
,
00010000
00000000
00000000
00001000
,
00010000
00000000
00010000
01000000
,
10000000
00000000
00000000
00100000
,
01000000
00000000
10000000
00010000
,
10000000
00000000
00000000
00010000
,
01000000
00000000
00000000
00001000
,
00010000
00000010
00000010
00000010
,
00000010
00010000
00001000
00000100
,
00000002
00000000
00000000
00001003
,
00001000
00000000
00000001
00000100
,
00000020
00000000
00010000
00000030
,
00000000
00000010
00010000
00001000
,
00200000
00000000
00010000
00300000
,
00020000
00000000
01030000
01000000
,
02000000
00000000
00000000
03000000
,
01000000
00000000
10010000
10010000
,
10010000
00000000
01000000
00000000
,
00100000
00000000
10000000
01000000
,
00010000
00000000
00001000
00000000
,
00010000
00000000
00000010
00000100
,
00001001
00000000
00000100
00000000
,
00000010
00000000
00000001
00000100
,
00001000
00000000
00010000
00000000
,
00001000
00000000
00100000
01000000
,
10010000
00000000
01100000
00000000
,
10010000
00000000
10000000
01000000
,
00100000
00000000
00001000
00000000
,
00010000
00000000
00000010
00001000
,
00001001
00000000
00000110
00000000
,
00001001
00000000
00000001
00000100
,
00000010
00000000
00010000
00000000
,
00001000
00000000
00100000
00010000
,
20020000
00000000
30030000
00000000
,
02200000
00000000
03300000
00000000
,
00022000
00000000
00033000
00000000
,
00000220
00000000
00000330
00000000
,
00001001
00000000
00000001
00000001
,
00000001
00000000
00000100
00000100
,
00000200
00000000
00000000
00000000
,
00001300
00000000
00010000
00010000
,
00011000
00000000
00000000
00020000
,
00000000
00000000
00031000
00001000
,
02000000
00000000
00000000
03200000
,
00000000
00000000
10300000
10000000
,
02000000
00000000
00000000
03200000
,
00000000
00000000
00310000
00010000
,
00100000
00001000
00001000
00001000
,
00010000
00010000
00010000
00010000
,
00001000
00000000
00010000
00000100
,
00010000
00000000
00000010
00001000
,
00000010
00000000
00000100
00000001
,
00000100
00000000
00001000
00010000
,
00001000
00000000
00100000
00100000
,
00100000
00000000
01000000
01000000
,
01000000
10000000
01000000
00010000
,
01000000
10000000
01000000
00010000
,
00010000
00000000
00001000
01000000
,
00001000
00000000
00100000
00010000
,
00100000
00000000
01000000
10000000
,
01000000
00000000
00010000
00001000
,
00010000
00000000
00000010
00000010
,
00000010
00000000
00000100
00000100
,
00000100
00000001
00000100
00001000
,
00000100
00000001
00000100
00001000
,
00001001
00000000
00000000
00000000
;

//---------------dance-double - J.Casarino----------------
#NOTES:
     dance-double:
     J.Casarino:
     Challenge:
     10:
     0.774,0.000,0.400,0.338,0.213,526.000,45.000,38.000,15.000,5.000,0.000:
00000000
00000000
00000000
00000000
,
00000000
00000000
00000000
00000000
,
00000000
00000000
00000000
00000000
,
00000000
00000000
00000000
00000000
,
00022000
00000000
00030000
00000200
00000000
00000300
00010000
00000000
,
00200000
00000000
00300000
02000000
00000000
03000000
20003000
00000000
,
30020000
M0000000
00032000
000M0000
00003002
0000M000
00000203
0000000M
,
00002300
00203000
20300000
30020000
,
01030000
00000000
00000000
01000000
10000000
00000000
00100000
00000000
01000000
00000000
00010000
00000000
00100000
00000000
00000000
00000000
,
00011000
00000000
00000000
00001000
00010000
00000000
00000010
00000000
00001000
00000000
00000100
00000000
00010000
00000000
00000000
00000000
,
00001010
00000000
00000000
00000010
00000100
00000000
00000001
00000000
00000010
00000000
00000100
00000000
00001000
00000000
00000000
00000000
,
00000010
00010000
00001000
00010000
01000000
00100000
00001000
00000000
,
01010000
00000000
00000000
01000000
00100000
00000000
00010000
00000000
00001000
00000000
00000010
00000000
00001000
00000000
00000000
00000000
,
01001000
00000000
00000000
01000000
00001000
00000000
00000100
00000000
00001000
00000000
00010000
00000000
00100000
00000000
00000000
00000000
,
20000000
01000000
31000000
M0000000
00020000
00001000
00031000
000M0000
,
00000100
00000001
00000010
00001000
00010000
00100000
00010000
00001000
,
00011000
00000000
00000000
00001000
01000000
00000000
00100000
00000000
10000000
00000000
00100000
00000000
01000000
00000000
00001000
00000000
,
00101000
00000000
00000000
00010000
00001000
00000000
00000100
00000000
00000010
00000000
00000001
00000000
00000010
00000000
00001000
00000000
,
00000100
00000000
00000000
00000100
00001000
00000000
00000001
00000000
00000010
00000000
00000100
00000000
00001000
00000000
00000100
00000000
,
00000010
00001000
00010000
00100000
00010000
00001000
01000000
00100000
,
10100000
00000000
00000000
01000000
00010000
00000000
00100000
00000000
00001000
00000000
00010000
00000000
00000100
00000000
00000010
00000000
,
00000011
00000000
00000000
00000100
00000010
00000000
00010000
00000000
00001000
00000000
00010000
00000000
00100000
00000000
00010000
00000000
,
00000020
00001000
00001030
000000M0
00020000
01000000
01030000
000M0000
,
01000000
00100000
00010000
00100000
01000000
00010000
00001000
00000010
,
00002001
0000000M
00000001
0000010M
00000M00
00000001
0000000M
00000000
,
00003002
00000000
00000000
00000010
000000M3
00000100
0000100M
00010000
,
01000000
10000000
00020000
00000000
02030000
00000000
00100000
00200000
,
00000000
03000000
00300000
00010000
M0000000
10000000
01000000
00010000
,
00100000
00001000
00000020
00000000
00000230
00000000
00000000
00002300
,
00000000
00000000
00000000
00003002
00000000
00000013
00001000
00010000
,
02002000
00000000
00000000
00100000
00000000
00000000
00000000
10000000
,
00000000
03003000
00000000
00000000
00000000
00000000
00000000
00000000
01001000
00000000
00000000
00000000
01010000
00000000
00000000
00000000
,
10010000
00000000
00100000
10100000
00000000
10000000
11000000
00000000
,
01000000
00000000
01010000
00000000
00000000
00000000
00010000
00001000
00010000
00000000
00000100
00000000
00001000
00000000
00000001
00000000
,
00000010
00000000
00000001
00001001
00000000
00000100
00000110
00000000
,
00010000
00000000
00010100
00000000
00000000
00000000
00001000
01000000
00001000
00000000
00010000
00000000
00100000
00000000
10000000
00000000
,
01000000
00000000
00100000
00101000
00000000
00100000
01100000
00000000
,
00100000
00000000
10100000
00000000
00000000
00000000
00100000
00010000
00100000
00000000
00001000
00000000
00010000
00000000
00000100
00000000
,
00010000
00000000
00000010
00001010
00000000
00000100
00010100
00000000
,
01000000
00000000
01001000
00000000
00000000
00000000
00010000
10000000
00010000
00000000
01000000
00000000
00100000
00000000
00010000
00000000
,
00001000
00000000
00000010
00001100
00000000
00000010
00000101
00000000
,
00000010
00000000
00010100
00000000
00000000
00000000
00001000
00100000
00001000
00000000
00010000
00000000
01000000
00000000
10000000
00000000
,
00010000
00000000
10000000
01000000
00000000
01000000
00010000
00000000
,
00001000
00000000
00000100
00000000
00000000
00000000
00000001
00000010
00000001
00000000
00000100
00000000
00001000
00000000
00000100
00000000
,
00000001
00000000
00001010
00010010
00000000
00110000
00101000
00000000
,
11000000
00000000
10010000
00000000
00000000
00000000
10000000
00100000
10000000
00000000
01000000
00000000
00100000
00000000
01000000
00000000
,
10000000
00000000
00110000
01001000
00000000
00010100
00001010
00000000
,
00000101
00000000
00001010
00000000
00000000
00000000
00000001
00000010
00000001
00000000
00000100
00000000
00001000
00000000
00010000
00000000
,
00001000
00000100
00001000
00000000
00010000
00000000
00001000
00000000
00000000
00000000
00000010
00000000
00000001
00000000
00000000
00000000
,
00000100
00000001
00000010
00000000
00001000
00000000
00010000
00000000
00000000
00000000
00001000
00000000
01000000
00000000
00000000
00000000
,
00100000
00010000
00001000
00000000
00010000
00000000
01000000
00000000
00000000
00000000
00010000
00000000
00001000
00000000
00000000
00000000
,
00000010
00001000
00010000
00000000
00001000
00000000
00000100
00000000
00000000
00000000
00001000
00000000
00011000
00000000
00000000
00000000
,
00001000
00000010
00000100
00000010
00000100
00000000
00000000
00000000
00010000
00000000
00001000
00000000
00010000
00000000
00000000
00000000
,
00010000
00100000
01000000
00100000
01000000
00000000
00000000
00000000
00010000
00000000
00001000
00000000
00010000
00000000
00000000
00000000
,
00022000
00000000
01000000
00000000
,
00000100
00000000
00000000
00000000
00000000
00000000
00000000
00000000
00100010
00033000
00000000
00000000
00000000
00000000
00000000
00000000
,
00001000
00100000
00001000
00010000
01000000
00010000
00001000
00010000
,
00000100
00000000
00000001
00000000
00000100
00000000
00020000
00000000
00100000
00000000
00000000
00000000
00100000
00030000
00000000
00000000
,
10000000
01000000
00100000
00001000
00010000
00100000
00010000
00000010
,
00000100
00000000
00001000
00000000
00000100
00000000
00000020
00000000
00001000
00000000
00000000
00000000
00001000
00000030
00000000
00000000
,
00000001
00000100
00001000
00010000
01000000
00010000
00000100
00001000
,
00000010
00000000
00001000
00000000
00000100
00000000
00020000
00000000
00100000
00000000
00000000
00000000
00100000
00030000
00000000
00000000
,
20000000
00000000
00100000
00000000
00100000
00000000
30100000
00000000
01000000
00000000
00002000
00000000
00010000
00000000
00010000
00003000
,
00010000
00000100
00000010
00001000
00010000
00000100
00010000
00100000
,
00010000
00001000
00010000
00000000
00001000
00000000
00000010
00000000
00000001
00000000
00000010
00000000
00001000
00000000
00001000
00000000
,
00010000
00000100
00010000
00000000
00001000
00000000
00010000
00000000
00100000
00000000
10000000
00000000
00100000
00000000
00100000
00000000
,
01000000
00001000
01000000
00000000
00010000
00000000
00100000
00000000
00001000
00000000
00010000
00000000
00000010
00000000
00000010
00000000
,
00001000
00000100
00001000
00000000
00000010
00000000
00010000
00000000
00001000
00000000
01000000
00000000
00010000
00000000
00010000
00000000
,
10000000
00100000
10000000
00100000
10000000
00000000
01000000
00000000
00010000
00000000
00001000
00000000
00010000
00000000
00000010
00000000
,
00000100
00000001
00000100
00000001
00000100
00000000
00000001
00000000
00001000
00000000
00000001
00000000
00000010
00000000
00000100
00000000
,
00001000
00000010
00010000
01000000
10000000
00100000
00010000
10000000
,
01000000
00000000
00010000
00000000
00100000
00000000
01000000
00000000
00100000
00010000
01000000
00000000
00001000
00010000
00000100
00000000
,
00100000
00001000
00010000
00000000
00001000
00000000
01000000
00000000
10000000
00000000
01000000
00000000
00010000
00000000
00100000
00000000
,
00001000
00010000
00000100
00000000
00001000
00000000
00000010
00000000
00000001
00000000
00000010
00000000
00010000
00000000
00001000
00000000
,
01000000
00001000
00010000
00000000
01000000
00000000
00100000
00000000
10000000
00000000
00010000
00000000
01000000
00000000
00100000
00000000
,
01000000
00100000
00001000
00000000
00010000
00000000
00000010
00000000
00001000
00000000
00000100
00000000
00000010
00000000
00000100
00000000
,
00001000
00000010
00000100
00000001
00000010
00000000
00000100
00000000
00000010
00000000
00001000
00000000
00010000
00000000
00001000
00000000
,
01000000
00010000
00100000
01000000
10000000
00000000
00100000
00000000
01000000
00000000
00100000
00000000
00010000
00000000
00001000
00000000
,
00000100
00000010
00010000
00001000
00100000
01000000
00010000
00001000
,
00000010
00000000
00000100
00000000
00010000
00000000
00001000
00000000
01000000
00010000
01000000
00010000
10000000
00100000
10000000
00100000
,
20200000
00000000
30300000
00000000
;

//---------------dance-single - K. Ward----------------
#NOTES:
     dance-single:
     K. Ward:
     Beginner:
     1:
     0.104,0.000,0.080,0.000,0.000,73.000,9.000,0.000,0.000,0.000,0.000:

0000
0000
0000
0000
,
0000
0000
0000
0000
,
0000
0000
0000
0000
,
0000
0000
0000
0000
,
1000
0000
0000
0000
,
0000
0000
0000
0000
,
0001
0000
0000
0000
,
0000
0000
0000
0000
,
1001
0000
0000
0000
,
0000
0000
0000
0000
,
0010
0000
0000
0000
,
0010
0000
0001
0000
,
1000
0000
0000
0000
,
1000
0000
0000
0000
,
0100
0000
0100
0000
,
0100
0000
0000
0000
,
1000
0000
0000
0000
,
0000
0000
0000
0000
,
0001
0000
0000
0000
,
0000
0000
0000
0000
,
0010
0000
0000
0000
,
0000
0000
0000
0000
,
0100
0000
0100
0000
,
0100
0000
0000
0000
,
1000
0000
0000
0000
,
0000
0000
0000
0000
,
0001
0000
0000
0000
,
0000
0000
0000
0000
,
0100
0000
0000
0000
,
0000
0000
0000
0000
,
1000
0000
0000
0000
,
0000
0000
0100
0000
,
0001
0000
0000
0000
,
0001
0000
0000
0000
,
1000
0000
0000
0000
,
1000
0000
0000
0000
,
0100
0000
0000
0000
,
0100
0000
0000
0000
,
0010
0000
0000
0000
,
0001
0000
0001
0000
,
0010
0000
0000
0000
,
0100
0000
0000
0000
,
1000
0000
0000
0000
,
0001
0000
0000
0000
,
0100
0000
0000
0000
,
0010
0000
0000
0000
,
1000
0000
0001
0000
,
0001
0000
1000
0000
,
1001
0000
0000
0000
,
0000
0000
0000
0000
,
0010
0000
0000
0000
,
0000
0000
0000
0000
,
0100
0000
0000
0000
,
0001
0000
0000
0000
,
1000
0000
0000
0000
,
0001
0000
0000
0000
,
1001
0000
0000
0000
,
0000
0000
0000
0000
,
0110
0000
0000
0000
,
0000
0000
0000
0000
,
1001
0000
0000
0000
,
0000
0000
0000
0000
,
1001
0000
0000
0000
,
1001
0000
1001
0000
,
1000
0000
0000
0000
,
0010
0000
0000
0000
,
0100
0000
0000
0000
,
0001
0000
0000
0000
,
1000
0000
1000
0000
,
0001
0000
0001
0000
,
0010
0000
0000
0000
,
0100
0000
0000
0000
,
1000
0000
0000
0000
,
0010
0000
0000
0000
,
0001
0000
0000
0000
,
0010
0000
0000
0000
,
0100
0000
0000
0000
,
1000
0000
0000
0000
,
0100
0000
0000
0000
,
0001
0000
1000
0000
,
1001
0000
0000
0000
;
