#TITLE:Habanera 1;
#SUBTITLE:;
#ARTIST:Boom Boom Room;
#TITLETRANSLIT:;
#SUBTITLETRANSLIT:;
#ARTISTTRANSLIT:;
#GENRE:Classical Techno;
#CREDIT:;
#BANNER:Habanera 1-banner.png;
#BACKGROUND:Habanera 1-bg.png;
#LYRICSPATH:;
#CDTITLE:;
#MUSIC:Habanera 1.ogg;
#OFFSET:0.006;
#SAMPLESTART:50.100;
#SAMPLELENGTH:11.880;
#SELECTABLE:YES;
#BPMS:0.000=158.000,244.000=81.272,253.000=158.000;
#STOPS:;
#BGCHANGES:0.000=Habanera 1-bg.png=1.000=0=0=1=====,
20.000=In The Groove 2/628_JumpBack.mpg=1.000=0=0=1=====,
36.000=In The Groove 2/865_JumpBack.mpg=1.000=0=0=1=====,
52.000=-random-=1.000=1=0=1===CrossFade==,
68.000=-random-=1.000=0=0=1=====,
84.000=-random-=1.000=1=0=1===CrossFade==,
100.000=-random-=1.000=0=0=1=====,
116.000=-random-=1.000=1=0=1===CrossFade==,
132.000=In The Groove 2/859_JumpBack.mpg=0.300=0=0=1=Kaleidoscope2x2====,
148.000=In The Groove 2/445_JumpBack.mpg=0.300=0=0=1=Kaleidoscope2x2====,
164.000=In The Groove 2/864_JumpBack.mpg=0.300=0=0=1=Kaleidoscope2x2====,
180.000=In The Groove 2/953_JumpBack.mpg=0.300=0=0=1=Kaleidoscope2x2====,
196.000=In The Groove 2/628_JumpBack_2.mpg=1.000=0=0=1=SongBgWithMovieViz===0.5^0.5^0.5^1=,
220.000=In The Groove 2/445_JumpBack.mpg=1.000=0=0=1=====,
236.000=In The Groove 2/865_JumpBack.mpg=1.000=1=0=1===CrossFade==,
244.000=In The Groove 2/632_JumpBack.mpg=1.000=0=0=1===FadeRight==,
248.000=In The Groove 2/628_JumpBack_2.mpg=1.000=0=0=1=SongBgWithMovieViz==FadeUp=0.5^0.5^0.5^1=,
253.000=-random-=1.000=0=0=1=====,
267.000=Habanera 1-bg.png=1.000=0=0=1=====,
99999=-nosongbg-=1.000=0=0=0 // don't automatically add -songbackground-
;
#BGCHANGES2:20.000=white flash=1.000=0=0=1=====,
36.000=white flash=1.000=0=0=1=====,
68.000=white flash=1.000=0=0=1=====,
100.000=white flash=1.000=0=0=1=====,
132.000=white flash=1.000=0=0=1=====,
196.000=white flash=1.000=0=0=1=====,
220.000=white flash=1.000=0=0=1=====,
244.000=white flash=1.000=0=0=1=====,
253.000=white flash=1.000=0=0=1=====,
267.000=white flash=1.000=0=0=1=====,
;
#KEYSOUNDS:;
// cache tags:
#FIRSTBEAT:11.000;
#LASTBEAT:267.000;
#SONGFILENAME:/Songs/In The Groove 2/Habanera 1/Habanera 1.sm;
#HASMUSIC:1;
#HASBANNER:1;
#MUSICLENGTH:107.088;
// end cache tags

//---------------dance-single - R. McKanna----------------
#NOTES:
     dance-single:
     R. McKanna:
     Hard:
     7:
     0.414,0.000,0.346,0.299,0.037,241.000,37.000,32.000,16.000,0.000,0.000:
0000
0000
0000
0000
,
0000
0000
0000
0000
,
0000
0000
0000
1001
,
0000
0000
0000
0000
,
0000
0000
0000
1001
,
2000
0000
3001
0100
0000
0001
0000
0000
,
2000
0000
3001
0100
0000
0001
0000
0000
,
0002
0000
1003
0100
0000
1000
0000
0000
,
0001
1000
0000
1000
0002
0000
0000
0000
,
2003
0000
0000
3010
1000
0000
1010
0000
,
2000
0000
0000
3010
1000
0000
MM00
0000
,
0200
0000
0000
0301
0100
0000
0101
0000
,
0100
0001
0000
0001
0200
0000
0000
0000
,
0302
0000
0000
0103
0001
0000
0101
0000
,
0002
0000
0000
0103
0001
0000
00MM
0000
,
0020
0000
0000
1030
0010
0000
1010
0000
,
0010
1000
0000
1000
0200
0000
0000
0300
,
1001
0000
0000
0100
1000
0000
0010
0000
,
1001
0000
0000
0100
0001
0000
0010
0000
,
0001
0000
0000
1000
0100
1000
0001
0000
0000
0100
0000
0000
,
0010
0000
0000
1000
0100
0000
0010
0000
,
1001
0000
0000
0010
0001
0000
0100
0000
,
1001
0000
0000
0010
1000
0000
0100
0000
,
1000
0000
0000
0001
0010
0001
1000
0000
0000
0010
0000
0000
,
0100
0000
0000
0001
0010
0000
0100
0000
,
1100
0000
0000
0001
0010
0000
0100
0000
,
1100
0000
0000
0001
0010
0000
0100
0000
,
0010
0000
0000
0001
0010
0001
0010
0000
0000
0100
0000
0000
,
1100
0000
0000
1000
0100
0000
0010
0000
,
0011
0000
0000
1000
0100
0000
0010
0000
,
0011
0000
0000
1000
0100
0000
0010
0000
,
0100
1000
0001
0100
,
1001
0000
0000
0000
,
0002
0000
0000
0103
0010
0000
0110
0000
,
2000
0000
0000
3100
0010
0000
0000
0000
,
0002
0000
0000
0103
0010
0000
0110
0000
,
0010
0000
0000
1001
0000
MMMM
0000
0000
,
2000
0000
0000
3010
0100
0000
0110
0000
,
0002
0000
0000
0013
0100
0000
0000
0000
,
2000
0000
0000
3010
0100
0000
0110
0000
,
0100
0000
0000
1001
0000
MMMM
0000
0000
,
0002
0000
1000
0103
0010
0000
0110
0000
,
2000
0000
0001
3100
0010
0000
0000
0000
,
0002
0000
1000
0103
0010
0000
0110
0000
,
0010
0000
0010
1001
0000
MMMM
0000
0000
,
2000
0000
0001
3010
0100
0000
0110
0000
,
0002
0000
1000
0013
0100
0000
0000
0000
,
2000
0000
0001
3010
0100
0000
0110
0000
,
1001
0000
0000
0000
0200
0000
0000
0300
,
0002
0000
0100
0000
0000
0103
0000
0000
,
0010
0000
0100
0010
0000
0100
0000
1000
,
2000
0000
0100
0000
0000
3100
0000
0010
,
0010
0000
0100
0010
0000
0100
0000
0001
,
0002
0000
0100
0000
0000
0103
0000
0000
,
0010
0000
0000
1000
0100
0000
0001
0000
,
0101
0000
0000
0001
0100
0000
1000
0000
,
1100
0000
0000
1000
0100
0000
0001
0000
,
0101
0000
0000
0001
0100
0001
0100
0000
0000
1000
0000
0000
,
0010
0100
0000
0001
0010
0000
1000
0000
,
1010
0000
0000
1000
0010
0000
0001
0000
,
0011
0000
0000
0001
0010
0000
0100
0000
,
2000
0000
0000
0000
,
0002
0000
0000
0000
0000
3003
0000
0000
,
0000
0000
2000
0000
0000
3001
0100
0000
,
0001
0000
1000
0000
0000
1010
1001
0000
,
0000
0000
0002
0000
0000
1003
0100
0000
,
1000
0000
0001
0000
0000
0011
1001
0000
;

//---------------dance-single - M. Puls----------------
#NOTES:
     dance-single:
     M. Puls:
     Medium:
     5:
     0.356,0.000,0.392,0.149,0.000,209.000,42.000,16.000,0.000,0.000,0.000:
0000
0000
0000
0000
,
0000
0000
0000
0000
,
0000
0000
0000
1000
,
0100
0000
0000
0000
,
0100
0000
0000
0001
,
0010
0000
0001
1000
0100
0000
0010
0000
,
0100
0000
0000
0000
1000
1000
0001
0010
,
0001
0000
0000
0000
,
2002
0000
0000
3003
,
1001
0000
0000
0010
0010
0000
0010
0000
,
1100
0000
0000
0010
0010
0000
0000
0000
,
0011
0000
0000
0100
0100
0000
0100
0000
,
0000
0000
0001
1000
0001
0000
0000
0000
,
0100
0000
0000
0001
0001
0000
1000
0000
,
0010
0000
1000
0000
,
0000
0000
0100
0100
,
1001
0000
0010
1000
,
0001
1000
0010
0100
,
0001
1000
0100
1000
0100
0000
0000
0000
,
1000
0002
0010
1000
,
1003
0000
1010
0011
,
1010
0000
1000
0000
0001
1000
0100
0000
,
0001
0100
0010
1000
,
0001
0000
0001
0010
0001
0000
0001
0000
,
0001
0000
0100
0001
,
1000
0001
0100
0010
,
1000
0001
0010
0001
0010
0000
0000
0000
,
0001
2000
0100
0001
,
3001
0000
0101
1100
,
0101
0000
0001
0000
1000
0001
0010
0000
,
1000
0010
0100
0001
,
1000
0000
1000
0100
1000
0000
1000
0000
,
2000
0000
0000
0000
,
3001
0000
1100
1100
,
0001
0000
0011
0000
,
1000
0011
0011
1000
,
0000
0000
1100
0000
0000
2002
0000
0000
,
3003
0110
1001
0110
,
1000
0001
1000
0000
0110
0000
0000
0000
,
1000
0000
0010
0010
,
0000
0000
0001
0000
1000
0020
0000
0000
,
1030
0000
0011
0011
,
1000
0000
1100
0000
,
0001
1100
1100
0001
,
0000
0000
0011
0000
0000
2002
0000
0000
,
3003
0110
1001
0110
,
0001
1000
0001
0000
0110
0000
0000
0000
,
0001
0000
0100
0100
,
0000
0000
0000
0000
,
1001
0000
1000
0100
0000
1000
0000
0000
,
0001
0000
0001
0010
0000
0001
0000
0000
,
0100
0000
0010
0100
0000
0100
0000
0000
,
0000
0000
0010
0000
0000
0010
0000
0000
,
2000
0000
0001
0000
0001
0001
0000
0000
,
3001
0000
1001
0110
,
1001
1000
0010
0100
,
0001
1000
0100
1000
0100
0000
0000
0000
,
1000
0002
0010
1000
,
1003
0000
1010
0011
,
1010
0000
1000
0000
0001
1000
0100
0000
,
0001
0100
0010
1000
,
0002
0000
0000
0020
0003
0000
0230
0000
,
2300
0000
0000
3000
,
0000
0000
1001
0000
0100
0010
0100
0000
,
1001
0000
0000
0000
0000
0010
1000
0000
,
0000
0000
0000
0000
,
0000
0000
0000
0000
0000
0100
0001
0000
;

//---------------dance-single - ----------------
#NOTES:
     dance-single:
     :
     Easy:
     3:
     0.224,0.000,0.261,0.112,0.000,128.000,28.000,12.000,0.000,0.000,0.000:
0000
0000
0000
0000
,
0000
0000
0000
0000
,
0000
0000
0000
0000
,
0000
0000
0000
0000
,
0000
0000
0000
0000
,
0100
0000
1001
0000
,
0001
0000
0010
0000
,
1000
0000
0110
0000
,
2002
0000
0000
3003
,
0001
0000
0010
0000
,
0001
0000
1001
0000
,
0100
0000
0001
0000
,
1000
0000
0110
0000
,
0100
0000
1000
0000
,
0001
0000
1001
0000
,
0010
0000
0100
0000
,
0001
0000
0110
0000
,
0100
0000
0010
0000
,
1000
0000
1001
0000
,
0001
0000
0010
0000
,
0001
0000
1000
0100
,
1000
0000
0001
0000
,
0010
0000
0110
0000
,
0100
0000
1000
0000
,
0001
0000
1000
0001
,
0010
0000
1000
0000
,
0001
0000
1001
0000
,
0010
0000
1000
0000
,
2002
0000
0000
3003
,
0100
0000
0001
0000
,
0100
0000
0110
0000
,
0010
0000
1000
0000
,
2002
0000
0000
3003
,
0001
0000
0010
0000
,
1000
0000
1001
1001
,
0000
1000
0100
0000
,
0010
1000
0100
0000
,
1000
0000
0001
0000
,
0010
0000
1001
1001
,
0000
0100
0001
0000
,
1000
0100
0001
0000
,
0010
0000
0001
1000
,
0001
0000
0110
0000
,
0010
0000
1000
0010
,
0001
0000
1001
0000
,
0010
0000
0100
0010
,
1000
0000
0110
0000
,
0010
0000
1000
0100
,
1000
0000
0000
0000
,
0200
0000
0000
0300
,
2000
0000
0000
3000
,
0002
0000
0000
0003
,
0020
0000
0000
0030
,
2002
0000
0000
3003
,
1000
0000
0100
0100
,
1000
0000
1001
0000
,
0010
0000
0110
0000
,
0100
0000
0001
0000
,
0010
0000
1000
1000
,
0010
0000
0110
0000
,
1000
0000
1001
0000
,
0001
0000
0010
0000
,
1000
0000
0100
0000
,
1000
0000
0010
0000
,
0100
0000
1001
0000
,
0010
0000
0100
0000
,
0001
0000
0110
1001
;

//---------------dance-double - M.Emirzian----------------
#NOTES:
     dance-double:
     M.Emirzian:
     Easy:
     2:
     0.111,0.000,0.056,0.019,0.000,75.000,6.000,2.000,0.000,0.000,0.000:
00000000
00000000
00000000
00000000
,
00000000
00000000
00000000
00000000
,
00000000
00000000
00000000
00000000
,
00000000
00000000
00000000
00000000
,
00000000
00000000
00000000
00000000
,
10010000
00000000
00000000
00000000
,
00011000
00000000
00000000
00000000
,
00001001
00000000
00000000
00000000
,
00000110
00000000
00000000
00000000
,
00000001
00000000
00000100
00000000
,
00000000
00000000
00000010
00000000
,
00001000
00000000
00000100
00000000
,
00000000
00000000
00000010
00000000
,
00001000
00000000
00000100
00000000
,
00000000
00000000
00010000
00000000
,
00001000
00000000
01000000
00000000
,
00000000
00000000
00000000
00000000
,
00010000
00000000
00000000
00000000
,
10000000
00000000
00000000
00000000
,
10000000
00000000
00010000
00000000
,
01000000
00000000
00000000
00000000
,
00001000
00000000
00000000
00000000
,
00010000
00000000
00000000
00000000
,
00010000
00000000
00000100
00000000
,
00001000
00000000
00000000
00000000
,
00000001
00000000
00000000
00000000
,
00001000
00000000
00000000
00000000
,
00000001
00000000
00000100
00000000
,
00000010
00000000
00000000
00000000
,
00001000
00000000
00000000
00000000
,
00000100
00000000
00000000
00000000
,
00010000
00000000
00001000
00000000
,
01000000
00000000
00000000
00000000
,
00001000
00000000
01000000
00000000
,
00000000
00000000
00010000
00000000
,
01000000
00000000
00100000
00000000
,
00000000
00000000
10000000
00000000
,
00010000
00000000
01000000
00000000
,
00000000
00000000
00001000
00000000
,
00010000
00000000
00000010
00000000
,
00000000
00000000
00000000
00000000
,
00000001
00000000
00000100
00000000
,
00000000
00000000
00000010
00000000
,
00001000
00000000
00000100
00000000
,
00000000
00000000
00000010
00000000
,
00001000
00000000
00000100
00000000
,
00000000
00000000
00010000
00000000
,
00001000
00000000
01000000
00000000
,
00000000
00000000
00000000
00000000
,
00010000
00000000
00000000
00000000
,
00000000
00000000
00000000
00000000
,
10000000
00000000
00000000
00000000
,
00000000
00000000
00000000
00000000
,
00001000
00000000
00000000
00000000
,
00000000
00000000
00000001
00000000
,
00001000
00000000
00000000
00000000
,
00000100
00000000
00000000
00000000
,
00010000
00000000
00000000
00000000
,
00001000
00000000
00010000
00000000
,
00001000
00000000
00000000
00000000
,
01000000
00000000
00000000
00000000
,
20020000
00000000
00000000
00000000
,
00000000
00000000
00000000
00000000
00000000
30030000
00000000
00000000
,
00000000
00100000
00000000
00000000
,
00000000
10000000
00000000
00000000
,
00000000
01000000
00000000
00000000
,
00000000
00100000
00010000
00110000
;

//---------------dance-double - M.Emirzian----------------
#NOTES:
     dance-double:
     M.Emirzian:
     Medium:
     5:
     0.251,0.000,0.047,0.019,0.000,181.000,5.000,2.000,0.000,0.000,0.000:
00000000
00000000
00000000
00000000
,
00000000
00000000
00000000
00000000
,
00000000
00000000
00000000
00000000
,
00000000
00000000
00000000
00000000
,
00000000
00000000
00000000
00000000
,
10000000
00000000
00000000
00010000
00000000
00000000
00000000
00000000
,
00010000
00000000
00000000
00001000
00000000
00000000
00000000
00000000
,
00001000
00000000
00000000
00000001
00000000
00000000
00000000
00000000
,
00001000
00000100
00000000
00000001
00000100
00000000
00000000
00000000
,
00000010
00000000
00000000
00001000
00000100
00000000
00010000
00000000
,
00001000
00000000
00000000
01000000
00010000
00000000
00000000
00000000
,
01000000
00000000
00000000
00100000
10000000
00000000
00100000
00000000
,
01000000
00000000
00000000
00010000
10000000
00000000
00000000
00000000
,
01000000
00000000
00000000
00100000
00010000
00000000
00100000
00000000
,
01000000
00000000
00000000
10000000
00010000
00000000
00000000
00000000
,
01000000
00000000
00000000
00001000
00010000
00000000
00000100
00000000
,
00001000
00000000
00000010
00000100
,
00000001
00001000
00000100
00000000
,
00000010
00000001
00000100
00000000
,
00000010
00000001
00000100
00000010
,
00000001
00000000
00000100
00001000
,
00010000
00001000
01000000
00000000
,
00100000
10000000
01000000
00000000
,
00100000
10000000
01000000
00100000
,
10000000
00000000
01000000
00100000
,
00010000
10000000
00100000
00000000
,
10000000
01000000
00100000
00000000
,
00010000
01000000
00001000
00010000
,
00000100
00000000
00001000
00000010
,
00001000
00000100
00000010
00000000
,
00000001
00000100
00000010
00000000
,
00000001
00000100
00000010
00000001
,
00001000
00000010
00000000
00000001
00000010
00000000
00000000
00000000
,
00000100
00000000
00000000
00001000
00000001
00000000
00000100
00000000
,
00001000
00000000
00000000
00010000
00001000
00000000
00000000
00000000
,
01000000
00000000
00000000
00010000
00100000
00000000
00010000
00000000
,
01000000
00000000
00000000
00000000
00000000
10010000
00000000
00000000
,
01000000
00000000
00000000
10000000
00010000
00000000
01000000
00000000
,
00100000
00000000
00000000
10000000
01000000
00000000
00000000
00000000
,
00100000
00000000
00000000
00010000
01000000
00000000
00001000
00000000
,
00010000
00000000
00000000
00000000
00000000
00001001
00000000
00000000
,
00000001
00000000
00000000
00000100
00000010
00000000
00001000
00000000
,
00000010
00000000
00000000
00000100
00000001
00000000
00000000
00000000
,
00000010
00000000
00000000
00000100
00001000
00000000
00010000
00000000
,
00001000
00000000
00000000
00000000
00000000
10010000
00000000
00000000
,
00100000
00000000
00000000
10000000
01000000
00000000
00100000
00000000
,
00010000
00000000
00000000
01000000
00100000
00000000
00000000
00000000
,
10000000
00000000
00000000
01000000
00100000
00000000
00001000
00000000
,
00010000
00000000
00000000
00000000
,
00000100
00000000
00000000
00000000
,
00000001
00000000
00000000
00000000
00000000
00000000
00000000
00001000
,
00000100
00000000
00000000
00000000
,
00010000
00000000
00000000
00000000
00000000
00000000
00000000
00100000
,
01000000
00000000
00000000
00000000
,
00001000
00000000
00010000
00000100
,
00001000
00000000
00000000
00000000
,
00000001
00000100
00000010
00000000
,
00000001
00000100
00000010
00000001
,
00001000
00000000
00000001
00000100
,
00001000
00010000
00001000
00000000
,
00001000
00010000
01000000
10000000
,
20020000
00000000
00000000
00000000
,
00000000
00000000
00000000
00000000
00000000
30030000
00000000
00000000
,
00000000
00100000
00000000
10000000
,
00000000
01000000
00000000
00100000
,
00000000
00010000
00000000
10000000
,
00000000
00000000
01000000
00100000
01000000
00000000
10010000
00000000
;

//---------------dance-double - M.Emirzian----------------
#NOTES:
     dance-double:
     M.Emirzian:
     Hard:
     8:
     0.498,0.000,0.635,0.093,0.000,295.000,68.000,10.000,2.000,3.000,0.000:
00000000
00000000
00000000
00000000
,
00000000
00000000
00000000
00000000
,
00000000
00000000
00000000
00000000
,
00000000
00000000
00000000
00000000
,
00000000
00000000
00000000
00000000
,
01000000
00000000
00100000
10000000
00000000
00100000
00000000
00000000
,
01000000
00000000
00010000
10000000
00000000
00100000
00000000
00000000
,
01000000
00000000
00001000
00010000
00000000
00000100
00000000
00000000
,
00000010
00000110
00000000
00001001
00000100
00000000
00000010
00000000
,
00001000
00000000
00000100
00000010
00000001
00000000
00000110
00000000
,
00000001
00000000
00000100
00000010
00001000
00000100
00010000
00000000
,
00001000
00000000
01000000
00001000
00010000
00000000
00110000
00000000
,
00100000
00000000
10000000
01000000
00010000
01000000
10000000
00000000
,
00010000
00000000
01000000
00100000
10000000
00000000
11000000
00000000
,
00100000
00000000
01000000
00010000
00001000
01000000
00001000
00000000
,
00010000
00000000
00001000
00000010
00000001
00000000
00001100
00000000
,
00000001
00000110
00000000
00001100
00010000
00000000
00010010
00000000
,
00001000
00000000
00010000
00000100
00010000
00001000
01000000
00000000
,
00100000
00000000
10000000
01000000
00100000
00010000
00100000
01000000
,
10000000
11000000
00110000
01001000
,
00010100
00000000
00001000
00000001
00000100
00000000
00000110
00000000
,
00001001
00000000
00000010
00000100
00001000
00000100
00000001
00000000
,
00000100
00000000
00001000
00000010
00000100
00001000
00010000
00000100
,
00010000
00001100
00011000
00110000
,
10100000
00000000
01000000
00100000
00010000
00000000
10010000
00000000
,
01100000
00000000
00010000
10000000
01000000
00010000
00001000
00000000
,
01000000
00000000
00001000
00010000
00000100
00001000
00000010
00001000
,
00000100
00011000
00001010
00000011
,
00000101
00000000
00000010
00001000
00000100
00000000
00010010
00000000
,
01001000
00000000
00001000
00010000
00001000
01000000
00100000
00000000
,
01000000
00000000
00010000
01000000
00100000
10000000
00100000
01000000
,
00010000
11000000
01010000
00011000
,
00001010
00000001
00000000
00001100
00000010
00000000
00000100
00000000
,
00000001
00000000
00001000
00000100
00000010
00000000
00000011
00000000
,
00000100
00000000
00001000
00000010
00000100
00000010
00001000
00000000
,
00000100
00000000
00010000
00001000
01000000
00000000
00110000
00000000
,
01000000
00000000
00000000
00000000
00000000
00000000
02200000
00000000
00000000
00000000
10010000
03300000
00000000
00000000
00000000
00000000
,
10000000
00000000
00100000
01000000
00010000
00000000
10100000
00000000
,
00010000
00000000
00100000
00001000
00010000
00000100
00001000
00000000
,
00000010
00000000
00000100
00000001
00001000
00000000
00001100
00000000
,
00000010
00000000
00000000
00000000
00000000
00000000
00000202
00000000
00000000
00000000
00001010
00000303
00000000
00000000
00000000
00000000
,
00000001
00000000
00000010
00000100
00001000
00000000
00001010
00000000
,
00010000
00000000
00001000
01000000
00010000
01000000
00100000
00000000
,
01000000
00000000
00010000
10000000
01000000
00000000
00110000
00000000
,
01000000
00000000
00000000
00000000
00000000
00000000
20200000
00000000
00000000
00000000
01010000
30300000
00000000
00000000
00000000
00000000
,
01000000
00000000
00100000
00010000
01000000
00000000
00011000
00000000
,
01000000
00000000
00010000
00001000
00010000
00000100
00000010
00000000
,
00000100
00000000
00001000
00000010
00000100
00000000
00001001
00000000
,
00000220
00000000
00000330
00000000
,
00011000
00000000
00001000
01000000
,
00010000
00000000
01000000
00000000
00100000
00000000
00000000
10000000
,
10010000
00000000
01000000
00100000
,
00010000
00000000
01000000
00000000
00001000
00000000
00000000
00010000
,
00011000
00000000
00000100
00001000
,
00000010
00000000
00000100
00000001
00000010
00000000
00000110
00000000
,
00011000
00000000
00010000
00000100
00001000
00000010
00000100
00000000
,
00000001
00000000
00000010
00000100
00001000
00000010
00000100
00001000
,
00010000
00001100
00011000
00110000
,
10100000
00000000
00100000
10000000
01000000
00000000
00110000
00000000
,
01010000
00000000
01000000
00001000
00010000
01000000
00010000
00000000
,
00001000
00000000
00010000
00000100
00001000
00000010
00000100
00000001
,
00002002
00000000
00000000
00000000
,
00000000
00000000
00000000
00000000
00000000
00003003
00000000
00000000
,
00000MM0
00000110
00011000
00000000
00000000
10010000
00000000
00000000
,
00100000
00000000
01010000
00000000
00000000
10000000
01000000
00000000
,
00100000
00000000
01010000
00000000
00000000
00011000
00000000
00001010
,
00000000
00000000
00000001
00000110
00000000
00001000
00101000
00000000
;

//---------------dance-double - M.Emirzian----------------
#NOTES:
     dance-double:
     M.Emirzian:
     Challenge:
     9:
     0.610,0.000,0.691,0.187,0.051,363.000,74.000,20.000,0.000,13.000,0.000:
00000000
00000000
00000000
00000000
,
00000000
00000000
00000000
00000000
,
00000000
00000000
00000000
00000000
,
00000000
00000000
00000000
00000000
,
00000000
00000000
00000000
00000000
,
00000020
00000000
00000000
00000000
00000200
00000000
00000000
00000000
00000000
00000000
00011000
00000330
00000000
00000000
00000000
00000000
,
00000020
00000000
00000000
00000000
00020000
00000000
00000000
00000000
00000000
00000000
00001100
00030030
00000000
00000000
00000000
00000000
,
00020000
00000000
00000000
00000000
00200000
00000000
00000000
00000000
00000000
00000000
01001000
00330000
00000000
00000000
00000000
00000000
,
00110000
00100010
00000000
00011000
01000100
00000000
00011000
00000000
,
00000010
00001000
00000100
00001000
00000010
00001000
00000100
00010000
,
00100000
00010000
00001000
01000000
00010000
00100000
00010000
00000000
,
01000000
00100000
01000000
00001000
00010000
00000100
00010000
00001000
,
00100000
00001000
01000000
00001000
00010000
00000100
00001000
00000000
,
00000010
00000100
00000010
00001000
00000100
00000010
00000100
00010000
,
00001000
01000000
00100000
01000000
00010000
00100000
01000000
00000000
,
00100000
00001000
00010000
00000010
00010000
00000100
00010000
00001000
,
00011000
00100010
00000000
00011000
01000100
00000000
00011000
00000000
,
01000000
00001000
00010000
00000010
01000000
00001000
00010000
00000010
,
00100000
00001000
00010000
00000100
00100000
00001000
00010000
00000100
,
00001000
00000000
00000000
00000010
00010000
00001000
01000000
00000000
00000000
01000100
00000000
00000000
,
00011000
00000000
00100000
00010000
01010000
00000000
00001100
00000000
,
00000010
00000100
00001000
00100000
01000000
00010000
00000010
00000100
,
00001000
00100000
01000000
00100000
00001000
00010000
00000100
00010000
,
00001000
00000000
00000000
00000010
00001000
00000100
00010000
00000000
00000000
01000100
00000000
00000000
,
00011000
00000000
00010000
00000010
00001010
00000000
01010000
00000000
,
00100000
01000000
00100000
00000010
00000100
00000010
01000000
00100000
,
01000000
00000100
00000010
00000100
01000000
00001000
01000000
00000100
,
00010000
00000000
00000000
00100000
00010000
00001000
00000100
00000000
00000000
01000100
00000000
00000000
,
00011000
00000000
00000010
00100000
00011000
00000000
01000100
00000000
,
00000010
00010000
00001000
01000000
00000010
00010000
00001000
01000000
,
00010000
00100000
00001000
00010000
00000100
00100000
00001000
00010000
,
00000100
00011000
00000110
00011000
,
01100000
01010000
00000000
01000100
00011000
00000000
00010010
00000000
,
01000000
00000100
00010000
00001000
00100000
00000010
00010000
00001000
,
01000000
00000100
00010000
00001000
00100000
00000010
00010000
00000000
,
00000100
00010000
00100000
00010000
00000100
00010000
00100000
00010000
,
00000010
00000000
00002000
00000000
00000200
00000000
00000000
00000000
00000000
00000000
00010010
00003300
00000000
00000000
00000000
00000000
,
00010000
00000010
00001000
00000100
00100000
00010000
01000000
00000010
,
00001000
00000100
00100000
00010000
01000000
00000010
00001000
00000000
,
00000100
00001000
00000010
01000000
00010000
00100000
00000100
00001000
,
00000010
00000000
00020000
00000000
00002000
00000000
00000000
00000000
00000000
00000000
01000100
00033000
00000000
00000000
00000000
00000000
,
00010000
00000100
01000000
00001000
00010000
00000010
00100000
00001000
,
00000100
00001000
01000000
00100000
00010000
00000010
00001000
00000000
,
00000100
00000010
00000100
01000000
00100000
01000000
00000010
00000100
,
00000010
00000000
00200000
00000000
00002000
00000000
00000000
00000000
00000000
00000000
01010000
00303000
00000000
00000000
00000000
00000000
,
00010000
01000000
00100000
00010000
00000010
00100000
00000100
00010000
,
00100000
01000000
00000100
00010000
01000000
00100000
00000100
00001000
,
00000010
00000100
00001000
01000000
00100000
01000000
00000100
00100000
,
00001000
00010000
00000010
00002020
00000000
00000000
00003030
00000000
,
01010000
00000000
00001100
00000000
00000000
00011000
00000000
00000000
,
00200000
00000000
00000000
00000000
00000020
00000000
00000000
00000000
00000000
00000000
00011000
00300030
00000000
00000000
00000000
00000000
,
00011000
00000000
01001000
00000000
00000000
00010010
00000000
00000000
,
02000000
00000000
00000000
00000000
00000200
00000000
00000000
00000000
00000000
00000000
00011000
03000300
00000000
00000000
00000000
00000000
,
01001000
00000000
00010010
00000000
00000000
01000100
00000000
00000000
,
00011000
00000000
00000000
00001000
00001100
00000000
01010000
00000000
,
00001010
00000000
00100000
00001000
00010000
00000100
00001000
00000000
,
01010000
00000000
00000010
00010000
00001000
01000000
00000010
00010000
,
00001000
00000000
00000000
01000000
00001000
00010000
00000010
00000000
00000000
00001100
00000000
00000000
,
01010000
00100000
00000000
01000000
01001000
00000000
00110000
00000000
,
00001100
00000000
00000010
00010000
00001000
01000000
00010000
00000000
,
01000010
00000000
00100000
00001000
00010000
00000100
00001000
00000100
,
00020200
00000000
00000000
00000000
,
00001000
00000010
00001000
00000010
00001000
00000000
00000000
00000000
00000000
00000000
00000000
00000000
00000000
00000000
00000000
00000000
00000000
00000000
00000000
00000000
00030300
00000000
00000000
00000000
00000000
00000000
00000000
00000000
00000000
00000000
00000000
00000000
,
00000000
01000100
00011000
00000000
01100000
00000000
00000000
00000110
,
00000000
00000000
00011000
00000000
00000110
00000000
00000000
01100000
,
00000000
00000000
00011000
00000000
00010100
00000000
00000000
01000010
,
00000000
00000000
00011000
00010010
00000000
00001100
01000100
00000000
;

//---------------dance-single - K. Ward----------------
#NOTES:
     dance-single:
     K. Ward:
     Beginner:
     1:
     0.088,0.000,0.065,0.000,0.000,59.000,7.000,0.000,0.000,0.000,0.000:

0000
0000
0000
0000
,
0000
0000
0000
0000
,
0000
0000
0000
0000
,
0000
0000
0000
0000
,
0000
0000
0000
0000
,
1000
0000
0000
0000
,
1000
0000
0000
0000
,
0100
0000
0000
0000
,
0010
0000
0000
0000
,
1001
0000
0000
0000
,
0001
0000
0000
0000
,
1000
0000
0000
0000
,
0010
0000
0000
0000
,
0100
0000
0000
0000
,
0001
0000
0000
0000
,
0001
0000
0000
0000
,
1000
0000
0000
0000
,
0010
0000
0000
0000
,
0010
0000
0000
0000
,
0100
0000
0100
0000
,
0100
0000
0000
0000
,
1001
0000
0000
0000
,
0001
0000
0000
0000
,
1000
0000
0000
0000
,
0010
0000
0000
0000
,
1001
0000
0000
0000
,
0010
0000
0000
0000
,
0001
0000
0000
0000
,
1000
0000
0000
0000
,
1001
0000
0000
0000
,
0100
0000
0000
0000
,
0010
0000
0000
0000
,
1000
0000
1000
0000
,
1000
0000
0000
0000
,
0000
0000
0000
0000
,
0001
0000
0000
0000
,
0000
0000
0000
0000
,
1000
0000
0000
0000
,
0001
0000
0000
0000
,
1000
0000
0000
0000
,
0001
0000
0000
0000
,
0100
0000
0000
0000
,
0100
0000
0000
0000
,
0010
0000
0000
0000
,
0010
0000
0000
0000
,
1000
0000
0000
0000
,
0001
0000
0000
0000
,
0100
0000
0000
0000
,
1001
0000
0000
0000
,
1000
0000
0000
0000
,
0000
0000
0000
0000
,
1000
0000
0000
0000
,
0000
0000
0000
0000
,
0001
0000
0000
0000
,
0000
0000
0000
0000
,
1001
0000
0000
0000
,
0100
0000
0000
0000
,
0010
0000
0000
0000
,
0010
0000
0000
0000
,
1001
0000
0000
0000
,
0100
0000
0000
0000
,
0001
0000
0000
0000
,
0000
0000
0000
0000
,
0000
1000
0000
0000
,
0000
0001
0000
0000
,
0000
0010
0000
0000
,
0000
0001
0000
1000
;
