#TITLE:Torn;
#SUBTITLE:;
#ARTIST:Natalie Browne;
#TITLETRANSLIT:;
#SUBTITLETRANSLIT:;
#ARTISTTRANSLIT:;
#GENRE:;
#CREDIT:;
#BANNER:torn-banner.png;
#BACKGROUND:Torn-bg.png;
#LYRICSPATH:;
#CDTITLE:;
#MUSIC:Natalie Browne - Torn.ogg;
#OFFSET:0.010;
#SAMPLESTART:51.395;
#SAMPLELENGTH:13.040;
#SELECTABLE:YES;
#BPMS:0.000=128.019;
#STOPS:;
#BGCHANGES:0.000=Torn-bg.png=1.000=0=0=1=====,
16.000=VOL1-21-NTSC.mpg=1.000=0=0=1=====,
32.000=vol4-08-ntsc.mpg=1.000=0=0=1=====,
48.000=vol3-06-ntsc.mpg=1.000=0=0=1=====,
56.000=vol3-10-ntsc.mpg=1.000=0=0=1=====,
64.000=vol3-13-ntsc.mpg=1.000=0=0=1=====,
72.000=vol3-23-ntsc.mpg=1.000=0=0=1=====,
80.000=VOL1-23-NTSC.mpg=1.000=0=0=1=====,
88.000=vol3-16-ntsc.mpg=1.000=0=0=1=====,
96.000=VOL1-37-NTSC.mpg=1.000=0=0=1=====,
104.000=EV01440N.mpg=1.000=0=0=1=====,
112.000=VOL1-16-NTSC.mpg=1.000=0=0=1=====,
120.000=vol3-11-ntsc.mpg=1.000=0=0=1=====,
128.000=vol4-18-ntsc.mpg=1.000=0=0=1=====,
136.000=VOL1-37-NTSC.mpg=1.000=0=0=1=====,
144.000=vol4-10-ntsc.mpg=1.000=0=0=1=====,
152.000=EV01440N.mpg=1.000=0=0=1=====,
160.000=vol4-08-ntsc.mpg=1.000=0=0=1=====,
168.000=VOL1-21-NTSC.mpg=1.000=0=0=1=====,
172.000=jb_072.mpg=1.000=0=0=1=====,
176.000=vol3-23-ntsc.mpg=1.000=0=0=1=====,
184.000=VOL1-37-NTSC.mpg=1.000=0=0=1=====,
192.000=VOL1-03-NTSC.mpg=1.000=0=0=1=====,
208.000=vol3-11-ntsc.mpg=1.000=0=0=1=====,
220.000=vol3-13-ntsc.mpg=1.000=0=0=1=====,
236.000=VOL1-16-NTSC.mpg=1.000=0=0=1=====,
252.000=vol4-10-ntsc.mpg=1.000=0=0=1=====,
260.000=vol3-23-ntsc.mpg=1.000=0=0=1=====,
268.000=Torn-bg.png=1.000=0=0=1=====,
99999=-nosongbg-=1.000=0=0=0 // don't automatically add -songbackground-
;
#KEYSOUNDS:;
// cache tags:
#FIRSTBEAT:15.500;
#LASTBEAT:268.000;
#SONGFILENAME:/Songs/In The Groove/Torn/Natalie Browne - Torn.sm;
#HASMUSIC:1;
#HASBANNER:1;
#MUSICLENGTH:127.480;
// end cache tags

//---------------dance-single - R. McKanna----------------
#NOTES:
     dance-single:
     R. McKanna:
     Hard:
     7:
     0.422,0.000,0.126,0.110,0.169,347.000,16.000,14.000,10.000,0.000,0.000:



0000
0000
0000
0000
,
0000
0000
0000
0000
,
0000
0000
0000
0000
,
0000
0000
0000
0000
,
0001
0100
0001
0100
,
1000
0100
1000
0100
,
0010
0100
1000
0100
,
0001
0100
0010
1000
0100
0010
0001
1000
,
0100
0000
1001
0000
0010
0100
1000
0000
,
0100
0000
0010
0000
1000
0010
0100
0001
,
1000
0000
1001
0000
1000
0100
0010
0001
,
1000
0001
0100
0010
,
1001
0100
0000
0100
,
0001
0010
0100
0000
0001
0010
0100
0000
,
0101
0010
0000
0010
,
1000
0100
0010
0000
1000
0100
0010
0100
,
1000
0001
0000
0001
,
1000
0001
0100
0001
1000
0010
1000
0000
,
1001
0010
0000
0010
,
1000
0010
0100
0000
1000
0010
0100
0000
,
1010
0100
0000
0100
,
0001
0100
0010
0000
0001
0100
0010
0100
,
0001
0010
0100
0000
0000
0000
1000
0000
,
0001
1000
0010
1000
0001
0100
0001
0000
,
2000
3100
0002
0103
,
1000
0010
1000
0000
0001
0010
0001
0000
,
1000
0010
0100
0001
,
1001
0100
0010
0001
,
1000
0000
0100
1000
0000
0000
0000
0000
0010
0000
1000
0000
0100
0000
0000
0000
,
0010
0000
0001
0010
0000
0000
0000
0000
0100
0000
1000
0000
0010
0000
0000
0000
,
0100
0000
0001
0100
0000
0000
0000
0000
0010
0000
1000
0000
0100
0000
0000
0000
,
0010
0000
0001
0010
0000
0000
0000
0000
0100
0000
1000
0000
0010
0000
0100
0000
,
0001
0000
0010
0001
0000
0000
0000
0000
0100
0000
0001
0000
0010
0000
0000
0000
,
0100
0000
1000
0100
0000
0000
0000
0000
0010
0000
0001
0000
0100
0000
0000
0000
,
0010
0000
1000
0010
0000
0000
0000
0000
0100
0000
0001
0000
0010
0000
0000
0000
,
0100
0000
1000
0100
0000
0000
0000
0000
0001
0000
0100
0000
0010
0000
1000
0000
,
0001
0000
0010
0100
0000
0000
1000
0000
0010
0000
1000
0000
0001
0000
1000
0000
,
0100
0000
0010
0001
0000
0000
0100
0000
0010
0000
0100
0000
0001
0000
1000
0000
,
0010
0000
0100
0001
0000
0000
0010
0000
0100
0000
1000
0000
0010
0000
0100
0000
,
0001
0000
1000
0100
0000
0000
0010
0000
0001
0000
0100
0000
0010
0000
1000
0000
,
0002
0100
1000
0100
,
1003
0100
0001
0010
,
2000
0100
0001
0100
,
3020
0100
1000
0130
,
MM11
0001
0010
0100
,
11MM
0010
0100
1MM1
,
M11M
0000
0000
0000
0000
0000
0001
0000
1000
0000
0010
0100
0010
0000
0000
0000
,
1MM1
0010
0100
0010
,
0100
0101
0100
0110
,
0100
1100
0100
0110
,
0001
0010
0100
0010
0001
0010
0100
0000
,
1000
0100
0100
0000
0001
0010
0010
0000
,
0002
0000
0013
0200
0000
0320
0000
0030
,
0001
1000
1000
0020
0000
0230
0000
0300
,
0001
0000
1000
0000
0000
0100
0000
0000
0010
0000
0000
0001
0000
0000
0100
0000
,
0001
0000
0000
0001
1000
0000
0000
1000
0100
0000
0000
0100
0010
0000
0000
0010
,
0001
0000
0000
0001
1000
0000
0000
1000
0010
0000
0000
0010
0200
0000
0000
0000
,
0302
1000
0100
0100
,
1000
0100
1000
1003
,
1000
0000
0000
1000
0001
0000
0000
0001
0010
0000
0000
0010
0100
0000
0000
0100
,
1000
0000
0000
1000
0001
0000
0000
0001
0100
0000
0000
0100
0020
0000
0000
0000
,
2030
0001
0010
0010
,
0001
0010
0001
3001
,
0001
0000
0000
0001
1000
0000
0000
1000
0100
0000
0000
0100
1000
0000
0000
1000
,
0001
0000
0000
0001
0010
0000
0000
0010
0001
0000
0000
0001
1000
0000
0000
1000
,
0010
0000
0000
0010
1000
0000
0000
1000
0001
0000
0000
0001
0100
0000
0000
0100
,
0001
0000
0010
0000
0000
0100
0000
0000
1000
0000
0000
0010
0000
0000
0100
0000
,
0001
0000
0000
0000
;

//---------------dance-single - R. McKanna----------------
#NOTES:
     dance-single:
     R. McKanna:
     Medium:
     5:
     0.340,0.000,0.180,0.126,0.000,264.000,23.000,16.000,0.000,0.000,0.000:


0000
0000
0000
0000
,
0000
0000
0000
0000
,
0000
0000
0000
0000
,
0000
0000
0000
0000
,
0010
1000
0100
1000
,
0010
0100
0001
0010
,
0001
0100
0010
1000
,
1100
0100
0110
0010
,
0011
0000
0000
0000
0001
0010
0001
0100
,
0001
0000
1000
0000
0100
1000
0010
1000
,
0100
0010
0001
0100
,
1010
0100
0101
0100
,
0010
1000
0000
1000
,
0001
0010
0001
0000
1000
0100
1000
0000
,
0100
0010
0000
0010
,
0001
0010
0100
0000
1000
0100
0010
0000
,
0001
0100
0000
0100
,
0010
1000
0010
0000
1000
0010
1000
0000
,
1001
0001
0000
0001
,
1000
0100
1000
0000
0001
0010
0001
0000
,
0010
0100
0000
0100
,
1000
0100
0010
0000
0001
0010
0100
0000
,
1000
0010
0000
0010
,
0100
0001
0100
0000
0001
0100
0001
0000
,
1000
1100
0001
0101
,
1000
0010
1000
0100
0010
0001
0100
0000
,
1000
1100
0001
0101
,
0001
0010
0001
0100
0001
0010
0100
0000
,
2000
0000
0000
0000
0001
0001
3001
0000
,
0002
0000
0000
0000
0100
0100
0103
0000
,
0200
0000
0010
0301
,
0002
0010
0010
0013
,
0020
0000
0000
0000
0001
0001
0031
0000
,
0002
0000
0000
0000
0010
0010
0013
0000
,
0020
0000
0100
0130
,
1100
1100
0110
1100
,
0002
0000
0000
0000
0100
0003
0100
0000
,
0020
0000
1030
1000
,
0200
0000
1300
0010
,
2000
0000
3010
0010
,
2000
0001
0000
0001
,
0000
3001
0000
0001
,
0020
0100
0000
0130
,
2000
0001
0000
3001
,
1001
0000
0010
0100
,
1010
0000
0000
0110
,
0101
0000
0001
0010
,
1010
0000
0000
0100
,
0001
0001
0010
0010
,
0100
0100
1000
1000
,
0001
0100
0001
0000
1000
0010
1000
0000
,
0001
0100
0001
0000
1000
0010
1000
0000
,
0002
0010
0100
0013
,
1000
0010
0100
0000
0001
0000
0001
0000
,
2000
0010
0100
3010
,
0001
0010
0100
0010
,
1010
0010
0100
0010
,
0100
0010
0100
0001
0010
0000
0100
0000
,
0010
0000
1000
0000
0010
0000
0100
0001
,
0010
0100
0010
0100
,
0101
0000
0100
0000
0010
0000
0100
0010
,
1000
0010
0100
0010
,
0100
0001
0100
0010
,
1001
0100
0001
0100
,
1000
0000
0100
0000
0001
0010
0001
0010
,
0001
0000
0100
0000
1000
0100
1000
0100
,
1000
0100
0010
0100
,
1001
0000
0000
0000
;

//---------------dance-single - R. McKanna----------------
#NOTES:
     dance-single:
     R. McKanna:
     Easy:
     3:
     0.216,0.000,0.149,0.039,0.000,169.000,19.000,5.000,0.000,0.000,0.000:


0000
0000
0000
0000
,
0000
0000
0000
0000
,
0000
0000
0000
0000
,
0000
0000
0000
0000
,
0000
0100
0000
0010
,
0000
0100
0000
0010
,
0000
1000
0000
0001
,
1000
0100
0010
0001
,
1001
0000
0100
1000
,
0010
0000
0100
0001
,
0010
0000
1000
0001
,
1000
0000
0100
0000
,
1001
0000
0001
0000
,
0010
0000
0010
0000
,
1001
0000
0001
0000
,
0100
0000
0100
0000
,
0010
0100
0010
0100
,
0001
0000
0001
0000
,
1001
0000
1000
0000
,
0100
0000
0100
0000
,
1001
0000
1000
0000
,
0010
0000
0010
0000
,
0100
0010
0100
0010
,
1000
0000
1000
0000
,
0101
0010
0000
0000
,
1010
0100
0000
0000
,
1001
0110
0000
0000
,
0110
1001
0000
0000
,
0001
0000
0001
0010
,
0100
0000
0100
1000
,
0010
0000
0010
0100
,
0001
0010
0001
0100
,
0010
1000
0000
1000
,
0100
0010
0000
0010
,
0001
0100
0000
0100
,
0010
1000
0100
1000
,
0010
0000
0001
0010
,
0001
0000
1000
0100
,
1000
0000
1000
0100
,
1000
0000
0001
0010
,
0002
0000
0000
0000
,
0003
0000
0000
0100
,
0200
0000
0000
0300
,
0020
0000
0000
0030
,
1001
0000
0010
0000
,
1010
0000
0100
0010
,
0101
0000
0100
0000
,
1001
0000
0010
0100
,
0001
0001
0001
0001
,
0010
0010
0010
0010
,
0100
0100
0100
0100
,
1000
1000
1000
1000
,
0002
0000
0103
0010
,
2000
0000
3100
0010
,
0001
0000
0100
0000
,
1001
1000
0000
0001
,
0000
1000
0000
0001
,
0010
0001
0100
0010
,
0000
0010
0000
1000
,
1001
0001
0000
1000
,
0000
0001
0000
1000
,
0100
1000
0010
0100
,
0000
0100
0000
0001
,
1001
0100
0000
0100
,
0001
0100
0000
0100
,
1000
0100
0000
0100
,
0001
0010
0100
1000
,
1001
0000
0000
0000
;

//---------------dance-double - M. Emirzian----------------
#NOTES:
     dance-double:
     M. Emirzian:
     Easy:
     3:
     0.180,0.000,0.008,0.055,0.000,153.000,1.000,7.000,0.000,0.000,0.000:


00000000
00000000
00000000
00000000
,
00000000
00000000
00000000
00000000
,
00000000
00000000
00000000
00000000
,
00000000
00000000
00000000
00000000
,
00020000
00030000
00020000
00030000
,
20000000
30000000
20000000
30000000
,
00100000
00000000
01000000
00000000
,
00001000
00000000
00010000
00000000
,
00001000
00000010
00000001
00000000
,
00000001
00000100
00000010
00000000
,
00010000
00001000
01000000
00000000
,
00100000
10000000
01000000
00000000
,
01000000
00000000
01000000
00000000
,
00100000
00000000
00100000
00000000
,
00001000
00000000
00001000
00000000
,
00010000
00000000
00010000
00000000
,
00000100
00000000
00000100
00000000
,
00000010
00000000
00000001
00000000
,
00001001
00000000
00000100
00000000
,
00000100
00000000
00000010
00000000
,
00000010
00000000
00010000
00000000
,
00010000
00000000
00001000
00000000
,
00001000
00000000
01000000
00000000
,
01000000
00000000
00100000
00000000
,
00100000
00000000
00100000
00000000
,
00100000
00100000
00100000
00100000
,
10000000
00000000
10000000
10000000
,
10000000
00000000
10000000
10000000
,
01000000
00000000
00010000
00001000
,
01000000
00000000
00001000
00010000
,
00000010
00000000
00001000
00000100
,
00000010
00000000
00000001
00000100
,
00000010
00000000
00010000
00001000
,
01000000
00000000
00010000
00100000
,
01000000
00000000
10000000
00010000
,
01000000
00000000
00100000
10000000
,
01000000
00000000
00100000
00001000
,
00010000
00000000
00000100
00000010
,
00000001
00000000
00000100
00000010
,
00010000
00000000
00000000
00000000
,
00002000
00000000
00000000
00000000
,
00003000
00000000
00000000
00000000
,
00200000
00000000
00000000
00000000
,
20300000
00000000
00000000
00000000
,
31000000
00010000
00001000
00010000
,
00000100
00000000
00010000
00001000
,
01000000
00000000
00100000
10000000
,
01000000
00000000
00010000
00001000
,
00000100
00000000
00000000
00000000
,
00000000
00000000
00000000
00000000
,
00000001
00000000
00000000
00000000
,
00000000
00000000
00000000
00000000
,
01000000
00000000
01000000
00000000
,
01000000
00000000
00010000
00001000
,
00000010
00000001
00000000
00000001
,
00000000
00000100
00000001
00000100
,
00000000
00001000
00010000
00001000
,
00000000
01000000
00010000
01000000
,
00000000
00100000
10000000
00100000
,
00000000
01000000
00001000
01000000
,
00000000
00010000
00001000
00010000
,
00000000
00000010
00001000
00000010
,
00000000
00000100
00000001
00000100
,
00000000
00000010
00010000
00000010
,
00000000
00010000
00001000
00010000
,
00000000
00100000
10000000
00100000
,
00000000
01000000
01000000
01000000
,
00010000
00000000
00000000
00000000
;

//---------------dance-double - M. Emirzian----------------
#NOTES:
     dance-double:
     M. Emirzian:
     Medium:
     6:
     0.336,0.000,0.102,0.102,0.000,274.000,13.000,13.000,0.000,0.000,0.000:


00000000
00000000
00000000
00000000
,
00000000
00000000
00000000
00000000
,
00000000
00000000
00000000
00000000
,
00000000
00000000
00000000
00000000
,
00000010
00000010
00001001
00000100
,
00000010
00000010
00001000
00000110
,
00010000
00001000
00001000
00011000
,
01000000
00010000
00010000
10010000
,
10000000
00000000
01000000
00100000
00001000
00010000
00001000
00000000
,
00010000
00000000
00000010
00001000
00000100
00000000
00000010
00000000
,
00000001
00000001
00000001
00000001
,
00001000
00001000
00001000
00001000
,
00000110
00000100
00000100
00000100
,
00001000
00010000
01000000
00000000
10000000
00000000
10000000
00000000
,
10010000
00100000
00100000
00100000
,
00010000
00001000
00000100
00000000
00000001
00000000
00000001
00000000
,
00001001
00000010
00000010
00000010
,
00001000
00010000
01000000
00000000
10000000
00010000
01000000
00000000
,
00100000
10000000
01000000
00100000
,
00010000
00100000
01000000
10000000
,
00100000
00010000
00001000
00000010
,
00000001
00000100
00000010
00001000
,
00000100
00000010
00000001
00000100
,
00000010
00000000
00001000
00000100
00000010
00000000
00000100
00001000
,
00000001
00000100
00001001
00000100
,
00001010
00010000
00011000
01001000
,
20020000
00000000
00000000
00000000
,
30030000
00000000
00000000
00000000
,
00010000
00000000
00100000
01000000
00100000
00001000
00010000
00000000
,
00001000
00000000
00010000
00000100
00001000
00000000
00000010
00000000
,
00000100
00000000
00000001
00000010
00000100
00001000
00000010
00000000
,
00000100
00000000
00001000
00010000
00001000
00000000
00010000
00000000
,
00100000
00000000
10000000
00010000
01000000
00100000
10000000
00000000
,
01000000
00000000
00100000
01000000
00010000
00000000
00001000
00000000
,
00010000
00000000
00000010
00000000
00001000
00000100
00000010
00000000
,
00000001
00001000
00000100
00000000
00000010
00000001
00000100
00000000
,
00001000
00000000
00010000
00000000
00001000
00010000
01000000
00100000
,
01000000
00000000
10000000
00000000
00010000
01000000
00100000
00000000
,
10000000
10000000
10000000
10000000
,
00010000
00010000
00010000
00010000
,
20000000
30000000
00200000
00300000
,
00020000
00030000
00002000
00003000
,
00000020
00000030
00000002
00000003
,
00000200
00002300
00023000
02030000
,
13000000
00000000
00100000
00000000
,
01000000
00010000
10000000
00000000
01000000
00000000
00000000
00000000
,
00010000
00001000
00000100
00000001
,
00000010
00000100
00001000
00000001
,
00002000
00000000
00000000
00000000
,
00000000
00000000
00000000
00000000
,
00003000
00000100
00000000
00000000
,
00000000
00010000
00000000
00000000
,
00001000
01000000
00010000
00000000
10000000
00000000
00010000
00000000
,
00100000
01000000
10000000
00010000
00000000
01000000
00100000
00000000
,
10000000
01000000
00010000
00000000
00001000
00000010
00000001
00000000
,
00000100
00000100
00000100
00001001
,
00001000
00000100
00000010
00000000
00000001
00000100
00001000
00000000
,
00010000
01000000
10000000
00000000
10000000
00000000
00010000
01000000
,
00100000
00000000
10000000
01000000
00100000
00000000
01000000
00100000
,
00001000
00000000
00010000
00000100
00001000
00000000
00000010
00000100
,
00000001
00000000
00000010
00000100
00001000
00000000
00000001
00000000
,
00000100
00001000
00010000
00000000
00001000
00010000
01000000
00000000
,
10000000
00100000
01000000
00010000
10000000
00100000
00010000
00001000
,
00000100
00000001
00000010
00000100
,
00001000
00000000
00000001
00001000
00000001
00000000
00000100
00000000
,
00001000
00010000
00100000
10000000
,
01000000
00100000
00010000
00100000
01000000
00010000
00001000
00000010
,
00000001
00000000
00000000
00000000
;

//---------------dance-double - M. Emirzian----------------
#NOTES:
     dance-double:
     M. Emirzian:
     Hard:
     7:
     0.453,0.000,0.188,0.188,0.231,356.000,24.000,24.000,2.000,0.000,0.000:


00000000
00000000
00000000
00000000
,
00000000
00000000
00000000
00000000
,
00000000
00000000
00000000
00000000
,
00000000
00000000
00000000
00000000
,
00100000
00000000
00000000
10000000
01000000
00000000
00000000
00010000
01000000
00000000
00000000
00010000
00001000
00000000
00000000
00000000
,
00011000
00000000
00000000
00000100
00001000
00000000
00000000
00000100
00000001
00000000
00000000
00000100
00001000
00000000
00000000
00000000
,
00011000
00000000
00000000
01000000
00010000
00000000
00000000
01000000
10000000
00000000
00000000
01000000
00010000
00000000
00001000
00000000
,
00011000
00001100
00000101
00001001
,
00000110
00000000
00000100
00000000
00001000
00010000
01000000
00000000
,
00010000
00000000
00001000
00010000
00100000
10000000
01000000
00100000
,
00010000
00000000
00010000
00000000
00010000
00000000
00010000
10000000
,
10000000
10000000
10000000
10000000
,
00200000
00000000
00310000
00000000
00001000
00000010
00000001
00001000
,
00000100
00000000
00000010
00000001
00000100
00000010
00000100
00000000
,
00000002
00000000
00000103
00001000
00010000
01000000
10000000
00010000
,
00100000
00000000
01000000
00000000
10000000
00100000
01000000
00100000
,
10000000
01000000
00100000
00001000
00010000
00000000
00001000
00000000
,
00010000
00000010
00001000
00000000
00000001
00000010
00000100
00000000
,
00002000
00000000
00003001
00000100
00001000
00000000
00010000
00000000
,
00001000
00010000
00100000
10000000
01000000
00100000
00010000
00000000
,
02000000
03200000
00320000
00032000
,
00023000
00000000
00030200
00000000
00000320
00000000
00000031
00000100
,
00000010
00000100
00000001
00000000
00001000
00000000
00000200
00000000
,
00000320
00000000
00000000
00000000
00002030
00000000
00000000
00000000
00023000
00000000
00000000
00000000
00230000
00000000
01000000
00300000
,
00010000
00000000
10000000
00000000
01000000
00010000
00001000
00000000
,
00010000
00000010
00001000
00000001
00000101
00001001
00001100
00000000
,
00002000
00003200
00000320
00002030
,
00023000
00000000
00100000
00030000
00000000
10000000
00000000
00000000
01000000
00000000
00000000
00010000
00000000
00000000
01000000
00000000
,
10000000
00000000
00000000
00100000
00000000
00000000
01000000
00000000
00000000
00001000
00000000
00000000
00010000
00000000
00000010
00000000
,
00000100
00000000
00000000
00000001
00000000
00000000
00000010
00000000
00000000
00001000
00000000
00000000
00000010
00000000
00000001
00000000
,
00000100
00000000
00000000
00000010
00000000
00000000
00010000
00000000
00000000
00001000
00000000
00000000
01000000
00000000
00100000
00000000
,
10000000
00000000
00000000
00010000
00000000
00000000
00100000
00000000
00000000
01000000
00000000
00000000
10000000
00000000
00100000
00000000
,
00010000
00000000
00000000
00001000
00000000
00000000
00000010
00000000
00000000
00001000
00000000
00000000
00010000
00000000
00001000
00000000
,
00000010
00000000
00000000
00000001
00000000
00000000
00001000
00000000
00000000
00000100
00000000
00000000
00000010
00000000
00000001
00000000
,
00000100
00000000
00000000
00001000
00000000
00000000
00100000
00000000
00000000
01000000
00000000
00000000
10000000
00000000
00100000
00000000
,
00010000
00000000
00000000
00100000
00000000
00000000
10000000
00000000
00000000
01000000
00000000
00000000
00010000
00000000
00001000
00000000
,
00000100
00000000
00000000
00001000
00000000
00000000
00010000
00000000
00000000
00001000
00000000
00000000
00000100
00000000
00000001
00000000
,
00000010
00000000
00000000
00000100
00000000
00000000
00001000
00000000
00000000
00000010
00000000
00000000
00000100
00000000
00000001
00000000
,
00001000
00000000
00001000
00000000
00001000
00000000
00001000
00000001
,
00000001
00000001
00000001
00000001
,
00011000
00000000
00010000
01000000
10000000
00100000
01000000
00000000
,
00011000
00000000
00001000
00000100
00000001
00000010
00000100
00001000
,
00000100
00000000
00000010
00000001
00000100
00001000
00010000
00000000
,
00001000
00010000
00100000
01000000
00010000
00100000
01000000
10000000
,
02200000
00000000
00000000
00000000
03300000
00000000
00000000
000MM000
,
00022000
00000000
00033000
00000110
,
00001001
00000010
00000001
00000100
,
00000010
00000000
00010000
00000000
00000000
00001000
00000000
00000000
01000000
00000000
00000000
00100000
00000000
00000000
10000000
00000000
,
10010000
00100000
00000000
00100000
,
00000000
00100000
00000000
00100000
,
00000000
00100000
00000000
00100000
,
00000000
00100000
00000000
00100000
,
00011000
00000000
00001000
00000100
00000001
00000010
00000100
00000000
,
00011000
00000000
00001000
00000010
00000001
00000100
00000010
00000000
,
00010000
00001000
00100000
01000000
10000000
00100000
01000000
00010000
,
10000000
00000000
00000000
01000000
00100000
00000000
00000000
01000000
10000000
00000000
00000000
01000000
00010000
00000000
00000000
00000000
,
00011000
00000000
00000000
00000100
00000010
00000000
00000000
00000100
00001000
00000000
00000000
00000001
00000100
00000000
00000000
00000000
,
00001001
00000000
00000000
00000100
00000010
00000000
00000000
00000100
00001000
00000000
00000000
00000001
00000100
00000000
00001000
00000000
,
00010000
00000000
00001000
01000000
00100000
01000000
00010000
00000000
,
00100000
00000000
00000000
01000000
10000000
00000000
00000000
00100000
01000000
00000000
00000000
00100000
00010000
00000000
00000000
00000000
,
00011000
00000000
00000000
01000000
10000000
00000000
00000000
01000000
00010000
00000000
00000000
00001000
00010000
00000000
00000000
00000000
,
00010010
00000000
00000000
00000100
00001000
00000000
00000000
00000010
00000100
00000000
00000000
00000001
00000010
00000000
00000100
00000000
,
00001000
00000001
00000100
00000000
00000010
00001000
00000001
00000000
,
00000010
00000000
00000000
00000100
00001000
00000000
00000000
00000010
00010000
00000000
00000000
00001000
00010000
00000000
00000000
00000000
,
01001000
00000000
00000000
00010000
01000000
00000000
00000000
10000000
01000000
00000000
00000000
00010000
01000000
00000000
00000000
00000000
,
00100000
10000000
01000000
00100000
,
00010000
00000000
01000000
00000000
00000000
00100000
00000000
00000000
00010000
00000000
00000000
00001000
00000000
00000000
00000010
00000000
,
00000001
00000000
00000000
00000000
;

//---------------dance-double - M. Emirzian----------------
#NOTES:
     dance-double:
     M. Emirzian:
     Challenge:
     9:
     0.564,0.000,0.235,0.047,0.341,467.000,30.000,6.000,24.000,0.000,0.000:


00000000
00000000
00000000
00000000
,
00000000
00000000
00000000
00000000
,
00000000
00000000
00000000
00000000
,
00000000
00000000
00000000
00000000
00000000
00000000
00000000
00000MM0
,
00000110
00000000
00000000
00000001
00001000
00000000
00000000
00001000
00010000
00000000
00000000
00010000
10000000
00000000
0MM00000
00000000
,
01100000
00000000
00000000
10000000
00010000
00000000
00000000
00010000
00001000
00000000
00000000
00001000
00000001
00000000
00000MM0
00000000
,
00000110
00000000
00000000
00000001
00001000
00000000
00000000
00001000
00010000
00000000
00000000
00010000
10000000
00000000
00100000
00000000
,
01010000
00101000
00001001
00000110
,
00000001
00000000
00000000
00000100
00000010
00000000
00001000
00000000
00000001
00000000
00000010
00000000
00001000
00000000
00010000
00000000
,
00001000
00000000
00000000
00000100
00001000
00000000
00010000
00000000
01000000
00000000
10000000
00000000
00100000
00000000
10000000
00000000
,
01000000
00000000
00000000
00100000
00010000
00000000
01000000
00000000
00001000
00000000
00010000
00000000
00100000
00000000
00010000
00000000
,
00001000
00000000
00000000
00000010
00000001
00000000
00000100
00000000
00001000
00000000
00010000
00000000
00000010
00000000
00000100
00000000
,
00000001
00000000
00000000
00000100
00000010
00000000
00010000
00000000
00001000
00000000
00000000
01000000
00100000
00000000
10000000
00000000
,
01000000
00010000
00001000
00010000
01000000
10000000
00100000
00010000
,
00001000
00000000
00000000
00010000
00000100
00000000
00001000
00000000
00000010
00000000
00000000
00000100
00000001
00000000
00000010
00000000
,
00000100
00010000
00001000
00000100
00001000
00010000
01000000
10000000
,
00010000
00000000
00000000
10000000
01000000
00000000
00100000
00000000
00010000
00000000
00000000
01000000
00001000
00000000
00010000
00000000
,
01000000
00010000
00001000
00000010
00000001
00000010
00000100
00001000
,
00000010
00000000
00000000
00010000
00001000
00000000
01000000
00000000
00100000
00000000
00000000
10000000
00010000
00000000
00100000
00000000
,
01000000
10000000
00100000
00010000
00001000
00010000
00100000
10000000
,
01000000
00000000
00000000
00010000
00001000
00000000
00010000
00000000
00000010
00000000
00000000
00001000
00000100
00000000
00000010
00000000
,
00000001
00000100
00001000
00010000
00000100
00000010
00000001
00000010
,
00000100
00000000
00000000
00010000
00001000
00000000
01000000
00000000
00100000
00000000
00000000
10000000
00010000
00000000
10000000
00000000
,
01000000
10000000
00100000
01000000
00001000
00010000
00011000
00000000
,
00000100
00000010
00000001
00000010
00000100
00001000
00000010
00000100
,
00001000
00010000
00000010
00010000
00011000
00101000
00110000
00000000
,
01000000
10000000
00100000
00010000
00001000
00010000
00100000
00000000
,
00010000
00001000
00000100
00000001
00000010
00000100
00001000
00000010
,
00000100
00000000
00000001
00000010
00000000
00000000
00000100
00000000
00000000
00010000
00000000
00000000
00000100
00000000
00000010
00000000
,
00000001
00000000
00000100
00001000
00000000
00000000
00010000
00000000
00000000
00001000
00000000
00000000
01000000
00000000
00100000
00000000
,
01000000
00000000
00001000
00010000
00000000
00000000
01000000
00000000
00000000
10000000
00000000
00000000
01000000
00000000
00010000
00000000
,
00001000
00000000
00010000
00100000
00000000
00000000
01000000
00000000
00000000
00100000
00000000
00000000
10000000
00000000
01000000
00000000
,
00100000
00000000
00001000
00010000
00000000
00000000
00001000
00000000
00000000
00000100
00000000
00000000
00000001
00000000
00000010
00000000
,
00000100
00000000
00000010
00000001
00000000
00000000
00000100
00000000
00000000
00001000
00000000
00000000
00010000
00000000
00001000
00000000
,
00000100
00000000
00000010
00010000
00000000
00000000
00001000
00000000
00000000
00000010
00000000
00000000
00001000
00000000
00010000
00000000
,
01000000
00000000
10000000
00010000
00000000
00000000
01000000
00000000
00000000
00100000
00000000
00000000
10000000
00000000
01000000
00000000
,
00010000
00000000
00001000
00010000
00000000
00000000
01000000
00000000
00000000
10000000
00000000
00000000
00100000
00000000
00010000
00000000
,
00001000
00000000
00000010
00000100
00000000
00000000
00000010
00000000
00000000
00000001
00000000
00000000
00000100
00000000
00001000
00000000
,
00000100
00000001
00000010
00000100
00000010
00000001
00000010
00001000
,
00010000
00100000
00010000
00001000
00010000
00100000
10000000
01000000
,
00010000
00000000
00010000
01000000
10000000
00100000
00010000
00000000
,
00011000
00000000
00010000
01000000
10000000
01000000
00010000
00001000
,
00010000
00000000
00000100
00000010
00000001
00000100
00000010
00010000
,
00001000
00000000
00000100
00001000
00000100
00000000
00000001
00000100
00000001
00000000
00000100
00000010
00001000
00000000
00000100
00000000
,
00022000
00000000
00000000
00000000
00033000
00000000
00000000
0000M00M
,
00002002
00000000
00000000
00000000
00003003
000MM000
00011000
M00M0000
,
20020000
00000000
00000000
00000000
30030000
00000000
00100000
M00M0000
,
10010000
00000000
01100000
00000000
00000000
00011000
00000000
00000000
00010010
00000000
00000000
00001100
00000000
00000000
00000101
00000000
,
00000110
00000001
00000M00
00000100
,
00000M00
00000100
00000M00
00000100
,
00000000
10000000
M0000000
10000000
,
M0000000
00000000
10000000
00000000
000M0000
00000000
00010000
0MM00000
,
01100000
00000000
00000000
10000000
00010000
00000000
00000000
00010000
00001000
00000000
00000000
00001000
00000001
00000000
00000MM0
00000000
,
00000110
00000000
00000000
00000001
00001000
00000000
00000000
00001000
00010000
00000000
00100000
00000000
10000000
00000000
01000000
00000000
,
00100000
00010000
01000000
00100000
00010000
00001000
01000000
00100000
,
10000000
00000000
01000000
00100000
00010000
00000000
10000000
00100000
01000000
00000000
00010000
01000000
00100000
00000000
10000000
00000000
,
01000000
00000000
00100000
00001000
00010000
00000000
00000010
00010000
00001000
00000000
00000100
00000010
00001000
00000000
00000100
00000000
,
00000010
00000000
00000001
00000010
00000100
00000000
00000001
00000100
00000010
00000000
00000100
00001000
00000001
00000000
00000100
00000000
,
00000010
00000000
00010000
00001000
01000000
00000000
00100000
01000000
00010000
00000000
10000000
01000000
00100000
00000000
10000000
00000000
,
00100000
00000000
00010000
10000000
00100000
00000000
01000000
00010000
10000000
00000000
01000000
00100000
00001000
00000000
00010000
00000000
,
00000010
00000000
00010000
00001000
01000000
00000000
00001000
00010000
00000100
00000000
00000010
00000100
00001000
00000000
00000001
00000000
,
00000100
00000000
00001000
00000100
00000010
00000000
00000100
00000001
00000010
00000000
00001000
00000010
00000100
00000000
00001000
00000000
,
00000001
00000100
00001000
00010000
01000000
10000000
00010000
00000000
,
01000000
00000000
00100000
10000000
01000000
00000000
00100000
01000000
10000000
00000000
00010000
01000000
00100000
00000000
00010000
00000000
,
00100000
00000000
10000000
00010000
01000000
00000000
00001000
00010000
00000010
00000000
00010000
00000100
00001000
00000000
00000010
00000000
,
00000100
00000000
00000001
00000010
00000100
00000000
00010000
00000100
00001000
00000000
00000010
00000100
00000001
00000000
00000010
00000000
,
00000100
00000000
00001100
00000000
00000000
00001001
00000000
00000000
00011000
00000000
00000000
01001000
00000000
00000000
00110000
00000000
,
10000000
00000000
00000000
00000000
;

//---------------lights-cabinet - ----------------
#NOTES:
     lights-cabinet:
     :
     Easy:
     1:
     1.000,0.000,1.000,0.165,0.063,379.000,250.000,21.000,0.000,200.000,0.000:


00000000
00000000
00000000
00000000
,
00000000
00000000
00000000
00000000
,
00000000
00000000
00000000
00000000
,
20000000
00000000
32000000
00000000
,
03010011
01000000
00010011
01000000
,
10000011
01000000
10000011
01000000
,
00100011
01000000
10000011
01000000
,
00010011
01000000
00100011
10000000
01000011
00100000
00010011
00000011
,
11110011
00000000
10010011
00000000
00100011
01000000
10000011
00000000
,
01000011
00000000
00100011
00000000
10000011
00100000
01000011
00010000
,
10000011
00000000
10010011
00000000
10000011
01000000
00100011
00010000
,
10000011
00000000
00010011
00000000
01000011
00000000
00100011
10010011
,
01100011
10010011
00000011
01000011
,
00010011
00100000
01000011
00000000
00010011
00100000
01000011
00000000
,
01010011
10010011
00000011
00100011
,
10000011
01000000
00100011
00000000
10000011
01000000
00100011
01000011
,
10000011
00010011
00000011
00010011
,
10000011
00010000
01000011
00010000
10000011
00100000
10000011
00000011
,
10010011
00100011
00000011
00100011
,
10000011
00100000
01000011
00000000
10000011
00100000
01000011
00000000
,
10100011
01000011
00000011
01000011
,
00010011
01000000
00100011
00000000
00010011
01000000
00100011
01000011
,
00010011
00100000
01000011
00000000
00000011
00000000
10000011
00000000
,
00010011
10000000
00100011
10000000
00010011
01000000
00010011
00000011
,
20000011
31000011
00020011
01030011
,
10000011
00100000
10000011
00000000
00010011
00100000
00010011
00000011
,
10000011
00100011
01000011
00010011
,
10010022
00000000
01000033
00000000
00100011
00000000
00010011
00000011
,
10000011
00000000
01000000
10000000
00000011
00000000
00000000
00000000
00100011
00000000
10000000
00000000
01000011
00000000
00000000
00000000
,
00100011
00000000
00010000
00100000
00000011
00000000
00000000
00000000
01000011
00000000
10000000
00000000
00100011
00000000
00000000
00000000
,
01000011
00000000
00010000
01000000
00000011
00000000
00000000
00000000
00100011
00000000
10000000
00000000
01000011
00000000
00000000
00000000
,
00100011
00000000
00010000
00100000
00000011
00000000
00000000
00000000
01000011
00000000
10000000
00000000
00100011
00000000
01000011
00000000
,
00010011
00000000
00100000
00010000
00000011
00000000
00000000
00000000
01000011
00000000
00010000
00000000
00100011
00000000
00000000
00000000
,
01000011
00000000
10000000
01000000
00000011
00000000
00000000
00000000
00100011
00000000
00010000
00000000
01000011
00000000
00000011
00000000
,
00100011
00000000
10000000
00100000
00000011
00000000
00000000
00000000
01000011
00000000
00010000
00000000
00100011
00000000
00000000
00000000
,
01000011
00000000
10000000
01000000
00000011
00000000
00000000
00000000
00010011
00000000
01000000
00000000
00100011
00000000
10000011
00000000
,
00010011
00000000
00100000
01000000
00000011
00000000
10000000
00000000
00100011
00000000
10000000
00000000
00010011
00000000
10000000
00000000
,
01000011
00000000
00100000
00010000
00000011
00000000
01000000
00000000
00100011
00000000
01000000
00000000
00010011
00000000
10000011
00000000
,
00100011
00000000
01000000
00010000
00000011
00000000
00100000
00000000
01000011
00000000
10000000
00000000
00100011
00000000
01000000
00000000
,
00010011
00000000
10000000
01000000
00000011
00000000
00100000
00000000
00010011
00000000
01000000
00000000
00100011
00000000
10000011
00000000
,
00010011
01100000
10010011
01100000
,
10010011
01100000
10010011
01100011
,
10010011
01100000
10010011
01100000
,
10010011
00000000
01100000
00000000
11000011
00010011
01100011
10010011
,
22220011
00000000
33330000
00000000
,
22220011
00000000
33330000
11110011
,
22220011
00000000
33330000
00000000
,
12210011
00000000
13310000
00000000
,
11110011
01010000
01000000
01100000
,
01000000
11000000
01000000
01100000
,
00010000
00100000
01000000
00100000
00010000
00100000
01000000
00000000
,
10000000
01000000
10000000
00000000
00010000
00100000
00010000
00000000
,
10010011
00000000
00100011
01000000
00000011
00100000
00000011
00000011
,
00010011
10000000
01000011
00100000
00000011
10000000
00000011
00000000
,
00010011
00000000
10000000
00000000
00000011
01000000
00000000
00000000
00100011
00000000
00000000
00010000
00000011
00000000
01000011
00000000
,
00010011
01000000
10000011
00100000
01000011
10000000
00100011
01000000
,
00010011
01000000
00100011
10000000
00010011
10000000
00200011
00000000
,
10310011
01000000
10100011
00000000
01100011
10010000
01100011
00000000
,
10010011
00000000
01100011
00000000
10010011
01100000
10010011
00000011
,
10010011
00100000
01000011
00010000
01000011
00100000
01000011
10000000
,
00100011
01000000
00010011
01000000
00100011
10000000
01100011
00000000
,
10000011
01010011
01100011
10010011
,
00010011
01000000
00100011
10000000
00000011
00100000
01000011
00000011
,
00010011
00100000
10000011
01000000
10000011
00010000
01000011
10000000
,
00100011
01000000
00100011
10000000
01010011
00100000
00010011
01000000
,
00100011
01000000
00010011
01000000
00100011
10000000
00100011
00000000
,
10010011
00000000
01100000
00000000
00000011
10010000
00000000
00000000
01100011
00000000
00000000
10010000
00000011
00000000
01100011
00000000
,
10010011
00000000
00000000
00000000
;

//---------------dance-single - M. Puls----------------
#NOTES:
     dance-single:
     M. Puls:
     Beginner:
     1:
     0.064,0.000,0.016,0.000,0.000,55.000,2.000,0.000,0.000,0.000,0.000:


0000
0000
0000
0000
,
0000
0000
0000
0000
,
0000
0000
0000
0000
,
0000
0000
0000
0000
,
0100
0000
0000
0000
,
0000
0000
0000
0000
,
0010
0000
0000
0000
,
0000
0000
0000
0000
,
0100
0000
0000
0000
,
0010
0000
0000
0000
,
0100
0000
0000
0000
,
0001
0000
0000
0000
,
1000
0000
0000
0000
,
1000
0000
0000
0000
,
1000
0000
0000
0000
,
0001
0000
0000
0000
,
0001
0000
0000
0000
,
0001
0000
0000
0000
,
1000
0000
0000
0000
,
0000
0000
0000
0000
,
0001
0000
0000
0000
,
0000
0000
0000
0000
,
1000
0000
0000
0000
,
0001
0000
0000
0000
,
1000
0000
0000
0000
,
0100
0000
0000
0000
,
0010
0000
0000
0000
,
0001
0000
0000
0000
,
1000
0000
0000
0000
,
0010
0000
0000
0000
,
0100
0000
0000
0000
,
0001
0000
0000
0000
,
0001
0000
0000
0000
,
0010
0000
0000
0000
,
0100
0000
0000
0000
,
1000
0000
0000
0000
,
0001
0000
0000
0000
,
0100
0000
0000
0000
,
0010
0000
0000
0000
,
1000
0000
0000
0000
,
0001
0000
0000
0000
,
0000
0000
0000
0000
,
1000
0000
0000
0000
,
0001
0000
0000
0000
,
1000
0000
0000
0000
,
0010
0000
0000
0000
,
0100
0000
0000
0000
,
0010
0000
0000
0000
,
1000
0000
0000
0000
,
0000
0000
0000
0000
,
0001
0000
0000
0000
,
1000
0000
0000
0000
,
0001
0000
0000
0000
,
0100
0000
0000
0000
,
0100
0000
0000
0000
,
1001
0000
0000
0000
,
0000
0000
0000
0000
,
0001
0000
0000
0000
,
0000
0000
0000
0000
,
1000
0000
0000
0000
,
0001
0000
0000
0000
,
0010
0000
0000
0000
,
0001
0000
0000
0000
,
1000
0000
0000
0000
,
0100
0000
0000
0000
,
1000
0000
0000
0000
,
0000
0000
0000
0000
,
1001
0000
0000
0000
;
