#TITLE:Utopia;
#SUBTITLE:;
#ARTIST:☺;
#TITLETRANSLIT:;
#SUBTITLETRANSLIT:;
#ARTISTTRANSLIT:;
#GENRE:;
#CREDIT:;
#BANNER:utopia-banner.png;
#BACKGROUND:Utopia-bg.png;
#LYRICSPATH:;
#CDTITLE:;
#MUSIC:Smiley - Utopia.ogg;
#OFFSET:-0.006;
#SAMPLESTART:40.420;
#SAMPLELENGTH:11.540;
#SELECTABLE:YES;
#BPMS:0.000=166.000,324.000=148.540,324.500=144.360,325.000=134.180,325.500=130.000,326.000=120.000,326.500=110.000,327.000=98.600,327.500=88.000;
#STOPS:;
#BGCHANGES:0.000=Utopia-bg.png=1.000=0=0=1=====,
16.000=736_JumpBack.mpg=0.900=1=0=1===CrossFade==,
32.000=EV01453N.mpg=1.000=0=0=1=====,
48.000=VOL1-48-NTSC.mpg=1.000=0=0=1=====,
64.000=VOL1-17-NTSC.mpg=1.000=0=0=1=====,
72.000=EV01443N.mpg=1.000=0=0=1=====,
80.000=VOL1-27-NTSC.mpg=1.000=0=0=1=====,
96.000=vol4-01-ntsc.mpg=1.000=0=0=1=====,
112.000=675_JumpBack.mpg=1.000=0=0=1=====,
128.000=EV01441N.mpg=1.000=0=0=1=====,
144.000=vol3-10-ntsc.mpg=1.000=0=0=1=====,
160.000=675_JumpBack.mpg=1.000=0=0=1=====,
176.000=vol4-03-ntsc.mpg=1.000=0=0=1=====,
184.000=VOL1-24-NTSC.mpg=1.000=0=0=1=====,
192.000=VOL1-39-NTSC.mpg=1.000=0=0=1=====,
206.000=vis_736_JumpBack.mpg=1.000=0=0=1=====,
208.000=EV01451N.mpg=1.000=0=0=1=====,
224.000=EV01453N.mpg=1.000=0=0=1=====,
240.000=jb_047.mpg=1.000=0=0=1=====,
246.000=736_JumpBack.mpg=0.900=0=0=1=====,
247.000=vis_736_JumpBack.mpg=1.000=0=0=1=====,
248.000=736_JumpBack.mpg=0.900=0=0=1=====,
264.000=675_JumpBack.mpg=1.000=0=0=1=====,
280.000=vol3-10-ntsc.mpg=1.000=0=0=1=====,
288.000=VOL1-22-NTSC.mpg=1.000=0=0=1=====,
296.000=736_JumpBack.mpg=1.000=0=0=1=====,
312.000=VOL1-33-NTSC.mpg=1.000=0=0=1=====,
328.000=Utopia-bg.png=1.000=1=0=1===CrossFade==,
330.000=Utopia-bg.png=1.000=0=0=1=====,
99999=-nosongbg-=1.000=0=0=0 // don't automatically add -songbackground-
;
#KEYSOUNDS:;
// cache tags:
#FIRSTBEAT:16.000;
#LASTBEAT:330.000;
#SONGFILENAME:/Songs/In The Groove/Utopia/Utopia.sm;
#HASMUSIC:1;
#HASBANNER:1;
#MUSICLENGTH:124.415;
// end cache tags

//---------------dance-single - K. Ward----------------
#NOTES:
     dance-single:
     K. Ward:
     Easy:
     3:
     0.260,0.000,0.008,0.080,0.000,215.000,1.000,10.000,0.000,0.000,0.000:


0000
0000
0000
0000
,
0000
0000
0000
0000
,
0000
0000
0000
0000
,
0000
0000
0000
0000
,
0010
0000
0000
0000
,
0100
0000
0000
0000
,
0001
0000
0000
0000
,
1000
0000
0010
0010
,
1000
0000
0001
0000
,
1000
0000
0010
0000
,
1000
0010
0100
0010
,
1000
0000
0001
0000
,
1000
0000
0010
0000
,
1000
0000
0001
0000
,
1000
0010
0100
0010
,
1000
0000
0001
0001
,
1000
0000
0000
0000
,
0001
0000
0000
0000
,
0100
0000
0000
0000
,
0001
0000
1000
0010
,
2000
0000
0000
0000
0000
0000
0000
3000
,
0001
0000
0000
0000
,
0002
0000
0000
0000
0000
0000
0000
0003
,
1000
0000
0010
0100
,
1001
0000
0010
0000
,
0010
0010
0100
0000
,
0100
0000
0100
0000
,
0010
0100
0010
0000
,
0001
0100
0001
1000
,
0100
1000
0001
0100
,
0010
0100
0010
0100
,
0010
0010
0010
0010
,
1000
0010
1000
0001
,
0010
0001
1000
0010
,
0100
0010
0100
0010
,
0100
0100
0100
0100
,
0001
0100
0001
1000
,
0100
1000
0001
0100
,
0010
0100
0010
0100
,
0010
0010
0010
0010
,
1000
0010
1000
0001
,
0010
0001
1000
0010
,
0100
0010
0100
0010
,
0100
0100
0100
0100
,
0001
0000
1000
0000
,
0020
0000
0030
0000
,
0100
0000
0010
0000
,
2000
0000
3000
0000
,
1000
1000
0010
0010
,
0200
0000
0300
0000
,
0100
0000
0010
0000
,
2000
0000
3000
0000
,
1000
0001
0100
0010
,
1000
0000
0000
0000
,
0001
0001
1000
1000
,
0001
0000
0000
0000
,
0010
0100
0010
1000
,
1000
0000
0000
0000
,
0001
0001
1000
1000
,
0010
0000
0000
0000
,
2000
0000
3010
0000
,
0002
0000
0103
0000
,
0001
0100
0001
1000
,
0100
1000
0001
0100
,
0010
0100
0010
0100
,
0010
0010
0010
0010
,
1000
0010
1000
0001
,
0010
0001
1000
0010
,
0100
0010
0100
0010
,
0100
0100
0100
0100
,
0001
0100
0001
1000
,
0100
1000
0001
0100
,
0010
0100
0010
0100
,
0010
0000
0010
0010
,
1000
0010
1000
0001
,
0010
0001
1000
0010
,
0100
0010
0100
0010
,
0100
0000
0100
0000
,
0002
0000
0000
0000
0000
0000
0000
0003
,
0000
0000
0000
0000
,
0200
0000
0000
0000
0000
0000
0000
0300
,
0000
0000
0000
0000
,
0100
0000
0000
0000
;

//---------------dance-single - K. Ward----------------
#NOTES:
     dance-single:
     K. Ward:
     Medium:
     5:
     0.374,0.000,0.209,0.137,0.000,283.000,26.000,17.000,0.000,0.000,0.000:


0000
0000
0000
0000
,
0000
0000
0000
0000
,
0000
0000
0000
0000
,
0000
0000
0000
0000
,
1001
0000
0000
0000
0000
0000
0000
0100
,
0000
0000
0000
0100
,
1001
0000
0000
0000
0000
0000
0000
0010
,
0000
0000
1001
1001
,
0010
0100
0010
0100
,
0001
0000
1000
0000
0010
0000
0100
0001
,
1000
0010
0100
0001
,
0001
0000
1000
0000
0001
0000
0010
0001
,
1000
0001
0100
0010
,
1000
0000
0001
0000
0001
0000
1000
0001
,
1000
0000
1000
0000
1000
0000
0100
0010
,
0001
0100
0010
1000
,
0010
1100
0000
0001
,
0100
0011
0000
1000
,
0010
1010
0000
1000
,
0010
0101
0000
0001
,
1000
0000
1000
0000
1000
0000
1000
0010
,
0100
0000
0100
0000
0100
0000
0100
0001
,
0010
0000
0010
0000
0010
0000
0010
0001
,
0100
0100
0100
0000
,
1000
0010
0100
0000
0010
0000
1000
0000
,
0001
0010
0001
0000
0100
0000
0000
0000
,
0001
0010
0001
0000
0100
0000
0010
0000
,
1000
0010
1000
0000
0001
0000
0000
0000
,
1000
0000
0001
0000
0100
0001
0100
0000
,
0001
0000
1000
0000
0010
1000
0010
0000
,
1000
0010
0100
0001
,
0011
0000
1100
0000
,
1000
0000
0001
0000
0100
0001
0100
0000
,
0001
0000
1000
0000
0010
1000
0010
0000
,
1000
0010
0100
0001
,
0011
0000
1100
0000
,
1000
0001
1000
0001
,
0100
0010
0100
0010
,
2000
0000
0001
0000
0010
0000
0001
3000
,
0002
0000
1000
0000
0100
0000
1000
0003
,
1000
0001
1000
0001
,
0100
0010
0100
0010
,
2000
0000
0001
0000
0010
0000
0001
3000
,
0002
0000
1000
0000
0100
0000
1000
0003
,
1000
0000
0001
0100
,
0020
0000
0030
1000
,
0002
0000
1003
0001
,
0200
0000
0300
0001
,
1000
0001
0001
0100
,
0020
0000
0030
1000
,
0002
0000
1003
0001
,
0200
0000
0310
1000
,
0000
0011
0000
0011
,
0000
0001
1000
0001
,
0000
1100
0000
1100
,
0000
0000
0010
0000
0100
0010
0100
0000
,
0000
0011
0000
0011
,
0000
1000
0001
1000
,
0000
1100
0000
1100
,
0000
0000
1000
0000
0010
0100
0001
0000
,
1001
0000
0000
0000
,
1001
0000
0010
0100
,
1000
0000
0001
0000
0100
0001
0100
0000
,
0001
0000
1000
0000
0010
1000
0010
0000
,
1000
0010
0100
0001
,
0011
0000
1100
0000
,
1000
0000
0001
0000
0100
0001
0100
0000
,
0001
0000
1000
0000
0010
1000
0010
0000
,
1000
0010
0100
0001
,
0011
0000
1100
0000
,
1000
0001
1000
0001
,
0100
0010
0100
0010
,
2000
0000
0001
0000
0010
0000
0001
3000
,
0002
0000
1000
0000
0100
0000
1000
0003
,
1000
0001
1000
0001
,
0100
0010
0100
0010
,
2000
0000
0001
0000
0010
0000
0001
3000
,
0002
0000
1000
0000
0100
0000
1000
0003
,
2000
0000
0000
0000
3100
0010
0001
0200
,
0000
0000
0000
0000
0000
0300
0010
0000
,
2000
0000
0000
0000
0000
0000
3000
0100
,
0000
0010
0001
0100
0010
1000
0100
0010
,
0001
0000
0000
0000
,
;

//---------------dance-single - R. McKanna----------------
#NOTES:
     dance-single:
     R. McKanna:
     Hard:
     8:
     0.557,0.000,0.273,0.040,0.076,446.000,34.000,5.000,0.000,0.000,0.000:


0000
0000
0000
0000
,
0000
0000
0000
0000
,
0000
0000
0000
0000
,
0000
0000
0000
0000
,
1000
0000
0000
0000
1000
0001
0010
0100
,
0000
0100
0000
0001
0100
0010
1000
0000
,
1000
0000
0000
0000
0100
0001
0010
0000
,
1000
0000
1001
0110
,
1001
0000
1000
0000
0100
0010
0000
1001
,
0000
0100
1000
0001
0010
0100
1000
0000
,
0001
0000
0100
0010
0100
0001
0000
0100
,
0000
1000
0000
0100
0010
0100
1000
0000
,
1001
0000
1000
0000
0010
0100
0000
1001
,
0000
0010
1000
0001
0100
0010
1000
0000
,
0001
0000
0010
0100
0010
0001
0000
0100
,
0000
1000
0000
0010
0100
0010
1000
0000
,
0100
1010
0010
1010
,
0100
0000
0101
0000
0010
0000
0100
0001
,
0100
0011
0010
0011
,
0100
0000
1100
0000
0010
0000
0100
1000
,
0100
0000
1000
0000
0010
0000
0001
0100
,
0001
0000
0000
0000
0010
0000
0000
0000
0100
0000
0000
1000
0000
0000
0010
0000
,
1000
0000
0100
0000
0010
0000
0001
0010
,
0001
0000
0000
0000
0010
0000
0000
0000
0100
0000
0000
1000
0000
0000
1000
0000
,
0100
0000
0000
0100
1000
0000
0000
1000
0010
0000
0000
0010
0100
0000
0001
0000
,
0100
0000
0000
0100
0010
0000
0000
0010
1000
0000
0000
1000
0100
0000
0010
0000
,
0100
0000
0000
0100
1000
0000
0000
1000
0010
0000
0000
0010
0100
0000
0001
0000
,
0100
0000
0000
0100
0010
0000
0000
0010
1000
0000
0000
1000
0100
0000
0010
0000
,
0100
0000
1001
0000
0100
0010
1000
0000
,
0001
0000
1000
0010
0100
0010
1000
0000
,
0100
0000
1001
0000
0100
0010
0001
0000
,
1000
0000
0001
0010
0100
0010
0001
0000
,
1000
0000
1100
0000
1000
0010
0000
1010
,
0000
0010
0001
0010
1000
0100
0001
0000
,
1000
0000
1010
0000
1000
0100
0000
1100
,
0000
0100
0001
0100
1000
0010
0001
0000
,
0010
0000
1001
0000
0010
0100
0001
0000
,
1000
0000
0001
0100
0010
0100
0001
0000
,
0010
0000
1001
0000
0010
0100
1000
0000
,
0001
0000
1000
0100
0010
0100
1000
0000
,
0001
0000
0011
0000
0001
0100
0000
0101
,
0000
0100
1000
0100
0001
0010
1000
0000
,
0001
0000
0101
0000
0001
0010
0000
0011
,
0000
0010
1000
0010
0001
0100
1000
0000
,
0001
0000
0000
0000
0010
0001
0010
0000
0001
0000
0000
0000
0100
0000
0000
0000
,
0200
0000
0000
0300
0000
0001
0010
0100
,
0200
0000
0000
0300
1000
0010
1000
0100
,
2000
0000
0000
0000
0000
0100
3100
0000
,
0100
0000
0000
0000
1000
0100
1000
0000
0100
0000
0000
0000
1000
0100
0000
0000
,
2000
0000
0000
0000
0000
0000
0000
0000
3000
0000
0100
0000
1000
0010
0000
0000
,
1000
0000
0000
0001
0010
0100
0010
0100
,
2000
0001
0001
3001
,
1000
0100
1000
0001
1000
0100
1000
0001
,
0010
0001
0100
0001
1000
0001
0100
0100
,
0100
0010
1000
0001
0010
0100
1000
0001
,
0100
0010
1000
0001
0010
0100
1000
0010
,
0001
0100
0001
1000
0001
0100
0001
1000
,
0010
1000
0100
1000
0001
1000
0100
0100
,
0100
0010
0001
1000
0010
0100
0001
1000
,
0100
0010
0001
1000
0010
0100
0001
0000
,
1001
0000
0000
0100
0010
0000
0100
0000
,
1001
0000
1010
0101
,
1001
0000
1000
0000
0100
0010
0000
1001
,
0000
0100
1000
0001
0010
0100
1000
0000
,
0001
0000
0100
0010
0100
0001
0000
0100
,
0000
1000
1000
0000
0000
0001
0001
0000
,
1001
0000
1000
0000
0010
0100
0000
1001
,
0000
0010
1000
0001
0100
0010
1000
0000
,
0001
0000
0010
0100
0010
0001
0000
0100
,
0000
0001
0001
0000
0000
1000
1000
0000
,
1000
0100
0010
0001
1000
0100
0010
0001
,
0000
0100
0010
0100
0001
0100
0010
1000
,
0001
0010
0100
1000
0001
0010
0100
1000
,
0000
0010
0100
0010
1000
0010
0100
0001
,
1000
0000
0010
0000
0100
0001
0000
1001
,
0000
1000
0100
0000
0001
0001
0001
0000
,
0001
0000
0100
0000
0010
1000
0000
1001
,
0000
0000
1000
0001
0100
0001
0010
0001
,
1000
0000
0000
0000
1000
0001
0010
0100
,
0000
0100
0000
0001
0100
0010
1000
0001
,
0100
0000
0000
0000
0100
0001
1000
0010
,
0000
0000
0010
0000
1000
0100
1000
0000
0100
0000
0010
0000
0001
0000
0100
0000
,
0010
0000
0000
0000
;

//---------------dance-couple - Easy----------------
#NOTES:
     dance-couple:
     Easy:
     Easy:
     4:
     0.456,0.000,0.860,0.225,0.000,254.000,107.000,28.000,0.000,9.000,0.000:


00000000
00000000
00000000
00000000
,
00000000
00000000
00000000
00000000
,
00000000
00000000
00000000
00000000
,
00000000
00000000
00000000
00000000
,
01000000
00000000
00000000
00000000
,
00001000
00000000
00000000
00000000
,
00100000
00000000
00000001
00000000
,
01000010
00100100
01011010
01011010
,
00001000
00010000
00000000
00001000
,
00100000
00100000
00000000
00001000
,
00010000
00010000
00000000
00001000
,
00100000
00000100
00100000
00000100
,
00010000
00001000
00000000
00010000
,
00000010
00000010
00000000
01000000
,
00000001
00000001
00000000
00001000
,
00100000
00000100
00100000
00000100
,
00000100
00010000
00001000
00100000
,
02000020
00000000
03000030
00011000
,
10000001
00100100
01000010
00011000
,
00022000
00000000
00033000
00100100
,
20000010
00000100
00000001
00000100
,
30000010
00000000
00010000
00000000
,
10000200
00100000
01000000
00010000
,
00000310
00000000
00001000
00000100
,
01100000
00001001
00001001
00000000
,
00110000
00001100
00001100
00000000
,
00000110
10010000
10010000
00000000
,
00001100
00110000
00110000
00011000
,
01000001
00010000
01000100
00001000
,
00100000
00001000
00010000
00100010
,
10000001
01000010
00100100
00011000
,
00011000
00100100
01000010
10000001
,
00000010
00001000
00000010
00010000
,
00000100
00010000
00001000
00000100
,
10000001
01000010
00100100
00011000
,
00011000
00100100
01000010
10000001
,
01000000
00010000
01000000
00001000
,
00100000
00001000
00010000
00100000
,
10000001
01000010
00100100
00011000
,
00011000
00100100
01000010
10000001
,
00000010
00001000
00000010
00010000
,
00000100
00010000
00001000
00000100
,
10000001
01000010
00100100
00011000
,
00011000
00100100
01000010
10000001
,
00020200
00000000
00000000
00000000
,
20032300
00000000
00000000
00000000
,
30003002
00000000
00200003
00000000
,
00300200
00020300
00031000
00010000
,
20002000
00000000
00000000
00000000
,
30203002
00000000
00000000
00000000
,
00320003
00000000
00030200
00000000
,
00200300
00000000
00302000
00000000
00013000
00000000
00001000
00010000
,
00000100
00010000
00000000
00001000
,
00100000
00000100
00000000
00100000
,
00000100
00001000
00000001
00000100
,
00010000
10000000
01001000
00000010
,
00100000
00001000
00000000
00010000
,
00000100
00100000
00000000
00000100
,
00000010
00001000
10000001
00100000
,
00001000
00000010
00010000
01000100
,
02000000
00000000
03000020
00000000
,
00001130
00000000
01101100
00110110
,
01000001
00010000
01000100
00001000
,
00100000
00001000
00010000
00100010
,
10000001
01000010
00100100
00011000
,
00011000
00100100
01000010
10000001
,
00000010
00001000
00000010
00010000
,
00000100
00010000
00001000
00000100
,
10000001
01000010
00100100
00011000
,
00011000
00100100
01000010
10000001
,
01000000
00010000
01000000
00001000
,
00100000
00001000
00010000
00100000
,
10000001
01000010
00100100
00011000
,
00011000
00100100
01000010
10000001
,
00000010
00001000
00000010
00010000
,
00000100
00010000
00001000
00000100
,
10000001
01000010
00100100
00011000
,
00011000
00100100
01000010
10000001
,
00020000
00000000
00000000
00000000
00000000
00000000
00000000
00030002
,
00000000
00000000
00000000
00000000
,
20000003
00000000
00000000
00000000
,
30002000
00000000
00000000
00000000
,
00003000
00000000
00000000
00000000
,
;

//---------------dance-couple - Medium----------------
#NOTES:
     dance-couple:
     Medium:
     Medium:
     6:
     0.754,0.000,1.000,0.169,0.000,345.000,250.000,21.000,0.000,38.000,0.000:


00000000
00000000
00000000
00000000
,
00000000
00000000
00000000
00000000
,
00000000
00000000
00000000
00000000
,
00000000
00000000
00000000
00000000
,
10010000
00000000
00000000
00000000
00000000
00000000
00000000
00000110
,
00000000
00000000
00000000
01000000
,
10010000
00000000
00001001
00000100
,
01000010
00000000
10100101
01011010
,
10011001
00100100
01000010
00101000
,
00010001
00000000
00100010
00000000
01000100
00000000
00100000
01000000
,
00011000
01000010
00100100
01000001
,
00011000
00000000
00000001
00000000
10000010
00000000
00100001
00000010
,
00011000
00100001
00010010
10000001
,
00011000
00000000
01000001
00000000
00100100
00000000
01000010
00100000
,
10001000
00100010
01000100
00100010
,
00010001
00000000
00101000
00000000
01000010
00000000
00100100
00000010
,
00100100
10011001
00100010
10000100
,
00010010
10001100
01000001
00110100
,
10001000
00100011
01000010
11001000
,
00100010
01011100
00100010
00110011
,
10012002
00000000
10000000
00000000
10000000
00000000
10000000
00103003
,
20020100
00000000
00000100
00000000
00000100
00000000
00000100
30030100
,
00102002
00000000
00100000
00003003
20020010
00000000
00000010
30030000
,
00100100
00100100
00100100
00000000
,
10000000
10000000
00000010
00000000
00000100
00000100
00010000
00000000
,
01000000
01000000
00000001
00000000
00000100
00000100
01000000
00000000
,
00010000
00010000
00000100
00000000
00000001
00000001
10000000
00000000
,
00100010
00100010
01000100
00000000
00011000
00011000
01000100
01000100
,
10000001
00000000
00011000
00000000
00000000
01000100
00000000
00011000
,
00000000
00000000
10000010
00000000
00000000
10000100
00010010
00000000
,
10000001
01000010
00100100
00011000
,
00011000
00100100
01000010
10000001
,
00011000
00000000
10000001
00000000
00000000
00100100
00000000
10000010
,
00000000
00000000
00010001
00000000
00000000
00011000
10000001
00000000
,
10000001
00000010
01000001
00000100
00100001
00000001
00011000
00000000
,
00011000
00100000
00010100
01000000
00010010
10000000
10000001
00000000
,
10000001
00000000
00011000
00000000
00000000
01000100
00000000
00011000
,
00000000
00000000
10000010
00000000
00000000
10000100
00010010
00000000
,
10000001
01000010
00100100
00011000
,
00011000
00100100
01000010
10000001
,
00011000
00000000
10000001
00000000
00000000
00100100
00000000
10000010
,
00000000
00000000
00010001
00000000
00000000
00011000
10000001
00000000
,
10000001
00000010
01000001
00000100
00100001
00000001
00011000
00000000
,
00011000
00100000
00010100
01000000
00010010
10000000
10000001
00000000
,
10001000
00020000
10031000
01000000
,
02000001
00000000
00000000
00000000
03000001
00010000
10000000
00010000
,
10000200
00000000
00000000
00000000
10000301
00001000
00000001
00001000
,
00010200
00000000
00000000
00000000
00010300
00001000
00000001
00001000
,
10000010
02000000
03101000
00010000
,
00020010
00000000
00000000
00000000
00031000
10000000
00200000
00000000
,
10300200
00000000
00000000
00000310
00101000
00000001
00001000
00000001
,
10000200
00000000
00000000
00000000
00100000
00000000
00000310
00001000
,
01000010
10011001
01000010
10011001
,
01000010
00000000
00100100
00000000
01000010
00000000
00100100
10000001
,
01000010
11000011
01000010
11000011
,
01000010
00000000
00100100
00000000
01000010
00100100
01000010
10000001
,
01000010
10100101
01000010
10100101
,
01000010
00000000
01000010
00000000
01000010
00000000
00011000
00100100
,
01000010
11000011
00100100
00111100
,
00100100
00000000
00011000
00000000
00100100
00011000
01000010
00000000
,
00010000
00000000
00000000
00000001
00010000
00000000
00000010
00000000
,
00011000
00000000
01100110
01100110
,
10000001
00000000
00011000
00000000
00000000
01000100
00000000
00011000
,
00000000
00000000
10000010
00000000
00000000
10000100
00010010
00000000
,
10000001
01000010
00100100
00011000
,
00011000
00100100
01000010
10000001
,
00011000
00000000
10000001
00000000
00000000
00100100
00000000
10000010
,
00000000
00000000
00010001
00000000
00000000
00011000
10000001
00000000
,
10000001
00000010
01000001
00000100
00100001
00000001
00011000
00000000
,
00011000
00100000
00010100
01000000
00010010
10000000
10000001
00000000
,
10000001
00000000
00011000
00000000
00000000
01000100
00000000
00011000
,
00000000
00000000
10000010
00000000
00000000
10000100
00010010
00000000
,
10000001
01000010
00100100
00011000
,
00011000
00100100
01000010
10000001
,
00011000
00000000
10000001
00000000
00000000
00100100
00000000
10000010
,
00000000
00000000
00010001
00000000
00000000
00011000
10000001
00000000
,
10000001
00000010
01000001
00000100
00100001
00000001
00011000
00000000
,
00011000
00100000
00010100
01000000
00010010
10000000
10000001
00100000
,
20000000
00000000
00000000
00000000
31000000
00100000
00001000
00000200
,
00000000
00000000
00000000
00000000
00000000
00000300
00100010
00000000
,
20000002
00000000
00000000
00000000
00000000
00000000
30000003
01000100
,
00000000
00100100
00011000
01000010
00100100
10000001
01000010
00100100
,
00011000
00000000
00000000
00000000
,
;

//---------------dance-couple - Hard----------------
#NOTES:
     dance-couple:
     Hard:
     Hard:
     8:
     0.922,0.000,1.000,0.088,0.052,467.000,301.000,11.000,0.000,16.000,0.000:


00000000
00000000
00000000
00000000
,
00000000
00000000
00000000
00000000
,
00000000
00000000
00000000
00000000
,
00000000
00000000
00000000
00000000
,
01000010
00000000
00000000
00000000
01000100
00001000
00010000
00100000
,
00000000
00100000
00000000
00001000
00100000
00010000
01000010
00000000
,
01000010
00000000
00000000
00000000
00100010
00001000
00010001
00000000
,
01000010
00000000
01101001
10010110
,
00100010
00000000
00100001
00000000
00001000
00010000
00000000
00000100
,
00000000
00010000
10000100
00000100
10001000
00000010
01001000
00000000
,
00000001
00000000
00010000
00001000
00010000
00000100
00000000
00010000
,
00000010
00100000
00000001
00010000
00001000
00010000
00100000
00000000
,
00100010
00000000
00100010
00000000
00001000
00010000
00000000
00000100
,
00000000
00010000
00000100
00000100
10001000
00000010
01001000
00000000
,
00000100
00000000
00010000
00001000
00010000
00000100
00000000
00010000
,
00000010
00100000
00000000
00010010
10001000
00010010
10001000
00000000
,
00100100
01011010
00100100
01011010
,
10000001
01011010
10000001
01011010
,
00100100
00110011
00100010
00111100
,
10101000
00100101
10100010
00010101
,
10000001
00000000
00011000
00000000
01000100
00000000
00010010
01001000
,
00010010
00000000
00000000
00000000
00000100
00000000
00000000
00000000
00101000
00000000
00000000
00010010
00000000
00000000
00100100
00000000
,
00011000
00000000
00011000
00000000
01000010
00000000
00100010
01000100
,
00100010
00000000
00000000
00000000
01000100
00000000
00000000
00000000
00101000
00000000
00000000
10000000
00000000
00000000
00101000
00000000
,
00010000
00000000
00000000
00010000
10000001
00000000
00000000
00000000
00000010
00000000
00000000
00000010
00011000
00000000
00000000
00000000
,
00010000
00000000
00000000
00010000
10000001
00000000
00000000
00000000
00000001
00000000
00000000
00000001
01000010
00000000
00000000
00000000
,
00100000
00000000
00000000
00100000
10000001
00000000
00000000
00000000
00000001
00000000
00000000
00000001
00011000
00000000
00000000
00000000
,
00011000
00000000
00000000
00011000
00100100
00000000
00000000
00000000
00100100
00000000
00000000
00100100
00011000
00000000
00000000
00000000
,
10001000
00000001
01000100
00000000
00100000
00010000
01000100
00000000
,
00001000
00000001
01000100
00010000
00100000
00010000
01000001
00000000
,
10000001
01000010
10000001
00100100
10000001
00011000
10000001
00000000
,
00011000
00100100
00011000
01000010
00011000
10000001
00011000
00000000
,
10001000
00010000
01000100
00000000
00000010
00000001
01000100
00000000
,
10000000
00010000
01000100
00000001
00000010
00000001
00010100
00000000
,
00011000
00100100
00011000
01000010
00011000
10000001
00011000
00000000
,
10000001
01000010
10000001
00100100
10000001
00011000
10000001
00000000
,
10001000
00000001
01000100
00000000
00100000
00010000
01000100
00000000
,
00001000
00000001
01000100
00010000
00100000
00010000
01000001
00000000
,
10000001
01000010
10000001
00100100
10000001
00011000
10000001
00100100
,
00011000
00100100
00011000
01000010
00011000
10000001
00011000
00000000
,
10001000
00010000
01000100
00000000
00000010
00000001
01000100
00000000
,
10000000
00010000
01000100
00000001
00000010
00000001
00010100
00000000
,
00011000
00100100
00011000
01000010
00011000
10000001
00011000
01000010
,
10000001
01000010
10000001
00100100
10000001
00011000
10000001
00000000
,
00011000
00000000
00000000
00000000
01000100
00010000
00100000
00000000
00010000
00000000
00000000
00000000
00010010
00000000
00000000
00000000
,
20000200
00000000
00000000
30000300
00000000
00000010
00010100
00000010
,
10002000
00000000
00100000
00003000
01000010
00000100
00010001
00000100
,
00200020
00000000
00000000
00000000
00000000
00000000
00311030
00011000
,
10000001
00000000
00000000
00000000
01000100
00000001
00000010
00000000
00000001
00000000
00000000
00000000
00100001
00000000
00000000
00000000
,
02002000
00000000
00000000
03003000
00000000
00100000
01000001
00100000
,
20001000
00000000
00000010
30000000
00100100
01000000
00010001
01000000
,
00200020
00000000
00000000
00000000
00000000
00000000
10300031
10000001
,
00011000
00011000
01000000
00000010
00010000
00000100
01000000
00000001
,
00100100
00000000
10000001
00000000
00100100
10000001
00011000
00000000
,
00011000
00011000
01000000
00000010
00010000
00000100
01000000
00000001
,
00100100
00000000
10000001
00000000
00100100
10000001
00011000
00000000
,
00011000
00011000
01000000
00000010
00010000
00000100
01000000
00000001
,
00100100
00000000
10000001
00000000
00100100
10000001
00011000
00000000
,
00011000
00011000
01000000
00000010
00010000
00000100
01000000
00000001
,
00100100
00000000
10000001
00000000
00100100
10000001
00011000
00000000
,
01002000
00000000
00000000
00100000
00013000
00000001
00100010
00000000
,
10001000
01000100
10101010
01010101
,
10001000
00000001
01000100
00000000
00100000
00010000
01000100
00000000
,
00001000
00000001
01000100
00010000
00100000
00010000
01000001
00000000
,
10000001
01000010
10000001
00100100
10000001
00011000
10000001
00000000
,
00011000
00100100
00011000
01000010
00011000
10000001
00011000
00000000
,
10001000
00010000
01000100
00000000
00000010
00000001
01000100
00000000
,
10000000
00010000
01000100
00000001
00000010
00000001
00010100
00000000
,
00011000
00100100
00011000
01000010
00011000
10000001
00011000
00000000
,
10000001
01000010
10000001
00100100
10000001
00011000
10000001
00000000
,
10001000
00000001
01000100
00000000
00100000
00010000
01000100
00000000
,
00001000
00000001
01000100
00010000
00100000
00010000
01000001
00000000
,
10000001
01000010
10000001
00100100
10000001
00011000
10000001
00100100
,
00011000
00100100
00011000
01000010
00011000
10000001
00011000
00000000
,
10001000
00010000
01000100
00000000
00000010
00000001
01000100
00000000
,
10000000
00010000
01000100
00000001
00000010
00000001
00010100
00000000
,
00011000
00100100
00011000
01000010
00011000
10000001
00011000
01000010
,
10000001
01000010
10000001
00100100
10000001
00011000
10000001
00000000
,
00011000
00000000
00000000
00000000
00101000
10000010
00010100
01000001
,
00000000
00100010
00000000
00000000
00010010
01000000
00011000
00100000
,
00010010
00000000
00000000
00000000
00010000
10000001
00011000
01000010
,
00000000
00000000
01000010
00000000
00011000
00100100
00011000
00000000
00100100
00000000
01000010
00000000
10000001
00000000
00100100
00000000
,
01000010
00000000
00000000
00000000
,
;

//---------------dance-double - K. Ward----------------
#NOTES:
     dance-double:
     K. Ward:
     Hard:
     9:
     0.622,0.000,0.539,0.088,0.100,464.000,67.000,11.000,0.000,0.000,0.000:


00000000
00000000
00000000
00000000
,
00000000
00000000
00000000
00000000
,
00000000
00000000
00000000
00000000
,
00000000
00000000
00000000
00000000
,
00001000
00000100
00000010
00000001
00000100
00000010
00001000
00000010
,
00000000
00001100
00000000
00000110
00000010
00000000
00001100
00000000
,
00100000
00010000
00010000
10000000
01000000
10000000
00100000
01000000
,
00000000
00001000
00010000
00000100
00001100
00000000
00001001
00000000
,
00001000
00000100
00001000
00000001
00000010
00000100
00001000
00000100
,
00000000
00010000
00001000
00000000
00100000
01000000
10000000
00000000
,
10000000
01000000
00100000
00010000
00100000
00001000
00010000
00000100
,
00000000
00001000
00000010
00000100
00000001
00000000
00000001
00000000
,
00001000
00000010
00000100
00000001
00000010
00000100
00001000
00000100
,
00000000
00010000
00001000
00000000
00100000
01000000
10000000
00000000
,
10000000
01000000
00100000
00010000
00100000
00001000
00010000
00000100
,
00000000
00001000
00000010
00000100
00000001
00000000
00000001
00000000
,
00001001
00000110
00001001
00011000
,
00110000
00000000
11000000
00000000
00010000
00100000
00001000
00000000
,
00001100
00000011
00000110
00001001
,
00010010
00000000
00001100
00000000
00010000
00001000
00110000
00000000
,
10000000
00000000
00010000
00000000
00100000
00000000
00001000
00010000
,
00000010
00000000
00000000
00000000
00001000
00000000
00000000
00000000
00002000
00000000
00000000
00000010
00000000
00000000
00000010
00000000
,
00003010
00000000
00001000
00000000
00000100
00000000
00010000
00001000
,
00100000
00000000
00000000
00000000
00010000
00000000
00000000
00000000
00110000
00000000
00000000
01100000
00000000
00000000
11000000
00000000
,
10000000
00000000
00000000
10000000
00100000
00000000
00000000
00100000
01000000
00000000
00000000
01000000
00010000
00000000
00000000
00010000
,
00100000
00000000
00000000
00100000
00001000
00000000
00000000
00001000
00020000
00000000
00000000
00000000
00000000
00000000
00000000
00000000
,
00030001
00000000
00000000
00000001
00000100
00000000
00000000
00000100
00000010
00000000
00000000
00000010
00001000
00000000
00000000
00001000
,
00000100
00000000
00000000
00000100
00010000
00000000
00000000
00010000
00001000
00000000
00000000
00000000
00001100
00000000
00000000
00000000
,
00000001
00000010
00000100
00000000
00010000
00001000
00100000
00000000
,
00010000
10000000
00100000
01000000
00010000
00100000
00100000
00000000
,
00001000
00010000
00000100
00000000
00001000
00000010
00000100
00000000
,
00000010
00000000
00000010
00000000
00000100
00000000
00000100
00000001
,
00000001
00000010
00000100
00000000
00010000
00001000
00100000
00000000
,
00010000
10000000
00100000
01000000
00010000
00100000
00100000
00000000
,
00001000
00010000
00000100
00001000
00000001
00000100
00000010
00000100
,
00000010
00000000
00000000
00000000
00000110
00000000
00000000
00000000
00001000
00000010
00000000
00000000
00000100
00000000
00000001
00000000
,
00000001
00000010
00000100
00000000
00010000
00001000
00100000
00000000
,
00010000
10000000
00100000
01000000
00010000
00100000
00100000
00000000
,
00001000
00010000
00000100
00001000
00000010
00000100
00000001
00000100
,
00000010
00000000
00001000
00000000
00000101
00000000
00001001
00001000
,
00000001
00000010
00000100
00000000
00010000
00001000
00100000
00000000
,
00010000
10000000
00100000
01000000
00010000
00100000
00100000
00000000
,
00001000
00010000
00000100
00001000
00000001
00000100
00000010
00000100
,
00000010
00000000
00000000
00000000
00000110
00000000
00000000
00000000
00001000
00000001
00000000
00000001
00000100
00000000
00000010
00000000
,
00001000
00002000
00000010
00003010
,
00010000
00020000
00001000
00031000
,
00100000
00010000
01000000
00010000
00100000
00001000
00010000
00000100
,
00002000
00000000
00000000
00000000
00000010
00000000
00000000
00000000
00000010
00000000
00000000
00000010
00003000
00000000
00000010
00000000
,
00010000
00020000
00000100
00031000
,
00002000
00000000
00100000
00000000
00013000
00000000
00010000
00001000
,
00200000
00000000
00000000
00310000
10000000
01000000
10000000
01000000
,
20000000
00000000
00000000
00000000
00100000
00000000
00000000
00000000
30100000
01000000
00000000
01000000
00100000
00000000
01000000
00000000
,
01100000
10010000
01100000
01010000
,
00101000
00110000
00011000
00001010
,
00000101
00000011
00001100
00010010
,
00101000
00000000
01010000
00000000
10000000
01000000
10000000
00010000
,
00110000
10010000
01100000
10010000
,
01001000
00000000
00110000
00000000
00010100
00001000
00001100
00000000
,
00000101
00000011
00001100
00010010
,
01001000
00000000
10010000
00000000
01000000
00100000
01000000
00010000
,
10010000
00000000
00000000
00000000
,
00001001
00000000
00011000
00011000
,
00000001
00000010
00000100
00000000
00010000
00001000
00100000
00000000
,
00010000
10000000
00100000
01000000
00010000
00100000
00100000
00000000
,
00001000
00010000
00000100
00001000
00000010
00000100
00000001
00000100
,
00000010
00000000
00000000
00000000
00000010
00000000
00000000
00000000
00000100
00000010
00000000
00000000
00000100
00000000
00000010
00000000
,
00001000
00000100
00010000
00000000
00010000
00001000
00100000
00000000
,
00010000
10000000
00100000
01000000
00010000
00100000
00100000
00000000
,
00001000
00010000
00000100
00001000
00000001
00000100
00000010
00000100
,
00000010
00000000
00000000
00000000
00000010
00000000
00000000
00000000
00001000
00000001
00000000
00000001
00000100
00000000
00000010
00000000
,
00001000
00000100
00010000
00000000
00001000
00100000
00010000
00000000
,
10000000
00100000
01000000
00010000
00100000
00001000
00010000
00000000
,
00001000
00010000
00000100
00001000
00000010
00000100
00000001
00000011
,
00000000
00000110
00000000
00000001
00001001
00000000
00001100
00000000
,
00000001
00000010
00000100
00000000
00010000
00001000
00100000
00110000
,
00000000
01100000
11000000
00000000
00010000
00100000
00001000
00000000
,
00001000
00010000
00000100
00001000
00000001
00000100
00000010
00000200
,
00000000
00000000
00000001
00000000
00000300
00000000
00000001
00000000
00000100
00000010
00000000
00000100
00000020
00000000
00000000
00000000
,
00001030
00000100
00010000
00001000
00100000
00010000
01000000
10100000
,
00000000
00010000
00000000
10000000
01000000
00100000
00010000
00000000
,
00100000
00001000
00010000
00000010
00000100
00000001
00001000
00001100
,
00000000
00010000
00001000
00100000
00010000
00000000
10000000
00000000
,
00100000
00000000
00000000
00000000
;

//---------------dance-double - K. Ward----------------
#NOTES:
     dance-double:
     K. Ward:
     Medium:
     6:
     0.417,0.000,0.265,0.064,0.000,322.000,33.000,8.000,0.000,0.000,0.000:


00000000
00000000
00000000
00000000
,
00000000
00000000
00000000
00000000
,
00000000
00000000
00000000
00000000
,
00000000
00000000
00000000
00000000
,
00001000
00000000
00100000
00000000
00010000
00000000
10000000
00100000
,
00000000
00100000
01000000
00000000
00010000
00000000
01000000
00000000
,
00010000
00100000
00001000
00010000
,
00000020
00000000
00001000
00001030
,
00000001
00000100
00000010
00001000
,
00000100
00000000
00010000
00000000
00001000
00100000
00010000
00000000
,
10000000
01000000
00100000
00010000
,
10000000
00000000
00000000
00000000
00010000
00100000
00010000
10000000
,
00100000
01000000
00100000
10000000
,
00010000
00000000
00100000
00000000
00001000
00010000
00001000
00000000
,
00010000
00001000
00100000
00001000
,
00010000
00000000
00000000
00000000
00001000
00000100
00001000
00000000
,
00000001
00000000
00001000
00000000
00000100
00000000
00010000
00001000
,
00000000
00001000
00100000
00000000
00010000
00000000
10000000
00000000
,
10000000
00000000
00010000
00000000
00100000
00000000
00001000
00010000
,
00000000
00010000
00000100
00000000
00001000
00000000
00000001
00000000
,
00000101
00000000
00000100
00000100
,
00000010
00000000
00000000
00000000
00001000
00000000
00000100
00010000
,
00000100
00001100
00010000
00001000
,
00110000
00000000
00010000
00010000
,
10100000
00100000
10000000
10000000
,
00010000
00010000
00100000
00000000
,
00001000
00001000
00010000
00010000
,
00000010
00000010
00001100
00000000
,
00000001
00000110
00000010
00001000
,
00000100
00011000
00001000
00100000
,
00010000
01100000
00100000
10000000
,
10010000
00000000
00000000
00000000
10000000
01000000
10000000
00000000
,
10000000
01100000
01000000
00010000
,
00100000
00011000
00010000
00000100
,
00001000
00000110
00000100
00000001
,
00001001
00000000
00000000
00000000
00000001
00000100
00000001
00000100
,
00000001
00000110
00000010
00001000
,
00000100
00011000
00001000
00100000
,
00010000
01100000
00100000
10000000
,
10010000
00000000
00000000
00000000
10000000
01000000
10000000
00000000
,
10000000
01100000
01000000
00010000
,
00100000
00011000
00010000
00000100
,
00001000
00000110
00000100
00000001
,
00001001
00000000
00000000
00000000
00000001
00000100
00000002
00000000
,
00001003
00000000
00001000
00000000
00000010
00000000
00010000
00001000
,
00020000
00000000
00000000
00000000
00030000
00000000
00001000
00010000
,
00001000
00100000
00010000
10000000
,
00200000
00000000
00300000
10000000
,
10000000
00000000
00010000
00000000
01000000
00000000
00001000
00010000
,
00002000
00000000
00000000
00000000
00003000
00000000
00010000
00001000
,
00010000
00000100
00001000
00000001
,
00000200
00000000
00000301
00001000
,
00000010
00001000
00000010
00000000
00000010
00000000
00001000
00000000
,
00010000
00001000
00100000
00000000
00010000
00000000
00010000
00000000
,
10000000
00100000
01000000
00000000
00001000
00010000
00000100
00000000
,
00001000
00000001
00000001
00001000
,
00000010
00001000
00000010
00000000
00000010
00000000
00001000
00000000
,
00010000
00001000
00100000
00000000
00010000
00000000
00010000
00000000
,
10000000
00010000
00100000
00000000
00001000
00010000
00000100
00000000
,
00001000
00000001
00000001
00001000
,
00002002
00000000
00003003
00000000
,
00001100
00000000
00000011
00001100
,
00000001
00000110
00000010
00001000
,
00000100
00011000
00001000
00100000
,
00010000
01100000
00100000
10000000
,
10010000
00000000
00000000
00000000
10000000
01000000
10000000
00000000
,
10000000
01100000
01000000
00010000
,
00100000
00011000
00010000
00000100
,
00001000
00000110
00000100
00000001
,
00001001
00000000
00000000
00000000
00000001
00000100
00000001
00000100
,
00000001
00000100
00000010
00001000
,
00000100
00000000
00010000
00000000
00001000
00010000
00001000
00100000
,
00010000
01000000
00100000
10000000
,
10000000
00000000
00000000
00000000
10000000
01000000
10000000
00000000
,
10000000
00100000
01000000
00010000
,
00100000
00000000
00001000
00000000
00010000
00000100
00001000
00000000
,
00000001
00000000
00000100
00000000
00000001
00000100
00000001
00000100
,
00000001
00000000
00000000
00000000
00001000
00000100
00010000
00000000
,
00001000
00000000
00100000
00000000
00010000
00000000
10000000
00100000
,
00000000
00100000
01000000
00000000
00010000
00000000
00100000
00000000
,
00100000
00001000
00010000
00000100
,
00001000
00000000
00000010
00001000
,
00000100
00000000
00000000
00000000
;

//---------------dance-single - C. Foy----------------
#NOTES:
     dance-single:
     C. Foy:
     Challenge:
     11:
     0.858,0.000,0.410,0.796,0.559,597.000,51.000,99.000,0.000,0.000,0.000:


0000
0000
0000
0000
,
0000
0000
0000
0000
,
0000
0000
0000
0000
,
0000
0000
0000
0000
,
2000
0000
3001
0100
0001
0000
1000
0000
0100
0000
1000
0000
0010
0000
0200
0000
,
0300
0000
0010
0000
0000
0000
1000
0010
1000
0000
0100
0000
0010
0000
0001
0000
,
2000
3001
0100
0001
0010
0100
1000
0002
,
0003
0010
0001
0100
1001
0100
1001
0100
,
0002
1003
0010
1000
0001
0100
1000
0200
,
0300
0000
0001
0000
0000
0000
0010
0001
0010
0000
0100
0000
0010
0000
0001
0000
,
2000
3001
0100
0001
1000
0100
0001
0200
,
0300
1000
0010
1000
0001
0010
0100
1000
,
0020
0031
0010
1000
0100
1000
0100
0020
,
0030
0000
0001
0000
0000
0000
1000
0001
0100
0000
0010
0000
0100
0000
0010
0000
,
2000
3100
1000
0001
0100
0001
0010
0002
,
0003
1000
0010
0100
0001
0100
0001
1000
,
0002
0003
1000
0000
0100
0010
0001
2000
,
3000
0001
0010
0000
0001
1000
0010
1000
,
0002
0003
0001
0100
0001
0010
0100
2000
,
3000
0000
0010
0000
1000
0000
0010
1000
0000
0000
0010
1000
0001
0000
0100
0000
,
2002
3003
0220
0000
0000
0330
2020
0000
,
0000
0000
3030
0000
0202
0000
0000
0000
0303
0000
0002
0000
0020
0003
2000
0000
,
0000
0000
3000
0000
0002
0000
0000
0000
0030
0000
0200
0003
2000
0000
0000
0300
,
0200
3000
0000
0000
0002
0000
0000
0003
0000
0000
2000
3000
0020
0300
2030
0000
,
3100
0000
0000
0010
1000
0000
0001
1000
0100
0000
1000
0010
0100
0000
0001
0010
,
0100
1000
0001
0100
0010
0000
0100
0010
1000
0000
0001
1000
0000
0000
0010
0000
,
0010
0000
0000
0010
1000
0000
0100
0010
0001
0000
0100
0001
1000
0100
1000
0001
,
0100
0010
1000
0010
1000
0000
0001
0100
0001
1000
0010
1000
0100
0000
0100
0000
,
0001
0000
0000
0000
0001
0000
0000
0000
0000
0001
0000
0000
0000
0000
0001
0000
0000
0000
0000
0001
0000
0000
0000
0000
0001
0000
0000
0000
0000
0001
0000
0000
,
0001
0000
0000
0000
0001
0000
0000
0000
0001
0000
0001
0000
0001
0000
0000
0002
,
0000
0003
0000
0000
0001
0000
0000
0000
0001
0000
0001
0000
0000
0000
0001
0000
,
0000
0000
0001
0000
0000
0000
0001
0000
0000
0000
0001
0000
0000
0000
0001
0000
0000
0000
0001
0000
0000
0001
0000
0000
,
0001
0000
0000
0000
0001
0000
0000
0000
0000
0001
0000
0000
0000
0000
0001
0000
0000
0000
0000
0001
0000
0000
0000
0000
0001
0000
0000
0000
0000
0001
0000
0000
,
0001
0000
0000
0000
0001
0000
0000
0000
0001
0000
0001
0000
0001
0000
0000
0002
,
0000
0003
0000
0000
0001
0000
0000
0000
0001
0000
0001
0000
0000
0000
0001
0000
,
0000
0000
0001
0000
0000
0000
0001
0000
0000
0000
0001
0000
0000
0000
0001
0000
0000
0000
0001
0000
0000
0001
0000
0000
,
1001
1000
1000
1000
,
1000
0000
1000
0000
1000
0000
1000
1000
,
1000
1000
1000
1000
,
1000
0000
1000
0000
1000
0000
1000
1000
,
1001
0000
0000
0000
0001
0000
0000
0000
1000
0001
0000
0000
0000
0000
0001
0000
1000
0000
0000
0001
0000
0000
0000
0000
1001
0000
0000
0000
0000
0001
0000
0000
,
1001
0000
0000
0000
1001
0000
0000
0000
1001
0000
0001
0000
1001
0000
1000
0002
,
1000
0003
0000
0000
1001
0000
0000
0000
1001
0000
0001
0000
1000
0000
0001
0000
,
1000
0000
0001
0000
0000
0000
1001
0000
0000
0000
0001
0000
1000
0000
0001
0000
0000
0000
1001
0000
0000
1001
0000
0000
,
0020
0000
0000
0030
1000
0010
0200
0000
0002
0000
0300
0000
0020
0003
0000
0000
,
2000
0000
0000
0000
0000
0000
0000
0000
0030
0000
0020
3000
0002
0030
0200
0003
,
2000
0000
0000
0000
0000
0000
0300
0000
0200
3000
0020
0300
2000
0030
0200
3000
,
0002
0000
0000
0000
0000
0000
0000
0000
0000
0000
0000
0000
0000
0000
0000
0000
0303
0000
0000
0001
0100
0000
0000
0000
0000
0010
0001
0000
0000
0000
0000
0000
,
2000
0000
0000
0000
3010
0100
0020
0000
0002
0000
0000
0033
0001
0010
0000
0000
,
2000
0000
0000
0000
0000
0000
0000
0000
3000
0000
0010
0000
0010
1000
0000
0000
,
2000
0000
0000
0000
0000
0000
0200
3000
0010
0000
0010
0000
1000
0000
2300
0000
,
0200
0000
3300
0000
0000
0000
0000
0000
1000
0001
1000
0001
1000
0001
1000
0001
,
0100
0001
1000
0001
0010
0001
1000
0010
1000
0100
1000
0001
0100
0010
0100
0000
,
0100
0010
1000
0010
0100
0010
0100
0001
0100
0010
0100
0001
1000
0100
0010
0000
,
0010
0001
0010
0100
0010
0001
0100
0001
1000
0001
0100
0001
1000
0001
1000
0000
,
1000
0010
1000
0001
1000
0100
1000
0001
0010
0001
1000
0001
1000
0000
1000
0000
,
1000
0001
1000
0100
0010
0001
1000
0001
1000
0010
1000
0001
1000
0100
1000
0000
,
1000
0001
1000
0001
0010
0001
1000
0010
1000
0001
1000
0001
0100
0010
0100
0000
,
0100
0001
1000
0010
0100
0010
0100
0001
0100
0010
0100
0001
1000
0100
0010
0000
,
0010
0001
0010
0100
0010
0001
1000
0001
0010
0001
1000
0001
0100
0001
1000
0000
,
1001
0000
0000
0100
0010
0000
0100
0000
,
0100
0000
0000
0000
2002
3003
0220
0330
,
1001
0000
0000
0000
0001
0000
0000
0000
1000
0001
0000
0000
0000
0000
0001
0000
1000
0000
0000
0001
0000
0000
0000
0000
1001
0000
0000
0000
0000
0001
0000
0000
,
1001
0000
0000
0000
1001
0000
0000
0000
1001
0000
0001
0000
1001
0000
0000
0002
,
1000
0003
0000
0000
1001
0000
0000
0000
1001
0000
0001
0000
1000
0000
0001
0000
,
1000
0000
0200
0000
0300
0000
1200
0000
0300
0000
0001
0000
1000
0000
0200
0000
0300
0000
1200
0000
0300
1001
0000
0000
,
1001
0000
0000
0000
0001
0000
0000
0000
1000
0001
0000
0000
0000
0000
0001
0000
1000
0000
0000
0001
0000
0000
0000
0000
1001
0000
0000
0000
0000
0001
0000
0000
,
1001
0000
0000
0000
1001
0000
0000
0000
1001
0000
0001
0000
1001
0000
1000
0002
,
1000
0003
0000
0000
1001
0000
0000
0000
1001
0000
0001
0000
1000
0000
1001
0000
,
1000
0000
0200
0000
0300
0000
1200
0000
0300
0000
0001
0000
1000
0000
0200
0000
0300
0000
0200
0000
0000
0300
0000
0000
,
1001
0000
0000
0000
0001
0000
0010
0100
1000
0000
0010
0000
0001
0000
0011
0000
,
0000
0000
0001
0000
0010
0000
1000
0010
0100
0000
1000
0000
0010
0000
1000
0002
,
1000
0003
0000
0000
0100
0000
0010
0000
0001
0000
0010
0000
1000
0000
1100
0000
,
0000
0000
1000
0000
0100
0000
1000
0100
0010
0000
0001
0000
0100
0000
1000
0000
,
1100
0000
0001
0000
0010
1000
0010
1001
,
0000
0000
0100
0000
0001
0000
0010
0000
0100
0000
1000
0000
0010
0000
1000
0002
,
1000
0003
0000
0000
0100
0000
0001
0000
0010
0000
0100
0000
1000
0000
0110
0000
,
0010
0000
1000
0000
0100
0000
1000
0100
0000
0000
0000
1000
0010
0000
1000
0000
,
0001
0000
2000
0000
0002
3000
0200
0003
2000
0300
0002
3000
0010
0003
0110
0000
,
0000
0000
2000
0000
0000
0000
3010
0002
0020
0003
2000
0030
0200
3000
1000
0300
,
1100
0000
0002
0000
0020
0003
2030
0000
0020
3000
0002
0030
0100
0003
0110
0000
,
0000
0000
0200
0000
0310
0002
0020
0003
2030
0000
0020
3000
0002
0030
0200
0003
,
2000
0000
3300
0000
;

//---------------dance-double - K. Ward----------------
#NOTES:
     dance-double:
     K. Ward:
     Easy:
     4:
     0.284,0.000,0.000,0.000,0.000,247.000,0.000,0.000,0.000,0.000,0.000:


00000000
00000000
00000000
00000000
,
00000000
00000000
00000000
00000000
,
00000000
00000000
00000000
00000000
,
00000000
00000000
00000000
00000000
,
00000000
00000100
00001000
00000010
,
00000000
00000100
00010000
00000100
,
00000000
00100000
00001000
00010000
,
00000000
00100000
00010000
01000000
,
00100000
00100000
00000000
00100000
,
10000000
10000000
00000000
10000000
,
00100000
01000000
01000000
01000000
,
00010000
00000000
00100000
00000000
,
00001000
00001000
00000000
00001000
,
00010000
00010000
00000000
00000100
,
00001000
00001000
00001000
00001000
,
00000010
00000000
00000010
00000010
,
00001000
00000000
00000100
00000000
,
00010000
00000000
00001000
00000000
,
00100000
00010000
00100000
00001000
,
00010000
00000000
00000010
00000000
,
00001000
00001000
00000000
00000001
,
00000010
00000010
00000000
00000001
,
00000100
00000100
00000010
00010000
,
00001000
00000000
00000000
00000000
,
00100000
00100000
00010000
00010000
,
01000000
01000000
01000000
00000000
,
00001000
00001000
00010000
00010000
,
00001000
00001000
00001000
00000000
,
10000000
00100000
01000000
00010000
,
00100000
00001000
00010000
00000100
,
00001000
00000010
00000100
00000001
,
00000001
00000000
00000001
00000001
,
00000001
00000100
00000010
00001000
,
00000100
00010000
00001000
00100000
,
00010000
01000000
00100000
10000000
,
10000000
00000000
10000000
00000000
,
10000000
00100000
01000000
00010000
,
00100000
00001000
00010000
00000100
,
00001000
00000010
00000100
00000001
,
00000001
00000000
00000001
00000000
,
00000001
00000100
00000010
00001000
,
00000100
00010000
00001000
00100000
,
00010000
01000000
00100000
10000000
,
10000000
00000000
10000000
00000000
,
10000000
00010000
01000000
00001000
,
00001000
00000000
00000000
00000000
,
00010000
00000100
00001000
00000001
,
00000100
00000000
00000000
00000000
,
00000001
00001000
00000010
00010000
,
00010000
00000000
00000000
00000000
,
00001000
00100000
00010000
10000000
,
00100000
00000000
00000000
00000000
,
00100000
00100000
00100000
00000000
,
00001000
00001000
00001000
00000000
,
00010000
00010000
00010000
00000000
,
00000010
00000010
00000010
00000001
,
00000010
00000010
00000010
00000000
,
00010000
00010000
00010000
00000000
,
00001000
00001000
00001000
00000000
,
00100000
00100000
00100000
00000000
,
00001000
00000000
00000000
00000000
,
00100000
00000000
00001000
00000000
,
10000000
00100000
01000000
00010000
,
00100000
00001000
00010000
00000100
,
00001000
00000010
00000100
00000001
,
00000001
00000000
00000001
00000001
,
00000001
00000100
00000010
00001000
,
00000100
00010000
00001000
00100000
,
00010000
01000000
00100000
10000000
,
10000000
00000000
10000000
00000000
,
10000000
00100000
01000000
00010000
,
00100000
00001000
00010000
00000100
,
00001000
00000010
00000100
00000001
,
00000001
00000000
00000001
00000000
,
00000001
00000100
00000010
00001000
,
00000100
00010000
00001000
00100000
,
00010000
01000000
00100000
10000000
,
10000000
00000000
00010000
00000000
,
00000000
00100000
00010000
01000000
,
00000000
00100000
00001000
00100000
,
00000000
00000100
00010000
00001000
,
00000000
00001000
00000010
00000100
,
00000001
00000000
00000000
00000000
;

//---------------dance-double - M. Emirzian----------------
#NOTES:
     dance-double:
     M. Emirzian:
     Challenge:
     11:
     0.765,0.000,0.257,0.048,0.301,628.000,32.000,6.000,32.000,4.000,0.000:


00000000
00000000
00000000
00000000
,
00000000
00000000
00000000
00000000
,
00000000
00000000
00000000
00000000
,
00000000
00000000
00000000
00000000
,
00100000
10000000
01000000
00010000
01000000
10000000
00010000
10010000
,
00000000
00000000
00101000
00000000
00000000
00000000
00010000
00001000
00010000
00000000
00000100
00000000
00001000
00000000
00000010
00000000
,
00000100
00000001
00000010
00001000
00000010
00000001
00000100
00001001
,
00000000
00000110
00000100
00001000
00001001
0000M00M
00011000
000MM000
,
00100000
00000000
10000000
00000000
01000000
00000000
00010000
00000000
01000000
00000000
10000000
00010000
10000000
00000000
00100000
00000000
,
01000000
00000000
00100000
00000000
00010000
00000000
00001000
00010000
00001000
00000000
00100000
00000000
01000000
00000000
00010000
00000000
,
00001000
00000000
00000010
00000000
00001000
00000000
00010000
00000000
00000010
00000000
00001000
00000010
00000100
00000000
00000010
00000000
,
00000100
00000000
00000001
00000000
00000010
00000000
00000100
00001000
00000100
00000000
00000001
00000000
00000100
00000000
00001000
00000000
,
00000010
00000000
00000100
00000000
00001000
00000000
00010000
00000000
00001000
00000000
01000000
00010000
00100000
00000000
00001000
00000000
,
00010000
00000000
00100000
00000000
10000000
00000000
01000000
00100000
00010000
00000000
10000000
00000000
00010000
00000000
01000000
00000000
,
00100000
00000000
10000000
00000000
01000000
00000000
00010000
00000000
00001000
00000000
00000010
00000100
00001000
00000000
00000001
00000000
,
00000100
00000000
00000010
00000000
00001000
00000000
00000100
00000010
00000001
00000000
00001000
00000000
00000001
00000000
00000100
00000000
,
00000010
00000000
00001000
00000100
00010000
00001000
00011000
01001000
,
00000000
00000000
00110000
00000000
00000000
00000000
10000000
00010000
01000000
00000000
00100000
00000000
01000000
00000000
00010000
00000000
,
00100000
00000000
01000000
10000000
00100000
00010000
00100000
10000000
,
01000000
00100000
00010000
00000000
00100000
00001000
00010000
00000000
00001000
00010000
00000010
00000000
00001010
00000000
00001000
00000000
,
00000100
00000000
00000010
00000001
00000100
00000110
0000000M
00000001
,
00000100
00000000
00000010
00001000
00000100
00000010
00000100
00000000
,
00010000
000M0000
00100000
10000000
01000000
00110000
0M000000
01000000
,
00100000
00000000
10000000
01000000
00010000
01000000
10000000
00100000
,
01000000
00000000
00000000
01000000
00010000
00000000
01000000
00100000
01000000
00000000
00001000
00000000
00010000
00000000
00000010
00000000
,
00001000
00000100
00000010
00000100
00010000
00000010
00000100
00000000
,
00000001
00000000
00000000
00000100
00000010
00000000
00000000
00000000
00001001
00000000
00000000
00000000
00000010
00000000
00000100
00000000
,
00001000
00010100
00022000
00033000
,
00001000
00000000
00010000
00000000
01000000
00000000
10000000
00000000
00010000
00000000
01000000
00100000
10000000
00000000
00010000
00000000
,
00100000
01000000
10000000
00000000
00010000
00000000
10000000
00000000
01000000
00010000
00001000
00000000
00100000
00000000
00001000
00000000
,
00010000
00000010
00001000
00000100
00000010
00000001
00000100
00000010
,
00000100
00000001
00001000
00000000
00000100
00000000
00000010
00000000
00000100
00001000
00000001
00000000
00000100
00000000
00001000
00000000
,
00010000
00000000
00100000
00000000
00010000
00000000
00001000
00000000
00100000
00000000
01000000
10000000
00100000
00000000
10000000
00000000
,
01000000
00100000
00010000
00000000
10000000
00000000
00100000
00000000
01000000
00001000
00010000
00000000
00001000
00000000
00000100
00000000
,
00000010
00000100
00000001
00000010
00000100
00001000
00000001
00000100
,
00000010
00001000
00000100
00000000
00000010
00000000
00000001
00000000
00000100
00000010
00001000
00000000
00000100
00000000
00010000
00000000
,
00001000
00000000
01000000
00000000
00100000
00000000
00010000
00000000
00100000
00000000
10000000
01000000
00100000
00000000
00010000
00000000
,
01000000
00100000
10000000
00000000
01000000
00000000
00100000
00000000
00010000
01000000
00001000
00000000
00010000
00000000
01000000
00000000
,
00010000
00001000
00000010
00001000
00010000
00000100
00000010
00000100
,
00001000
00000100
00000001
00000000
00000100
00000000
00001000
00000000
00000010
00000100
00001000
00000000
00000001
00000000
00000010
00000000
,
00001000
00000000
00000100
00000000
00000010
00000000
00001000
00000000
00100000
00000000
01000000
10000000
00100000
00000000
01000000
00000000
,
00100000
10000000
01000000
00000000
00100000
00000000
00010000
00000000
10000000
01000000
00010000
00000000
01000000
00000000
10000000
00000000
,
00010000
01000000
00100000
00010000
00100000
01000000
00001000
00000010
,
00000100
00010000
00001000
00000000
00000100
00000000
00000001
00000000
00000100
00000010
00001000
00000000
00000100
00000000
00000010
00000000
,
00000001
0000000M
00000100
00000010
00001000
00000000
00000100
00000000
,
00010100
000M0M00
00010000
00000000
00001000
01000000
00010000
00000000
,
00100000
00M00000
01000000
10000000
00010000
00000000
10010000
00000000
,
02020000
00000000
00100000
00000000
10000000
03000000
00130000
00000000
,
00010000
000M0000
00100000
01000000
10000000
M0000000
00010000
00000000
,
00202000
00000000
00010000
00000000
00000100
00300000
00013000
00000000
,
00000010
00000000
00001000
00000100
00000010
00000000
00000001
0000000M
,
00000010
00000000
00000100
00001000
00000010
00000100
00000010
00001000
,
00000100
00000000
00000010
00000001
00001000
00000000
00000100
00010000
00001000
00000000
00010000
00001000
00100000
00000000
00001000
00000000
,
01000000
00000000
00100000
10000000
00010000
00000000
01000000
00010000
10000000
00000000
00100000
10000000
00010000
00000000
01000000
00000000
,
00001000
00000000
00100000
00010000
01000000
00000000
00001000
00010000
01000000
00000000
00010000
00001000
00010000
00000000
00001000
00000000
,
00010000
00000000
00000010
00010000
00001000
00000000
00000010
00000000
00000100
00000000
00001000
00000001
00000010
00000000
00000100
00000000
,
00001000
00000000
00000010
00001000
00000100
00000000
00000010
00000100
00001000
00000000
00000010
00000100
00000001
00000000
00001000
00000000
,
00000001
00000000
00000100
00001000
00010000
00000000
00010000
00100000
10000000
00000000
00100000
10000000
01000000
00000000
01100000
00000000
,
00100000
00000000
00010000
10000000
01000000
00000000
10000000
01000000
00010000
00000000
01000000
00010000
00001000
00000000
00001000
00000100
,
00000010
00000000
00001000
00000100
00000010
00000001
00000100
00000010
00010000
00001000
00000100
00000000
00000001
00000000
00000010
00000000
,
00001001
00000000
00001000
00000100
00000010
00000000
00000100
00000000
,
00001000
0000M000
00000010
00001000
00001100
00000000
00011000
000MM000
,
10000000
00000000
00100000
00000000
01000000
00000000
00010000
00000000
00100000
00000000
01000000
10000000
01000000
00000000
00010000
00000000
,
00001000
00000000
01000000
00000000
00100000
00000000
01000000
00010000
00100000
00000000
00001000
00000000
00010000
00000000
00000010
00000000
,
00001000
00000000
00000100
00000000
00000001
00000000
00000100
00000000
00001000
00000000
00000010
00000100
00000001
00000000
00001000
00000000
,
00000001
00000000
00000100
00000000
00000010
00000000
00001000
00000100
00000010
00000000
00000100
00000000
00010000
00000000
00001000
00000000
,
00000100
00000000
00001000
00000000
00010000
00000000
00100000
00000000
10000000
00000000
00010000
01000000
10000000
00000000
01000000
00000000
,
00010000
00000000
00100000
00000000
10000000
00000000
00100000
00010000
01000000
00000000
00100000
00000000
00010000
00000000
00000010
00000000
,
00001000
00000000
00000100
00000000
00000010
00000000
00000001
00000000
00000100
00000000
00000010
00001000
00000100
00000000
00000010
00000000
,
00000001
00000000
00000100
00000000
00001000
00000000
00000100
00001000
00010000
00000000
00001000
00000000
00010000
00000000
01000000
00000000
,
10000000
00100000
10000000
01000000
00100000
00010000
10000000
10010000
,
M00M0000
00000000
00011000
00000000
000MM000
00000000
00010000
00001000
00000100
00000000
00001000
00000000
00000100
00000000
00000010
00000000
,
00001000
00000100
00000010
00000001
00000100
00000010
00001000
00001001
,
0000M00M
00000000
00000100
00000000
00000010
00000000
00000100
00000000
00001000
00000000
00000001
00000100
00000010
00000000
00000100
00000000
,
00001000
00000000
00011000
000MM000
01000000
00010000
00100000
10010000
,
M00M0000
11000000
MM000000
00100000
00010000
01000000
10000000
01000000
,
00010000
10000000
01000000
00100000
00001000
00000100
00000001
00000010
,
00000100
00000000
00010000
00000000
00001000
00010000
00000010
00001000
00000100
00000010
00000001
00000000
00001001
00000000
00001100
00000000
,
00000001
00000000
00000100
00000010
00001000
0000M000
00000100
00000100
,
00000000
00010000
00000000
00001000
00001000
0000M000
00110000
00000000
,
01000000
00100000
10000000
M0000000
01000000
00000000
00100000
00010000
,
00000000
00000000
01000000
00000000
00100000
10000000
00100000
00000000
01000000
00000000
00010000
00000000
00100000
00000000
01000000
00000000
,
10000000
00000000
00000000
00000000
;

//---------------lights-cabinet - ----------------
#NOTES:
     lights-cabinet:
     :
     Easy:
     1:
     1.000,0.000,1.000,0.072,0.088,532.000,358.000,9.000,0.000,275.000,0.000:


00000000
00000000
00000000
00000000
,
00000000
00000000
00000000
00000000
,
00000000
00000000
00000000
00000000
,
00000000
00000000
00000000
00000000
,
10000011
00000000
00000000
00000000
10000000
00010000
00100000
01000000
,
00000000
01000000
00000000
00010000
01000000
00100000
10000011
00000000
,
10000011
00000000
00000000
00000000
01000000
00010000
00100000
00000000
,
10000011
00000000
10011111
01101111
,
10010011
00000000
10000011
00000000
01000011
00100000
00000011
10010000
,
00000011
01000000
10000011
00010000
00100011
01000000
10000011
00000011
,
00010011
00000000
01000011
00100000
01000011
00010000
00000011
01000000
,
00000011
10000000
00000011
01000000
00100011
01000000
10000011
00000011
,
10010011
00000000
10000011
00000000
00100011
01000000
00000011
10010000
,
00000011
00100000
10000011
00010000
01000011
00100000
10000011
00000011
,
00010011
00000000
00100011
01000000
00100011
00010000
00000011
01000011
,
00000011
10000000
00000011
00100000
01000011
00100000
10000011
00000011
,
01000011
10100011
00100011
10100011
,
01000011
00000000
01010011
00000000
00100011
00000000
01000011
00010011
,
01000011
00110011
00100011
00110011
,
01000011
00000000
11000011
00000000
00100011
00000000
01000011
10000011
,
01000011
00000000
10000011
00000000
00100011
00000000
00010011
01000011
,
00010011
00000000
00000000
00000000
00100011
00000000
00000000
00000000
01000011
00000000
00000000
10000000
00000011
00000000
00100011
00000000
,
10000011
00000000
01000011
00000000
00100011
00000000
00010011
00100011
,
00010011
00000000
00000000
00000000
00100011
00000000
00000000
00000000
01000011
00000000
00000000
10000000
00000011
00000000
10000011
00000000
,
01000011
00000000
00000000
01000000
10000011
00000000
00000000
10000000
00100011
00000000
00000000
00100000
01000011
00000000
00010000
00000000
,
01000011
00000000
00000000
01000000
00100011
00000000
00000000
00100000
10000011
00000000
00000000
10000000
01000011
00000000
00100011
00000000
,
01000000
00000000
00000000
01000000
10000000
00000000
00000000
10000000
00100000
00000000
00000000
00100000
01000000
00000000
00010000
00000000
,
01000000
00000000
00000000
01000000
00100000
00000000
00000000
00100000
10000000
00000000
00000000
10000000
01000000
00000000
00100000
00000000
,
01001011
00000100
10011011
00000100
01001011
00100100
10001011
00000000
,
00011011
00000100
10001011
00100100
01001011
00100100
10001011
00000011
,
01001111
00000000
10010011
00000000
01001111
00100000
00010011
00000000
,
10001111
00000000
00011111
00100000
01001111
00100000
00010011
00000011
,
10001011
00000100
11001011
00000100
10001011
00100100
00001011
10100000
,
00001011
00100100
00011011
00100100
10001011
01000100
00011011
00000011
,
10001111
00000000
10101111
00000000
10001111
01000000
00000011
11000000
,
00001111
01000000
00010011
01000000
10001111
00100000
00010011
00000011
,
00101011
00000100
10011011
00000100
00101011
01000100
00011011
00000000
,
10001011
00000100
00011011
01000100
00101011
01000100
00011011
00000011
,
00101111
00000000
10010011
00000000
00101111
01000000
10000011
00000000
,
00011111
00000000
10001111
01000000
00101111
01000000
10000011
00000011
,
00011011
00000100
00111011
00000100
00011011
01000100
00001011
01010000
,
00001011
01000100
10001011
01000100
00011011
00100100
10001011
00000011
,
00011111
00000000
01010011
00000000
00011111
00100000
00000011
00110000
,
00001111
00100000
10001111
00100000
00011111
01001100
10001111
00000011
,
00010011
00000000
00000000
00000000
00100011
00010000
00100000
00000000
00010011
00000000
00000000
00000000
01000011
00000000
00000000
00000000
,
02000011
00000000
00000011
03000000
00000011
00010000
00100011
01000011
,
02000011
00000000
00000011
03000000
10000011
00100000
10000011
01000000
,
20000011
00000000
00000000
00000000
00000011
00000000
00000000
00000000
00000011
00000000
01000000
00000011
31000000
00000000
00000011
00000000
,
01000011
00000000
00000000
00000000
10000011
01000000
10000000
00000000
01000011
00000000
00000000
00000000
10000011
01000000
00000000
00000000
,
20000011
00000000
00000000
00000000
00000011
00000000
00000000
00000000
30000011
00000000
01000000
00000000
10000011
00100000
00000011
00000000
,
10000011
00000000
00000011
00010000
00100011
01000000
00100011
01000011
,
20000011
00000000
00010011
00000000
00010011
00000011
30010011
00000011
,
10000011
01000000
10001111
00010000
10000011
01000000
10000011
00010000
,
00100011
00010000
01001111
00010000
10000011
00010000
01000011
01000011
,
01000011
00100000
10001111
00010000
00100011
01000000
10000011
00010000
,
01000011
00000000
00100000
00000000
10001111
00000000
00010000
00000000
00100011
00000000
01000000
00000011
10000000
00000000
00100011
00000000
,
00010011
01000000
00011111
10000000
00010011
01000000
00010011
10000000
,
00100011
10000000
01001111
10000000
00010011
10000000
01000011
01000011
,
01000011
00100000
00011111
10000000
00100011
01000000
00010011
10000000
,
01000011
00000000
00100000
00000000
00011111
00000000
10000000
00000000
00100011
00000000
01000000
00000011
00011100
00000000
00000011
00000000
,
10011100
00000000
00000000
01000000
00100000
00000000
01000000
00000000
,
10010011
00000000
10101111
01011111
,
10011011
00000100
10001011
00000100
01001011
00100100
00001011
10010000
,
00001011
01000100
10001011
00010100
00101011
01000100
10001011
00000011
,
00011111
00000000
01001111
00100000
01001111
00010000
00000011
01000000
,
00001111
10000000
10000011
00000000
00001111
00010000
00010011
00000011
,
10011011
00000100
10001011
00000100
00101011
01000100
00001011
10010000
,
00001011
00100100
10001011
00010100
01001011
00100100
10001011
00000011
,
00011111
00000000
00101111
01000000
00101111
00010000
00000011
01000000
,
00001111
00010000
00010011
00000000
00001111
10000000
10000011
00000011
,
10001011
01000100
00101011
00010100
10001011
01000100
00101011
00010000
,
00001011
01000100
00101011
01000100
00011011
01000100
00101011
10000011
,
00011111
00100000
01001111
10000000
00011111
00100000
01000011
10000000
,
00001111
00100000
01001111
00100000
10001111
00100000
01000011
00010011
,
10001011
00000100
00101011
00000100
01001011
00010100
00001011
10010000
,
00001011
10000100
01001011
00000100
00011011
00010100
00011011
00000011
,
00011111
00000000
01001111
00000000
00101111
10000000
00000011
10010000
,
00001111
00000000
10000011
00010000
01001111
00010011
00100011
10000011
,
11111100
00000000
00000000
00000000
10000000
00010000
00100000
01000000
,
00000000
01000000
00000000
00010000
01000000
00100000
10000000
00010000
,
01000000
00000000
00000000
00000000
01000000
00010000
10000000
00100000
,
00000000
00000000
00100000
00000000
10000000
01000000
10000000
00000000
01000000
00000000
00100000
00000000
00010000
00000000
01000000
00000000
,
22220000
00000000
33330000
00000000
;

//---------------dance-single - M. Puls----------------
#NOTES:
     dance-single:
     M. Puls:
     Beginner:
     1:
     0.091,0.000,0.024,0.000,0.000,76.000,3.000,0.000,0.000,0.000,0.000:


0000
0000
0000
0000
,
0000
0000
0000
0000
,
0000
0000
0000
0000
,
0000
0000
0000
0000
,
0010
0000
0000
0000
,
0000
0000
0000
0000
,
0010
0000
0000
0000
,
0000
0000
0000
0000
,
1001
0000
0000
0000
,
0001
0000
0000
0000
,
1000
0000
0000
0000
,
0001
0000
0000
0000
,
0001
0000
0000
0000
,
1000
0000
0000
0000
,
0010
0000
0000
0000
,
0100
0000
0000
0000
,
0001
0000
0000
0000
,
0001
0000
0000
0000
,
0001
0000
0000
0000
,
0001
0000
0000
0000
,
1000
0000
0000
0000
,
0000
0000
0000
0000
,
0001
0000
0000
0000
,
0000
0000
0000
0000
,
1000
0000
1000
0000
,
1000
0000
0000
0000
,
0001
0000
0000
0000
,
0000
0000
0000
0000
,
1000
0000
0000
0000
,
0010
0000
0000
0000
,
0100
0000
0000
0000
,
0010
0000
0000
0000
,
1000
0000
0000
0000
,
0001
0000
0000
0000
,
0100
0000
0000
0000
,
0010
0000
0000
0000
,
1000
0000
0000
0000
,
0001
0000
0000
0000
,
1000
0000
1000
0000
,
0001
0000
0000
0000
,
0001
0000
0000
0000
,
1000
0000
0000
0000
,
0010
0000
0010
0000
,
0100
0000
0000
0000
,
0001
0000
0000
0000
,
0001
0000
0000
0000
,
1000
0000
0000
0000
,
1000
0000
0000
0000
,
0001
0000
0001
0000
,
0001
0000
0000
0000
,
1000
0000
1000
0000
,
1000
0000
0000
0000
,
0001
0000
0000
0000
,
0010
0000
0000
0000
,
0001
0000
0000
0000
,
1000
0000
0000
0000
,
0001
0000
0000
0000
,
0010
0000
0000
0000
,
0001
0000
0000
0000
,
1000
0000
0000
0000
,
1001
0000
0000
0000
,
0000
0000
0000
0000
,
1000
0000
0000
0000
,
0001
0000
0000
0000
,
0100
0000
0000
0000
,
0010
0000
0000
0000
,
1000
0000
0000
0000
,
0100
0000
0000
0000
,
1000
0000
0000
0000
,
0001
0000
0000
0000
,
1000
0000
0000
0000
,
0100
0000
0000
0000
,
1000
0000
1000
0000
,
0001
0000
0000
0000
,
0001
0000
0000
0000
,
1000
0000
0000
0000
,
0001
0000
0001
0000
,
1000
0000
0000
0000
,
1001
0000
0000
0000
;
