#TITLE:Turn It On;
#SUBTITLE:;
#ARTIST:Georgetown;
#TITLETRANSLIT:;
#SUBTITLETRANSLIT:;
#ARTISTTRANSLIT:;
#GENRE:;
#CREDIT:;
#BANNER:Turn It On-banner.png;
#BACKGROUND:Turn It On-bg.png;
#LYRICSPATH:;
#CDTITLE:;
#MUSIC:Georgetown - Turn it on.ogg;
#OFFSET:-0.055;
#SAMPLESTART:47.537;
#SAMPLELENGTH:11.940;
#SELECTABLE:YES;
#BPMS:0.000=120.000;
#STOPS:;
#BGCHANGES:0.000=Turn It On-bg.png=1.000=0=0=1=====,
15.000=VOL1-18-NTSC.mpg=1.000=1=0=1===CrossFade==,
32.000=jb_044.mpg=1.000=1=0=1===CrossFade==,
52.000=VOL1-36-NTSC.mpg=1.000=0=0=1=====,
64.000=jb_120.mpg=1.000=0=0=1=====,
72.000=VOL1-11-NTSC.mpg=1.000=0=0=1=====,
88.000=VOL1-32-NTSC.mpg=1.000=1=0=1===CrossFade==,
96.000=VOL1-48-NTSC.mpg=1.000=0=0=1=====,
128.000=VOL1-47-NTSC.mpg=1.000=1=0=1===CrossFade==,
144.000=vol3-24-ntsc.mpg=1.000=1=0=1===CrossFade==,
160.000=vol4-11-ntsc.mpg=1.000=1=0=1===CrossFade==,
176.000=VOL1-35-NTSC.mpg=1.000=0=0=1=====,
192.000=VOL1-48-NTSC.mpg=1.000=0=0=1=====,
224.000=jb_044.mpg=1.000=1=0=1===CrossFade==,
240.000=VOL1-11-NTSC.mpg=1.000=0=0=1=====,
256.000=Turn It On-bg.png=1.000=0=0=1=====,
99999=-nosongbg-=1.000=0=0=0 // don't automatically add -songbackground-
;
#KEYSOUNDS:;
// cache tags:
#FIRSTBEAT:16.000;
#LASTBEAT:256.000;
#SONGFILENAME:/Songs/In The Groove/Turn It On/turniton.sm;
#HASMUSIC:1;
#HASBANNER:1;
#MUSICLENGTH:130.089;
// end cache tags

//---------------dance-single - R. McKanna----------------
#NOTES:
     dance-single:
     R. McKanna:
     Hard:
     7:
     0.462,0.000,0.108,0.031,0.204,403.000,14.000,4.000,0.000,0.000,0.000:


0000
0000
0000
0000
,
0000
0000
0000
0000
,
0000
0000
0000
0000
,
0000
0000
0000
0000
,
1000
0100
1000
0100
,
1000
0000
0000
0000
0100
0000
0000
1000
0000
0000
0010
0000
0100
0000
0000
0000
,
0001
0100
0001
0100
,
0001
0000
0000
0000
0100
0000
0000
0001
0000
0000
0010
0000
0100
0000
0000
0000
,
1000
0000
0000
0000
0101
0000
0000
1000
0000
0000
0010
0000
0100
0000
0001
0000
,
1000
0000
0000
0000
0101
0000
0000
1000
0000
0000
0100
0000
0010
0000
0000
0000
,
0001
0000
0000
0000
1100
0000
0000
0001
0000
0000
0100
0000
0010
0000
0000
0000
,
1000
0000
0000
0000
0101
0000
0000
1000
0000
0000
0100
0000
0010
0000
0000
0000
,
2000
0000
0002
3003
,
1000
0000
0000
0000
0001
0000
0000
1000
0000
0000
0010
0000
0100
0000
0000
0000
,
0001
0000
0000
0000
1000
0000
0000
0010
0000
0000
1001
0000
0000
0000
0000
0000
,
1000
0000
0000
0000
0001
0000
0000
1000
0000
0000
0100
0000
0010
0000
0000
0000
,
1001
0000
0000
0000
0100
0000
0000
0001
0010
0000
0100
0000
0010
0000
0001
0000
,
1000
0000
0000
0000
0100
0000
0000
1000
0100
0000
0010
0000
0001
0000
0000
0000
,
1001
0000
0000
0000
0100
0000
0000
0001
0100
0000
0010
0000
1000
0000
0000
0000
,
1001
0000
0000
0000
0100
0000
0000
1000
0100
0000
0010
0000
0001
0000
0000
0000
,
0002
0000
2000
3003
,
0001
0000
0000
0000
0010
0000
0000
0001
0010
0000
0100
0000
1000
0000
0000
0000
,
1001
0000
0000
0000
0010
0000
0000
1000
0010
0000
0100
0000
0001
0000
0000
0000
,
1001
0000
0000
0000
0010
0000
0000
0001
0010
0000
0000
0000
0100
0000
0000
0000
,
1000
0100
0010
0100
0010
0001
0010
0100
,
1000
0100
1000
0000
0001
0100
0001
0000
1000
0100
1000
0000
0001
0100
0001
0000
,
0001
0010
0100
0010
0100
1000
0100
0010
,
0001
0010
0001
0000
1000
0010
1000
0000
0001
0010
0001
0000
1000
0010
1000
0000
,
1000
0010
0100
0001
0010
0100
1000
0010
,
1000
0100
1000
0000
0001
0010
0001
0000
1000
0100
1000
0000
0001
0010
0001
0000
,
0001
0100
0010
1000
0100
0010
0001
0100
,
0100
0001
0010
0100
1000
0010
0100
0001
,
1000
1000
1000
1000
,
0001
0001
0001
0001
,
1000
0000
0000
0000
1000
0000
0000
0000
1000
0100
0000
0000
1001
0000
0000
0000
,
0001
0000
0001
0100
0001
1000
0001
0000
,
1000
0000
0000
0000
0100
0000
0000
0000
0010
0000
0000
0001
0010
0000
0100
0000
,
1000
0000
0000
0000
0010
0000
0000
0000
0100
0000
0000
0001
0100
0000
0010
0000
,
1000
0000
0000
0000
0001
0000
0000
0000
0100
0000
0000
0010
0100
0000
0001
0000
,
1000
0000
0001
0000
1000
0001
0100
0001
,
1000
0000
0000
0000
0000
0000
0000
1000
0000
0000
0100
0000
0010
0000
0100
0000
,
1000
0000
0000
0000
0000
0000
0000
1000
0000
0000
0100
0000
0010
0000
0000
0000
,
0001
0000
0000
0000
0000
0000
0000
0001
0000
0000
0010
0000
0001
0000
0000
0000
,
1000
0000
0000
0000
0000
0000
0000
1000
0000
0000
0100
0000
1000
0000
0000
0000
,
0100
1000
0100
0010
0001
0000
0100
0000
,
0100
0010
1000
0100
0010
0100
1000
0000
,
0001
0100
0010
1000
0100
0000
0100
0000
,
1000
0100
0000
0010
0001
0000
0010
0000
0100
0000
0000
0000
1001
0000
0000
0000
,
0010
1000
0100
1000
0010
0100
0001
0010
,
0001
0010
0001
0000
0100
0001
0100
0000
0001
0010
0001
0000
0100
0001
0100
0000
,
0001
0010
0100
1000
0010
1000
0100
0010
,
0001
0010
0001
0000
0100
0001
0100
0000
0010
1000
0010
0000
1000
0100
1000
0000
,
0100
1000
0010
0100
0001
0010
0001
0100
,
0010
0100
0010
0000
1000
0010
1000
0000
0100
1000
0100
0000
0010
0100
0010
0000
,
0100
1000
0001
0010
0100
1000
0010
0100
,
0100
0010
1000
0100
0010
0000
1001
0000
,
0010
1000
0100
0001
0100
1000
0010
0100
,
0001
0000
1000
0000
0010
0000
1000
0000
0001
0000
1000
0000
0010
1000
0010
0000
,
0100
0001
0010
1000
0010
0001
0100
0010
,
1000
0000
0001
0000
0010
0000
0001
0000
1000
0000
0001
0000
0010
0001
0010
0000
,
0100
1000
0010
0001
0010
1000
0100
0010
,
0001
0000
1000
0000
0100
0000
1000
0000
0001
0000
1000
0000
0100
1000
0100
0000
,
0010
0001
0100
1000
0100
0001
1000
0010
,
0100
0001
0010
1000
0010
0001
0100
0010
,
1001
0000
0000
0000
;

//---------------dance-single - R. McKanna----------------
#NOTES:
     dance-single:
     R. McKanna:
     Medium:
     5:
     0.345,0.000,0.100,0.069,0.000,292.000,13.000,9.000,0.000,0.000,0.000:


0000
0000
0000
0000
,
0000
0000
0000
0000
,
0000
0000
0000
0000
,
0000
0000
0000
0000
,
1000
0000
1000
0000
,
1000
0000
1000
0100
,
0010
0000
0010
0000
,
0010
0000
0010
0001
,
0100
0000
0001
0000
0010
0000
1000
1000
,
1000
0000
0010
0000
0001
0001
0001
0000
,
0010
0000
1000
0000
0100
0000
0001
0001
,
0001
0000
0100
0000
1000
1000
1000
0000
,
0002
0000
0000
0000
0000
0000
0000
0000
0000
0000
0000
0000
0000
0000
0000
0000
0000
0000
0000
0000
0000
0000
0000
0000
0000
0000
0000
0000
0000
0000
0000
0000
0000
0000
0000
0000
0000
0000
0000
0000
0000
0000
0000
0000
0000
0000
0000
0000
0000
0000
0000
0000
0000
0000
0000
0000
0000
0000
0000
0000
0000
0000
0000
0000
0000
0000
0000
0000
0000
0000
0000
0000
0000
0000
0000
0000
0000
0000
0000
0000
0000
0000
0000
0000
0000
0000
0000
0000
0000
0000
0000
0000
0000
0000
0000
0000
0013
0000
0000
0000
0000
0000
0000
0000
0000
0000
0000
0000
0000
0000
0000
0000
0000
0000
0000
0000
0000
0000
0000
0000
0000
0000
0000
0000
0000
0000
0000
0000
0000
0000
0000
0000
0000
0000
0000
0000
0000
0000
0000
0000
0000
0000
0000
0000
0100
0000
0000
0000
0000
0000
0000
0000
0000
0000
0000
0000
0000
0000
0000
0000
0000
0000
0000
0000
0000
0000
0000
0000
0000
0000
0000
0000
0000
0000
0000
0000
0000
0000
0000
0000
0000
0000
0000
0000
0000
0000
0000
0000
0000
0000
0000
0000
,
1000
0000
0100
0000
0001
0001
0001
0000
,
0100
0000
0010
0000
0000
1001
0000
0000
,
0100
0010
1000
0001
,
1000
0000
1000
0000
0010
0100
0010
0000
,
1000
0000
0100
0000
0010
0001
0010
0000
,
0100
0000
1000
0000
0001
1000
0001
0000
,
0100
0000
0010
0000
1000
0100
1000
0000
,
2000
0000
3010
0100
,
0002
0000
0103
0010
,
1000
0000
0001
0000
0000
0110
0000
0000
,
1000
0001
0010
1001
,
1000
0100
0010
0000
0100
0010
0001
0000
,
1000
0100
0010
0100
0010
0001
0100
0000
,
0001
0100
0010
0000
0100
0010
1000
0000
,
0001
0100
0010
0100
0010
1000
0100
0000
,
0100
1000
0010
0000
0100
0001
0010
0000
,
0100
1000
0010
0100
0010
0100
0001
0000
,
0010
0001
0100
0000
0010
1000
0100
0000
,
0010
0001
0100
0010
0100
0010
1000
0000
,
1001
0100
0100
0100
,
0100
0100
0100
0100
,
1000
0100
0001
1001
,
0001
1001
0100
1001
,
0001
0000
0001
0000
0001
0000
0010
0010
,
1000
0000
1000
0000
1000
0000
0010
0010
,
0100
0000
1010
0000
0000
0000
0100
0100
,
0010
0000
0101
0000
1000
0001
1000
0001
,
1000
0000
1000
0000
1000
0000
0100
0100
,
0001
0000
0001
0000
0001
0000
0100
0100
,
0010
0000
0101
0000
0000
0000
0010
0010
,
0100
1010
0100
0010
,
0002
0000
0000
2003
0000
0000
3100
0000
,
2000
0000
0000
3002
0000
0000
0103
0000
,
0002
0000
0000
0023
0000
0000
0130
0000
,
1000
0010
0100
0000
0001
0000
1001
0000
,
0001
0010
0100
0000
0010
0100
1000
0000
,
0001
0010
0100
0010
0100
1000
0010
0000
,
1000
0010
0100
0000
0010
0100
0001
0000
,
1000
0010
0100
0010
0100
0001
0010
0000
,
0010
0001
0100
0000
0010
1000
0100
0000
,
0010
0001
0100
0010
0100
0010
1000
0000
,
0100
1000
0010
0000
0100
0001
0010
0000
,
0100
1000
0010
0100
0010
0100
0001
0000
,
1001
1000
0100
0100
,
0001
0010
0001
0000
0100
0001
0100
0000
,
0001
0001
0010
0010
,
1000
0100
1000
0000
0010
1000
0010
0000
,
0001
0010
0100
1000
,
0001
0010
0100
0000
0010
0100
0001
0000
,
1000
0100
0010
0001
,
1000
0100
0010
0000
0100
0010
0001
1000
,
0100
0000
0000
0000
;

//---------------dance-single - R. McKanna----------------
#NOTES:
     dance-single:
     R. McKanna:
     Easy:
     3:
     0.195,0.000,0.077,0.008,0.000,167.000,10.000,1.000,0.000,0.000,0.000:


0000
0000
0000
0000
,
0000
0000
0000
0000
,
0000
0000
0000
0000
,
0000
0000
0000
0000
,
1000
0000
0000
0000
,
0001
0000
0000
0000
,
0010
0000
0000
0100
,
0100
0000
0000
0010
,
1001
0000
0100
0000
,
1000
0000
0001
0001
,
0001
0000
0100
0100
,
0100
0000
1000
1000
,
2000
0000
3010
0000
,
0100
0000
1000
1000
,
1000
0000
0000
0000
0000
0100
0000
0000
,
0100
0000
0001
0001
,
0001
0000
0010
0000
,
1000
0000
0100
0101
,
0001
0000
0100
0000
,
1000
0000
0010
0011
,
0001
0000
0100
0100
,
1000
0000
0100
0100
,
0001
0000
0010
0000
,
0100
0000
1001
0110
,
0001
0000
0001
0000
,
0010
0100
1000
0100
,
1000
0000
1000
0000
,
0001
0010
0001
0100
,
0010
0000
0010
0000
,
1000
0100
1000
0010
,
0100
0000
0100
0000
,
0100
0010
1000
0001
,
0100
0000
0100
0000
,
0100
0000
0100
0000
,
0010
0000
0010
0000
,
0010
1001
0100
1001
,
0010
1000
0010
0000
,
0100
0001
0100
0000
,
0010
0100
0000
0000
,
0100
0010
0000
0000
,
1001
0001
0100
0000
,
1001
1000
0100
0000
,
0001
0010
0000
0000
,
1000
0010
0000
0000
,
1000
0100
1000
0100
,
0001
0100
0001
0100
,
1000
0010
0001
0100
,
1000
0100
0001
0010
,
1000
0000
1000
0000
,
0100
0010
0001
0010
,
0001
0000
0001
0000
,
1000
0100
1000
0010
,
0100
0000
0100
0000
,
0001
0010
0001
0100
,
0010
0000
0010
0000
,
0010
0100
0001
1000
,
0100
0000
0100
0000
,
0001
1000
0010
1000
,
0010
0000
0010
0000
,
0100
0001
0100
1000
,
0001
0000
0001
0000
,
0010
1000
0010
0001
,
1000
0000
1000
0000
,
1000
0001
0010
0100
,
1001
0000
0000
0000
;

//---------------dance-single - R. McKanna----------------
#NOTES:
     dance-single:
     R. McKanna:
     Challenge:
     9:
     0.660,0.000,0.169,0.061,0.711,571.000,22.000,8.000,4.000,0.000,0.000:


0000
0000
0000
0000
,
0000
0000
0000
0000
,
0000
0000
0000
0000
,
0000
0000
0000
0000
,
1000
0001
0100
0001
1000
0001
0100
0001
,
1000
0000
0001
0000
0100
0000
0001
0010
0000
0010
0100
0000
1000
0000
0010
0000
,
1000
0001
1000
0100
1000
0001
1000
0100
,
1000
0000
0001
0000
1000
0000
0100
0010
0000
0010
0001
0000
0100
0000
0010
0000
,
1001
0000
0100
0000
0010
0000
1000
0100
0000
0100
0010
0000
0001
0000
0100
0000
,
0110
0000
0010
0000
1000
0000
0100
0010
0000
0010
0001
0000
0100
0000
0010
0000
,
0110
0000
0100
0000
0001
0000
1000
0001
0000
0001
1000
0000
0100
0000
0010
0000
,
0011
0000
0001
0000
0100
0000
0010
0100
0000
0100
0010
0000
1000
0000
0100
0000
,
2000
0000
0001
0010
3002
0000
0013
0100
,
1000
0000
0001
0000
0100
0000
0010
1000
0000
0001
1000
0000
0010
0000
0100
0000
,
0001
0000
1000
0000
0010
0000
0100
0001
0000
0000
1001
0000
0100
0000
0010
0000
,
1000
0000
0100
0000
0001
0000
0100
1000
0000
1000
0010
0000
0100
0000
0000
0000
,
1001
0000
0000
0000
0001
0000
0010
0100
0000
0100
0010
0000
0001
0000
0100
0000
,
1001
0000
0000
0000
1000
0000
0010
0100
0000
0100
0010
0000
1000
0000
0000
0000
,
1001
0000
0000
0000
0100
0000
0001
0010
0000
0010
0001
0000
0100
0000
0000
0000
,
1001
0000
0000
0000
0010
0000
1000
0100
0000
0100
1000
0000
0010
0000
0000
0000
,
1000
0000
0001
0000
0100
0000
0020
0M00
0000
0000
0130
0000
0001
0000
1000
0000
,
0001
0000
1000
0000
0010
0000
0200
00M0
0000
0000
0310
0000
1000
0000
0001
0000
,
1000
0000
0001
0000
0100
0000
0010
1000
0000
0000
1001
0000
0010
0000
0100
0000
,
0001
1000
1000
0000
1010
0000
1100
0000
,
1000
0100
1000
0100
0000
0010
0100
0010
0100
0000
0010
0001
0010
0001
0000
0010
,
0001
0010
0100
0000
1000
0100
0010
0000
0001
0010
0100
0000
1000
0100
0010
0000
,
0001
0010
0001
0010
0000
0100
0010
0100
0010
0000
0100
1000
0100
1000
0000
0100
,
1000
0100
0010
0000
0001
0010
0100
0000
1000
0100
0010
0000
0001
0010
0100
0000
,
1000
0001
1000
0001
0000
0100
0010
0100
0010
0000
1000
0001
1000
0001
0000
1000
,
0100
0010
0001
0000
0100
0010
1000
0000
0100
0010
0001
0000
0100
0010
1000
0000
,
0001
1000
0001
1000
0000
0100
0010
0100
0010
0000
0001
1000
0001
1000
0000
0001
,
0010
0100
1000
0010
0100
0001
0010
0100
0000
1000
0010
0100
0000
0001
0010
0100
,
1000
0000
1000
0000
1000
0010
1000
0000
,
0001
0000
0001
0000
0001
0100
0001
0000
,
0001
0000
0000
0000
0001
0000
0000
0000
0001
0010
0000
0000
0011
0000
0000
0000
,
0101
0000
0101
0100
1100
0100
0101
0000
,
0002
0000
0100
0100
1000
1000
0100
0100
,
1000
1000
0010
0010
1000
1000
0103
0000
,
2000
0000
0001
0001
0100
0100
0001
0001
,
0010
0010
0001
0001
0100
0100
3001
0000
,
1001
0000
0000
0000
1000
0000
0100
0010
0000
0010
0100
0000
1000
0000
0010
0000
,
1001
0000
0000
0000
0001
0000
0100
0010
0000
0010
0100
0000
0001
0000
0000
0000
,
1001
0000
0000
0000
0010
0000
1000
0100
0000
0100
1000
0000
0010
0000
0000
0000
,
1001
0000
0000
0000
0100
0000
0001
0010
0000
0010
0001
0000
0100
0000
0000
0000
,
0001
0000
1000
0000
0010
0000
0002
00M0
0000
0000
0013
0000
1000
0000
0001
0000
,
1000
0000
0001
0000
0100
0000
2000
0M00
0000
0000
3100
0000
0001
0000
1000
0000
,
0001
0010
0100
1000
0010
1000
0001
0100
,
0001
0010
0000
0010
0100
0000
1000
0000
0010
0000
0000
0000
1001
0000
0000
0000
,
0001
0100
0001
0100
0000
0010
0100
0010
0100
0000
0010
1000
0010
1000
0000
0010
,
1000
0010
0100
0000
0001
0100
0010
0000
1000
0010
0100
0000
0001
0100
0010
0000
,
1000
0010
1000
0010
0000
0100
0010
0100
0010
0000
0100
0001
0100
0001
0000
0100
,
0001
0100
0010
0000
1000
0010
0100
0000
0001
0100
0010
0000
1000
0010
0100
0000
,
0001
1000
0001
1000
0000
0100
0010
0100
0010
0000
0001
1000
0001
1000
0000
0001
,
0100
0010
1000
0000
0100
0010
0001
0000
0100
0010
1000
0000
0100
0010
0001
0000
,
1000
0001
1000
0001
0000
0100
0010
0100
0010
0000
1000
0001
1000
0001
0000
1000
,
0010
0100
0001
0010
0100
1000
0010
0100
0000
0001
0010
0100
0000
1000
0010
0100
,
0001
0010
0100
1000
0000
1000
0100
0010
0001
0000
0001
0010
0100
1000
0000
1000
,
0001
0100
0010
0000
0010
0100
0001
0000
0001
0100
0010
0000
0010
0100
0001
0000
,
1000
0100
0010
0001
0000
0001
0010
0100
1000
0000
1000
0100
0010
0001
0000
0001
,
1000
0010
0100
0000
0100
0010
1000
0000
1000
0010
0100
0000
0100
0010
1000
0000
,
0001
0100
0010
1000
0000
0001
0100
0010
1000
0000
0001
0100
0010
1000
0000
1000
,
0001
0100
0010
0000
0010
0100
1000
0000
1000
0100
0010
0000
0010
0100
0001
0000
,
1000
0010
0100
0001
0000
1000
0010
0100
0001
0000
1000
0010
0100
0001
0000
0001
,
1000
0100
1000
0001
1000
0010
1000
0001
0000
0001
1000
0100
0000
0100
1000
0001
,
0010
0000
0000
0000
;

//---------------dance-double - M. Emirzian----------------
#NOTES:
     dance-double:
     M. Emirzian:
     Easy:
     2:
     0.159,0.000,0.008,0.061,0.000,136.000,1.000,8.000,0.000,0.000,0.000:


00000000
00000000
00000000
00000000
,
00000000
00000000
00000000
00000000
,
00000000
00000000
00000000
00000000
,
00000000
00000000
00000000
00000000
,
20000000
30000000
02000000
03000000
,
00020000
00030000
00002000
00003000
,
00000020
00000030
00000002
00000003
,
00000200
00000300
00002000
00010000
,
00013000
00000000
01000000
00000000
,
10000000
00000000
00100000
00000000
,
00010000
00000000
00001000
00000000
,
00000100
00000000
00000001
00000000
,
00000010
00000000
00001000
00000000
,
00010000
00000000
00100000
00000000
,
10000000
00000000
01000000
00000000
,
00010000
00000000
00001000
00010000
,
00010000
00000000
00001000
00000000
,
00000100
00000000
00000001
00000000
,
00000010
00000000
00001000
00000000
,
00010000
00000000
00100000
00000000
,
10000000
00000000
01000000
00000000
,
00010000
00000000
00001000
00000000
,
00000100
00000000
00000001
00000000
,
00000010
00000000
00001000
00001000
,
00010000
00000000
00100000
00000000
,
10000000
00010000
00001000
00000001
,
00000000
00000000
00000100
00000000
,
00000001
00001000
00010000
10000000
,
00000000
00100000
00000000
00000000
,
10000000
00010000
00001000
00000001
,
00000000
00000100
00000000
00000000
,
00000001
00000100
00001000
00010000
,
01000000
00000000
10000000
00000000
,
01000000
00000000
00010000
00000000
,
00100000
00000000
01000000
00000000
,
00001000
00000000
00010000
00000000
,
00000100
00000000
00000010
00000000
,
00000001
00000000
00000100
00000000
,
00001000
00000000
00010000
00000000
,
01000000
00000000
10000000
00010000
,
01100000
00000000
10000000
00000000
,
01000000
00000000
00010000
00000000
,
00001000
00000000
00000010
00000000
,
00000001
00000000
00000100
00000000
,
00001000
00000000
00010000
00000000
,
00001000
00000000
01000000
00000000
,
00100000
00000000
01000000
00000000
,
10000000
00010000
00001000
00000001
,
00000100
00000000
00000001
00000000
,
00000010
00000000
00001000
00000000
,
00010000
00000000
00100000
00000000
,
10000000
00010000
00001000
00000001
,
00000010
00000000
00001000
00000000
,
00010000
00000000
00000010
00000000
,
00000100
00000000
00000100
00000000
,
00001000
00000000
00001000
00010000
,
00010000
00000000
01000000
00000000
,
10000000
00000000
00010000
00000000
,
00001000
00000000
00000001
00000000
,
00000001
00000000
00001000
00000000
,
00010000
00000000
10000000
00000000
,
01000000
00000000
00010000
00000000
,
00001000
00000000
00000001
00000000
,
00000100
00000000
00001000
00001000
,
00010000
00000000
00000000
00000000
;

//---------------dance-double - M. Emirzian----------------
#NOTES:
     dance-double:
     M. Emirzian:
     Medium:
     5:
     0.278,0.000,0.015,0.023,0.000,248.000,2.000,3.000,0.000,0.000,0.000:


00000000
00000000
00000000
00000000
,
00000000
00000000
00000000
00000000
,
00000000
00000000
00000000
00000000
,
00000000
00000000
00000000
00000000
,
10000000
01000000
00010000
00001000
,
00010000
01000000
00010000
00001000
,
00000010
00000001
00000100
00000000
,
00000100
00000010
00010000
00001000
,
00010000
00100000
00010000
00001000
,
00010000
01000000
10000000
01000000
,
00010000
00001000
00000010
00001000
,
00010000
00001000
00000100
00000001
,
00000010
00000010
00000100
00000100
,
00010000
00001000
00000010
00001000
,
00010000
00100000
10000000
00010000
,
00100000
01000000
10000000
01000000
,
00110000
01000000
00100000
00010000
,
00001000
00010000
01000000
00010000
,
00001000
00000010
00000001
00001000
,
00000001
00000100
00001000
00010000
,
00002000
00000000
00023000
00000000
,
00031000
00010000
01000000
10000000
,
00100000
00010000
00001000
00000010
,
00001000
00010000
01000000
00010000
,
00001000
00000000
00000010
00000000
00000001
00000100
00000010
00001000
,
00000001
00001000
00010000
10000000
,
00010000
00000000
01000000
00000000
00100000
10000000
00010000
00100000
,
01000000
00010000
00000100
00000001
,
00000100
00000000
00000010
00000000
00000001
00001000
00000010
00000100
,
00000001
00001000
00010000
10000000
,
00100000
00000000
01000000
00000000
00010000
10000000
01000000
00000000
,
01000000
00010000
00001000
00000010
00000001
00000100
00000010
00000000
,
00000200
00000000
00000000
00000000
,
00000310
00000000
00001000
00000000
,
00000100
00000000
00010000
00000000
,
00001000
00000000
01000000
01000000
,
00010000
00010000
10000000
10000000
,
01000000
00100000
00010000
00100000
,
00001000
00010000
00000010
00001000
,
00000100
00000010
00000001
00000001
,
00000100
00001000
00010000
01000000
,
00010000
00001000
00010000
00100000
,
10000000
01000000
00010000
00001000
,
00000010
00001000
00010000
00001000
,
00000100
00000001
00000010
00000100
,
00001000
00000010
00000100
00000001
,
00000010
00001000
00010000
00001000
,
00000100
00001000
00010000
01000000
,
10000000
00000000
00100000
00000000
01000000
00010000
10000000
01000000
,
00100000
00001000
00000010
00000001
,
00000100
00000000
00000010
00000000
00001000
00000100
00000010
00000001
,
00000100
00001000
01000000
10000000
,
01000000
00000000
00100000
00000000
10000000
00010000
01000000
00100000
,
10000000
00010000
00001000
00000001
,
00000010
00000000
00000100
00000000
00001000
00000001
00000010
00000000
,
00000010
00001000
00010000
00100000
10000000
01000000
00100000
00000000
,
00100000
00100000
00010000
00100000
,
00100000
00001000
00010000
00000010
,
00000010
00000100
00000001
00000001
,
00000100
00000010
00010000
00001000
,
01000000
00010000
00010000
00000000
,
10000000
10000000
00000000
01000000
,
01000000
00010000
00010000
00010000
,
00001000
00000010
00001000
00010000
,
00010010
00000000
00000000
00000000
;

//---------------dance-double - M. Emirzian----------------
#NOTES:
     dance-double:
     M. Emirzian:
     Hard:
     8:
     0.440,0.000,0.046,0.038,0.123,390.000,6.000,5.000,0.000,0.000,0.000:


00000000
00000000
00000000
00000000
,
00000000
00000000
00000000
00000000
,
00000000
00000000
00000000
00000000
,
00000000
00000000
00000000
00000000
,
10000000
00000000
01000000
00100000
00010000
00000000
00100000
00000000
,
00100000
00000000
00001000
00000000
00020000
00000000
00000000
00001000
00000000
00000000
00001000
00000000
00031000
00000000
00000000
00000000
,
00010000
00000000
00000100
00000000
00000020
00000000
00000000
00000100
00000000
00000000
00000100
00000000
00000130
00000000
00000010
00000000
,
00000001
00000000
00001000
00000000
00001000
00000010
00000100
00001000
,
00010000
00100000
10000000
01000000
00010000
00001000
00010000
01000000
,
00010000
00001000
00000010
00001000
00010000
00001000
00000100
00000001
,
00000010
00001000
00000010
00000001
00000100
00001000
00010000
00000000
,
00101000
00000000
00000000
00000000
01010000
00000000
00000000
10000000
00000000
00000000
01000000
00000000
00010000
00000000
00000000
00000000
,
00001000
00010000
00000100
00000000
00001000
00000010
00000001
00000000
,
00000010
00000000
00000100
00000000
00001000
00000000
00000000
00010000
00000000
00000000
00100000
00000000
10000000
00000000
00000000
00000000
,
10000000
00000000
01000000
00000000
00010000
00000000
00000000
00001000
00000000
00000000
00000100
00000000
00000001
00000000
00000000
00000000
,
00000001
00000000
00000100
00000000
00001000
00000000
00000000
00000100
00000000
00000000
00000001
00000000
00000100
00000000
00001000
00000000
,
00010000
00000000
01000000
00000000
20000000
00000000
00000000
00010000
00000000
00000000
00010000
00000000
30010000
00000000
00000000
00000000
,
10000000
00000000
00100000
00000000
10000000
00000000
00000000
10000000
00000000
00000000
01000000
00000000
00010000
00000000
00000000
00000000
,
00001000
00000000
00000000
00000000
00010000
00000000
00000000
00000100
00000000
00000000
00001000
00000000
00000010
00000000
00000000
00000000
,
00000100
00000000
00000000
00000000
00000001
00000000
00000000
00000010
00000000
00000000
00000100
00000000
00001000
00000000
00000001
00000000
,
00000100
00001000
00010000
00001000
00000010
00001000
00010000
00100000
,
10000000
01000000
00010000
01000000
10000000
00100000
00010000
00000000
,
00001000
00000100
00001000
00010000
00001000
00000010
00000001
00000100
,
00001000
00000100
00000001
00000010
00000100
00001000
00000010
00000000
,
00000100
00000000
00001000
00000000
00010000
00000000
00000000
00010000
00000000
00100000
10000000
00000000
01000000
00000000
00010000
00000000
,
01000000
10000000
01000000
00010000
00001000
00000010
00000001
00000100
,
00000010
00000000
00000100
00000000
00001000
00000000
00000000
00001000
00000000
00010000
00100000
00000000
10000000
00000000
00100000
00000000
,
00010000
00001000
00010000
01000000
00010000
00001000
00000010
00000001
,
00000100
00000000
00000001
00000000
00000010
00000000
00000000
00000010
00000000
00001000
00010000
00000000
00001000
00000000
00000100
00000000
,
00001000
00010000
01000000
10000000
00100000
00010000
00100000
10000000
,
01000000
00000000
10000000
00000000
00100000
00000000
00010000
00000000
00001000
00010000
00001000
00000000
00010000
00000000
01000000
00000000
,
00010000
00001000
00000100
00001000
00010000
00100000
00010000
00001000
,
00000010
00000001
00000100
00000010
,
00001000
00000000
00000100
00000000
00000001
00000100
00001000
00000000
,
00000010
00000000
00000100
00000000
00001000
00010000
01000000
00000000
,
10000000
00100000
00010000
00001000
,
00000100
00000000
00000000
00001000
00000000
00000000
00000000
00011000
00000000
00000000
00000000
00000000
00100000
00000000
00000000
00000000
,
01000000
00000000
00000000
10000000
00000000
00000000
00000000
00110000
00000000
00000000
00000000
00000000
00001000
00000000
00000000
00000000
,
00010000
00000000
00000000
00010100
00000000
00000000
00000000
00000000
00000100
00000000
00000000
00000000
00000010
00000000
00000000
00000000
,
00000001
00000000
00000000
00001001
00000000
00000000
00000000
00000000
00000100
00000000
00000010
00000000
00001000
00000000
00000000
00000000
,
00000100
00000000
00010000
00001000
00100000
00000000
01000000
00000000
,
10000000
00000000
00010000
00000000
02000000
00000000
00000000
00100000
00000000
00000000
00100000
00000000
03100000
00000000
00000000
00000000
,
10000000
00000000
01000000
00000000
00020000
00000000
00000000
01000000
00000000
00000000
01000000
00000000
01030000
00000000
00000000
00000000
,
00010000
00001000
00000010
00000000
00000100
00001000
00000001
00000000
,
00000100
00001000
00010000
00001000
00000100
00001000
00010000
00000000
,
00100000
00010000
00001000
00010000
00100000
00010000
00001000
00000000
,
00010000
00000000
01000000
00000000
10000000
00100000
00010000
00000000
,
00001000
00000000
00000000
00000000
00010000
00000000
00000000
00000010
00001000
00000000
00000100
00000000
00000100
00000000
00000010
00000000
,
00000001
00000000
00000010
00000000
00000100
00000000
00000000
00001000
00000000
00000001
00000100
00000000
00000010
00000000
00000100
00000000
,
00001000
00010000
00100000
00010000
00001000
00010000
01000000
10000000
,
00100000
00000000
10000000
00000000
01000000
00000000
00000000
00010000
00000000
00001000
00010000
00000000
01000000
00000000
00010000
00000000
,
00001000
00000010
00000001
00001000
00000001
00000100
00001000
00010000
,
00001000
00000000
00000100
00000000
00000001
00000000
00000000
00000010
00000000
00001000
00010000
00000000
01000000
00000000
00010000
00000000
,
00001000
00010000
00100000
10000000
01000000
00010000
00001000
00000010
,
00001000
00010000
00000010
00000100
00000001
00000100
00001000
00010000
,
00100000
00010000
00001000
00000010
00001000
00010000
00100000
10000000
,
01000000
01000000
00010000
00010000
,
00001000
00010000
00000010
00000000
00001000
00000010
00000100
00000000
,
00000001
00000001
00000010
00000010
,
00001000
00010000
01000000
00000000
00010000
00001000
00000100
00000000
,
00001000
00010000
00000100
00010000
,
01000000
10000000
00100000
00000000
00010000
00001000
00000010
00000000
,
00000100
00001000
00000010
00000001
00000010
00001000
00000100
00000010
,
00001000
00010000
00100000
00010000
00001000
00000010
00001000
00010000
,
01000000
00000000
00000000
00000000
;

//---------------dance-double - M. Emirzian----------------
#NOTES:
     dance-double:
     M. Emirzian:
     Challenge:
     9:
     0.550,0.000,0.054,0.085,0.407,483.000,7.000,11.000,10.000,1.000,0.000:


00000000
00000000
00000000
00000000
,
00000000
00000000
00000000
00000000
,
00000000
00000000
00000000
00000000
,
00000000
00000000
00000000
00000000
,
00000002
00000000
00000103
00001000
00000100
00000001
00000010
00000000
,
00000100
00001000
00000000
00000000
00000001
00000000
00000010
00000100
00000000
00000000
00001000
00000000
00000010
00000000
00000100
00000000
,
00001000
00010000
00000000
00001000
00000000
00000000
00000010
00000000
00001000
00000000
00010000
00000000
01000000
00000000
10000000
00000000
,
00100000
01000000
00000000
00010000
00000000
00000000
00100000
01000000
00000000
00000000
10000000
00000000
00100000
00000000
01000000
00010000
,
01000000
00000000
00100000
00000000
10000000
00000000
00000000
01000000
00000000
00000000
00010000
00000000
00001000
00000000
00000100
00000000
,
00001000
00010000
00000000
00000000
00100000
00000000
00010000
00001000
00000000
00000000
00000010
00000000
00000001
00000000
00000000
00000000
,
00000100
00000010
00000000
00000000
00000001
00000000
00000010
00000100
00000000
00000000
00001000
00000000
00010000
00000000
00001000
00000000
,
00000010
00000001
00000000
00000000
00000100
00000000
00000001
00000010
00000000
00000000
00001000
00000000
00000010
00000000
00000001
00000000
,
00000100
00001000
00010000
01000000
00010000
00001000
00000100
00001000
,
00010000
00100000
00000000
00000000
10000000
00000000
00010000
01000000
00000000
00000000
10000000
00000000
01000000
00000000
00000000
00000000
,
00010000
10000000
00000000
00000000
00100000
00000000
00010000
00001000
00000000
00000000
00010000
00000000
01000000
00000000
10000000
00000000
,
01000000
00100000
00000000
00000000
10000000
00000000
00100000
01000000
00000000
00000000
00010000
00000000
00001000
00000000
01000000
00000000
,
00001000
00000100
00000000
00000000
00000001
00000000
00000010
00000100
00000000
00000000
00000010
00000000
00001000
00000000
00000010
00000000
,
00000001
00000100
00000000
00000000
00001000
00000000
00000100
00000001
00000000
00000000
00000010
00000000
00000100
00000000
00000000
00000000
,
00010000
00100000
00000000
00000000
00010000
00000000
00001000
00010000
00000000
00000000
01000000
00000000
00010000
00000000
00001000
00000000
,
00010000
00100000
00000000
00000000
10000000
00000000
00010000
00100000
00000000
00000000
10000000
00000000
00010000
00000000
00000000
00000000
,
01000000
10000000
01000000
00100000
00010000
01000000
00100000
00010000
,
00001000
00010000
00000000
00000000
01000000
00000000
00010000
00001000
00000000
00000000
00000010
00000000
00001000
00000000
00010000
00000000
,
00001000
00000100
00000000
00000000
00000001
00000000
00000010
00000100
00000000
00000000
00000001
00000000
00000100
00000000
00000010
00000000
,
00000001
00000100
00000000
00000000
00001000
00000000
00010000
00001000
00000000
00000000
00000100
00000000
00001000
00010000
01000000
00000000
,
10000000
00000000
01000000
00000000
00010000
00000000
00000000
01000000
00000000
01000000
10000000
00000000
00100000
00000000
00010000
00000000
,
00001000
00010000
01000000
00000000
00010000
01000000
10000000
00000000
01000000
10000000
00100000
00000000
10000000
00100000
00010000
00000000
,
00001000
00000000
00010000
00000000
00100000
00000000
00000000
00010000
00000000
00010000
00001000
00000000
00000010
00000000
00000001
00000000
,
00000100
00001000
00010000
00000000
00001000
00010000
00100000
00000000
00010000
00100000
10000000
00000000
00100000
10000000
01000000
00000000
,
00100000
00000000
00001000
00000000
00010000
00000000
00000000
01000000
00000000
01000000
00100000
00000000
00001000
00000000
01000000
00000000
,
00100000
00010000
00001000
00000000
00010000
00001000
00000010
00000000
00001000
00000010
00000001
00000000
00000010
00000001
00000100
00000000
,
00000010
00000000
00001000
00000000
00000100
00000000
00000001
00000000
00000100
00000000
00001000
00000000
00000010
00000100
00001000
00000000
,
00000100
00001000
00010000
00000000
00001000
00010000
00100000
00000000
00000000
00010000
00100000
10000000
00000000
00100000
10000000
00000000
,
20010000
000M0000
32000000
00000000
03100000
00010000
01000000
00000000
,
00100000
10000000
01000000
00010000
01000000
10000000
01000000
00000000
,
01020000
0M000000
00032000
00000000
00003100
00000001
00000010
00000000
,
00001000
00000010
00000001
00000010
00001000
00000010
00000001
00000000
,
00000100
00000000
00000000
00001010
00000000
000M00M0
00000000
00010010
00000000
00000000
00001000
00000000
00010000
00000000
01000000
00000000
,
10000000
00000000
00000000
10010000
00000000
0M0M0000
00000000
01010000
00000000
00000000
00100000
00000000
10000000
00000000
01000000
00000000
,
00100000
00010000
00000000
01000000
00000000
00000000
00100000
00000000
00010000
00000000
00001000
00000000
00000010
00000000
00001000
00000000
,
00010000
00001000
00000000
00000100
00000000
00000000
00000001
00000010
00000001
00000000
00001000
00000000
00000010
00000000
00000100
00000000
,
00000001
00000010
00000000
00000000
00000100
00000000
00001000
00000010
00000000
00000000
00000100
00000000
00001000
00000000
00010000
00000000
,
00001000
00000100
00000000
00000000
00001000
00000000
00010000
00100000
00000000
00000000
00010000
00000000
00001000
00000000
00010000
00000000
,
01000000
00100000
00000000
00000000
10000000
00000000
00100000
01000000
00000000
00000000
00010000
00000000
01000000
00000000
10000000
00000000
,
00100000
00010000
00000000
00000000
00001000
00000000
00100000
01000000
00000000
00000000
00010000
00000000
00001000
00000000
00000100
00000000
,
00000010
00000001
00000010
00000100
00000010
00010000
00001000
00100000
,
01000000
00010000
01000000
00100000
00001000
00010000
00000010
00000000
,
00000100
00001000
00100000
01000000
00010000
00001000
00000100
00001000
,
00010000
00000000
00100000
00000000
00010000
00000000
00001000
00000000
00000100
00000000
00000001
00000000
00000010
00000100
00000010
00000000
,
00000001
00000000
00000100
00000000
00001000
00000000
00000000
00000100
00000000
00000100
00000010
00000000
00001000
00000000
00000100
00000000
,
00000010
00001000
00010000
00000000
00001000
00010000
01000000
00000000
00010000
01000000
10000000
00000000
01000000
10000000
00100000
00000000
,
01000000
00000000
00010000
00000000
10000000
00000000
00000000
01000000
00000000
01000000
00010000
00000000
00001000
00000000
00010000
00000000
,
01000000
00010000
00001000
00000000
00010000
00001000
00000010
00000000
00001000
00000010
00000001
00000000
00000010
00000001
00000100
00000000
,
00000010
00000000
00001000
00000000
00000100
00000000
00000000
00000010
00000000
00000010
00000100
00000000
00001000
00000000
00000001
00000000
,
00000100
00001000
00010000
00000000
00001000
00010000
00100000
00000000
00010000
00100000
10000000
00000000
00100000
10000000
01000000
00000000
,
00100000
00000000
00010000
00000000
01000000
00000000
10000000
00000000
01000000
00000000
00010000
00000000
00100000
01000000
00100000
00000000
,
01000000
00010000
00001000
00000000
00010000
00001000
00000100
00000000
00000000
00001000
00000100
00000001
00000000
00000100
00000001
00000010
,
00000100
00001000
00000001
00000000
00000001
00000100
00001000
00000000
,
00000200
00000000
00000302
00000M00
00000013
0000100M
00010000
00000000
,
00100000
10000000
01000000
00000000
00010000
01000000
10000000
00000000
,
00200000
00000000
00000000
00000000
00020000
00000000
00000000
00000000
00001000
00330000
00000000
00000000
00001000
00000000
00000000
00000000
,
00010000
00001000
00000010
00000000
00000001
00000100
00000010
00000000
,
00002000
00000000
00003200
0000M000
00000310
00000M01
00000100
00000000
,
00001000
00010000
01000000
00010000
00001000
00010000
00100000
10000000
,
01000000
00000000
00010000
00000000
00000010
00000000
00000100
00000000
00001000
00000000
00010000
00000000
01000000
00100000
00010000
00000000
,
10010000
00000000
00000000
00000000
;

//---------------lights-cabinet - ----------------
#NOTES:
     lights-cabinet:
     :
     Easy:
     1:
     0.970,0.000,1.000,0.077,0.204,437.000,227.000,10.000,0.000,199.000,0.000:


00000000
00000000
00000000
00000000
,
00000000
00000000
00000000
00000000
,
00000000
00000000
00000000
00000000
,
00000000
00000000
00000000
00000000
00000000
11110000
11220000
00000000
,
10330011
01000011
10000011
01000011
,
10000011
00000000
00000000
00000000
01000011
00000000
00000000
10000000
00000011
00000000
00100000
00000000
01000011
00000000
00000000
00000000
,
00010011
01000011
00010011
01000011
,
00010011
00000000
00000000
00000000
01000011
00000000
00000000
00010000
00000011
00000000
00100000
00000000
01000011
00000000
00000000
00000000
,
10000011
00000000
00000000
00000000
01010011
00000000
00000000
10000000
00000011
00000000
00100000
00000000
01000011
00000000
00010000
00000000
,
10000011
00000000
00000000
00000000
01010011
00000000
00000000
10000000
00000011
00000000
01000000
00000000
00100011
00000000
00000000
00000000
,
00010011
00000000
00000000
00000000
11000011
00000000
00000000
00010000
00000011
00000000
01000000
00000000
00100011
00000000
00000000
00000000
,
10000011
00000000
00000000
00000000
01010011
00000000
00000000
10000000
00000011
00000000
01000000
00000000
00100011
00000000
00000000
00000000
,
20000011
00000011
00020011
30030011
,
10000011
00000000
00000000
00000000
00010011
00000000
00000000
10000000
00000011
00000000
00100000
00000000
01000011
00000000
00000000
00000000
,
00010011
00000000
00000000
00000000
10000011
00000000
00000000
00100000
00000011
00000000
10010000
00000000
00000011
00000000
00000011
00000000
,
10000011
00000000
00000000
00000000
00010011
00000000
00000000
10000000
00000011
00000000
01000000
00000000
00100011
00000000
00000011
00000000
,
10010011
00000000
00000000
00000000
01000011
00000000
00000000
00010000
00100011
00000000
01000000
00000000
00100011
00000000
00010000
00000000
,
10000011
00000000
00000000
00000000
01000011
00000000
00000000
10000000
01000011
00000000
00100000
00000000
00010011
00000000
00000011
00000000
,
10010011
00000000
00000000
00000000
01000011
00000000
00000000
00010000
01000011
00000000
00100000
00000000
10000011
00000000
00000000
00000000
,
10010011
00000000
00000000
00000000
01000011
00000000
00000000
10000000
01000011
00000000
00100000
00000000
00010011
00000000
00000000
00000000
,
00020011
00000000
20000011
30030000
,
00010011
00000000
00000000
00000000
00100000
00000000
00000000
00010000
00100011
00000000
01000000
00000000
10000011
00000000
00000000
00000000
,
10010011
00000000
00000000
00000000
00100000
00000000
00000000
10000000
00100011
00000000
01000000
00000000
00010000
00000000
00000000
00000000
,
10010011
00000000
00000000
00000000
00100000
00000000
00000000
00010000
00100011
00000000
00000000
00000000
01000011
00000000
00000011
00000000
,
10000011
01000000
00100011
01000000
00100011
00010000
00100011
01000000
,
10000011
01000000
10000000
00000000
00010011
01000000
00010000
00000000
10000011
01000000
10000000
00000000
00010011
01000000
00010000
00000000
,
00010011
00100000
01000011
00100000
01000011
10000000
01000011
00100000
,
00010011
00100000
00010000
00000000
10000011
00100000
10000000
00000000
00010011
00100000
00010000
00000000
10000011
00100000
10000011
00000000
,
10000011
00100000
01000011
00010000
00100011
01000000
10000011
00100000
,
10000011
01000000
10000000
00000000
00010011
00100000
00010000
00000000
10000011
01000000
10000000
00000000
00010011
00100000
00010000
00000000
,
00010011
01000000
00100011
10000000
01000011
00100000
00010011
01000000
,
01000011
00010000
00100011
01000000
10000011
00100000
01000011
00010011
,
10000011
10000011
10000011
10000011
,
00010011
00010011
00010011
00010011
,
10000011
00000000
00000000
00000000
10000011
00000000
00000000
00000000
10000011
01000000
00000011
00000000
10010011
00000000
00000000
00000000
,
00010011
00000000
00010011
01000011
00010011
10000000
00010011
00000000
,
10000011
00000000
00000000
00000000
01000000
00000000
00000011
00000000
00100000
00000000
00000000
00010000
00100011
00000000
01000000
00000000
,
10000011
00000000
00000000
00000000
00100000
00000000
00000011
00000000
01000000
00000000
00000011
00010000
01000011
00000000
00100000
00000000
,
10000011
00000000
00000000
00000000
00010000
00000000
00000011
00000000
01000000
00000000
00000000
00100000
01000011
00000000
00010000
00000000
,
10000011
00000000
00010000
00000011
10000000
00010011
01000011
00010000
,
10000011
00000000
00000000
00000000
00000011
00000000
00000000
10000000
00000011
00000000
01000000
00000000
00100011
00000000
01000000
00000000
,
10000011
00000000
00000000
00000000
00000011
00000000
00000000
10000000
00000011
00000000
01000000
00000000
00100011
00000000
00000000
00000000
,
00010011
00000000
00000000
00000000
00000011
00000000
00000000
00010000
00000011
00000000
00100000
00000000
00010011
00000000
00000000
00000000
,
10000011
00000000
00000000
00000000
00000011
00000000
00000000
10000000
00000011
00000000
01000000
00000000
10000011
00000000
00000000
00000000
,
01000011
10000000
01000011
00100000
00010022
00000000
01000033
00000000
,
01000011
00100000
10000011
01000000
00100022
01000000
10000033
00000000
,
00010011
01000000
00100000
10000000
01000011
00000000
01000011
00000000
,
10000011
01000000
00000011
00100000
00010011
00000000
00100011
00000000
01000011
00000000
00000000
00000000
10010011
00000000
00000000
00000000
,
00100011
10000000
01000011
10000000
00100011
01000000
00010011
00100000
,
00010011
00100000
00010000
00000000
01000011
00010000
01000000
00000000
00010011
00100000
00010000
00000000
01000011
00010000
01000000
00000000
,
00010011
00100000
01000011
10000000
00100011
10000000
01000011
00100000
,
00010011
00100000
00010000
00000000
01000011
00010000
01000000
00000000
00100011
10000000
00100000
00000000
10000011
01000000
10000000
00000000
,
01000011
10000000
00100011
01000000
00010011
00100000
00010011
01000000
,
00100011
01000000
00100000
00000000
10000011
00100000
10000000
00000000
01000011
10000000
01000000
00000000
00100011
01000000
00100000
00000000
,
01000011
10000000
00010011
00100000
01000011
10000000
00100011
01000000
,
01000011
00100000
10000011
01000000
00100011
00000011
10010011
00000000
,
00100011
10000000
01000000
00010000
01000000
10000000
00100000
01000000
,
00010000
00000000
10000000
00000000
00100000
00000000
10000000
00000000
00010000
00000000
10000000
00000000
00100000
10000000
00100000
00000000
,
01000000
00010000
00100000
10000000
00100000
00010000
01000000
00100000
,
10000000
00000000
00010000
00000000
00100000
00000000
00010000
00000000
10000000
00000000
00010000
00000000
00100000
00010000
00100000
00000000
,
01000011
10000000
00100000
00010000
00100000
10000000
01000000
00100000
,
00010000
00000000
10000000
00000000
01000000
00000000
10000000
00000000
00010000
00000000
10000011
00000000
01000000
10000000
01000000
00000000
,
00100011
00010000
01000011
10000000
01000011
00010000
10000011
00100000
,
01000011
00010011
00100011
10000011
00100011
00010011
01000011
00100011
,
10010011
00000000
00000000
00000000
;

//---------------dance-single - M. Puls----------------
#NOTES:
     dance-single:
     M. Puls:
     Beginner:
     1:
     0.067,0.000,0.031,0.000,0.000,57.000,4.000,0.000,0.000,0.000,0.000:


0000
0000
0000
0000
,
0000
0000
0000
0000
,
0000
0000
0000
0000
,
0000
0000
0000
0000
,
1000
0000
0000
0000
,
0000
0000
0000
0000
,
1000
0000
0000
0000
,
0000
0000
0000
0000
,
0001
0000
0000
0000
,
0000
0000
0000
0000
,
0001
0000
0000
0000
,
0000
0000
0000
0000
,
0100
0000
0000
0000
,
0000
0000
0000
0000
,
0010
0000
0000
0000
,
0000
0000
0000
0000
,
0001
0000
0000
0000
,
0010
0000
0000
0000
,
0001
0000
0000
0000
,
1000
0000
0000
0000
,
0100
0000
0000
0000
,
1000
0000
0000
0000
,
1001
0000
0000
0000
,
0000
0000
0000
0000
,
0001
0000
0001
0000
,
0001
0000
0000
0000
,
1000
0000
1000
0000
,
1000
0000
0000
0000
,
0010
0000
0000
0000
,
0100
0000
0000
0000
,
0010
0000
0000
0000
,
0100
0000
0000
0000
,
1001
0000
0000
0000
,
1000
0000
0000
0000
,
1000
0000
0000
0000
,
0001
0000
0000
0000
,
0001
0000
0000
0000
,
0100
0000
0000
0000
,
0001
0000
0000
0000
,
1000
0000
0000
0000
,
0100
0000
0000
0000
,
1000
0000
0000
0000
,
1000
0000
0001
0000
,
1000
0000
0000
0000
,
0001
0000
0000
0000
,
1000
0000
0000
0000
,
0100
0000
0000
0000
,
0010
0000
0000
0000
,
1001
0000
0000
0000
,
1000
0000
0000
0000
,
0100
0000
0000
0000
,
0010
0000
0000
0000
,
0001
0000
0000
0000
,
0010
0000
0000
0000
,
0100
0000
0000
0000
,
1000
0000
0000
0000
,
0001
0000
0000
0000
,
0001
0000
0000
0000
,
1000
0000
0000
0000
,
1000
0000
0000
0000
,
0100
0000
0000
0000
,
0100
0000
0000
0000
,
0010
0000
0000
0000
,
0010
0000
0000
0000
,
1001
0000
0000
0000
;
