#TITLE:On a Day Like Today;
#SUBTITLE:;
#ARTIST:Obsession;
#TITLETRANSLIT:;
#SUBTITLETRANSLIT:;
#ARTISTTRANSLIT:;
#GENRE:;
#CREDIT:;
#BANNER:On a Day Like Today-banner.png;
#BACKGROUND:On a Day Like Today-bg.png;
#LYRICSPATH:;
#CDTITLE:;
#MUSIC:Obsession - On A Day Like Today(134).ogg;
#OFFSET:0.010;
#SAMPLESTART:21.013;
#SAMPLELENGTH:11.960;
#SELECTABLE:YES;
#DISPLAYBPM:134.000;
#BPMS:0.000=134.000;
#STOPS:;
#BGCHANGES:0.000=On a Day Like Today-bg.png=1.000=0=0=1=====,
15.000=VOL1-08-NTSC.mpg=1.000=1=0=1===CrossFade==,
32.000=VOL1-33-NTSC.mpg=1.000=0=0=1=====,
48.000=VOL1-06-NTSC.mpg=1.000=0=0=1=====,
56.000=VOL1-05-NTSC.mpg=1.000=0=0=1=====,
64.000=VOL1-24-NTSC.mpg=1.000=0=0=1=====,
80.000=vol3-23-ntsc.mpg=1.000=0=0=1=====,
88.000=vol4-20-ntsc.mpg=1.000=0=0=1=====,
100.000=vol4-01-ntsc.mpg=1.000=0=0=1=====,
108.000=vol4-03-ntsc.mpg=1.000=0=0=1=====,
116.000=vol4-10-ntsc.mpg=1.000=0=0=1=====,
124.000=VOL1-41-NTSC.mpg=1.000=0=0=1=====,
132.000=VOL1-16-NTSC.mpg=1.000=0=0=1=====,
140.000=VOL1-06-NTSC.mpg=1.000=0=0=1=====,
148.000=VOL1-30-NTSC.mpg=1.000=0=0=1=====,
156.000=VOL1-08-NTSC.mpg=1.000=0=0=1=====,
164.000=vol4-08-ntsc.mpg=1.000=0=0=1=====,
172.000=vol4-06-ntsc.mpg=1.000=0=0=1=====,
180.000=jb_043.mpg=1.000=0=0=1=====,
188.000=VOL1-48-NTSC.mpg=1.000=0=0=1=====,
196.000=VOL1-37-NTSC.mpg=1.000=0=0=1=====,
204.000=vol4-01-ntsc.mpg=1.000=0=0=1=====,
212.000=VOL1-33-NTSC.mpg=1.000=0=0=1=====,
220.000=vol4-08-ntsc.mpg=1.000=0=0=1=====,
228.000=vol4-13-ntsc.mpg=1.000=0=0=1=====,
236.000=vol4-10-ntsc.mpg=1.000=0=0=1=====,
244.000=VOL1-30-NTSC.mpg=1.000=0=0=1=====,
256.000=vol4-20-ntsc.mpg=1.000=0=0=1=====,
264.000=VOL1-08-NTSC.mpg=1.000=0=0=1=====,
272.000=On a Day Like Today-bg.png=1.000=0=0=1=====,
99999=-nosongbg-=1.000=0=0=0 // don't automatically add -songbackground-
;
#KEYSOUNDS:;
// cache tags:
#FIRSTBEAT:16.000;
#LASTBEAT:272.500;
#SONGFILENAME:/Songs/In The Groove/On a Day Like Today/On a Day Like Today.sm;
#HASMUSIC:1;
#HASBANNER:1;
#MUSICLENGTH:125.373;
// end cache tags

//---------------dance-single - R. McKanna----------------
#NOTES:
     dance-single:
     R. McKanna:
     Medium:
     5:
     0.310,0.000,0.128,0.271,0.064,222.000,16.000,34.000,0.000,0.000,0.000:


0000
0000
0000
0000
,
0000
0000
0000
0000
,
0000
0000
0000
0000
,
0000
0000
0000
0000
,
1000
0000
0000
1001
0000
0000
0001
0000
,
0010
0100
0010
0001
,
0100
0000
0000
1001
0000
0000
1000
0000
,
0100
0010
0100
1000
,
2002
0000
0000
0000
,
0000
0000
0000
0000
,
0000
0000
0000
0000
,
0000
0000
3003
0000
,
1000
0010
0100
0002
,
0000
0000
0000
0000
0003
0000
0000
0100
,
0001
0010
0100
2000
,
0000
0000
0000
0000
3000
0000
0000
0100
,
0010
0100
1000
0200
,
0000
0000
0000
0000
0300
0000
0000
0010
,
0001
0010
0100
0020
,
0000
0000
0000
0000
0130
0000
1000
0010
,
0100
0001
0010
0200
,
0000
0000
0300
0000
,
1000
0010
1000
0100
,
0010
0000
0001
0100
0001
0000
0001
0100
,
0000
0200
0000
0000
0000
0300
0000
0000
,
1001
0000
0000
1000
0000
0000
1000
0000
0000
1000
0000
0000
1000
0000
0000
0000
,
1001
0000
0000
0001
0000
0000
0001
0000
0000
0001
0000
0000
0001
0000
0000
0000
,
0101
0000
0000
0100
0000
0000
0100
0000
0000
0100
0000
0000
0100
0000
0000
0000
,
0110
0000
0000
0010
0000
0000
0010
0000
0000
0010
0000
0000
0010
0000
0000
0000
,
1010
0000
0000
1000
0000
0000
1000
0000
0000
1000
0000
0000
1000
0000
0000
0000
,
1100
0000
0000
0100
0000
0000
0100
0000
0000
0100
0000
0000
0100
0000
0000
0000
,
0110
0000
0000
0010
0000
0000
0010
0000
0000
0010
0000
0000
0010
0000
0000
0000
,
0011
0000
0000
0001
0000
0000
0001
0000
0000
0001
0000
0000
0001
0000
0000
0000
,
0002
0000
0000
2003
0000
0000
0000
3200
,
0000
0000
0000
2300
0000
0000
3010
0000
,
0200
0000
0000
0301
0000
0000
1000
0010
,
2000
0000
0000
3002
0000
0000
1003
0000
,
0010
0001
0010
0100
,
1000
0000
0000
0010
0100
0010
0000
2000
,
0000
0000
0100
0000
,
3001
0000
0010
0000
,
1001
0000
0110
0000
,
1001
0010
1001
0010
,
1000
0100
1000
0200
,
0010
1000
0310
2000
,
0001
0010
3001
0020
,
1000
0100
1030
0200
,
0010
0001
0310
0002
,
0100
0010
0103
0020
,
0001
0100
0031
0200
,
0010
1000
0310
2000
,
0010
0100
3010
0200
,
0010
1000
0310
2000
,
0001
0010
3001
0020
,
1000
0100
1030
0200
,
0010
0001
0310
0002
,
0100
0010
0103
0020
,
0100
0001
0130
0002
,
0100
0000
1000
0000
0103
0000
1000
0010
,
0100
0001
0010
0002
,
1000
1000
1003
2000
,
0000
3010
0000
0001
,
0010
0000
0001
0000
0100
0000
0010
1000
,
0000
0200
0000
0000
0000
0300
0000
0000
,
1001
1000
0100
1000
,
0010
0000
1000
0000
0100
0000
1000
0001
,
0100
0001
0100
0001
,
0010
0000
0001
0000
0100
0000
0001
1000
,
0100
0000
0000
0000
;

//---------------dance-single - R. McKanna----------------
#NOTES:
     dance-single:
     R. McKanna:
     Easy:
     3:
     0.197,0.000,0.056,0.128,0.000,150.000,7.000,16.000,0.000,0.000,0.000:


0000
0000
0000
0000
,
0000
0000
0000
0000
,
0000
0000
0000
0000
,
0000
0000
0000
0000
,
0100
0000
0100
0000
,
0010
0000
0010
0000
,
1000
0000
1000
0000
,
0001
0000
0001
0000
,
0200
0000
0000
0000
,
0000
0000
0000
0000
,
0000
0000
0000
0000
,
0000
0000
0300
0000
,
0001
0010
0100
0200
,
0000
0300
0000
0000
,
1000
0001
1000
0200
,
0000
0300
0000
0000
,
0001
0001
0010
0002
,
0000
0003
0000
0000
,
0010
0001
0100
0020
,
0000
0030
0000
0010
,
1001
1000
0100
0020
,
0000
0030
0000
0000
,
0001
0000
0010
0000
,
1000
0100
0001
0000
,
0001
0010
1000
0000
,
0100
0001
0100
1000
,
0100
0001
0100
1000
,
0010
0100
0001
1000
,
0010
0100
0001
1000
,
0001
0010
0100
1000
,
0001
0010
0100
1000
,
0001
0100
1000
0100
,
0001
0100
1000
0100
,
1001
0000
0001
0000
,
0100
0000
0001
0000
,
0010
0000
1000
0000
,
0100
0000
1000
0000
,
0001
0001
0010
0010
,
0001
0001
0100
0100
,
0010
0000
0100
0000
,
0010
0000
0100
0000
,
1001
0000
0001
0000
,
1000
0000
1001
0000
,
1000
0100
0010
0020
,
0000
0030
0000
0000
,
0001
1000
0001
0020
,
0000
0030
0000
0000
,
1000
1000
0100
2000
,
0000
3000
0000
0000
,
0100
1000
0010
0200
,
0000
0300
0000
0100
,
1001
0100
0010
0200
,
0000
0300
0000
0000
,
0100
0010
0100
0020
,
0000
0030
0000
0000
,
0001
0001
0001
0200
,
0000
0300
0000
0000
,
1000
0100
1000
0020
,
0000
0030
0000
0010
,
1001
0010
0100
0200
,
0000
0300
1000
0020
,
0000
0030
0000
0000
,
1000
1000
0100
0100
,
0010
0010
0000
0000
,
1001
0000
0100
0000
,
0010
0000
1000
0000
,
0001
0000
0100
0000
,
0010
0000
1000
0100
,
0001
0000
0000
0000
;

//---------------dance-single - R. McKanna----------------
#NOTES:
     dance-single:
     R. McKanna:
     Hard:
     7:
     0.407,0.000,0.152,0.152,0.128,319.000,19.000,19.000,0.000,4.000,0.000:



0000
0000
0000
0000
,
0000
0000
0000
0000
,
0000
0000
0000
0000
,
0000
0000
0000
0000
,
1000
0100
0000
1001
0000
0001
0010
0000
,
0100
1000
0001
0010
,
0001
0010
0000
1001
0000
1000
0100
0000
,
0010
0001
0100
0010
,
2002
0000
0000
0000
,
0000
0000
0000
0000
,
0000
0000
0000
0000
,
0000
0000
0000
3003
,
1000
0010
0100
0001
,
1000
0000
0010
0000
1000
0010
0100
0000
,
0001
1000
0010
0100
,
0001
0010
0100
0000
0001
0010
0100
0000
,
1000
0001
1000
0010
,
0100
0000
0001
1000
0100
0000
0010
0000
,
0001
0010
0001
0010
,
0100
1000
0100
0010
0001
0000
1001
0000
,
1000
0001
0100
0020
,
0100
1000
0130
0001
,
0100
0000
1001
0000
0101
0000
0000
0001
,
0010
0001
0100
0001
0010
0100
1000
0010
,
0000
2002
0000
0000
0000
3003
0000
0000
,
1000
0000
1000
0001
0000
0001
1000
0000
1000
0001
0000
0001
0010
0000
0100
0000
,
1000
0000
1000
0001
0000
0001
1000
0000
1000
0001
0000
0001
0100
0000
0010
0000
,
1000
0000
1000
0100
0000
0100
0010
0000
0010
0001
0000
0001
1000
0000
0001
0000
,
1000
0000
1000
0010
0000
0010
0100
0000
0100
0001
0000
0001
1000
0000
0001
0000
,
1000
0000
0001
0010
0000
0001
1000
0000
0001
0010
0000
0001
1000
0000
0100
0000
,
0010
0000
0001
0100
0000
0001
0010
0000
0001
0100
0000
0001
0010
0000
0100
0000
,
1000
0000
0010
0100
0000
0010
1000
0000
0010
0100
0000
0010
1000
0000
0010
0000
,
0100
0000
0001
1000
0000
0001
0100
0000
0001
1000
0000
0001
0100
0000
0001
0000
,
0020
0000
0130
2000
0000
0000
3100
0020
,
0000
0000
0130
2000
0000
0000
3100
0000
,
0020
0000
0031
0200
0000
0000
0301
0010
,
0200
0000
1300
0002
0000
0000
0003
0000
,
0100
0010
1000
0100
0010
0000
0001
0100
,
0010
0000
1000
0100
0010
0100
0000
2002
,
0000
0100
0000
0100
,
0000
0100
0000
3103
,
1001
0100
1001
0010
,
0101
0100
1010
0100
,
0001
0100
0010
1000
,
0001
0000
0100
0000
0001
0100
0010
0000
,
1000
0001
0100
0010
,
1000
0100
0010
0000
1000
0100
0010
0000
,
0001
1000
0001
0100
,
0010
0000
1000
0001
0010
0000
0100
0000
,
1000
0100
1000
0100
,
0010
0001
0010
0100
1000
0000
1001
0000
,
0001
0010
0100
0001
,
1000
0000
0010
0000
1000
0010
0100
0000
,
0002
1003
0010
0100
,
0001
0010
0100
0000
0001
0010
0100
0000
,
1000
0001
1000
0010
,
0100
0000
0001
1000
0100
0000
0010
0000
,
0001
0010
0001
0010
,
0100
1000
0100
0010
0001
0100
0010
1000
,
0001
1001
0101
1002
,
0010
0100
0013
2001
,
0100
0000
0100
3000
0001
0000
0001
0000
,
1000
0100
1000
0010
1000
0000
0100
0010
,
0000
0002
0000
0000
0003
0000
0000
0000
,
1001
0000
0001
0000
0010
0000
0010
0100
,
1000
0000
0001
0000
1000
0000
0010
0100
,
0001
0000
0001
0000
0100
0000
0100
0010
,
1000
0000
1000
0100
0010
0100
1000
0000
,
1001
0000
0000
0000
;

//---------------dance-double - M. Emirzian----------------
#NOTES:
     dance-double:
     M. Emirzian:
     Easy:
     2:
     0.147,0.000,0.016,0.112,0.000,113.000,2.000,14.000,0.000,0.000,0.000:


00000000
00000000
00000000
00000000
,
00000000
00000000
00000000
00000000
,
00000000
00000000
00000000
00000000
,
00000000
00000000
00000000
00000000
,
20000000
00000000
30020000
00000000
,
00230000
00000000
02300000
00000000
,
23000000
00000000
30020000
00000000
,
02030000
00000000
03002000
00000000
,
00023000
00000000
00000000
00000000
,
00000000
00000000
00000000
00000000
,
00000000
00000000
00000000
00000000
,
00000000
00000000
00000000
00000000
,
00030200
00000000
00000310
00000001
,
00000000
00000000
00000100
00000000
,
00000020
00000000
00010030
00001000
,
00000000
00000000
00100000
00000000
,
00002000
00000000
00013000
00000100
,
00000000
00000000
00000010
00000000
,
00000002
00000000
00000103
00000010
,
00000000
00000000
00001000
00000000
,
00000200
00000000
00010300
00001000
,
00000000
00000000
01000000
00000000
,
00001000
00000000
00100000
00000000
,
00010000
00000000
10000000
00000000
,
00100000
00000000
00000000
00000000
,
00011000
00000000
00010000
00000000
,
00000100
00000000
00001000
00000000
,
00000001
00000000
00000010
00000000
,
00000100
00000000
00001000
00000000
,
00000001
00000000
00000100
00000000
,
00000010
00000000
00010000
00000000
,
00001000
00000000
01000000
00000000
,
00010000
00000000
10000000
00100000
,
01000000
00000000
00000000
00000000
,
00010000
00000000
00000000
00000000
,
00100000
00000000
00000000
00000000
,
00001000
00000000
00000000
00000000
,
00000100
00000001
00001000
00000000
,
00000100
00000000
00010000
00000000
,
00001000
00000000
00100000
00000000
,
00010000
01000000
00100000
00000000
,
10000000
00000000
01000000
00000000
,
00100000
00000000
00001000
00000000
,
00010000
00000000
00000100
00000000
,
00001000
00000000
00000010
00000000
,
00000100
00000000
00000001
00000000
,
00001000
00000000
00000100
00000000
,
00010000
00000000
00001000
00000000
,
01000000
00000000
00010000
00000000
,
00100000
00000000
10000000
00000000
,
00010000
00000000
00000000
00000000
,
01000000
00000000
00001000
00000000
,
00000010
00000000
00000001
00000000
,
00000010
00000000
00000100
00000000
,
00010000
00000000
00001000
00000000
,
01000000
00000000
00100000
00000000
,
10000000
00000000
00010000
00000000
,
00100000
00000000
00001000
00000000
,
00010000
00000000
00000000
00000000
,
00000100
00000000
00000010
00000000
,
00000001
00000000
00001000
00000000
,
00000010
00000000
00010000
00000000
,
00100000
00000000
10000000
00000000
,
00010000
00000000
00000000
00000000
,
00011000
00000000
00000000
00000000
,
00001000
00000000
00000000
00000000
,
00000100
00000000
00000000
00000000
,
00000001
00000000
00000000
00000000
,
00001000
00000000
00000000
00000000
;

//---------------dance-double - M. Emirzian----------------
#NOTES:
     dance-double:
     M. Emirzian:
     Medium:
     5:
     0.277,0.000,0.016,0.064,0.000,233.000,2.000,8.000,0.000,0.000,0.000:


00000000
00000000
00000000
00000000
,
00000000
00000000
00000000
00000000
,
00000000
00000000
00000000
00000000
,
00000000
00000000
00000000
00000000
,
10000000
00100000
02000000
00000000
,
03010000
00100000
02000000
00000000
,
13000000
00010000
00200000
00000000
,
00301000
00010000
00000020
00000000
,
00000230
00000000
00000000
00000000
,
00000000
00000000
00000000
00000000
,
00000000
00000000
00000000
00000000
,
00000000
00000000
00000000
00000000
,
00000301
00000000
00000010
00000100
00001000
00000000
00000001
00000000
,
00000100
00000010
00001000
00000100
,
00010000
00000000
00001000
00100000
00010000
00000000
01000000
00000000
,
00100000
10000000
01000000
00100000
,
00010000
00000000
01000000
00001000
00010000
00000000
00000100
00000000
,
00001000
00000010
00000100
00000001
,
00000010
00000000
00000100
00001000
00000001
00000000
00000100
00000000
,
00000010
00010000
00002000
00000000
,
00013000
00000000
00001000
00100000
00010000
00000000
01000000
00000000
,
00100000
10000000
01000000
00100000
,
00010000
00000000
00200000
00000000
,
00301000
00010000
00001000
00000100
,
00000001
00000000
00000010
00000100
00001000
00000000
00000000
00000000
,
00010100
00001000
00010000
00100000
,
00010000
00001000
00000100
00001000
,
00010000
01000000
10000000
00010000
,
00100000
00000000
01000000
00000000
10000000
00010000
01000000
00000000
,
00100000
10000000
01000000
00010000
,
00001000
00000010
00001000
00010000
,
01000000
00010000
00001000
00000100
,
00000001
00000000
00001000
00000000
00000010
00000100
00000001
00000010
,
00000100
00001000
00000010
00001000
,
00000100
00001000
00000010
00000100
,
00000001
00000100
00001000
00010000
,
01000000
10000000
00100000
10000000
,
01000000
10000000
00100000
01000000
,
00010000
00100000
01000000
00010000
,
00001000
00000100
00001000
00010000
,
01000000
00010000
00001000
00000100
,
00000001
00000000
00000000
00000010
00000000
00000000
00000100
00000000
,
00000000
00001000
00000001
00000100
,
00000010
00010000
00001000
00000000
00010000
00000000
00001000
00000000
,
00000100
00001000
00010000
00100000
,
10000000
00010000
00100000
00000000
01000000
00000000
10000000
00000000
,
00100000
10000000
01000000
00010000
,
00001000
00010000
00000100
00000000
00001000
00000000
00000010
00000000
,
00001000
00000100
00000001
00000100
,
00001000
00000000
00000000
00000001
00000000
00000000
00000100
00000000
,
00000010
00000010
00000010
00010000
,
00001000
00000100
00001000
00010000
,
00100000
10000000
00010000
00000000
00100000
00000000
01000000
00000000
,
10000000
01000000
00100000
00010000
,
01000000
00001000
00010000
00001000
,
00000100
00000001
00001000
00000000
00000100
00000000
00000010
00000000
,
00000001
00001000
00000010
00000100
,
00000001
00000000
00000000
00000100
00000000
00000000
00000010
00000000
,
00010000
00010000
00010000
00001000
,
01000000
00010000
00100000
00000000
01000000
00000000
10000000
00000000
,
00010000
01000000
00100000
10000000
,
00000000
02000000
00000000
03100000
,
00001000
00010000
01000000
00010000
,
00001000
00000100
00000000
00000000
,
00001001
00000000
00000010
00000000
,
00000100
00000000
00000001
00000000
,
00000010
00000000
00000100
00000000
,
00010000
00000000
00001000
00000000
,
00010000
00000000
00000000
00000000
;

//---------------dance-double - M. Emirzian----------------
#NOTES:
     dance-double:
     M. Emirzian:
     Hard:
     7:
     0.439,0.000,0.152,0.168,0.064,345.000,19.000,21.000,0.000,0.000,0.000:


00000000
00000000
00000000
00000000
,
00000000
00000000
00000000
00000000
,
00000000
00000000
00000000
00000000
,
00000000
00000000
00000000
00000000
,
00001000
00010000
00000010
00010000
,
00001000
00000100
00000010
00010000
,
00001000
01000000
00001000
00010000
,
01000000
00100000
00001000
00010000
,
00000020
00000000
00000000
00000000
,
00000000
00000000
00000000
00000000
,
00000000
00000000
00000000
00000000
,
00000000
00000000
00000000
00000000
,
00000130
00000000
00000001
00000010
00000100
00000000
00001000
00000000
,
00000010
00000000
00000100
00001000
00010000
01000000
00010000
00000000
,
00001000
00000000
00000100
00000001
00001000
00000000
00000010
00000000
,
00010000
00001000
00100000
00000000
00110000
00000000
10010000
00000000
,
00100000
00000000
01000000
00010000
10000000
00000000
01000000
00000000
,
00010000
00000000
00001000
00000100
00001000
00010000
01000000
00000000
,
10000000
00000000
00100000
01000000
00010000
00000000
00100000
00000000
,
01000000
00100000
00001000
00000000
00011000
00000000
00010100
00000000
,
00001000
00000000
00000010
00000100
00000001
00000000
00000010
00000000
,
00001000
00000000
00010000
01000000
00010000
00001000
00000100
00000000
,
00000002
00000023
00000230
00002300
,
00003010
00000000
00010000
00000000
00001000
00010000
00100000
10000000
,
01000000
00100000
01000000
10000000
00000000
00000000
00000000
00000000
,
00011000
00000000
00010000
00001000
00000000
00000000
01000000
00000000
00000000
00100000
00000000
00000000
01000000
00000000
00001000
00000000
,
00100000
00000000
01000000
10000000
00000000
00000000
00100000
00000000
00000000
01000000
00000000
00000000
00010000
00000000
00100000
00000000
,
00001000
00000000
00010000
00001000
00000000
00000000
00000100
00000000
00000000
00000010
00000000
00000000
00010000
00000000
00001000
00000000
,
00000010
00000000
00000001
00001000
00000000
00000000
00000010
00000000
00000000
00000100
00000000
00000000
00001000
00000000
00010000
00000000
,
00001000
00000000
00000010
00000100
00000000
00000000
00001000
00000000
00000000
00000010
00000000
00000000
00000100
00000000
00001000
00000000
,
00010000
00000000
00100000
10000000
00000000
00000000
01000000
00000000
00000000
00010000
00000000
00000000
00001000
00000000
00010000
00000000
,
01000000
00000000
00100000
00010000
00000000
00000000
01000000
00000000
00000000
00100000
00000000
00000000
10000000
00000000
01000000
00000000
,
00010000
00000000
00001000
00010000
00000000
00000000
00001000
00000000
00000000
00000010
00000000
00000000
00000100
00000000
00010000
00000000
,
00001000
00000100
00000001
00000010
00000100
00001000
00000001
00000000
,
00000100
00000010
00010000
00001000
00000010
00000100
00010000
00000000
,
00001000
01000000
00001000
00010000
00100000
01000000
00001000
00000000
,
00010000
01000000
10000000
01000000
00100000
00010000
01000000
00100000
,
20000000
30200000
02300000
03020000
,
00130000
01000000
10000000
00000000
00100000
10000000
01000000
00100000
,
00010000
01000000
00001000
00000000
00100000
01000000
00010000
00000000
,
00001000
00000010
00000001
00001000
00000010
00000100
00000001
00001000
,
00001001
00000000
00000000
00011000
00000000
00000000
10010000
00000000
,
00200000
20300000
32000000
03200000
,
00310000
00100000
01000000
00010000
00001000
01000000
00001000
00010000
,
00100000
01000000
00001000
00010000
00000100
00000010
00000001
00000000
,
00001000
00000010
00000100
00000001
00001000
00000100
00000010
00001000
,
00010000
00100000
00010000
00001000
00011000
00000000
01001000
00000000
,
00010000
01000000
10000000
00100000
01000000
00010000
10000000
00000000
,
01000000
00010000
00001000
01000000
00001000
00010000
00100000
10000000
,
10010000
00000000
00000000
00011000
00000000
00000000
00001001
00000000
,
00000020
00002030
00003200
00000320
,
00000031
00000100
00000010
00010000
00000100
00010000
00001000
00000010
,
00000100
00010000
00001000
01000000
00100000
10000000
01000000
00000000
,
00100000
00010000
01000000
00100000
10000000
00000000
01000000
00100000
,
00001000
00010000
00000010
00000000
00011000
00000000
00010100
00000000
,
00001000
00000010
00000100
00000001
00000100
00000010
00010000
00000000
,
00001000
00000010
00000100
00010000
00001000
01000000
00100000
10000000
,
10010000
00000000
00000000
00011000
00000000
00000000
00001001
00000000
,
00002000
00003020
00000230
00000302
,
00000013
00000100
00001000
00000010
00000100
00001000
00010000
00000000
,
00001000
01000000
00001000
00010000
00100000
10000000
01000000
00000000
,
00100000
00000000
00010000
00000000
01000000
00100000
10000000
00000000
,
01000000
00010000
00001000
00000010
,
00001000
00000000
00010000
00001000
00000000
00000000
00000000
00000000
,
00001001
00000000
00000010
00001000
,
00000100
00000000
00000010
00000000
00000100
00001000
00000001
00000000
,
00000100
00001000
00010000
00001000
,
00000100
00000000
00001000
00000000
00010000
00100000
10000000
00000000
,
01000000
00000000
00000000
00000000
;

//---------------dance-double - M. Emirzian----------------
#NOTES:
     dance-double:
     M. Emirzian:
     Challenge:
     9:
     0.656,0.000,0.112,0.040,0.455,557.000,14.000,5.000,5.000,0.000,0.000:


00000000
00000000
00000000
00000000
,
00000000
00000000
00000000
00000000
,
00000000
00000000
00000000
00000000
,
00000000
00000000
00000000
00000000
,
00010000
00100000
00010000
00000000
10010000
00000000
00000000
00000000
01000000
00010000
01000000
00000000
01001000
00000000
00000000
00000000
,
00001000
00010000
00001000
00000000
00010100
00000000
00000000
00000000
00001000
00000010
00001000
00000000
00001001
00000000
00000000
00000000
,
00000010
00000100
00000001
00000010
00000100
00010000
00000010
00010000
,
00001000
00000000
00000100
00000000
00000010
00000000
00010000
00000000
00001000
00000000
00100000
00000000
01000000
10000000
01000000
00000000
,
20020000
00000000
00000000
00000000
,
00000000
00000000
00000000
00000000
,
00000000
00000000
00000000
00000000
,
00000000
00000000
00000000
00000000
00000000
30030000
M10M0000
00000000
,
01000000
00000000
00100000
10000000
01000000
00000000
00100000
00000000
00010000
00000000
10000000
00000000
00100000
00000000
01000000
00000000
,
00001000
00000000
00100000
00001000
00010000
00000000
01000000
00000000
00100000
00000000
00001000
00000000
00010000
00000000
00000010
00000000
,
00001000
00000000
00000100
00000010
00000001
00000000
00000100
00000000
00000010
00000000
00010000
00000000
00000100
00000000
00000010
00000000
,
00001000
00000000
00010000
00000100
00010000
00000000
00001000
00000000
00000100
00000000
00000010
00000000
00010000
00000000
00001000
00000000
,
01000000
00000000
00001000
00010000
00001000
00000000
00100000
00000000
01000000
00000000
00010000
00000000
00001000
00000000
01000000
00000000
,
00100000
00000000
10000000
00010000
00100000
00000000
01000000
00000000
00100000
00000000
00001000
00000000
01000000
00000000
00100000
00000000
,
00010000
00000000
00001000
01000000
00001000
00000000
00010000
00000000
00100000
00000000
01000000
00001000
00010000
00000000
01000000
00000000
,
00010000
00001000
00000100
00001000
00010000
00000100
00000010
00000000
,
00000001
00000000
00000100
00000010
00001000
00000000
00000100
00000000
00000010
00000000
00000001
00000000
00000100
00000000
00000010
00000000
,
00010000
00000000
00001000
00000100
00001000
00000000
00010000
00000000
00000100
00000000
00010000
00000000
00100000
00000000
10000000
00000000
,
10020000
M0000000
00130000
00000000
10020000
M0000000
00130000
00000000
,
10020000
M0100000
00130000
01000000
10000000
00100000
01000000
00001000
,
00010000
01000000
00010000
00001000
00000000
00000000
00000000
00000000
,
00001001
00000000
00000010
00000100
00000000
00000100
00001000
00000000
00000010
00000100
00000000
00001000
00010000
00000000
00001000
00000000
,
01000000
00000000
00100000
10000000
00000000
10000000
00100000
00000000
00010000
00001000
00000000
00010000
01000000
00000000
10000000
00000000
,
01000000
00000000
00100000
00001000
00000000
00001000
00100000
00000000
00001000
00010000
00000000
01000000
00100000
00000000
00001000
00000000
,
00010000
00000000
00000010
00001000
00000000
00001000
00000010
00000000
00010000
00001000
00000000
00000100
00000010
00000000
00010000
00000000
,
00001000
00000000
00000010
00000001
00000000
00000001
00000010
00000000
00000100
00010000
00000000
00000010
00000100
00000000
00000001
00000000
,
00000100
00000000
00001000
00010000
00000000
00010000
00001000
00000000
01000000
00100000
00000000
10000000
01000000
00000000
00100000
00000000
,
01000000
00000000
00010000
00001000
00000000
00001000
00010000
00000000
00000100
00000010
00000000
00001000
00010000
00000000
00001000
00000000
,
00000100
00000000
00000001
00001000
00000000
00001000
00000001
00000000
00000100
00000010
00000000
00010000
00001000
00000000
00000100
00000010
,
00000100
00000000
00000001
00000000
00000010
00000000
00000100
00000000
00010000
00000000
00001000
00000000
00010000
00000000
00100000
01000000
,
00100000
00000000
00010000
00000000
00001000
00000000
00100000
00000000
01000000
00000000
00010000
00000000
00001000
00000000
00100000
01000000
,
10000000
00000000
01000000
00000000
00010000
00000000
00001000
00000000
00010000
00000000
00000010
00000000
00001000
00000000
00000100
00000010
,
00000100
00010000
00001000
00000100
00000001
00000100
00000010
00001000
,
00000100
00000000
00000010
00000001
00000100
00000000
00000010
00000000
00001000
00000000
00000100
00010000
00000100
00000000
00001000
00000000
,
00000001
00001000
00000001
00000000
00010000
00001000
00010000
00000000
00010000
10000000
00010000
00000000
01000000
00000000
00100000
00000000
,
10000000
01000000
00100000
00010000
00100000
01000000
10000000
00010000
01000000
00100000
10000000
01000000
00100000
00001000
00010000
00100000
,
10000000
01000000
00100000
00001000
00010000
01000000
10000000
01000000
00100000
00010000
01000000
00100000
10000000
01000000
00100000
00010000
,
10000000
00000000
01000000
00101000
00000000
00010000
01001000
00000000
,
00010010
00000000
00000000
00000000
00000110
00000000
00000000
00000001
00001000
00000000
00000010
00000000
00000100
00000000
00000001
00000000
,
00000010
00000000
00000100
00010000
00001000
00000000
01000000
00000000
00001000
00000000
00010000
00000000
01000000
00000000
00100000
00000000
,
00001000
00000000
01000000
00100000
10000000
00000000
00100000
00000000
00010000
00000000
00001000
00000000
00010000
00000000
00000010
00000000
,
00010000
00000000
00001000
00000100
00000010
00000000
00010000
00000000
00000100
00000000
00000010
00000000
00000001
00000000
00000100
00000000
,
00000010
00000000
00001000
00000100
00010000
00000000
00001000
00000000
00000100
00000000
00001000
00000000
00100000
00000000
01000000
00000000
,
10000000
00000000
00100000
01000000
00010000
00000000
00100000
00000000
01000000
00000000
10000000
00000000
00010000
00000000
00100000
00000000
,
00001000
00000000
01000000
00001000
00010000
00000000
00100000
00000000
01000000
00000000
00001000
00000000
00010000
00000000
01000000
00000000
,
00010000
00000000
00001000
00010000
00000100
00000000
00010000
00000000
00000010
00000000
00001000
00000010
00001000
00000000
00000100
00000000
,
00001000
00000001
00001000
00000000
00001000
00010000
00001000
00000000
10000000
00010000
10000000
00000000
00100000
00000000
01000000
00000000
,
00010000
00000000
00100000
01000000
10000000
00000000
01000000
00000000
00100000
00000000
00001000
00000000
01000000
00000000
00001000
00000000
,
00010000
00000000
00100000
01000000
00100000
00000000
00010000
00000000
00000010
00000000
00001000
00000000
00000100
00000000
00000010
00000000
,
00000001
00000000
00001000
00000010
00000100
00000000
00001000
00000000
00010000
00000000
00000010
00000000
00010000
00000000
00001000
00000000
,
00000100
00000000
00000010
00010000
00001000
00000000
00000010
00000000
00000001
00000000
00000010
00000000
00000100
00000000
00010000
00000000
,
00001000
00000000
01000000
00100000
00010000
00000000
00001000
00000000
00010000
00000000
00100000
00000000
10000000
00000000
00010000
00000000
,
00100000
00000000
01000000
10000000
00100000
00000000
01000000
00000000
00010000
00000000
00100000
00000000
00001000
00000000
00010000
00000000
,
01000000
00000000
10000000
00100000
01000000
00000000
00001000
00000000
00100000
00000000
01000000
10000000
01000000
00000000
00100000
00000000
,
00010000
10000000
00010000
00000000
00010000
00001000
00010000
00000000
00000001
00001000
00000001
00000000
00000010
00000000
00000100
00000000
,
00001000
00000001
00000100
00001000
00010000
00000010
00010000
00001000
,
00000100
00000010
00010000
00001000
00000010
00000001
00000100
00000010
,
00001000
00000100
00000010
00000001
00000100
00000010
00010000
00001000
01000000
00100000
10000000
01000000
00100000
00010000
10000000
00100000
,
00010000
00100000
10000000
01000000
00100000
00010000
00100000
00001000
00010000
00001000
00000100
00000001
00000010
00000100
00001000
00000001
,
00000100
00000010
00001000
00000100
00010000
00001000
00010000
00000000
00000000
00000000
00000000
00000000
00000000
00000000
00000000
00000000
,
10010000
01000000
00100000
01000000
10000000
00100000
01000000
00000000
,
00001000
00010000
00000010
00010000
00001000
00000100
00000010
00000000
,
00010000
00000100
00000010
00000100
00001000
00000001
00000100
00001000
,
00010000
00000100
00010000
00100000
10000000
01000000
00100000
00010000
,
01000000
00000000
00000000
00000000
;

//---------------dance-single - M. Emirzian----------------
#NOTES:
     dance-single:
     M. Emirzian:
     Challenge:
     9:
     0.693,0.000,0.287,0.048,0.483,566.000,36.000,6.000,20.000,2.000,0.000:


0000
0000
0000
0000
,
0000
0000
0000
0000
,
0000
0000
0000
0000
,
0000
0000
0000
0000
,
1001
0000
0000
0000
1000
0100
1000
0000
0011
0000
00MM
0000
0001
0100
0001
0000
,
1010
0000
M0M0
0000
1000
0010
1000
0000
0101
0000
0M0M
0000
0001
0100
0001
0000
,
1000
0010
0100
0001
0010
0100
1000
0001
,
0100
0000
1000
0000
0100
0000
0001
0000
0010
0000
0100
0000
1000
0001
1000
0000
,
2002
0000
0000
0000
,
0000
0000
0000
0000
,
0000
0000
0000
0000
,
0000
0000
0000
0000
0000
3003
M10M
0000
,
0100
0000
0010
1000
0100
0000
0010
0000
0001
0000
0010
0000
0100
0000
1000
0000
,
0001
0000
0100
0010
1000
0000
0010
0000
0100
0000
0001
0000
0010
0000
0100
0000
,
1000
0000
0001
1000
0100
0000
0010
0000
0100
0000
1000
0000
0100
0000
0001
0000
,
0100
0010
0100
0000
1001
0000
M00M
0000
1000
0001
1000
0000
0110
0000
0001
0000
,
0100
0000
0010
1000
0100
0000
0010
0000
0001
0000
0100
0000
1000
0000
0100
0000
,
0001
0000
0100
0010
1000
0000
0001
0000
0100
0000
0010
0000
1000
0000
0100
0000
,
0010
0000
0001
0100
0010
0000
1000
0000
0100
0000
0010
0001
0100
0000
0010
0000
,
1000
0100
1000
0000
0001
0100
0001
0000
0100
0010
0100
0000
1001
0000
0110
0000
,
1000
0000
0001
1000
0100
0000
0001
0000
0100
0000
1000
0000
0010
0000
0100
0000
,
0001
0000
0010
0100
1000
0000
0001
0000
1000
0000
0100
0000
0010
0001
0010
0000
,
1100
0000
MM00
0000
1000
0100
1000
0000
0011
0000
1000
0000
0010
0000
0001
0000
,
0100
1000
0100
0001
0010
0100
1000
0010
,
0100
0001
0010
1001
0000
0000
0000
0000
,
0100
0000
0010
0001
0000
0001
0100
0000
0010
1000
0000
1000
0001
0000
0101
0000
,
0100
0000
0010
1000
0000
1000
0100
0000
0010
0001
0000
0001
0100
0000
1001
0000
,
0100
0000
0010
0001
0000
0001
0100
0000
0010
1000
0000
1000
0100
0000
1001
0000
,
0010
0000
0100
1000
0000
1000
0001
0000
0100
0010
0000
0010
1000
0000
0110
0000
,
0001
0000
0100
1000
0000
0100
0001
0000
0010
0100
0000
1000
0001
0000
0011
0000
,
0100
0000
0010
1000
0000
0100
1000
0000
0001
0100
0000
1000
0100
0000
0110
0000
,
0001
0000
1000
0100
0000
0001
0100
0000
1000
0010
0000
1000
0100
0000
0011
0000
,
0100
0000
0010
1000
0000
0100
1000
0000
0001
0010
0000
1000
0010
0000
1001
0000
,
0100
0000
0010
0000
0001
0000
1000
0000
0010
0000
0100
0000
0001
0000
0010
0100
,
1000
0000
0001
0000
1000
0000
0100
0000
0001
0000
0100
0000
1000
0000
0001
0100
,
0010
0000
0100
0000
0001
0000
0010
0000
0100
0000
0010
0000
0001
0000
1000
0100
,
0010
0000
0100
0000
1000
0000
0001
0000
0100
0000
0010
0000
1000
0000
0001
0100
,
0010
0000
1000
0000
0100
0000
0010
0001
0100
0000
0010
0000
1000
0000
0100
0000
,
0010
0001
0010
0000
0100
1000
0100
0000
0010
0100
0010
0000
1001
0000
0110
0000
,
0001
1000
0100
0010
0001
0010
0100
1000
0001
0100
0010
1000
0100
0001
0100
1000
,
0001
0100
0010
1000
0010
0100
0001
0100
0010
1000
0001
0100
0010
1000
0100
0010
,
0011
0000
0100
1001
M00M
0110
1000
0100
,
1001
0000
M00M
0000
0110
0000
0MM0
1000
0100
0000
0011
0000
1001
0000
1100
0000
,
0010
0000
1000
0100
0001
0000
0100
0000
1000
0000
0010
0000
0100
0000
0001
0000
,
0010
0000
0100
1000
0010
0000
1000
0000
0100
0000
0010
0000
0001
0000
1000
0000
,
0010
0000
0100
0010
1000
0000
0001
0000
0010
0000
0100
0000
1000
0000
0001
0000
,
0100
0000
1000
0100
0001
0000
0010
0000
0100
0000
1000
0000
0010
0000
0100
0000
,
0001
0000
0100
0010
1000
0000
0001
0000
0010
0000
0100
0000
1000
0000
0001
0000
,
1000
0000
0010
1000
0100
0000
0001
0000
0100
0000
1000
0000
0001
0000
1000
0000
,
0010
0000
0100
0001
0010
0000
0100
0000
1000
0000
0001
0100
0001
0000
1000
0000
,
0010
1000
0010
0000
0100
0001
0100
0000
0010
0100
0010
0000
1001
0000
0110
0000
,
0100
0000
1000
0001
0100
0000
0010
0000
1000
0000
0001
0000
0010
0000
0100
0000
,
1000
0000
0001
0100
0001
0000
0010
0000
0100
0000
1000
0000
0001
0000
0100
0000
,
1000
0000
0100
0001
0010
0000
0100
0000
1000
0000
0001
0000
0010
0000
1000
0000
,
0010
0000
0001
1000
0100
0000
0010
0000
0001
0000
0010
0000
0100
0000
1000
0000
,
0010
0000
0100
0001
0010
0000
0100
0000
1000
0000
0001
0000
0100
0000
0010
0000
,
1000
0000
0001
0100
0010
0000
0100
0000
0001
0000
0010
0000
0100
0000
1000
0000
,
0001
0000
0100
1000
0100
0000
0001
0000
1000
0000
0100
0010
0001
0000
1000
0000
,
0010
0100
0010
0000
1000
0001
1000
0000
0100
0010
0100
0000
1001
0000
0110
0000
,
0010
0000
0001
0100
0010
0000
1000
0000
0001
0000
0010
0000
0100
0000
1000
0000
,
0001
0000
0010
1000
0010
0000
0001
0000
1000
0000
0100
0000
0001
0000
0100
0000
,
1000
0100
0010
0001
0100
0010
1000
0001
0010
1000
0010
0001
0100
0010
1000
0100
,
0010
0001
0010
1000
0010
0001
0100
0010
1000
0100
0001
0100
1000
0010
0100
0001
,
0010
0100
1000
0100
0010
0001
0100
0000
0000
0000
0000
0000
0000
0000
0000
0000
,
1001
1000
0001
1000
0100
0020
0002
0000
,
1000
0000
0033
0000
0000
0000
1000
0000
0000
0010
0000
0000
0100
0000
0000
0001
0000
0000
0010
0000
0000
0200
0000
0000
,
2000
0000
0000
0000
0000
0000
0001
0000
3300
0000
0000
0000
0001
0000
0000
0100
0000
0000
0010
0000
0000
1000
0000
0000
,
0001
0100
0001
0010
0100
1000
0010
0100
,
1001
M00M
0000
0000
0000
0000
0000
0000
;

//---------------lights-cabinet - ----------------
#NOTES:
     lights-cabinet:
     :
     Easy:
     1:
     1.000,0.000,1.000,0.072,0.064,352.000,302.000,9.000,0.000,210.000,0.000:


00000000
00000000
00000000
00000000
,
00000000
00000000
00000000
00000000
,
00000000
00000000
00000000
00000000
,
00000000
00000000
00000000
00000000
,
10010011
00000000
00000011
01100000
00000011
00000000
10010011
00000000
,
01100011
01010011
10100011
01010011
,
01010011
00000000
00000011
01100000
00000011
00000000
10010011
00000000
,
01100011
00000000
01100011
00000000
10010011
00000000
10010011
01100011
,
10010011
10000000
01000000
00100000
00010000
10000000
01000000
00100000
,
00010000
10000000
01000000
00100000
00010000
10000000
01000000
00100000
,
00010000
10000000
01000000
00100000
00010000
10000000
01000000
00100000
,
00010000
10000000
01000000
00100000
00010000
00000000
11110000
00000000
,
10010011
00100011
01000011
00010011
,
10000011
00000000
01010011
00000000
00010011
00100000
00010011
01000000
,
00010011
00100011
01000011
20000011
,
00110011
00000000
01100011
00000000
31000011
00010000
00100011
01000000
,
00100011
01000011
10000011
02000011
,
00000011
00000000
00110011
00000000
03110011
00000000
11000011
00100000
,
00010011
00100011
01000011
00200011
,
00000011
00000000
00000011
00000000
01300011
00000000
10000011
00100011
,
01000011
00010011
00100011
02000011
,
00000011
10010011
13010011
00000011
,
10000011
00000000
00100011
00000000
10000011
00000000
01000011
00010000
,
00100011
01000000
00010011
01100000
00010011
01000000
00010011
01000011
,
00000000
02200022
00000000
00000000
00000000
03300033
00000000
00000000
,
10010011
00000000
00000000
10010000
00000011
00000000
10010000
00000000
00000011
10010000
00000000
00000000
10010011
00000000
00000000
00000000
,
10010011
00000000
00000000
10010000
00000011
00000000
10010000
00000000
00000011
10010000
00000000
00000000
10010011
00000000
00000000
00000000
,
01100011
00000000
00000000
01100000
00000011
00000000
01100000
00000000
00000011
01100000
00000000
00000000
01100011
00000000
00000000
00000000
,
10100011
00000000
00000000
10100000
00000011
00000000
10100000
00000000
00000011
10100000
00000000
00000000
10100011
00000000
00000000
00000000
,
11000011
00000000
00000000
11000000
00000011
00000000
11000000
00000000
00000011
11000000
00000000
00000000
11000011
00000000
00000000
00000000
,
01010011
00000000
00000000
01010000
00000011
00000000
01010000
00000000
00000011
01010000
00000000
00000000
01010011
00000000
00000000
00000000
,
10100011
00000000
00000000
10100000
00000011
00000000
10100000
00000000
00000011
10100000
00000000
00000000
10100011
00000000
00000000
00000000
,
00110011
00000000
00000000
00110000
00000011
00000000
00110000
00000000
00000011
00110000
00000000
00000000
00110011
00000000
00000011
00000000
,
00000011
11110000
00000011
11110000
00000011
11110000
00000011
11110000
,
00000011
11110000
00000011
11110000
00000011
11110000
00000011
11110000
,
00000011
11110000
00000011
11110000
00000011
11110000
00000011
11110000
,
00000011
11110000
00000011
11110000
00000011
11110000
00000011
11110000
,
00000011
11110000
00000011
11110000
00000011
11110000
00000011
11110000
,
00000011
11110000
00000011
11110000
00000011
11110000
00000011
00110000
,
20000011
00100000
01000011
00010000
,
30010011
01100011
10010011
01100011
,
10010011
00000000
01100011
10010000
00000011
01100000
00000011
01100000
,
10010011
00000000
00100011
00000000
10010011
00000011
11110011
00000011
,
10000011
01000011
10000011
01000011
,
00100011
10000011
00100011
10000011
,
00010011
00100011
00010011
00100011
,
10000011
00000000
01000011
00000000
10000011
00100000
01000011
10010000
,
01100011
10010011
00100011
00010011
,
01000011
00000000
00100011
00000000
01000011
00000000
00100011
10000000
,
10010011
01100011
10010011
01100011
,
00010011
01100000
00000011
10010000
00000011
01100000
00000011
10010011
,
01100011
01000011
00100011
01000011
,
00100011
00000000
10000011
00000000
00100011
00000000
10010011
01000000
,
00010011
10100011
01010011
00100011
,
10010011
00000000
01000011
00000000
10000011
00100000
01000011
00010000
,
10000011
00000000
01000011
00100000
00000011
10000000
00010011
00000000
,
01000011
00000000
00100011
00000000
01000011
00100000
10000011
00010000
,
10100011
01100011
10010011
01100011
,
01000011
00010000
10000011
00000000
01000011
00010000
10000011
00100000
,
01000011
00000000
00010011
00000000
00100011
00000000
00010011
01100000
,
10010011
10010011
01100011
10010011
,
00000000
10100011
00000000
01010011
,
00100011
00000000
10010011
00000000
01010011
00000000
00100011
10010011
,
00000000
01100011
00000000
00000000
00000000
00000000
00000000
00000000
,
10010011
10000011
01100011
10010011
,
01100011
10010011
01100011
10010011
,
01100011
10010011
01100011
10010011
,
01100011
00000000
10010011
00000000
01100011
10010000
01100011
00000011
,
11110011
00000000
00000000
00000000
;

//---------------dance-single - M. Puls----------------
#NOTES:
     dance-single:
     M. Puls:
     Beginner:
     1:
     0.083,0.000,0.000,0.000,0.000,73.000,0.000,0.000,0.000,0.000,0.000:


0000
0000
0000
0000
,
0000
0000
0000
0000
,
0000
0000
0000
0000
,
0000
0000
0000
0000
,
1000
0000
0000
0000
,
0100
0000
0000
0000
,
1000
0000
0000
0000
,
0001
0000
0000
0000
,
1000
0000
0000
0000
,
0000
0000
0000
0000
,
0001
0000
0000
0000
,
0000
0000
0000
0000
,
1000
0000
0000
0000
,
0100
0000
0000
0000
,
1000
0000
0000
0000
,
0001
0000
0000
0000
,
0010
0000
0000
0000
,
0001
0000
0000
0000
,
1000
0000
0000
0000
,
1000
0000
0000
0000
,
0001
0000
0000
0000
,
0010
0000
0000
0000
,
0001
0000
0000
0000
,
1000
0000
0000
0000
,
0100
0000
0000
0000
,
1000
0000
1000
0000
,
0001
0000
0001
0000
,
0000
0000
0001
0000
,
0100
0000
0100
0000
,
0100
0000
0000
0000
,
0010
0000
0000
0000
,
0010
0000
0000
0000
,
1000
0000
1000
0000
,
1000
0000
0000
0000
,
0100
0000
0100
0000
,
0010
0000
0000
0000
,
0001
0000
0001
0000
,
1000
0000
0000
0000
,
0100
0000
0000
0000
,
0010
0000
0000
0000
,
0001
0000
0000
0000
,
0001
0000
0001
0000
,
0001
0000
0000
0000
,
0001
0000
0000
0000
,
0100
0000
0000
0000
,
0010
0000
0000
0000
,
1000
0000
0000
0000
,
0010
0000
0000
0000
,
0100
0000
0000
0000
,
0001
0000
0000
0000
,
0000
0000
0000
0000
,
0001
0000
0000
0000
,
0010
0000
0000
0000
,
0100
0000
0000
0000
,
1000
0000
0000
0000
,
1000
0000
0000
0000
,
0100
0000
0000
0000
,
0010
0000
0000
0000
,
0100
0000
0000
0000
,
0001
0000
0000
0000
,
1000
0000
0000
0000
,
0010
0000
0000
0000
,
0100
0000
0000
0000
,
0001
0000
0000
0000
,
1000
1000
0000
0000
,
0001
0001
0000
0000
,
0100
0100
0000
0000
,
0010
0010
0000
0000
,
0010
0000
0000
0000
;
