#TITLE:The Beginning;
#SUBTITLE:;
#ARTIST:DJ Doo;
#TITLETRANSLIT:;
#SUBTITLETRANSLIT:;
#ARTISTTRANSLIT:;
#GENRE:;
#CREDIT:;
#BANNER:The Beginning-banner.png;
#BACKGROUND:The Beginning-bg.png;
#LYRICSPATH:;
#CDTITLE:;
#MUSIC:DJDoo- TheBeginning.ogg;
#OFFSET:0.755;
#SAMPLESTART:37.540;
#SAMPLELENGTH:11.840;
#SELECTABLE:YES;
#BPMS:0.000=132.300;
#STOPS:;
#BGCHANGES:0.000=The Beginning-bg.png=1.000=0=0=1=====,
19.000=EV01447N.mpg=1.000=0=0=1=====,
20.000=VOL1-22-NTSC.mpg=1.000=0=0=1=====,
32.000=The Beginning-bg.png=1.000=0=0=1=====,
36.000=EV01452N.mpg=1.000=0=0=1=====,
52.000=EV01438N.mpg=1.000=0=0=1=====,
68.000=EV01446N.mpg=1.000=0=0=1=====,
84.000=vol4-05-ntsc.mpg=1.000=0=0=1=====,
92.000=vol3-14-ntsc.mpg=1.000=0=0=1=====,
94.000=vol4-12-ntsc.mpg=1.000=0=0=1=====,
96.000=738_JumpBack.mpg=1.000=0=0=1=====,
97.000=EV01443N.mpg=1.000=0=0=1=====,
98.000=700_JumpBack.mpg=1.000=0=0=1=====,
99.000=EV01447N.mpg=1.000=0=0=1=====,
100.000=vol3-21-ntsc.mpg=1.000=0=0=1=====,
116.000=jb_120.mpg=1.000=0=0=1=====,
132.000=jb_047.mpg=1.000=0=0=1=====,
140.000=EV01440N.mpg=1.000=0=0=1=====,
148.000=jb_053.mpg=1.000=0=0=1=====,
156.000=EV01438N.mpg=1.000=0=0=1=====,
164.000=EV01452N.mpg=1.000=0=0=1=====,
172.000=728_JumpBack.mpg=1.000=0=0=1=====,
180.000=EV01446N.mpg=1.000=0=0=1=====,
192.000=vol4-09-ntsc.mpg=1.000=0=0=1=====,
193.000=EV01443N.mpg=1.000=0=0=1=====,
194.000=679_JumpBack.mpg=1.000=0=0=1=====,
195.000=EV01447N.mpg=1.000=0=0=1=====,
196.000=EV01451N.mpg=1.000=0=0=1=====,
204.000=666_JumpBack.mpg=1.000=0=0=1=====,
212.000=EV01456N.mpg=1.000=0=0=1=====,
220.000=730_JumpBack.mpg=1.000=0=0=1=====,
228.000=EV01438N.mpg=1.000=0=0=1=====,
236.000=730_JumpBack.mpg=1.000=0=0=1=====,
244.000=732_JumpBack.mpg=1.000=0=0=1=====,
248.000=682_JumpBack.mpg=1.000=0=0=1=====,
250.000=EV01452N.mpg=1.000=0=0=1=====,
252.000=696_JumpBack.mpg=1.000=0=0=1=====,
253.000=EV01446N.mpg=1.000=0=0=1=====,
254.000=EV01443N.mpg=1.000=0=0=1=====,
255.000=682_JumpBack.mpg=1.000=0=0=1=====,
256.000=696_JumpBack.mpg=1.000=0=0=1=====,
256.500=EV01443N.mpg=1.000=0=0=1=====,
257.000=EV01452N.mpg=1.000=0=0=1=====,
257.500=696_JumpBack.mpg=1.000=0=0=1=====,
258.000=jb_053.mpg=1.000=0=0=1=====,
258.500=EV01446N.mpg=1.000=0=0=1=====,
259.000=696_JumpBack.mpg=1.000=0=0=1=====,
259.500=EV01447N.mpg=1.000=0=0=1=====,
260.000=The Beginning-bg.png=1.000=0=0=1=====,
264.000=The Beginning-bg.png=1.000=0=0=1=====,
99999=-nosongbg-=1.000=0=0=0 // don't automatically add -songbackground-
;
#KEYSOUNDS:;
// cache tags:
#FIRSTBEAT:12.500;
#LASTBEAT:264.000;
#SONGFILENAME:/Songs/In The Groove/The Beginning/thebeginning.sm;
#HASMUSIC:1;
#HASBANNER:1;
#MUSICLENGTH:120.581;
// end cache tags

//---------------dance-single - K. Ward----------------
#NOTES:
     dance-single:
     K. Ward:
     Easy:
     4:
     0.212,0.000,0.091,0.000,0.000,168.000,11.000,0.000,0.000,0.000,0.000:


0000
0000
0000
0000
,
0000
0000
0000
0000
,
0000
0000
0000
0000
,
0000
0000
0000
0000
,
0000
0000
0000
1001
,
1001
0000
0000
0000
,
0000
0000
0000
0000
,
0001
0000
1000
0000
,
1001
0000
0000
0000
,
1000
0001
0100
0010
,
1000
0100
1000
0001
,
1000
0001
0100
0001
,
0100
0010
1000
0001
,
1000
0001
0100
0010
,
1000
0100
1000
0001
,
1000
0001
0100
0001
,
0100
0010
1000
0001
,
0001
0000
1000
0000
,
0010
0000
1000
0000
,
0001
0000
0100
0000
,
0010
0100
0001
1000
,
0010
0000
0100
0000
,
0001
0000
1000
0000
,
1001
0000
1001
0000
,
0100
0010
0100
0001
,
1001
0000
0100
0000
,
0010
0000
0100
0000
,
0001
0000
1000
0000
,
0010
0000
0100
0001
,
1000
0000
0001
0000
,
0100
0000
0010
0000
,
0100
0000
0001
0000
,
1000
0001
1000
0001
,
1000
0000
0001
0000
,
0100
0000
0001
0000
,
1001
0000
1001
0000
,
1000
0010
0000
0010
,
1000
0001
0100
0010
,
1000
0100
1000
0010
,
1000
0001
0100
0001
,
0100
0010
1000
0010
,
1000
0001
0100
0001
,
0100
0010
1000
0100
,
1000
0001
0100
0001
,
0100
0010
1000
0001
,
0001
0000
0100
0000
,
0001
0000
1000
0000
,
1001
0000
1001
0000
,
0001
0100
0001
1000
,
0010
0000
0010
0000
,
0010
0000
0010
0000
,
0100
0000
0100
0000
,
0100
0000
0100
0000
,
0010
0000
0010
0000
,
0010
0000
0010
0000
,
1000
0000
1000
0000
,
1000
0000
1000
0000
,
0001
0000
1000
0000
,
0010
0000
0100
0000
,
0001
0000
1000
0000
,
0100
0000
1000
0000
,
0010
0010
0010
0010
,
0100
0100
0100
0100
,
0001
1000
0001
1000
,
0010
1000
0010
1000
,
1001
0000
0000
0000
;

//---------------dance-single - K. Ward----------------
#NOTES:
     dance-single:
     K. Ward:
     Medium:
     6:
     0.390,0.000,0.124,0.158,0.000,295.000,15.000,19.000,0.000,0.000,0.000:


0000
0000
0000
0000
,
0000
0000
0000
0000
,
0000
0000
0000
0000
,
0000
0000
0000
0000
,
0000
0000
0000
0010
,
2000
0000
3100
0000
,
0020
0000
0130
0000
,
2000
0000
3100
0000
,
1001
0000
0000
0000
,
0001
0000
1000
0000
0010
1000
0100
0000
,
1000
0000
0001
0000
0100
0001
0010
0000
,
0001
0000
1000
0000
0010
1000
0100
0000
,
1000
0000
0001
0000
0100
0001
0010
0001
,
1000
0000
0001
0000
0100
0001
0010
0000
,
0001
0000
1000
0000
0010
1000
0100
0000
,
1000
0000
0001
0000
0100
0001
0010
0000
,
0001
0000
1000
0000
0010
1000
0100
1000
,
0001
0000
1000
0010
1000
0000
1000
0000
,
1000
0000
0001
0100
0001
0000
0001
0000
,
0001
0000
1000
0010
1000
0000
1000
0000
,
0001
0010
0001
0000
1000
0100
1000
0000
,
0001
1000
0010
0100
,
0001
0000
0100
0000
0001
0100
0010
1000
,
1100
0000
0011
0000
,
1000
0100
0010
0001
1000
0100
0010
0001
,
2000
3001
0002
1003
,
2000
3001
0001
1001
,
0200
0310
0020
0130
,
0200
0000
0310
0000
0010
0100
0010
0000
,
2000
3001
0002
1003
,
2000
3001
0002
1003
,
0010
0001
0100
1000
,
0010
0001
0100
1000
,
1000
0100
1000
0000
0001
0010
0001
0000
,
0100
0010
0100
0000
0001
0010
0001
0000
,
1000
0010
0010
1000
,
1000
0100
0010
0001
1000
0100
0010
0001
,
1000
0000
0001
0000
0100
0001
0010
0000
,
0001
0000
1000
0000
0010
0100
0001
0000
,
1000
0000
0001
0000
0100
0001
0010
0000
,
0001
1000
0100
0100
,
1000
0000
0010
0000
0100
0010
1000
0000
,
1000
0000
0001
0000
0100
0001
0010
0000
,
0001
0000
1000
0000
0100
1000
0100
0000
,
1000
0000
0010
0000
0100
0001
0001
0000
,
1000
0000
0001
0000
0001
0010
0001
0000
,
0001
0000
1000
0000
1000
0100
1000
0000
,
0110
0000
1001
0000
,
0110
0011
1100
0110
,
0001
0100
0001
0000
0100
0010
0100
0000
,
0010
0100
0010
0000
1000
0100
1000
0000
,
0001
0010
0001
0000
0100
0010
0100
0000
,
0010
1000
0010
0000
1000
0010
1000
0000
,
0001
0010
0001
0000
0100
0010
0100
0000
,
0010
1000
0100
0000
1000
0100
1000
0000
,
0010
0100
0001
0000
0010
0001
0010
0000
,
0001
0100
0010
0000
1000
0100
1000
0001
,
2000
3001
0002
1003
,
2000
3001
0002
1003
,
1000
0001
0100
0000
1000
0001
0100
0000
,
1000
0001
0100
0000
1000
0001
1000
0000
,
1100
0010
0011
1000
,
1100
0001
0011
0010
,
0001
0010
0100
1000
0001
0010
0100
1000
,
0001
0010
0100
1000
0010
0000
0010
0000
,
2002
0000
0000
0000
,
3003
0000
0000
0000
;

//---------------dance-single - K. Ward----------------
#NOTES:
     dance-single:
     K. Ward:
     Hard:
     8:
     0.553,0.000,0.174,0.050,0.207,440.000,21.000,6.000,0.000,0.000,0.000:


0000
0000
0000
0000
,
0000
0000
0000
0000
,
0000
0000
0000
0000
,
0000
0000
0000
0000
,
0000
0000
0000
1100
,
0011
0000
0000
0000
0001
0000
0000
0001
0000
0000
0000
0000
0100
0000
0000
0000
,
0010
0000
0000
0000
1000
0000
0000
1000
0000
0000
0000
0000
1000
0000
0000
0000
,
0010
0000
0000
0000
0100
0000
0000
0100
0000
0000
0000
0000
0010
0000
1000
0000
,
1100
0000
0000
0000
,
1000
0000
0001
0000
1000
0000
0010
0000
0100
0001
0010
0000
0001
0000
0100
0000
,
0010
0000
1000
0000
0100
0000
1000
0000
0010
0100
0001
0000
0010
0000
0001
0000
,
0100
0000
0010
0000
1000
0000
0100
0000
1000
0100
1000
0000
0010
0000
0100
0000
,
0001
0010
0001
0100
0010
0100
0200
0000
,
0301
0000
0010
0000
0001
0000
0100
0000
0010
1000
0100
0000
1000
0000
0010
0000
,
0100
0000
0001
0000
0010
0000
0001
0000
0100
0010
1000
0000
0010
0000
1000
0000
,
0100
0000
1000
0000
0010
0000
0100
0000
0001
0010
0001
0000
0100
0000
0010
0000
,
1000
0100
1000
0010
0100
0100
0200
0000
,
0310
0000
0000
1000
0000
0000
0010
0000
0000
0100
0010
0000
0100
0000
0001
0000
,
0010
0000
0000
0001
0000
0000
0100
0000
0000
0010
1000
0000
0100
0000
0100
0000
,
1000
0000
0000
0010
0000
0000
0100
0000
0000
0001
0010
0000
0001
0000
0100
0000
,
0010
0000
0000
0100
0000
0000
0001
0000
0000
0010
0001
0000
0100
0000
0010
0000
,
1000
0100
1000
0010
0100
0010
0100
0001
,
0010
0001
0100
0010
1000
0100
1000
0100
,
1100
0010
0110
0001
,
0011
0110
0011
1100
,
0001
0100
0000
0100
0010
0000
0000
0000
0100
0000
0010
0000
1000
0000
0000
0000
,
0010
0100
0000
0100
0001
0000
0000
0000
0010
0000
0001
0000
0100
0000
0000
0000
,
0010
0100
0000
0100
0010
0000
0000
0000
1000
0000
0100
0000
1000
0000
0000
0000
,
0100
1000
0000
1000
0010
0000
0100
0000
0001
0000
0010
0000
0001
0000
0000
0000
,
0100
0010
1000
0000
0100
0010
0100
0000
,
1000
0010
0000
0010
0100
0000
0001
0000
0010
0000
0100
0000
0010
0000
0000
0000
,
0001
0100
0000
0100
0010
0000
0000
0000
0100
0000
0010
0000
1000
0000
0000
0000
,
0100
1000
0000
1000
0010
0000
0100
0000
0001
0000
0010
0000
0001
0010
0001
0000
,
0100
0010
1000
0010
0100
0001
0010
0001
,
0100
0010
1000
0100
1000
0010
0100
0001
,
0011
1000
1100
0010
,
1001
0110
1001
0000
,
1000
0000
0100
0000
1000
0000
0010
0000
0100
0010
1000
0000
0010
0000
0100
0000
,
0001
0000
0010
0000
0001
0000
0100
0000
0010
1000
0100
0000
1000
0000
0010
0000
,
0100
0000
0001
0000
0010
0000
0001
0000
0100
0010
1000
0000
0100
0000
1000
0000
,
0010
0100
0001
0010
0001
0001
0002
0000
,
0103
0000
0010
0000
1000
0000
0010
0000
0100
0001
0010
0000
0001
0000
0100
0000
,
0010
0000
1000
0000
0100
0000
1000
0000
0010
0100
0001
0000
0010
0000
0001
0000
,
0100
0000
0010
0000
1000
0000
0100
0000
1000
0100
1000
0000
0010
0000
0100
0000
,
0001
0010
0001
0100
0010
1000
2000
0000
,
3100
0000
0000
1000
0000
0000
0010
0000
0000
0100
0000
0000
0001
0000
0000
0000
,
0010
0000
0000
0001
0000
0000
0100
0000
0000
0010
0000
0000
1000
0000
0000
0000
,
1001
0100
0110
0010
,
1001
1100
0011
0110
,
1000
0100
1000
0010
0100
0010
0100
0001
,
0010
0001
0100
0010
1000
0100
1000
0001
,
1000
0100
1000
0010
0100
0010
0100
0001
,
0010
0000
0001
0000
0100
0000
0010
0000
1000
0000
0100
0000
1000
0000
0001
1000
,
0001
0010
0001
0100
0010
0100
0010
1000
,
0100
1000
0010
0100
0001
0010
0001
1000
,
0001
0010
0001
0100
0010
0100
0010
1000
,
0100
0000
1000
0000
0010
0000
0100
0000
0001
0000
0010
0000
0001
0000
1000
0001
,
1000
0100
1000
0010
0100
0010
0100
0001
,
0010
0001
0100
0010
1000
0100
1000
0001
,
1000
0100
1000
0010
0100
0010
0100
0001
,
0010
0000
0001
0000
0100
0000
0010
0000
1000
0000
0100
0000
1000
0000
0001
1000
,
0010
0010
0100
0100
0010
0010
1000
1000
,
0001
0001
1000
1000
0010
0010
1000
0000
,
1000
0100
1000
0000
0010
0100
0010
0000
1000
0100
1000
0000
0001
0010
0001
0000
,
0010
0000
0001
0000
0100
0000
0010
0000
1000
0000
0010
0000
0100
0010
1000
0000
,
2200
0000
0000
0000
,
3300
0000
0000
0000
;

//---------------dance-single - C. Foy----------------
#NOTES:
     dance-single:
     C. Foy:
     Challenge:
     11:
     1.000,0.000,0.531,0.597,1.000,720.000,64.000,72.000,51.000,0.000,0.000:


0000
0000
0000
0000
,
0000
0000
0000
0000
,
0000
0000
0000
0000
,
0000
0000
1000
0000
0001
0000
0000
1010
0000
0000
0100
0000
1000
0001
0000
0101
,
0000
0000
0001
0000
1000
0000
0000
0110
0000
0000
0010
0000
M22M
0330
0000
0000
,
2MM2
3003
0010
0000
1000
0010
0000
0100
0000
0000
0001
0000
0010
0100
0000
1000
,
0000
0000
0100
0000
0010
0100
0000
1000
0000
0000
0001
0000
0100
0010
0000
1000
,
0000
0000
0001
0000
1000
0010
0000
0100
0000
0000
0001
0000
0010
0100
0000
0000
,
2MMM
0000
0000
0000
0000
0000
0000
0000
0M2M
0000
0000
0000
0000
0000
0000
0000
0000
0000
3030
0000
0000
0000
0000
0000
MM02
0000
0000
0000
0020
0000
0003
0000
0000
M200
0030
0000
0000
0000
200M
0300
0000
0000
00M0
0000
3000
0000
0000
0000
,
0000
1000
0100
0010
0001
0010
0100
1000
0000
0001
0010
0100
1000
0100
0010
0001
,
0000
1000
0010
0100
0001
0100
0010
0001
0000
0001
0010
0100
1000
0100
0010
1000
,
0000
1000
0100
0010
0100
0001
0100
1000
0000
0001
0010
0100
0010
1000
0010
0001
,
0000
1000
0100
0010
0001
0100
0010
1000
0000
1000
0100
1000
0010
0100
0010
1000
,
0000
0001
0010
0001
0100
0010
0100
0001
0000
0100
0001
0100
0010
1000
0010
0100
,
0000
0001
0010
0100
1000
0100
0010
0001
0000
1000
0010
0100
0001
0100
0010
1000
,
0000
1000
0100
0010
0100
0001
0100
1000
0000
1000
0100
0010
0100
0001
0100
1000
,
0000
1000
0100
0010
0001
0100
0010
1000
0000
1000
0010
0100
0001
1000
0010
0100
,
0000
1000
0100
0010
0001
0010
0100
1000
0000
0001
0010
0100
1000
0100
0010
0001
,
0000
1000
0010
0100
0001
0100
0010
1000
0000
0001
0100
0010
1000
0010
0100
0001
,
0000
1000
0010
0100
0010
1000
0100
1000
0000
0010
0100
0001
1000
0100
1000
0100
,
0000
0100
1000
0001
1000
0010
0001
0010
0000
1000
0100
1000
0010
0001
0010
0100
,
0000
0001
1000
0100
0010
0001
0100
0010
0000
1000
0100
0010
0001
0010
0100
1000
,
0000
1000
0010
0100
0001
0100
0010
1000
0000
1000
0010
0100
0001
0100
0010
0000
,
2MM2
0000
0000
3003
M22M
0000
0000
0330
,
2MM2
3003
M22M
0330
2MM2
3003
M22M
0330
,
1000
0010
1000
0001
0100
0010
1000
0001
0000
0000
2001
0000
0001
3002
0000
1003
,
0000
0000
0210
0000
0001
0302
0000
1003
0000
0000
1002
0000
0100
0203
0000
0310
,
0000
0000
1002
0000
0100
0203
0000
0310
0000
0000
2001
0000
0010
3020
0000
0130
,
0000
0000
0012
0000
1000
2003
0000
3010
0000
0000
2100
0000
0001
3002
0000
0003
,
1000
0010
1000
0100
0010
0100
1000
0001
0000
0000
2001
0000
0100
3100
0000
1001
,
0000
0000
1020
0000
0100
0130
0000
1010
0000
0000
0201
0000
0010
0310
0000
1010
,
0000
0000
0012
0000
1000
1003
0000
1100
0000
0000
0201
0000
0010
0310
0000
1010
,
0000
0000
1002
0000
0100
0103
0000
0101
0000
0000
2001
0000
0010
3010
0000
0010
,
1000
0001
0010
0001
1000
0010
0100
0001
0000
1000
0002
0000
0100
0103
0000
0101
,
0000
1000
0002
0000
0100
0103
0000
0101
0000
0001
2000
0000
0010
3010
0000
0000
,
0202
0000
0000
0303
2020
0000
0000
3030
,
0022
0000
0000
0033
0000
0000
2200
0000
0000
3300
0000
0000
2M0M
0000
0020
000M
3000
0200
M030
0002
0000
M303
0000
0000
,
0000
0001
0010
0100
1000
0100
0010
0001
0000
0001
0010
0100
1000
0100
0010
0001
,
0000
0001
0100
0010
1000
0010
0100
0001
0000
0001
0100
0010
1000
0010
0100
0001
,
0000
0001
0100
0010
0100
1000
0100
0001
0000
0001
0100
0010
0100
1000
0100
0001
,
0000
0001
0010
0100
1000
0010
0100
0001
0000
0100
0010
1000
0100
0010
0001
0100
,
0000
0001
0100
0010
1000
0100
0010
0001
0000
0100
0010
0100
0001
0010
0100
1000
,
0000
0001
0100
0010
1000
0010
0100
0001
0000
1000
0010
0100
0010
1000
0010
0100
,
0000
1000
0100
0010
0100
0001
0100
0010
0000
0001
0010
0100
0010
1000
0010
0100
,
0000
1000
0010
0100
0010
0001
0010
0100
0000
0001
0100
0010
0100
1000
0100
0010
,
0000
0001
0010
0100
0010
1000
0010
0100
0000
1000
0100
0010
0100
0001
0100
0010
,
0000
1000
0100
0001
0100
1000
0010
0001
0000
0001
0010
1000
0100
0001
0100
0000
,
2002
0000
0000
3003
2020
0000
0000
3030
,
0202
0303
0220
0330
2200
3300
0022
0033
,
1000
0001
1000
0100
0010
0001
0100
0010
0100
0001
1000
0100
1000
0010
0100
0001
,
1000
0001
0010
0100
1000
0010
1000
0010
0100
0001
1000
0100
0010
0100
1000
0001
,
1000
0100
0010
0100
0001
0100
0010
0100
1000
0100
1000
0001
0100
0010
0100
1000
,
0100
0010
0100
0001
1000
0100
1000
0001
1000
0001
0100
0010
1000
0100
0010
0001
,
1000
0100
0001
0100
0001
0100
1000
0010
0001
0010
0001
0010
1000
0100
0001
0100
,
1000
0100
0001
0100
1000
0100
1000
0010
0001
0010
1000
0010
0001
0010
0001
0010
,
1000
0100
1000
0010
1000
0010
1000
0010
0100
0001
0010
0001
0100
0001
0010
0001
,
1000
0100
0001
0100
0001
0100
1000
0010
0001
0010
0001
0010
1000
0100
0001
0100
,
1000
0010
0001
0010
1000
0100
0010
0100
1000
0010
0100
0010
1000
0001
1000
0001
,
1000
0010
1000
0100
0010
0001
0100
0010
1000
0100
0010
0001
0010
1000
0010
0001
,
1000
0100
1000
0010
0001
0010
1000
0100
0010
0001
0100
0010
1000
0010
1000
0001
,
0100
0010
1000
0001
0010
0100
0010
0100
0010
0100
1000
0001
1000
0001
1000
0000
,
1100
MM1M
0101
MM1M
1100
MMM1
0101
1MMM
,
1100
MM11
1010
1MM1
1100
M11M
0110
11MM
,
1000
0100
1000
0100
1000
0100
1000
0100
1000
0100
1000
0100
1000
0100
1000
0000
,
1100
1001
0110
0101
1001
0011
0110
1100
,
2002
0000
0000
0000
,
3003
0000
0000
0000
;

//---------------dance-double - M. Emirzian----------------
#NOTES:
     dance-double:
     M. Emirzian:
     Easy:
     3:
     0.246,0.000,0.133,0.041,0.000,187.000,16.000,5.000,0.000,0.000,0.000:


00000000
00000000
00000000
00000000
,
00000000
00000000
00000000
00000000
,
00000000
00000000
00000000
00000000
,
00000000
00000000
00000000
00000000
,
00000000
00000000
00000000
10010000
,
01000000
00000000
00100000
00000000
,
00001000
00000000
00010000
00000000
,
00000100
00000000
00001000
00000000
,
00000020
00000000
00000000
00000000
,
00000130
00000001
00000000
00000100
,
00000010
00000000
00000000
00010000
,
00001000
00000000
00000000
01000000
,
00010000
10000000
01000000
00000000
,
00100000
00001000
00000000
00010000
,
00000010
00000000
00000000
00001000
,
00000100
00000000
00000000
00000010
,
00000001
00000000
00000010
00000100
,
00010000
00001000
00000000
00001000
,
01000000
00000000
00000000
00100000
,
10000000
00000000
00000000
01000000
,
00100000
00001000
00010000
00000000
,
00010000
00000100
00000000
00001000
,
00000001
00000000
00000000
00000100
,
00000010
00000000
00000000
00010000
,
00001000
01000000
00010000
10000000
,
01100000
00000000
11000000
00000000
,
00110000
00000000
01001000
00000000
,
00101000
00000000
00011000
00000000
,
00010010
00000000
00010100
00000000
,
00001010
00000000
00000100
00000001
,
00000100
00000000
00000010
00010000
,
00000010
00000000
00010000
00001000
,
00010000
00000000
00001000
01000000
,
00001000
00000000
00100000
10000000
,
00100000
00000000
01000000
00001000
,
01000000
00000000
00010000
00000000
,
00001000
00010000
00011000
00010010
,
00000010
00001000
00000000
00000001
,
00001000
00000001
00000000
00000000
,
00000100
00000010
00000100
00000000
,
00000010
00010000
00000010
00000000
,
00010000
00001000
00010000
00000000
,
00001000
00100000
00001000
00000000
,
01000000
00010000
01000000
00000000
,
00200000
00000000
20300000
00000000
,
30100000
01000000
00001000
00000000
,
00001000
00010000
00001000
00000000
,
00010100
00000000
00011000
00000000
,
00010100
00010000
00000100
00000010
,
00000001
00001000
00000001
00001000
,
00000100
00010000
00001000
00010000
,
00001000
01000000
00010000
01000000
,
00100000
10000000
00100000
10000000
,
01000000
00100000
00010000
00100000
,
00001000
00010000
00001000
00010000
,
00000100
00001000
00000010
00001000
,
00000001
00000100
00000010
00001000
,
00000100
00001000
00000100
00010000
,
00001000
00010000
00001000
01000000
,
00010000
01000000
00100000
10000000
,
00010000
01000000
00010000
01000000
,
00001000
00010000
00001000
00010000
,
00000010
00001000
00000010
00001000
,
00000001
00001000
00000001
00001000
00000001
00001000
00000100
00001000
,
00000100
00001000
00000100
00010000
00001000
00010000
00001000
00000000
,
00022000
00000000
00033000
00000000
;

//---------------dance-double - M. Emirzian----------------
#NOTES:
     dance-double:
     M. Emirzian:
     Medium:
     6:
     0.398,0.000,0.100,0.025,0.012,321.000,12.000,3.000,0.000,0.000,0.000:


00000000
00000000
00000000
00000000
,
00000000
00000000
00000000
00000000
,
00000000
00000000
00000000
00000000
,
00000000
00000000
00000000
00000000
,
00000000
00000000
00000000
01100000
,
10010000
00000000
00000000
00000000
00100000
00000000
00000000
00010000
00000000
00000000
00000000
00000000
00100000
00000000
00000000
00000000
,
00001000
00000000
00000000
00000000
00010000
00000000
00000000
00000100
00000000
00000000
00000000
00000000
00000010
00000000
00000000
00000000
,
00000001
00000000
00000000
00000000
00000100
00000000
00000000
00000010
00000000
00000000
00000000
00000000
00000100
00000000
00000000
00000000
,
00000002
00000000
00000000
00000000
,
00000103
00000010
00000100
00000000
00001000
00000000
00010000
00000000
,
00001000
01000000
00001000
00000000
00010000
00000000
00100000
00000000
,
10000000
00010000
10000000
00000000
01000000
00000000
00010000
00000000
,
00001000
00100000
00001000
00000000
00010000
00000100
00001000
00000001
,
00000100
00000010
00000100
00001000
,
00010000
00000100
00010000
00000000
00001000
00100000
00001000
00000000
,
00010000
01000000
10000000
00100000
,
01000000
00010000
01000000
00100000
10000000
01000000
00010000
00001000
,
00000100
00000000
00000001
00001000
00000001
00000000
00000100
00000010
,
00000100
00000000
00001000
00010000
00001000
00000000
01000000
00010000
,
01000000
00000000
00001000
00100000
00001000
00000000
01000000
00000000
,
00010000
00000000
00100000
00010000
00100000
01000000
10000000
00100000
,
01000000
00000000
00001000
00000000
00010000
00000100
00010000
00000000
,
00001000
00100000
00001000
00000000
00010000
00000000
00000100
00000000
,
00000010
00000000
00000001
00001000
00000001
00000000
00000100
00000010
,
00000100
00000000
00000001
00000000
00001000
00000100
00010000
00001000
,
01000000
00010000
00100000
01000000
,
10000000
00000000
00100000
00000000
01000000
00000000
00001000
00010000
,
00000010
00001000
00000100
00000010
,
00000001
00000000
00000100
00000000
00000010
00001000
00000100
00000000
,
00000100
00000000
00000100
00000000
00000100
00010000
00001000
00000000
,
00001000
00000000
00001000
00000000
00001000
00010000
00100000
00000000
,
00100000
00000000
00100000
00000000
00100000
10000000
01000000
00000000
,
01000000
00000000
01000000
00000000
01000000
00010000
00001000
00000000
,
00011000
00010000
00000100
00000010
,
00000001
00000000
00000100
00000000
00000010
00000100
00000001
00000000
,
00001000
00000100
00010000
00001000
,
01000000
00010000
01100000
11000000
,
10000000
00000000
00100000
00000000
01000000
00001000
00010000
00000010
,
00000000
00000000
00010000
00000000
00000100
00001000
00000010
00000100
,
00000000
00000000
00000001
00000000
00000100
00000010
00010000
00001000
,
00000000
00000000
01000000
00000000
00010000
10000000
01000000
00100000
,
00000000
00000000
00010000
00000000
01000000
00001000
00010000
00000100
,
00000000
00000000
00000010
00000000
00000001
00000100
00000010
00001000
,
00000000
00000000
00000100
00000000
00010000
00001000
01000000
00100000
,
00000000
00000000
10000000
00000000
01000000
00100000
00010000
00100000
,
00001000
00000000
00010000
00001000
00010000
00000000
00000100
00001000
,
00000100
00000000
00000010
00000001
00000010
00000000
00000100
00001000
,
00000100
00000000
00010000
00001000
00010000
00000000
00010000
00001000
,
00100000
00010000
00100000
01000000
10000000
00100000
01000000
00010000
,
10000000
10000000
10010000
01100000
,
00100000
00001000
00011000
00010100
,
00001000
00000010
00000101
00000011
,
00000100
00000000
00001000
00000000
00000010
00000100
00000001
00000010
,
00000100
00000000
00001000
00000010
00000100
00000000
00001000
00010000
,
00000100
00000000
00010000
00001000
01000000
00000000
00100000
00000000
,
10000000
00010000
01000000
00000000
00100000
10000000
01000000
00000000
,
00100000
00001000
00010000
00000000
00000100
00000000
00001000
00000000
,
00000001
00000000
00000010
00000000
00000100
00001000
00000001
00000000
,
00000100
00000010
00000100
00000000
00000010
00010000
00000010
00000000
,
00001000
00000100
00001000
00000000
00000100
00010000
00000100
00000000
,
00010000
00001000
00010000
00000000
01000000
00000000
10000000
00000000
,
00100000
10000000
00010000
01000000
00100000
10000000
01000000
00100000
,
00001000
00010000
00001000
00010000
00000100
00001000
00000010
00000100
,
00000001
00000010
00000100
00001000
00000010
00000100
00000001
00000010
,
00000100
00001000
00000100
00010000
00001000
00100000
00010000
01000000
,
20020000
00000000
30030000
00000000
;

//---------------dance-double - M. Emirzian----------------
#NOTES:
     dance-double:
     M. Emirzian:
     Hard:
     9:
     0.641,0.000,0.531,0.050,0.245,471.000,64.000,6.000,0.000,2.000,0.000:


00000000
00000000
00000000
00000000
,
00000000
00000000
00000000
00000000
,
00000000
00000000
00000000
00000000
,
00000000
00000000
00000000
00000000
,
00000000
00000000
00000000
00101000
,
00010100
00000000
00000010
00000000
00001000
00000000
00000000
00000101
00000000
00000000
00000010
00000000
00001000
00000100
00000000
00000100
,
00000000
00000000
00000010
00000000
00000001
00000000
00000000
00001100
00000000
00000000
00010000
00000000
00001000
01000000
00000000
01000000
,
00000000
00000000
00010000
00000000
00100000
00000000
00000000
11000000
00000000
00000000
00100000
00000000
01000000
00010000
00000000
00010000
,
10000000
00000000
00000000
00000000
02000000
00000000
00000000
00000000
00020000
00000000
00000000
00000000
00001000
03030000
00000000
00000000
,
00010000
01000000
00100000
00001000
00010000
00000010
00001100
00000000
,
00000010
00000000
00000100
00000000
00001000
00000000
00000001
00000000
00000100
00000010
00000100
00000000
00001001
00000000
00000000
00000000
,
00000100
00000010
00000100
00010000
00001000
01000000
00110000
00000000
,
01000000
00000000
10000000
00000000
00100000
00000000
01000000
00000000
00010000
10000000
00010000
00000000
10010000
00000000
11000000
00000000
,
00100000
00010000
01000000
00001000
00010000
00000100
00001010
00000000
,
00000100
00000000
00000001
00000000
00000010
00000000
00000100
00000000
00001000
00000001
00001000
00000000
00001100
00000000
00000000
00000000
,
00000010
00010000
00001000
00000100
00000010
00010000
00001100
00000000
,
00000010
00000000
00010000
00000000
00001000
00000000
01000000
00000000
00010000
10000000
00010000
00000000
00110000
00000000
10010000
00000000
,
01000000
00100000
10000000
01000000
00100000
01000000
00010000
00001000
,
01000000
00000000
00001000
00000000
00000100
00000000
00000001
00000000
00000010
00000100
00000010
00000000
00001001
00000000
00000000
00000000
,
00000010
00001000
00000100
00001000
00000010
00010000
00000100
00001000
,
00000010
00000100
00000010
00000000
00010000
00000000
00001000
00000000
01000000
00010000
01000000
00000000
01010000
00000000
10010000
00000000
,
00100000
10000000
01000000
00100000
00010000
01000000
10100000
00000000
,
01000000
00000000
00100000
00000000
00001000
00000000
00010000
00000000
00000010
00001000
00000010
00000000
00001010
00000000
00001000
00000000
,
00001001
00000010
00001100
00010000
,
00011000
00000000
01001000
00000000
01100000
10000000
00010000
01000000
,
00100000
00000000
10000000
00000000
00010000
00000000
00000000
01010000
00000000
00000000
00100000
00000000
10000000
00000000
01000000
00000000
,
00100000
00000000
00001000
00000000
01000000
00000000
00000000
00011000
00000000
00000000
00000010
00000000
00000100
00000000
00001000
00000000
,
00000010
00000000
00000100
00000000
00000001
00000000
00000000
00001001
00000000
00000000
00000010
00000000
00010000
00000000
00001000
00000000
,
00000100
00000000
00001000
00000000
00010000
00000000
00000000
01001000
00000000
00000000
01000000
00000000
00100000
00000000
10000000
00000000
,
01000000
00000000
00100000
00000000
00001000
00000000
00000000
01010000
00000000
00000000
00100000
00000000
01000000
00000000
00010000
00000000
,
00001000
00000000
00010000
00000000
00000010
00000000
00000000
00001100
00000000
00000000
00000010
00000000
00000001
00000000
00000100
00000000
,
00000010
00000000
00010000
00000000
00000100
00000000
00000000
00011000
00000000
00000000
01000000
00000000
00100000
00000000
01000000
00000000
,
00010000
00000000
00100000
00000000
01000000
00000000
00000000
10010000
00000000
00000000
01000000
00000000
00100000
00000000
01000000
00000000
,
00001000
00000000
00010000
00000000
00000100
00000000
00000000
00010010
00000000
00000000
00001100
00000000
00001001
00000000
00000100
00000000
,
00000010
00000000
00001000
00000000
00000100
00000000
00000000
00000011
00000000
00000000
00001001
00000000
00001010
00000000
00010000
00000000
,
00001000
00000000
01000000
00000000
00010000
00000000
00000000
10100000
00000000
00000000
11000000
00000000
10010000
00000000
01000000
00000000
,
00200000
00000000
00000000
00000000
00020000
00000000
00000000
00000000
01000000
00330000
00000000
00000000
00100000
00000000
00000000
00000000
,
00011000
00000100
00001000
00000010
00000000
00000100
00000001
00001001
,
00000100
00000000
00000010
00000000
00001000
00000000
00000100
00000000
00000010
00000001
00000010
00000000
00001001
00000000
00000000
00000000
,
00000010
00001000
00000100
00010100
00000000
00010000
00001000
01001000
,
01000000
00000000
00010000
00000000
00100000
00000000
01000000
00000000
10000000
00010000
10000000
00000000
00100000
00000000
01000000
00000000
,
00001000
00010000
00100000
01000000
00001000
00010000
00000010
00010010
,
00010000
00000000
00000100
00000000
00000010
00000000
00000001
00000000
00001000
00000010
00001000
00000000
00000100
00000000
00000010
00000000
,
00000001
00000100
00000010
00010010
00000000
00010000
00001000
01001000
,
01000000
00000000
00010000
00000000
00100000
00000000
01000000
00000000
10000000
00010000
10000000
00000000
00100000
00000000
00010000
00000000
,
00001000
01000000
00010000
00101000
00000000
00010000
00001000
00010010
,
00000010
00000000
00000100
00000000
00000001
00000000
00000010
00000000
00000100
00001000
00000100
00000000
00001001
00000000
00000100
00000000
,
00000110
00000100
00010010
00001000
,
00010100
00011000
01100000
10100000
,
10000000
00100000
01000000
00100000
00010000
00001000
00100000
00001000
,
00010000
01000000
00010000
00000010
00001000
00000100
00000010
00001000
,
00010000
00100000
00010000
00000100
00001000
00000001
00000100
00000010
,
00010000
00100000
10000000
01000000
00100000
00010000
01010000
00000000
,
10000000
00000000
01000000
00000000
00100000
00000000
00010000
00000000
10000000
00100000
01000000
00000000
00010000
00000000
00100000
00000000
,
00001000
00000000
00010000
00000000
00000010
00000000
00010000
00000000
00000100
00001000
00000100
00000000
00000010
00000000
00000001
00000000
,
00001000
00000000
00000010
00000000
00010000
00000000
00001000
00000000
01000000
00010000
01000000
00000000
00100000
00000000
10000000
00000000
,
01000000
00000000
00100000
00000000
00001000
00000000
01000000
00000000
00100000
01000000
00010000
00000000
10010000
00000000
00000000
00000000
,
10000000
00000000
01000000
00000000
00100000
00000000
00001000
00000000
00010000
00000100
00001000
00000000
00000010
00000000
00000100
00000000
,
00000001
00000010
00000100
00000000
00001000
00000000
00000010
00000000
00001000
00000100
00010000
00000000
00000100
00000000
00001000
00000000
,
00000010
00000100
00000001
00000000
00000010
00000000
00000100
00000000
00010000
00001000
01000000
00000000
00100000
00000000
10000000
00000000
,
01000000
00100000
00010000
00000000
01000000
00000000
00100000
00000000
10000000
00010000
01000000
00000000
01001000
00000000
00011000
00000000
,
00001000
01000000
10000000
01000000
00100000
00010000
00000100
00001000
,
00000010
00000001
00000010
00010000
00001000
01000000
00100000
10000000
,
01000000
00100000
01000000
10000000
01000000
00100000
00010000
00100000
00010000
10000000
00100000
01000000
00100000
01000000
00010000
00000000
,
10000000
00010000
10000000
00010000
01000000
00001000
01000000
00001000
00010000
00001000
00010000
00000010
00001000
00000100
00000010
00000001
,
00002002
00000000
00003003
00000000
;

//---------------dance-double - M. Emirzian----------------
#NOTES:
     dance-double:
     M. Emirzian:
     Challenge:
     10:
     0.790,0.000,0.680,0.017,0.614,583.000,82.000,2.000,2.000,1.000,0.000:


00000000
00000000
00000000
00000000
,
00000000
00000000
00000000
00000000
,
00000000
00000000
00000000
00000000
,
00000000
00000000
00000000
00000000
,
00000000
00000000
00000000
00001010
,
01010000
00000000
00100000
00000000
00001000
00000000
00000000
00011000
00000000
00000000
00100000
00000000
00001000
00010000
00000000
00010000
,
00000100
00000000
00001000
00000000
00000010
00000000
00000000
00000101
00000000
00000000
00000010
00000000
00000100
00001000
00000000
00001000
,
00000010
00000000
00000100
00000000
00000001
00000000
00000000
00001001
00000000
00000000
00000100
00000000
00000010
00010000
00000000
00010000
,
00001000
00000000
00000000
00000000
00020000
00000000
00000000
00000000
00200000
00000000
00000000
00000000
10000000
00330000
00000000
00000000
,
10000000
01000000
00100000
00000000
10010000
00000000
11000000
00000000
00000000
00100000
00010000
00000000
01000000
00000000
00001000
00000000
,
00000000
00010000
00000100
00000000
00001100
00000000
00001001
00000000
00000000
00000010
00000001
00000000
00000100
00000000
00000010
00000000
,
00001000
00000001
00000100
00000000
00000110
00000000
00001001
00000000
00000000
00000010
00010000
00000000
00011000
00000000
00101000
00000000
,
00000000
00010000
00100000
00000000
01100000
00000000
10010000
00000000
00000000
00100000
10000000
00000000
01000000
00000000
00100000
00000000
,
00010000
10000000
01000000
00000000
00110000
00000000
00101000
00000000
00000000
00010000
00001000
00000000
00000100
00000000
00000001
00000000
,
00000000
00000010
00000100
00000000
00001001
00000000
00000110
00000000
00000000
00000010
00001000
00000000
00000100
00000000
00000010
00000000
,
00000001
00001000
00000100
00000000
00001010
00000000
00010010
00000000
00001000
00010000
00001000
00000000
01000000
00000000
00100000
00000000
,
01000000
00010000
00100000
00000000
01100000
00000000
10010000
00000000
10000000
00010000
00100000
00000000
00101000
00000000
00011000
00000000
,
00001000
00010000
00000100
00000000
00010100
00000000
00001100
00000000
00000000
00000010
00000001
00000000
00000100
00000000
00000010
00000000
,
00000000
00001000
00000100
00000000
00000011
00000000
00001001
00000000
00000000
00000100
00000010
00000000
00001000
00000000
00000100
00000000
,
00010000
00001000
00100000
00000000
01001000
00000000
01010000
00000000
00000000
00100000
10000000
00000000
01000000
00000000
00100000
00000000
,
00000000
00010000
01000000
00000000
00110000
00000000
00101000
00000000
00000000
00010000
01000000
00000000
00100000
00000000
10000000
00000000
,
01000000
10000000
00010000
00000000
00110000
00000000
00101000
00000000
00000000
00010000
00001000
00000000
00000010
00000000
00000001
00000000
,
00000000
00000100
00000010
00000000
00001001
00000000
00000110
00000000
00000000
00000010
00000001
00000000
00000100
00000000
00000010
00000000
,
00001001
00000100
00000010
00001000
00001100
00010000
00001000
01000000
,
01010000
00100000
10010000
01000000
01100000
00100000
00101000
00110000
,
01000000
10000000
00010000
00000000
00100000
00000000
00010000
01000000
00000000
01000000
00001000
00000000
00010000
00000000
00000010
00000000
,
00001000
00000001
00000100
00000000
00000010
00000000
00000100
00000001
00000000
00000001
00000010
00000000
00000100
00000000
00001100
00000000
,
00000010
00000100
00000001
00000000
00000010
00000000
00000100
00010000
00000000
00010000
00001000
00000000
01000000
00000000
01100000
00000000
,
01000000
00010000
10000000
00000000
01000000
00000000
00100000
00010000
00000000
00010000
01000000
00000000
00100000
00000000
10000000
00000000
,
01000000
00100000
00010000
00000000
01000000
00000000
00001000
00010000
00000000
00010000
00000100
00000000
00000010
00000000
00000011
00000000
,
00000100
00000010
00001000
00000000
00000100
00000000
00000010
00000001
00000000
00000001
00000100
00000000
00000010
00000000
00001000
00000000
,
00000100
00010000
00001000
00000000
00100000
00000000
01000000
10000000
00000000
10000000
00100000
00000000
01000000
00000000
00010000
00000000
,
00100000
01000000
10000000
00000000
00010000
00000000
01000000
00100000
00000000
00100000
10000000
00000000
01000000
00000000
00100000
00000000
,
00001000
00010000
00000100
00000000
00000010
00000000
00000010
00000001
00000000
00000001
00000100
00000000
00000100
00001000
00000000
00001000
,
00010000
00100000
10000000
00000000
10000000
00000000
01000000
00010000
00000000
00010000
00001000
00000000
00001000
00000100
00000000
00000100
,
00000001
00000010
00000100
00000000
00001001
00000000
00000000
00000000
00011000
00000000
01000000
00000000
00010000
00000000
00100000
00000000
,
11000000
00010000
01010000
00100000
01100000
01000000
01001000
00010000
,
01000000
00100000
10000000
00000000
00010000
00000000
00100000
00000000
01000000
00000000
10000000
00000000
00100000
00000000
01000000
00000000
,
00001000
00010000
00000100
00000000
00010000
00000000
00000010
00000000
00000100
00000000
00000001
00000000
00000010
00000000
00001001
00000000
,
00000100
00000010
00000001
00000000
00001000
00000000
00000001
00000000
00000100
00000000
00000010
00000000
00010000
00000000
00000100
00000000
,
00010000
00001000
00100000
00000000
00001000
00000000
01001000
00000000
01000000
00000000
00010000
00000000
10010000
00000000
01100000
00000000
,
10000000
00010000
01000000
00000000
00100000
00000000
01000000
00000000
00001000
00000000
00000010
00000000
00000001
00000000
00000100
00000000
,
00000010
00001000
00000100
00000000
00000010
00000000
00001001
00000000
00000100
00000000
00000010
00000000
00001000
00000000
00010010
00000000
,
00010000
00001000
00100000
00000000
00001000
00000000
01000000
00000000
00010000
00100000
01000000
00000000
10000000
00000000
01100000
00000000
,
00010000
01000000
00100000
00000000
10000000
00000000
01000000
00000000
00100000
00010000
01000000
00000000
00001000
00010000
00000010
00001000
,
00000100
00000010
00000001
00000000
00000010
00000000
00001001
00000000
00000000
00000010
00001000
00000000
00000100
00000000
00000011
00000000
,
00000100
00000010
00010000
00000000
00001000
00000000
01001000
00000000
00000000
00100000
00010000
00000000
01000000
00000000
10010000
00000000
,
01100000
01000000
10000000
00100000
10010000
10000000
01000000
00100000
,
00110000
00001000
00011000
00000010
00010010
00001000
00001010
00000100
,
00000010
00000001
00000100
00000000
00000010
00000000
00001000
00000000
00000100
00000000
00000010
00000000
00001001
00000000
00000010
00000000
,
00000100
00000001
00000010
00000000
00000100
00000000
00001000
00000000
00000010
00000000
00010000
00000000
00011000
00000000
01000000
00000000
,
10000000
00010000
01000000
00000000
00100000
00000000
10000000
00000000
01000000
00000000
00100000
00000000
00110000
00000000
01000000
00000000
,
10000000
00010000
01000000
00000000
00001000
00000000
00010000
00000000
00000010
00001000
00000100
00000000
00001001
00000000
00000110
00000000
,
00000001
00000100
00000010
00000000
00001000
00000000
00000100
00000000
00000010
00000001
00000100
00000000
00000010
00000000
00010000
00000000
,
00001000
01000000
00010000
00100000
01000000
10000000
01000000
00000000
10000000
00010000
01000000
00000000
00100000
10000000
01000000
00000000
,
00100000
00010000
01000000
00100000
10000000
01000000
00100000
00000000
00001000
00010000
00000010
00001000
00000100
00000000
00000010
00000000
,
00000001
00000100
00000010
00000000
00010000
00000100
00000010
00000000
00000001
00000100
00000010
00000000
00010000
00001000
00000010
00000000
,
00000100
00001000
00000010
00000000
00010000
00001000
00100000
00000000
01000000
10000000
00010000
00000000
01000000
00100000
10000000
00000000
,
01000000
00100000
00001000
00000000
00010000
00001000
00000010
00000000
00000100
00000010
00000001
00000000
00000100
00000010
00010000
00000000
,
00001000
00010000
00100000
00000000
01000000
00010000
10000000
00000000
01000000
00100000
00010000
00000000
01000000
00001000
00010000
00000000
,
00000010
00001000
00000100
00000000
00000010
00000001
00000100
00000000
00001000
00010000
00000100
00000000
00000010
00001000
00010000
00000000
,
01001000
00000000
00010000
00000000
01010000
00000000
00100000
00000000
10010000
00000000
01000000
00100000
00010000
01000000
00100000
10000000
,
10010000
00000000
00100000
00000000
00101000
00000000
00010000
00000000
00010100
00000000
00000010
00000100
00000001
00000010
00000100
00001000
,
00000010
00010000
00000100
00001000
00000010
00000100
00000001
00000010
00000100
00001000
00000010
00010000
00001000
01000000
00100000
10000000
,
00010000
00100000
01000000
10000000
00100000
01000000
00010000
10000000
01000000
00100000
00001000
00010000
00000100
00000010
00000001
00001000
,
00001001
00000000
00000000
0000M00M
00000000
00000000
00000000
00000000
00000000
00000000
00000000
00000000
00000000
00000000
00000000
00000000
;

//---------------lights-cabinet - ----------------
#NOTES:
     lights-cabinet:
     :
     Easy:
     1:
     1.000,0.000,1.000,0.108,0.241,465.000,234.000,13.000,0.000,207.000,0.000:


00000000
00000000
00000000
00000000
,
00000000
00000000
00000000
00000000
,
00000000
00000000
00000000
00000000
,
00000000
00000000
00000000
00000000
,
00000000
00000000
00000000
11000011
,
00110011
00000000
00000000
00000000
00010000
00000000
00000000
00010000
00000000
00000000
00000000
00000000
01000000
00000000
00000000
00000000
,
00100000
00000000
00000000
00000000
10010000
00000000
00000000
10010000
00000000
00000000
00000000
00000000
01100000
00000000
00000000
00000000
,
10010000
00000000
00000000
00000000
01100000
00000000
00000000
10010000
00000000
00000000
00000000
00000000
01100000
00000000
00000000
00000000
,
20020011
30030000
02200000
13310000
,
10000011
00000000
00010000
00000000
10000011
00000000
00100000
00000000
01000011
00010000
00100000
00000000
00010011
00000000
01000000
00000000
,
00100011
00000000
10000000
00000000
01000011
00000000
10000000
00000000
00100011
01000000
00010000
00000000
00100011
00000000
00010000
00000000
,
01000011
00000000
00100000
00000000
10000011
00000000
01000000
00000000
10000011
01000000
00010000
00000000
10000011
00000000
01000000
00000000
,
00010011
00100000
00010011
01000000
00100011
01000000
10010011
00000000
,
01000011
00000000
00100000
00000000
00010011
00000000
01000000
00000000
00100011
10000000
01000000
00000000
10000011
00000000
00100000
00000000
,
01000011
00000000
00010000
00000000
00100011
00000000
00010000
00000000
01000011
00100000
10000000
00000000
00100011
00000000
10000000
00000000
,
01000011
00000000
10000000
00000000
00100011
00000000
01000000
00000000
00010011
00100000
10000000
00000000
01000011
00000000
00100000
00000000
,
10000011
01000000
10000011
00100000
01000011
00010000
02000011
00000000
,
03100011
00000000
00000000
10000000
00000011
00000000
00100000
00000000
00000011
01000000
00100000
00000000
01000011
00000000
00010000
00000000
,
00100011
00000000
00000000
00010000
00000011
00000000
01000000
00000000
00000011
00100000
10000000
00000000
01000011
00000000
00010000
00000000
,
10000011
00000000
00000000
00100000
00000011
00000000
01000000
00000000
00000011
00010000
00100000
00000000
00010011
00000000
01000000
00000000
,
00100011
00000000
00000000
01000000
00000011
00000000
00010000
00000000
00000011
00100000
00010000
00000000
01000011
00000000
00100000
00000000
,
10000011
01000000
10000011
00100000
01000011
00100000
01000011
00010000
,
00100011
00010000
01000011
00100000
10000011
01000000
10000011
00010000
,
01100011
10010000
01100011
00010000
,
10010011
00000000
01100011
00000000
10010011
00000011
11110011
00000000
,
00010011
01000000
00000000
01000000
00100000
00000000
00000000
00000000
01000011
00000000
00100000
00000000
10000000
00000000
00000000
00000000
,
00100011
01000000
00000000
10000000
00010000
00000000
00000000
00000000
00100011
00000000
00010000
00000000
01000011
00000000
00000000
00000000
,
00100011
01000000
00000000
00010000
00100000
00000000
00000000
00000000
10000011
00000000
01000000
00000000
10000000
00000000
00000000
00000000
,
01000011
10000000
00000000
00010000
10000000
00000000
00100000
00000000
01000011
00000000
00100011
00000000
00010011
00000000
00000000
00000000
,
01000011
00100000
10000000
00000000
01000011
00100000
01000000
00000000
,
10000011
00100000
00000000
01000000
00010000
00000000
10000000
00000000
00100011
00000000
01000000
00000000
00100011
00000000
00000000
00000000
,
00010011
01000000
00000000
00010000
10000000
00000000
00000000
00000000
00100011
00000000
01000000
00000000
00010000
00000000
00000000
00000000
,
01000011
10000000
00000000
00100000
01000000
00000000
00010000
00000000
10000011
00000000
00100011
00000000
01000011
00010000
10000000
00000000
,
00100011
01000000
10000000
00100000
01000011
00010000
00100000
00010000
,
01000011
00100000
10000000
01000000
10000011
00100000
01000000
00010000
,
00110011
10000000
11000011
00100000
,
10010011
00000000
01100011
00000000
20020011
00000000
31130011
00000011
,
10000011
00000000
01000000
00000000
10000011
00000000
00100000
00000000
01000011
00100000
10000000
00000000
00100011
00000000
01000000
00000000
,
00010011
00000000
00100000
00000000
00010011
00000000
01000000
00000000
00100011
10000000
01000000
00000000
10000011
00000000
00100000
00000000
,
01000011
00000000
00010000
00000000
00100011
00000000
00010000
00000000
01000011
00100000
10000000
00000000
01000011
00000000
10000000
00000000
,
00100011
01000000
00010011
00100000
00010011
10000000
00020011
00000000
,
01030011
00000000
00100000
00000000
10000011
00000000
00100000
00000000
01000011
00010000
00100000
00000000
00010011
00000000
01000000
00000000
,
00100011
00000000
10000000
00000000
01000011
00000000
10000000
00000000
00100011
01000000
00010000
00000000
00100011
00000000
00010000
00000000
,
01000011
00000000
00100000
00000000
10000011
00000000
01000000
00000000
10000011
00010000
01000000
00000000
00100011
00000000
01000000
00000000
,
00010011
00100000
00010011
01000000
00100011
10000011
00020011
00000000
,
10030011
00000000
00000000
01000000
00000011
00000000
00100000
00000000
00000011
01000000
00000000
00000000
00010011
00000000
00000000
00000000
,
00100011
00000000
00000000
00010000
00000011
00000000
01000000
00000000
00000011
00100000
00000000
00000000
10000011
00000000
00000000
00000000
,
10010011
01000000
01100011
00100000
,
10010011
11000011
00110011
11110011
,
10000011
01000000
10000011
00100000
01000011
00100000
01000011
00010000
,
00100011
00010000
01000011
00100000
10000011
01000000
10000011
00010000
,
10000011
01000000
10000011
00100000
01000011
00100000
01000011
00010000
,
00100011
00000000
00010000
00000000
01000011
00000000
00100000
00000000
10000011
00000000
01000000
00000000
10000011
00000000
00010000
10000000
,
00010011
00100000
00010011
01000000
00100011
01000000
00100011
10000000
,
01000011
10000000
00100011
01000000
00010011
00100000
00010011
10000000
,
00010011
00100000
00010011
01000000
00100011
01000000
00100011
10000000
,
01000011
00000000
10000000
00000000
00100011
00000000
01000000
00000000
00010011
00000000
00100000
00000000
00010011
00000000
10000000
00010000
,
00100011
01000000
10000011
00100000
01000011
00100000
01000011
00010000
,
00100011
00010000
01000011
00100000
10000011
01000000
10000011
00010011
,
10000011
01000000
10000000
00100000
01000011
00100000
01000000
00010000
,
00100011
00010000
01000000
00100000
01000011
10010000
01100000
10010000
,
00100011
00100011
01000011
01000011
00100011
00100011
10000011
10000011
,
00010011
00010011
10000011
10000011
00100011
00100011
10000011
10000000
,
00010011
00100000
01000011
10000000
00010011
00100000
01000011
10000000
00010011
00100000
01000011
10000000
00010011
00100000
01000011
10000000
,
00010011
00100000
01000000
10000000
00010011
00100000
01000000
10000000
00010011
00100000
01000011
10000000
01100011
00000000
10010000
00000000
,
22220011
00000000
33330000
00000000
;

//---------------dance-single - M. Puls----------------
#NOTES:
     dance-single:
     M. Puls:
     Beginner:
     1:
     0.076,0.000,0.017,0.000,0.000,62.000,2.000,0.000,0.000,0.000,0.000:


0000
0000
0000
0000
,
0000
0000
0000
0000
,
0000
0000
0000
0000
,
0000
0000
0000
0000
,
0000
0000
0000
0000
,
0100
0000
0000
0000
,
0000
0000
0000
0000
,
0010
0000
0000
0000
,
1000
0000
0000
0000
,
0001
0000
0000
0000
,
0010
0000
0000
0000
,
0001
0000
0000
0000
,
0001
0000
0000
0000
,
1000
0000
0000
0000
,
0100
0000
0000
0000
,
1000
0000
0000
0000
,
1000
0000
0000
0000
,
0010
0000
0000
0000
,
0100
0000
0000
0000
,
0010
0000
0000
0000
,
1000
0000
0000
0000
,
0001
0000
0000
0000
,
1000
0000
0000
0000
,
0001
0000
1000
0000
,
0001
0000
0000
0000
,
1001
0000
0000
0000
,
1000
0000
0000
0000
,
0001
0000
0000
0000
,
0001
0000
0000
0000
,
0100
0000
0000
0000
,
0001
0000
0000
0000
,
1000
0000
0000
0000
,
1000
0000
0000
0000
,
0100
0000
0000
0000
,
0001
0000
0000
0000
,
1000
0000
0000
0000
,
0001
0000
0000
0000
,
1000
0000
0000
0000
,
1000
0000
0000
0000
,
0100
0000
0000
0000
,
1000
0000
0000
0000
,
1000
0000
0000
0000
,
0001
0000
0000
0000
,
0001
0000
0000
0000
,
0010
0000
0000
0000
,
0001
0000
0000
0000
,
0001
0000
0000
0000
,
1000
0000
0000
0000
,
0001
0000
1000
0000
,
0001
0000
0000
0000
,
0100
0000
0000
0000
,
0100
0000
0000
0000
,
0100
0000
0000
0000
,
0010
0000
0000
0000
,
0010
0000
0000
0000
,
0010
0000
0000
0000
,
1000
0000
0000
0000
,
0001
0000
0000
0000
,
0100
0000
0000
0000
,
0010
0000
0000
0000
,
1000
0000
0000
0000
,
0001
0000
0000
0000
,
1000
0000
0000
0000
,
0001
0000
0000
0000
,
1000
0000
0000
0000
,
1001
0000
0000
0000
;
