#TITLE:Disconnected;
#SUBTITLE:-Mobius-;
#ARTIST:Inspector K;
#TITLETRANSLIT:;
#SUBTITLETRANSLIT:;
#ARTISTTRANSLIT:;
#GENRE:;
#CREDIT:;
#BANNER:Disconnected -Mobius--banner.png;
#BACKGROUND:Disconnected -Mobius--bg.png;
#LYRICSPATH:;
#CDTITLE:;
#MUSIC:Disconnected -Mobius-.ogg;
#OFFSET:-0.000;
#SAMPLESTART:82.280;
#SAMPLELENGTH:15.880;
#SELECTABLE:YES;
#BPMS:0.000=175.000,205.000=87.500,221.000=175.000;
#STOPS:44.000=1.020
;
#BGCHANGES:0.000=Disconnected -Mobius--bg.png=1.000=0=0=1=====,
8.000=vis_EV01440N.mpg=1.000=1=0=1===CrossFade==,
16.000=700_JumpBack.mpg=1.000=0=0=1=====,
32.000=728_JumpBack.mpg=1.000=0=0=1=====,
44.000=vis_VOL1-17-NTSC.mpg=1.000=0=0=1=====,
45.000=675_JumpBack.mpg=1.000=0=0=1=====,
61.000=EV01440N.mpg=1.000=0=0=1=====,
77.000=EV01453N.mpg=1.000=0=0=1=====,
93.000=EV01455N.mpg=1.000=0=0=1=====,
109.000=VOL1-40-NTSC.mpg=1.000=0=0=1=====,
125.000=EV01446N.mpg=0.900=0=0=1=====,
141.000=EV01448N.mpg=1.000=0=0=1=====,
157.000=EV01441N.mpg=1.000=0=0=1=====,
173.000=EV01446N.mpg=1.000=0=0=1=====,
189.000=jb_053.mpg=1.000=0=0=1=====,
205.000=vis_VOL1-17-NTSC.mpg=1.000=0=0=1=====,
213.000=vis_vol4-20-ntsc.mpg=1.000=1=0=1===CrossFade==,
221.000=675_JumpBack.mpg=1.000=0=0=1=====,
237.000=736_JumpBack.mpg=1.000=0=0=1=====,
253.000=666_JumpBack.mpg=1.000=0=0=1=====,
269.000=689_JumpBack.mpg=1.000=0=0=1=====,
285.000=EV01441N.mpg=1.400=1=0=1===CrossFade==,
317.000=Disconnected -Mobius--bg.png=1.000=0=0=1=====,
319.500=Disconnected -Mobius--bg.png=1.000=0=0=1=====,
99999=-nosongbg-=1.000=0=0=0 // don't automatically add -songbackground-
;
#KEYSOUNDS:;
// cache tags:
#FIRSTBEAT:8.000;
#LASTBEAT:319.500;
#SONGFILENAME:/Songs/In The Groove/Disconnected -mobius-/Disconnected -Mobius-.sm;
#HASMUSIC:1;
#HASBANNER:1;
#MUSICLENGTH:117.376;
// end cache tags

//---------------dance-single - K. Ward----------------
#NOTES:
     dance-single:
     K. Ward:
     Hard:
     8:
     0.581,0.000,0.187,0.290,0.141,421.000,22.000,34.000,33.000,0.000,0.000:


0000
0000
0000
0000
,
0000
0000
0000
0000
,
0000
0000
0000
0000
,
0000
0000
0000
0000
,
0001
0100
0100
0000
0001
0100
0100
0000
,
0001
0010
0100
1000
0010
0100
0001
0000
,
1000
0100
0100
0000
1000
0100
0100
0000
,
1000
0010
0100
0001
0100
0010
1000
0000
,
0001
0100
0100
0000
0001
0100
0100
0000
,
0001
0100
0010
1000
0100
1000
0010
0000
,
1000
0100
0100
0000
1000
0100
0100
0000
,
1001
0000
0010
0001
0100
0000
0100
0001
,
0100
0000
0010
1000
0010
0100
0010
1000
,
0010
0000
0100
0001
0100
0000
0010
1000
,
0001
0100
0002
1000
0000
0100
0000
1003
,
0000
0000
0001
0010
0001
0000
0100
0010
,
1000
0000
1000
0010
1000
0001
0100
0010
,
0000
0000
0100
0010
0100
0001
0100
0001
,
1000
2000
0000
0000
,
3000
0000
0001
0100
0010
1000
0001
0100
,
0010
1000
0020
0000
0000
0000
0100
0000
,
0130
0000
0001
0100
0010
0100
0001
1000
,
0010
1000
0002
0000
0000
0000
0010
0000
,
0013
0002
1003
2000
,
3001
0000
0002
0000
0103
0010
0100
0010
,
0000
0000
1000
0001
0100
0001
0010
0001
,
0100
0001
1000
0000
0000
0000
0011
0000
,
0000
0000
0110
0000
1001
0000
0001
0100
,
0001
1000
1100
0000
0110
0000
0010
0100
,
0010
0100
0110
0000
0011
0000
0001
0010
,
0001
1000
0001
0000
1100
0000
0001
0000
,
1100
0000
0110
0000
1001
0000
0001
0100
,
0001
1000
1100
0000
0110
0000
0010
0100
,
0010
0100
0110
0000
0011
0000
0001
0010
,
0001
0100
0001
0000
1100
0000
0001
0000
,
1100
0000
0010
0000
1000
0000
0002
1000
,
0003
2000
0010
3000
0020
0100
0030
0200
,
0001
0310
0001
0000
0001
0000
2000
0001
,
3000
0002
0100
0003
0200
0010
0300
0010
,
1000
0010
1000
0000
1000
0000
0100
1000
,
0000
2000
0010
3000
0020
0100
0030
0100
,
0001
0100
0001
0000
0010
0000
0001
0100
,
0001
0100
0010
0000
1000
0000
0001
0000
,
1000
0000
0000
000M
0010
0000
1000
000M
0100
0000
0000
M000
0100
0000
0001
0000
,
0100
0000
0000
000M
0010
0000
1000
0M00
0010
0000
0000
0000
0100
M000
0001
0000
,
0100
0000
0000
0000
0010
000M
1000
0000
0010
0000
0000
0000
0100
M000
0001
0000
,
0100
0000
0000
0000
0010
000M
1000
0000
0010
M000
0000
0000
0100
0000
00M1
0000
,
0100
0000
0001
0000
1000
0000
0010
0000
1000
000M
0000
0000
0100
M000
0001
0000
,
0010
0000
0000
0000
0100
000M
1000
0000
0010
0000
M000
0000
0100
0000
0001
M000
,
0010
0000
0000
000M
0100
0000
1000
000M
0010
0000
M000
0000
0100
0000
0001
0000
,
0010
0000
000M
0000
0100
0000
1000
0000
0010
M000
0100
0000
0010
0000
0000
0000
,
0110
0000
0000
0000
0001
0000
0001
0000
1000
0000
0000
0010
0100
0010
0100
0000
,
0001
0000
0000
0000
1000
0000
1000
0000
0001
0000
0000
0100
0010
0100
0010
0000
,
1000
1000
0100
0000
0010
0000
0001
1000
,
1100
0000
1000
0000
0011
0000
0001
1000
,
0110
0010
1000
0000
1000
0000
0002
1000
,
0003
2000
0010
3000
0020
0100
0030
0200
,
0001
0300
0001
0000
0001
0000
2000
0001
,
3000
0002
0100
0003
0200
0010
0300
0010
,
1000
0010
0010
0000
1000
0000
0100
1000
,
0000
2000
0010
3000
0020
0100
0030
0100
,
0002
1000
1003
0000
1000
0000
0001
0100
,
0001
0000
0100
0000
0002
0000
0000
0000
0000
0000
0003
0000
1000
000M
0000
0000
,
1000
0000
0000
0000
0001
0000
0010
0001
0010
0000
0000
0000
0001
0000
1000
0000
,
0001
0010
0000
0010
0001
1000
0010
0100
,
0010
0000
0000
0000
1000
0000
0100
1000
0100
0000
0000
0000
1000
0000
0001
0000
,
1000
0100
0000
0100
1000
0001
0100
0010
,
0100
0000
0000
0000
0001
0000
0010
0001
0010
0000
0000
0000
0001
0000
1000
0000
,
0001
0010
0000
0010
0001
1000
0010
0100
,
0010
0000
0000
0000
1000
0000
0100
1000
0100
0000
0000
0000
1000
0000
0001
0000
,
1000
0100
0000
0100
1000
0010
0100
0001
,
0010
0000
0001
0000
2000
0000
0000
0000
0000
0000
0000
0000
3001
0000
0000
M000
,
0100
0000
0000
0000
0020
0000
0000
0000
0000
0000
0000
0000
0130
0000
0000
0MM0
,
0000
0000
0002
0000
0000
0000
1000
0003
,
1000
000M
0000
M000
0010
0000
0000
0000
0100
0000
0000
0000
0020
0000
0000
0000
,
0000
0M00
0000
0000
1030
0000
000M
0000
0010
0000
0000
0000
1000
0000
0010
0000
,
0000
0000
0010
0000
2000
0000
0000
0000
0000
0000
3000
0000
0020
M00M
0000
0000
,
0130
0000
0001
0000
0100
0000
0001
0100
,
0000
000M
0100
0000
0002
0000
0000
0000
0000
0000
0M03
0000
0010
0000
0000
0000
,
0001
1000
0000
0000
;

//---------------dance-single - M. Puls----------------
#NOTES:
     dance-single:
     M. Puls:
     Medium:
     5:
     0.416,0.000,0.162,0.375,0.000,279.000,19.000,44.000,0.000,0.000,0.000:


0000
0000
0000
0000
,
0000
0000
0000
0000
,
0000
0000
0000
0000
,
0000
0000
0000
0000
,
1000
0001
1000
0001
,
1000
0000
0001
0100
0001
0000
0000
0000
,
1000
1000
0001
1000
,
0001
0000
1000
0100
1000
0000
0000
0000
,
0010
0100
0001
0100
,
0001
0000
1000
0100
1000
0000
0000
0000
,
0001
1000
0001
1000
,
0001
1000
1000
0100
,
1000
0001
1000
0100
,
1000
0001
0010
0100
,
0001
0100
0010
1000
,
0001
1000
0001
0001
,
0010
0000
0100
0000
0001
0000
1000
0001
,
0000
0000
1000
0001
1000
0001
1000
0000
,
0001
2000
0000
0000
,
0000
0000
3000
0000
0000
0000
0000
0000
0000
0000
0000
0000
0000
0000
0000
0000
0000
0000
0000
0000
0000
0000
0000
0000
0000
0000
0000
0000
0000
0000
0000
0000
0000
0000
0000
0000
0000
0000
0000
0000
0000
0000
0000
0000
0000
0000
0000
0000
0001
0000
0000
0000
0000
0000
0000
0000
0000
0000
0000
0000
0000
0000
0000
0000
0000
0000
0000
0000
0000
0000
0000
0000
0000
0000
0000
0000
0000
0000
0000
0000
0000
0000
0000
0000
0000
0000
0000
0000
0000
0000
0000
0000
0000
0000
0000
0000
0100
0000
0000
0000
0000
0000
0000
0000
0000
0000
0000
0000
0000
0000
0000
0000
0000
0000
0000
0000
0000
0000
0000
0000
0000
0000
0000
0000
0000
0000
0000
0000
0000
0000
0000
0000
0000
0000
0000
0000
0000
0000
0000
0000
0000
0000
0000
0000
0010
0000
0000
0000
0000
0000
0000
0000
0000
0000
0000
0000
0000
0000
0000
0000
0000
0000
0000
0000
0000
0000
0000
0000
0000
0000
0000
0000
0000
0000
0000
0000
0000
0000
0000
0000
0000
0000
0000
0000
0000
0000
0000
0000
0000
0000
0000
0000
,
1000
1000
0001
0010
,
0001
1000
0100
0010
,
0001
0000
1000
0000
0010
0000
0100
0001
,
1000
0001
1000
1000
,
0100
0000
1000
0000
0001
0000
1000
0002
,
0000
0000
1000
0000
,
1003
1001
0000
0010
,
0000
1000
0200
0000
,
0300
1000
0020
0000
,
0030
0100
0002
0000
,
0003
2000
0000
3010
,
0010
2000
0001
3000
,
0001
2000
0010
3000
,
0010
0020
1000
0100
,
1000
0130
0000
1001
,
0000
1001
1000
1001
,
0001
1001
1000
2002
,
3003
0110
0010
0110
,
0100
0110
0010
0220
,
0330
1001
0001
1001
,
1000
1001
0001
2002
,
3003
0110
0100
0110
,
0010
0110
0001
1000
,
0000
0002
0203
0320
,
0030
2000
3002
0023
,
0030
0002
0203
0320
,
0030
2000
3020
0230
,
0302
0023
0230
0320
,
0030
0002
2003
3020
,
0030
0200
0320
2030
,
3000
0001
0010
0100
,
1000
1001
0100
0100
,
0000
0010
0010
1000
,
0000
0000
0001
0000
0001
0000
0010
0010
,
0010
0000
0100
0000
0100
0000
0001
0001
,
0001
0001
1000
0000
0010
0000
1000
0000
,
0100
0010
0001
1000
,
0200
0310
0001
1000
,
0010
0000
0100
0000
0001
0000
1000
0010
,
1000
0001
1000
0001
,
0100
0001
0100
0010
,
0010
1000
1000
0001
,
0020
0000
0031
0000
0000
0000
0100
0001
,
0100
0001
0001
1000
,
0020
1030
0001
1000
,
1000
0001
1000
0001
,
1000
0010
1000
0000
0000
0000
0001
0000
,
0001
1000
0001
1000
,
0010
0100
0001
0000
0000
0000
0100
0000
,
0001
0001
0100
0010
,
1000
0100
1000
0000
0000
0000
0001
0000
,
1000
1000
0001
0002
,
0103
0001
0001
2000
,
3000
0001
1000
0010
,
0100
0100
0200
0301
,
0001
0010
0001
0000
1000
0000
1000
0000
,
1000
0001
1000
0000
0000
0000
0010
0000
,
0000
0000
1000
0000
1000
0000
0001
1000
,
0001
1000
0001
0000
0000
0000
0200
0000
,
0310
1001
0000
0000
;

//---------------dance-single - K. Ward----------------
#NOTES:
     dance-single:
     K. Ward:
     Easy:
     3:
     0.184,0.000,0.009,0.060,0.000,143.000,1.000,7.000,0.000,0.000,0.000:


0000
0000
0000
0000
,
0000
0000
0000
0000
,
0000
0000
0000
0000
,
0000
0000
0000
0000
,
1000
0000
0010
0000
,
1000
0010
0100
0000
,
0001
0000
0010
0000
,
0001
0010
0010
0000
,
1000
0000
0010
0000
,
1000
0010
0100
0000
,
0001
0000
1000
0000
,
1000
0010
0000
0010
,
0000
0010
0000
0100
,
0100
0010
0000
0010
,
0000
0010
0000
0000
,
0000
1000
0000
0001
,
0000
1000
0000
0010
,
0000
1000
0000
0000
,
0001
1000
0000
0000
,
0000
0010
0000
0010
,
0000
0010
0000
0100
,
0100
0001
0000
0001
,
0000
0001
0000
0000
,
0000
1000
0000
0001
,
0000
1000
0000
0010
,
0000
2000
0000
0000
,
0000
3000
0000
0000
,
0000
0010
0000
0000
,
0000
1000
0000
0000
,
0000
0010
0000
0000
,
0000
1000
0000
0001
,
0000
1000
0000
0000
,
0000
0010
0000
0000
,
0000
0100
0000
0000
,
0000
0001
0000
1000
,
1000
0010
0000
0010
,
0000
0100
0000
0100
,
0000
0010
0000
1000
,
0000
0001
0000
0100
,
0010
1000
0000
0010
,
0000
0100
0000
0001
,
0000
1000
0000
0010
,
0000
1000
0010
0010
,
0000
1000
0000
1000
,
0000
0100
0000
0100
,
0000
1000
0000
1000
,
0000
0100
0000
0100
,
0000
1000
0000
0001
,
0000
1000
0000
0001
,
0000
0100
0000
0010
,
0000
0100
0000
0010
,
0000
1000
0000
0000
,
0001
1000
0000
0000
,
0001
0100
0100
0100
,
0000
1000
0010
0100
,
0000
0100
0000
0100
,
0000
0010
0000
0010
,
0000
0100
0000
0001
,
0000
1000
0000
0010
,
0100
0001
0000
0100
,
0000
0010
0000
1000
,
0000
0001
0000
0100
,
0000
0001
0010
0010
,
0000
0010
0000
0001
,
0000
0002
0003
0000
,
0000
0010
0000
1000
,
0000
2000
3000
0000
,
0000
0001
0001
0001
,
0000
2000
3000
0000
,
0000
1000
1000
1000
,
0000
0002
0003
0000
,
0000
1000
0000
0000
,
0000
0010
0000
0000
,
0000
1000
0000
0000
,
0000
0010
0000
1000
,
0000
0100
0000
0200
,
0000
0300
0000
0000
,
0000
0010
0000
0020
,
0000
0030
0000
0000
,
0000
0110
0000
0000
;

//---------------dance-single - C. Foy----------------
#NOTES:
     dance-single:
     C. Foy:
     Challenge:
     9:
     0.683,0.000,0.068,1.000,0.392,405.000,8.000,148.000,152.000,0.000,0.000:


0000
0000
0000
0000
,
0000
0000
0000
0000
,
1000
0000
1000
0000
1000
1000
0000
1000
,
1000
1000
1000
1000
,
2000
0000
0000
0000
0020
0000
3000
0000
0002
0030
2000
0000
0003
0000
0002
3000
,
0020
0003
2000
0030
0200
3000
0002
0300
,
2000
0000
0003
0000
0002
0000
3000
0000
2000
0003
0020
0000
0000
3000
0002
0030
,
2000
0003
0020
3000
0002
0030
2000
0003
,
0002
0000
3000
0000
0020
0000
0003
0000
2000
0030
0200
0000
3000
0000
0002
0300
,
2000
0003
0002
3000
0200
0003
2000
0300
,
0020
0000
3000
0000
0002
0000
0030
0000
0020
0003
2000
0000
0030
3000
0001
0000
,
M1M2
MMM3
0000
0000
0000
0000
0000
0000
1000
0000
0000
0000
0010
0000
0000
0000
0100
0000
0000
0000
0001
0000
0000
0000
0010
0000
0000
0000
0100
0000
0000
0000
,
0000
1000
0010
0000
0000
0010
1000
0100
,
1000
0000
1001
0000
0001
1000
0100
0010
,
0000
0001
0000
1000
0100
0000
1000
0000
,
0010
0000
0010
1000
0100
0000
0010
0001
,
0100
0000
0010
1000
0001
0100
0000
0001
,
0000
0000
2000
0000
0200
3000
0002
0300
2000
0003
0002
3000
0200
0003
0000
0000
,
2000
0300
0000
3000
0002
0000
0000
0000
0000
0000
0000
0000
0000
0000
0000
0000
,
0000
0003
1000
0100
0001
0100
0001
0100
,
1000
0010
0100
0000
0000
0100
0001
0100
,
1000
0000
0100
0000
0001
0010
0100
0010
,
0000
0000
0000
0000
M1MM
0000
0000
0000
0000
0000
0000
00M0
1M0M
0000
0000
0000
0M1M
M000
0000
0000
0000
0000
0000
0000
M1MM
0000
0000
0000
0000
0000
0000
0000
,
MMM1
0000
1000
0100
0010
0000
0001
0100
,
0010
0000
1000
0100
0010
0001
0000
0100
,
0000
0000
0000
0000
0010
0000
0000
0000
0100
0000
0000
0000
0010
0000
0000
0000
0001
0000
0000
0000
0010
0000
0000
0000
0000
0000
0000
0000
0000
0000
0000
000M
,
M1M0
0000
0000
0000
0000
0000
0000
0000
M0M1
0M00
0000
0000
0000
0000
0000
0000
0100
0000
0000
0000
0010
0000
0000
0000
1000
0000
0000
0000
0100
0000
0000
0000
,
0000
0000
2000
0000
0200
3000
0002
0300
,
2000
0000
0000
0000
0000
0000
0003
0000
0000
3000
0002
0000
0200
0000
0000
0000
0000
0000
0000
0000
0000
0000
0003
0000
2000
0000
0000
0300
0000
0000
0000
0000
0000
3000
0020
0000
0200
0000
0000
0000
0030
0000
0000
0000
0000
0000
0000
0000
,
2000
0000
0000
0300
0000
3200
2000
0000
0000
0300
0000
0000
0002
0000
0000
3000
0000
0000
2000
0000
0000
0003
0000
0000
,
0200
0000
0000
0000
0000
0000
3000
0000
0000
0300
0002
0000
2000
0000
0000
0000
0000
0000
0003
0000
0000
0000
0000
0000
0200
0000
0000
0000
0000
0000
3000
0000
0000
0000
0000
0000
0020
0000
0000
0000
0000
0000
0300
0000
0000
0000
0000
0000
,
2000
0000
0000
0000
0000
0000
0030
0000
0000
3000
0002
0000
2000
0000
0000
0000
0000
0000
0003
0000
0000
0000
0000
0000
0020
0000
0000
0000
0000
0000
3000
0000
0000
0000
0000
0000
0002
0000
0000
0000
0000
0000
0030
0000
0000
0000
0000
0000
,
2000
0000
0000
0003
0000
0000
0000
0000
0000
3000
0020
0000
0200
0000
0000
0000
0000
0000
0030
0000
0000
0000
0000
0000
2000
0000
0000
0000
0000
0000
0300
0000
0000
0000
0000
0000
0002
0000
0000
0000
0000
0000
3000
0000
0000
0000
0000
0000
,
2000
0000
0000
0000
0000
0000
0003
0000
0000
3000
0002
0000
2000
0000
0000
0000
0000
0000
0003
0000
0000
3000
0000
0000
0200
0000
0000
0000
0000
0000
0000
0000
0000
0000
0000
0000
0002
0000
0000
0000
0000
0000
0300
0000
0000
0000
0000
0000
,
2000
0000
0000
0000
0000
0000
0003
0000
0000
3000
0200
0000
0020
0000
0000
0000
0000
0000
0300
0000
0000
0000
0000
0000
2000
0000
0000
0000
0000
0000
0030
0000
0000
0000
0000
0000
0002
0000
0000
0000
0000
0000
3000
0000
0000
0000
0000
0000
,
0200
0000
0000
0000
0000
0000
0003
0000
0000
0300
2000
0000
0020
0000
0000
0000
0000
0000
3000
0000
0000
0000
0000
0000
0100
0000
0000
0000
0000
0000
0030
0000
0000
0000
0000
0000
0001
0000
0000
0000
0000
0000
1000
0000
0000
0000
0000
0000
,
0000
0002
0100
0003
0200
0010
0300
0020
,
1000
0030
0100
0000
1000
0000
0000
0000
1000
0000
0000
0000
0002
0000
1000
0000
,
0003
2000
0010
3000
0020
0100
0030
0100
,
0001
0100
0001
0000
0001
0000
0010
0001
,
0000
0002
0100
0003
0200
0010
0300
0010
,
1000
0010
1000
0000
0100
0000
1000
0010
,
1000
0010
0100
0000
MM1M
0000
M1MM
0000
,
MMM1
0000
2MMM
0000
0000
0000
0020
3000
,
M10M
0000
0002
0030
0000
0000
2MM0
0003
,
0200
3000
00M2
0300
0000
0000
0020
0003
,
M10M
0000
2000
0030
0000
0000
0MM2
3000
,
M1M0
0000
M2M0
0003
0000
0000
2000
0300
,
0MM1
0000
0020
3000
0000
0000
MM02
0030
,
2000
0003
02MM
3000
0000
0000
0002
0300
,
1MM0
0000
0020
0003
0000
0000
MM02
0030
,
2000
3003
0000
0000
1000
0010
0100
0001
0010
0100
0000
1000
0010
0000
0000
1000
,
0100
0010
0001
0000
0100
0000
0010
0100
0010
1000
0000
0001
0000
0010
0100
0000
,
1000
0000
0000
0000
0010
0100
0010
0100
0000
0001
0010
0000
0100
0000
0000
1000
,
0100
1000
0100
0000
0010
0000
0001
0100
0001
0100
0000
0010
0000
1000
0100
0010
,
0100
0001
0100
1000
0010
0000
0000
0000
1000
0000
0000
0000
0002
0000
1000
0000
,
0003
2000
0010
3000
0020
0100
0030
0200
,
0001
0300
0001
0000
0001
0000
2000
0001
,
3000
0002
0100
0003
0200
0010
0300
0010
,
1000
0000
0010
1000
0010
0000
0000
0000
1000
0000
0000
0000
0100
0000
1000
0000
,
0000
2000
0010
3000
0020
0100
0030
0100
,
0002
0000
1003
0000
1000
0000
0001
0100
,
0001
0100
0002
0000
0000
0003
1000
0100
,
1000
1000
1002
0000
1000
0003
2000
0002
,
0000
3003
0000
0000
1000
0100
0010
0100
,
1000
0010
0210
0000
0020
0300
2030
0200
,
0000
3300
0000
0000
1000
0100
0010
0001
,
1000
0010
2001
0000
0010
0000
3020
2000
,
0000
3030
0000
0000
0100
0001
1000
0100
,
1000
0010
0102
0000
0010
0000
0203
0020
,
0000
0330
0000
0000
0000
0000
0000
0000
,
0000
0000
0000
0000
0000
0000
0000
0000
1MM1
0000
0000
0000
0000
0000
0000
0000
0000
0000
0000
0000
0000
0000
0000
M000
00M1
0000
0000
0M00
1000
000M
0000
0000
,
02M0
M000
0000
0000
0300
0000
0000
000M
10M0
0000
0000
0000
0M01
0000
0000
0000
M020
000M
0000
0000
0030
0000
0000
0M00
0001
0000
0000
00M0
M100
000M
0000
0000
,
0020
0M00
0000
0000
0030
0000
0000
000M
M100
0000
0000
00M0
0001
0M00
0000
0000
M020
000M
0000
0000
0030
0000
0000
M000
0100
0000
0000
000M
10M0
0M00
0000
0000
,
0002
0000
0M00
0000
0003
0000
0000
0000
M100
0000
0000
00M0
0001
0M00
0000
0000
0020
000M
M000
0000
0030
0000
0000
M000
0001
0000
0000
0M00
10M0
0000
000M
0000
,
02M0
M000
0000
0000
0300
0000
0000
00M0
100M
0000
0000
0M00
0010
0000
M00M
0000
0200
00M0
0000
0000
0300
0000
0000
0000
00M1
0000
0000
0000
M100
000M
0000
0000
,
0020
0M00
000M
0000
0030
0000
0000
0M00
100M
0000
0000
00M0
0100
M000
0000
0000
002M
0M00
0000
0000
0030
0000
0000
0000
M001
0000
0000
0M00
0010
000M
0000
0000
,
M200
00M0
0000
0000
0300
0000
0000
000M
M010
0000
0000
0000
0M01
0000
00M0
0000
M200
000M
0000
0000
0300
0000
0000
M000
001M
0000
0000
0000
1M00
00M0
0000
0000
,
020M
M000
0000
0000
0300
0000
0000
000M
10M0
0000
0000
0000
0M01
M000
0000
0000
0200
000M
M000
0000
0300
0000
0000
0000
M01M
0000
0000
0000
M100
00M0
0000
0000
,
0002
0M00
0003
M000
00M0
0000
0000
0000
1001
0000
0000
0000
0000
M00M
0MM0
0000
0000
0000
0000
0000
0000
0000
0000
0000
0000
0000
0000
0000
0000
0000
0000
0000
;

//---------------dance-double - M. Emirzian----------------
#NOTES:
     dance-double:
     M. Emirzian:
     Easy:
     4:
     0.258,0.000,0.017,0.026,0.000,207.000,2.000,3.000,0.000,0.000,0.000:


00000000
00000000
00000000
00000000
,
00000000
00000000
00000000
00000000
,
00000000
00000000
00000000
00000000
,
00000000
00000000
00000000
00000000
,
10000000
00000000
01000000
00000000
,
00010000
00010000
00010000
00000000
,
00001000
00000000
00000100
00000000
,
00000001
00000001
00000001
00000000
,
00000001
00000000
00000010
00000000
,
00001000
00001000
00001000
00000000
,
00010000
00000000
00100000
00000000
,
10000000
01000000
00100000
00010000
,
00000000
01000000
00100000
00010000
,
00000000
00001000
00000010
00000100
,
00000000
00001000
00000010
00000100
,
00000000
00001000
00000100
00000001
,
00000000
00001000
00000100
00000001
,
00000000
00000200
00000000
00000000
,
00000000
00000300
00000000
00000000
,
00000000
00000010
00000100
00001000
,
00000000
00010000
00000000
00001000
,
00000000
00010000
01000000
10000000
,
00000000
00010000
01000000
10000000
,
00000000
00010000
00100000
01000000
,
00000000
00010000
00100000
01000000
,
00000000
00010000
00001000
00000010
,
00000001
00000100
00001000
00010000
,
01000000
10000000
00000000
10000000
,
01000000
00010000
00001000
00000010
,
00000000
00000001
00000000
00000100
,
00001000
00010000
01000000
10000000
,
00000000
01000000
00000000
00010000
,
00001000
00000010
00000001
00000100
,
00000000
00000010
00000000
00000100
,
00001000
00010000
01000000
10000000
,
00000000
00100000
00000000
01000000
,
00000000
01000000
01000000
00000000
,
00001000
00001000
00010000
00001000
,
00001000
00000000
00010000
00000000
,
00000100
00000000
00000100
00000100
,
00000000
00001000
00001000
00000000
,
00000010
00000010
00000100
00000001
,
00001000
00000000
00000100
00000100
,
00000000
00011000
00000000
00100000
,
00000000
01000000
00000000
10000000
,
00000000
00100000
00000000
01000000
,
00000000
10000000
00000000
00010000
,
00000000
00100000
00000000
01000000
,
00000000
00010000
00000000
00100000
,
00000000
01000000
00000000
00010000
,
00000000
00001000
00000000
00010000
,
00000000
00001000
00001000
00010000
,
00010000
00000000
00000100
00000000
00000100
00000000
00001000
00000010
,
00001000
00000100
00000100
00000010
,
00000010
00000000
00000001
00000000
00000001
00000000
00000100
00000010
,
00000100
00000100
00000000
00000100
,
00000100
00000000
00000000
00000100
,
00000000
00001000
00000000
00010000
,
00010000
00000000
00001000
00001000
,
00000000
00010000
00000000
01000000
,
01000000
00000000
01000000
10000000
,
00000000
00100000
00000000
01000000
,
01000000
00000000
00010000
00010000
,
00000000
00100000
00100000
00000000
,
00001000
00000000
00010000
00010000
,
00000000
00000100
00000100
00000000
,
00001000
00000000
00000010
00000100
,
00000001
00000000
00000100
00000100
,
00000000
00000100
00000000
00000100
,
00000100
00000000
00001000
00001000
,
00000000
00001000
00001000
00010000
,
00000000
00010000
00000000
00001000
,
00010000
00000000
01000000
10000000
,
00010000
10000000
00000000
01000000
,
00010000
00000000
00001000
00000100
,
00000001
00000100
00000000
00001000
,
00010000
00000000
01000000
10000000
,
00010000
10000000
00000000
00100000
,
00010000
00000000
00001000
00010000
,
00000010
00000000
00002002
00000000
00000000
00000000
00000000
00003003
;

//---------------dance-double - M. Emirzian----------------
#NOTES:
     dance-double:
     M. Emirzian:
     Medium:
     6:
     0.360,0.000,0.179,0.102,0.000,263.000,21.000,12.000,0.000,0.000,0.000:


00000000
00000000
00000000
00000000
,
00000000
00000000
00000000
00000000
,
00000000
00000000
00000000
00000000
,
00000000
00000000
00000000
00000000
,
00001000
00010000
00001000
00001000
,
00010000
00000010
00001000
00000000
00000001
00000000
00000001
00000000
,
00000100
00000010
00000100
00000100
,
00000010
00010000
00001000
00000000
01000000
00000000
00010000
00000000
,
10000000
10000000
01000000
01000000
,
00100000
00001000
00010000
00000000
00000100
00000000
00000100
00000000
,
00000010
00000010
00000100
00000100
,
00010000
00001000
00001000
00000100
,
00000001
00000100
00001000
00010000
,
00010000
00100000
10000000
00100000
,
00010000
00000000
00001000
00010000
00001000
00000000
00000000
00000000
,
00000000
00010000
00010000
00001000
,
00000100
00000001
00000100
00001000
,
00010000
00002000
00000000
00000000
,
00000000
00003000
00000000
00000000
,
00000000
00001000
00010000
00100000
,
10000000
01000000
00010000
00000000
,
00000000
00010000
01000000
10000000
,
00100000
00010000
00001000
00000000
,
00000000
00010000
00001000
00000010
,
00000001
00000100
00001000
00000000
,
00000000
00001000
00000100
00000001
,
00000010
00001000
00010000
00001000
,
00010000
00002000
00000000
00013000
,
00200000
00000000
01300000
00020000
,
00000000
10030000
02000000
00000000
,
03010000
00002000
00000000
00103000
,
00020000
00000000
01030000
00002000
,
00000000
00013000
00000020
00000000
,
00000130
00000002
00000000
00000100
,
00001000
00000103
00000010
00000010
,
00000000
00001000
00000100
00000010
,
00000001
00000100
00001000
00010000
,
00100000
01000000
00010000
00100000
,
01000000
00010000
00001000
00000010
,
00000100
00001000
00000010
00000100
,
00001000
00010000
01000000
10000000
,
00010000
01000000
10000000
00010000
,
00100000
01000000
00010000
00100000
,
01000000
00010000
00000000
00010100
,
00000000
00001010
00000000
00000101
,
00000000
00001010
00000000
00010100
,
00000000
00011000
00000000
01001000
,
00000000
00110000
00000000
11000000
,
00000000
00110000
00000000
01001000
,
00000000
00011000
00000000
00010010
,
00000000
00001100
00001001
00000110
,
00000100
00000000
00000100
00000001
00000100
00000000
00001000
00000000
,
00010000
00000000
00001000
01000000
00100000
00000000
10000000
01000000
,
00010000
00000000
01000000
10000000
00010000
00000000
01000000
00001000
,
00010000
00000000
00000100
00001000
00000010
00000000
00000100
00000100
,
00000100
00000100
00000100
00000000
00000001
00000000
00000010
00000000
,
00001000
00010000
00100000
01000000
,
00010000
00100000
01000000
00010000
,
01000000
10000000
00010000
01000000
,
10000000
00010000
00100000
01000000
,
00010000
00100000
01000000
00010000
,
00001000
00000010
00000100
00001000
,
00000010
00000000
00000100
00000000
00000010
00000000
00000100
00000001
,
00000100
00000010
00010000
00001000
,
01000000
00100000
10000000
01000000
,
00000000
00010000
00001000
00000010
,
00001000
00010000
00001000
00001000
,
00000100
00000001
00000100
00001000
,
00001000
00010000
00100000
01000000
,
00010000
00100000
01000000
00010000
,
01000000
10000000
00010000
01000000
,
10000000
01000000
00000000
01000000
,
00010000
00100000
00001000
00010000
,
00000100
00000010
00000000
00000001
,
00000100
00000010
00001000
00000100
,
00000000
00011000
00000000
00000000
,
00000000
01001000
00000000
00000000
,
00000000
01010000
00000000
00000000
,
00000000
00000000
10100000
00000000
00000000
00000000
10000000
01000000
,
00100000
00000000
00220000
00000000
00000000
00000000
00000000
00330000
;

//---------------dance-double - M. Emirzian----------------
#NOTES:
     dance-double:
     M. Emirzian:
     Hard:
     8:
     0.529,0.000,0.239,0.026,0.026,404.000,28.000,3.000,3.000,0.000,0.000:


00000000
00000000
00000000
00000000
,
00000000
00000000
00000000
00000000
,
00000000
00000000
00000000
00000000
,
00000000
00000000
00000000
00000000
,
00100000
00000000
10000000
00000000
01000000
00100000
00000000
00010000
,
01000000
10000000
01000000
00000000
00100000
00000000
00010000
00000000
,
00001000
00000000
00100000
00000000
00001000
00010000
00000000
00000010
,
00000100
00000001
00000010
00000000
00001000
00000000
00000010
00000000
,
00000001
00000010
00000100
00000000
00001000
00000010
00000000
00010000
,
00001000
00100000
01000000
00000000
10000000
01000000
00010000
00000000
,
01000000
00100000
00001000
00000000
00010000
00001000
00000000
00000010
,
00000001
00000M00
00000100
00000000
00000010
00001000
00000100
00000010
,
00000000
00000100
00010000
00001000
01000000
00000000
00110000
00000000
,
01000000
00000000
10000000
00000000
00100000
01000000
00010000
10000000
,
00000000
01000000
00010000
00001000
00000100
00000000
00001010
00000000
,
00000000
00000100
00000011
00000100
,
00001010
00000100
00011000
10010000
,
01100000
20000000
00000000
00000000
,
00000000
30000000
00000000
00000000
,
M0000000
00000000
10000000
01000000
00100000
00000000
01000000
00100000
,
00010000
00000000
01000000
00100000
00010000
00000000
00001000
00010000
,
00100000
00000000
00010000
00001000
00000100
00000000
00001000
00000100
,
00000010
00000000
00001000
00000100
00000010
00000000
00000011
00000000
,
00000101
00000000
00001000
00000100
00000001
00000000
00001000
00000100
,
00000001
00000000
00001000
00000010
00000100
00000000
00001000
00000010
,
00000100
00001000
00010000
00100000
,
10000000
01000000
00010000
01000000
10000000
00100000
01000000
00010000
,
00010000
00010000
M0000000
10000000
,
00100000
00000000
01000000
00000000
00001000
00000000
00100000
01000000
,
00010000
00000000
00001000
00000000
00000010
00000000
00000001
00000100
,
00001000
00000000
00000100
00000000
00000001
00000000
00000010
00001000
,
00010000
00001000
00000100
00000000
00001000
00010000
01000000
00000000
,
10000000
10010000
11000000
01010000
,
00101000
00011000
00010100
00001010
,
00000011
00000000
00000010
00001000
00000100
00000010
00000001
00000100
,
00000010
00000000
00000010
00001000
00000100
00001000
00000010
00000000
,
00000010
00001000
00000100
00001000
00000010
00000000
00000100
00001000
,
00010000
00001000
00000100
00000000
00000100
00001000
00010000
00001000
,
00000100
00000000
00001000
00010000
00100000
10000000
01000000
00100000
,
01000000
00000000
10000000
01000000
00010000
01000000
10000000
00000000
,
10000000
01000000
00010000
01000000
10000000
00000000
00100000
00010000
,
00001000
00010000
00100000
00000000
00100000
00010000
00001000
00010000
,
00100000
00000000
00010000
00001000
01000000
00000000
00011000
00000000
,
00010100
00000000
00001000
00000000
00000000
00000010
00000100
00000000
,
00000000
00000001
00001000
00000000
00000000
00001000
00010000
00000000
,
00010000
00000000
10000000
00000000
01000000
00000000
00100000
00010000
,
01000000
00000000
00100000
00010000
00001000
00000000
00010010
00000000
,
00001010
00000000
00000100
00000000
00000000
00000001
00000010
00000000
,
00000000
00000001
00001000
00000000
00000000
00001000
00010000
00000000
,
00010000
00000000
10000000
00000000
01000000
00000000
10000000
01000000
,
00010000
00000000
00001000
00010000
01000000
00000000
00011000
00000000
,
00010100
00000000
00000000
00000000
00001000
00000000
00000010
00000000
00000100
00000000
00000001
00000000
00001000
00000010
00001000
00000000
,
00000100
00000000
00000000
00000000
00010000
00000000
00001000
00000000
01000000
00100000
01000000
00010000
00000000
01000000
00100000
00000000
,
10000000
10100000
11000000
00011000
,
00001001
00000000
00001000
00000100
00000010
00000001
00000100
00001000
,
00010000
00100000
10000000
00010000
01000000
00000000
00000000
00000000
01000000
00000000
00000000
00000000
00100000
00000000
10000000
00000000
,
01000000
00010000
00000000
01000000
10000000
00100000
00010000
00000000
,
00001000
00000000
00010000
00000000
00000100
00000000
00001000
00000010
,
00000001
00000010
00000000
00001000
00000100
00000001
00000100
00000000
,
00001000
00000000
00000010
00000000
00000100
00000000
00001000
00000100
,
00000001
00000010
00000000
00000010
00000001
00000100
00001000
00000000
,
00010000
00000000
00001000
00000000
01000000
00000000
00010000
00100000
,
10000000
00100000
00000000
00010000
01000000
10000000
01000000
00000000
,
00010000
00000000
00100000
00001000
00010000
00001000
00100000
00000000
,
00100000
00001000
00010000
00001000
00100000
00000000
00001000
00010000
,
01000000
00010000
00001000
00000000
00001000
00010000
01000000
00010000
,
00001000
00000000
00010000
00000100
00001000
00000010
00001000
00000100
,
00000001
00000000
00000100
00001000
00000010
00001000
00000100
00000000
,
00000100
00001000
00000010
00001000
00000100
00000000
00000001
00000100
,
00001000
00000100
00000001
00000000
00000001
00000100
00001000
00000100
,
00000001
00000000
00000100
00001000
00000010
00010000
00001000
00100000
,
01000000
10000000
00100000
00000000
00100000
00000000
00100000
00000000
,
00100000
01000000
01000000
01000000
,
01000000
00010000
00010000
00010000
,
00010000
00100000
01000000
00010000
,
00001000
00000010
00000010
00000010
,
00000010
00000001
00000001
00000001
,
00000001
00000100
00000100
00000100
,
00000100
00000000
00000010
00000000
,
00010000
00000000
00022000
00000000
00000000
00000000
00000000
00033000
;

//---------------dance-double - M. Emirzian----------------
#NOTES:
     dance-double:
     M. Emirzian:
     Challenge:
     9:
     0.637,0.000,0.307,0.179,0.072,466.000,36.000,21.000,15.000,0.000,0.000:


00000000
00000000
00000000
00000000
,
00000000
00000000
00000000
00000000
,
00000000
00000000
00000000
00000000
,
00000000
00000000
00000000
00000000
,
00100000
00020000
01000000
00000000
00130000
00002000
00010000
00000000
,
00003010
00001000
00010000
00001000
00000100
00000000
00000101
00000000
,
00000010
00002000
00000100
00000000
00003010
00020000
00001000
00000000
,
00130000
00010000
00001000
00010000
01000000
00000000
11000000
00000000
,
01000000
00020000
00001000
00000000
00130000
00020000
00001000
00000000
,
00030100
00010000
00001000
00000010
00000001
00000000
00000101
00000000
,
00000100
00002000
00010000
00000000
00103000
01000000
00010000
00001000
,
00010000
0M000000
01000000
10000000
00100000
00010000
00001000
00010000
,
00100000
00000000
00010000
00001000
00000010
00001000
00010000
00000000
,
00001100
00000000
00000010
00000001
00000100
00000010
00000100
00001000
,
00000001
00000010
00000100
00001000
00010000
00100000
10000000
00000000
,
10010000
00100000
01001000
00010000
,
00101000
00010000
00010100
00001000
,
00010010
00000200
00000000
00000000
,
00000000
00000300
00000000
00000000
,
0000000M
00000000
00000001
00000100
00001000
00000001
00000010
00001000
,
00000100
00000000
00010000
00001000
00100000
01000000
00010000
00000000
,
11000000
00000000
00100000
00010000
10000000
01000000
00010000
01000000
,
10000000
01000000
00000000
00100000
00010000
00001000
00000010
00000000
,
00000011
00000000
00000100
00001000
00000100
00000010
00010000
00001000
,
00100000
00000000
00010000
01000000
00100000
00010000
00100000
00000000
,
10100000
00000000
01000000
00000000
00100000
00000000
00001000
00000100
,
00000001
00000100
00001000
00000001
00000010
00001000
00010000
00010000
,
00010000
00010000
00010000
00000000
00M00000
00000000
00100000
00000000
,
10000000
00000000
00100000
00010000
00001000
00000000
01000000
00000000
,
00001000
00000000
00010000
00000100
00001000
00000000
00000010
00000100
,
00001000
00000000
00010000
00001000
00000010
00000000
00000011
00000000
,
00000101
00000000
00000100
00001000
00010000
00000000
00100000
01000000
,
00001000
00000000
00000100
00001000
00010000
00000000
00110000
00000000
,
10000000
00000000
00000000
00000000
00000000
01000000
00010000
00000000
00000000
00100000
00000000
00000000
00001000
00000000
00000000
00010000
00000000
00000000
01000000
00000000
00000000
00000000
00000000
00000000
,
00110000
00000000
00000000
00000000
00000000
01000000
10000000
00000000
00000000
01000000
00000000
00000000
00010000
00000000
00000000
10000000
00000000
00000000
00100000
00000000
00000000
00010000
00000000
00000000
,
00100000
00000000
00100000
00010000
00001000
00020000
00100000
00000000
,
00031000
00010000
01000000
00010000
00001000
00000000
00002010
00000000
,
000130M0
00000000
00001000
00010000
01000000
00020000
00001000
00000000
,
0013M000
00010000
00001000
00010000
00100000
00000000
01020000
00000000
,
0M130000
00000000
01000000
00010000
00001000
00020000
01000000
00000000
,
0013M000
00010000
00001000
00010000
00100000
00000000
00021000
00000000
,
0013M000
00000000
00010000
00001000
00000010
00002000
00010000
00000000
,
000M3100
00001000
00010000
00001000
00000100
00000000
00001000
00000000
,
00011000
00000000
01000000
00000000
00010000
00100000
10000000
00000000
,
10000000
00100000
00010000
00000000
01000000
00100000
00010000
00001000
,
00000010
00000000
00000001
00000000
00000100
00001000
00010000
00000000
,
00010000
00001000
00000100
00000000
00000001
00000010
00001000
00010000
,
00000100
00000000
00010000
00000000
01000000
10000000
00100000
00000000
,
00100000
10000000
01000000
00000000
00010000
00001000
00000100
00000001
,
00000010
00000000
00000100
00000000
00001000
00000100
00000010
00001000
,
00000001
00000100
00000010
00001000
00010000
00100000
10000000
00010000
,
01000000
00000000
00000000
00000000
00100000
00000000
10000000
01000000
00010000
01000000
10000000
01000000
00010000
00000000
01000000
00000000
,
00110000
00000000
00000000
00000000
01000000
00000000
00001000
00010000
00100000
00010000
00001000
00010000
00000000
00000100
00010100
00000000
,
00001100
00000000
00000000
00000000
00000010
00000000
00000001
00000100
00001000
00000100
00000001
00000000
00000010
00000100
00001000
00000000
,
00001100
00000000
00011000
00000000
00110000
00000000
10100000
00000000
10000000
00000000
01000000
10000000
00000000
01000000
00010000
01000000
,
10000000
01000000
00010000
00001000
00010000
00000000
00000000
00000000
00011000
00000000
00000000
00000000
00010010
00000000
00000000
00000000
,
00000100
00000001
00000010
00000000
00001000
00000000
00010000
00000000
,
00100000
10000000
01000000
00010000
,
00001000
00000100
00001000
00000000
00010000
00000000
00021000
00000000
,
0013M000
00000000
00010000
00001000
00000100
00002000
00010000
00000000
,
000M3010
00001000
00010000
00001000
00000010
00000000
00012000
00000000
,
000M3010
00000000
00001000
00010000
00100000
00020000
00001000
00000000
,
0103M000
00000000
10000000
00100000
00010000
00001000
00000100
00000000
,
00000101
00000000
00001000
00000100
00000001
00000100
00001000
00010000
,
00001000
00000010
00001000
00010000
00100000
01000000
10000000
01000000
,
00010000
10000000
01000000
00010000
10000000
00100000
01000000
00010000
,
00001000
00010000
00100000
00010000
00001000
00000010
00000001
00001000
,
00000100
00000001
00001000
00000010
00001000
00010000
01000000
00100000
,
00001000
01000000
00100000
00010000
01000000
00010000
00001000
00100000
,
01000000
10000000
00010000
00100000
10000000
00010000
01000000
00010000
,
00001000
00000100
00000001
00001000
00000010
00000001
00000010
00000100
,
00001001
00000000
00001010
00000000
00000001
00000000
00000010
00001000
,
00010000
00001000
00000000
00000000
00010000
00000000
00100000
00010000
,
00100000
10000000
00000000
00000000
01000000
00000000
00010000
01000000
,
00010000
00001000
00000000
00000000
00000100
00000000
00000001
00000100
,
00001000
00000100
00000000
00000000
00001000
00000000
00010000
00001000
,
00010000
00100000
00000000
00000000
10000000
00000000
01000000
00010000
,
00001000
00010000
00000000
00000000
00001000
00000000
00000100
00000000
,
00001000
00000000
00010000
00100000
10000000
01000000
00100000
00010000
,
01010000
M00M0000
20020000
00000000
00000000
00000000
00000000
30030000
;

//---------------lights-cabinet - ----------------
#NOTES:
     lights-cabinet:
     :
     Easy:
     1:
     1.000,0.000,1.000,0.375,0.000,347.000,325.000,44.000,0.000,271.000,0.000:


00000000
00000000
00000000
00000000
,
00000000
00000000
00000000
00000000
,
10100011
01010000
10100011
01010000
,
10100011
10100011
01010011
01010000
,
10000011
00010000
00010011
00000000
10000011
00100000
00010011
00000000
,
10000011
00000000
10010011
01010000
00010011
00000000
10100011
00000000
,
10010011
11000011
10010011
11000011
,
00110011
00000000
10010011
01100000
10010011
00000000
00110011
00000000
,
10100011
11000011
00110011
01000011
,
10010011
00000000
10000011
01000000
10000011
00000000
10100011
00000000
,
00010011
10000011
00010011
10000011
,
22220022
33330033
00000000
00000000
10100011
00000000
00000000
00000000
10100011
00000000
00000000
00000000
01000011
00000000
00000000
00000000
,
10010011
00110011
11000011
01010011
,
11000011
00110011
11000011
00110011
,
10010011
00000000
01000011
11110000
00000000
11110000
00000000
11110000
,
00000000
11110000
00000011
00000000
10010011
00000000
10010011
00000000
,
01100011
00000000
11000011
00000000
00110011
00000000
11000011
10010000
,
00000011
00000000
10000011
01110000
10000011
01110000
10000011
00000000
,
10110011
00000000
20000022
00000000
00000000
30000033
00000000
00000000
,
00000000
10010011
11000011
01100011
,
10010011
11000011
00110011
10100011
,
01010011
10100011
11000011
01100011
,
10010011
00000000
10000011
11000000
00000000
00110000
00000000
10100000
,
00000000
01010000
00000011
00000000
10100011
00000000
10010011
00000000
,
01100011
00000000
10000011
00000000
10010011
00000000
10000011
00010000
,
11000011
01100011
11100011
10010011
,
11000011
10110011
00000000
11110000
,
00000000
10000011
01100011
00010011
,
01100011
10000011
01100011
00010011
,
01100011
10000011
01100011
00010011
,
01100011
10000011
11000011
00110011
,
00110011
10000011
01100011
00010011
,
01100011
10000011
01100011
00010011
,
01100011
10000011
01100011
00010011
,
01100011
10010011
10010000
01100011
,
02200011
13310011
10000011
10010011
,
00010011
10010011
10000011
20020011
,
31130011
00000011
01100011
00000000
00100011
00000000
01100011
00000000
,
01000011
01100011
00100011
02200011
,
03300011
10010011
00010011
10010011
,
10000011
10010011
00010011
20020011
,
31130011
00000011
10100011
00000000
01010011
00000000
11000011
00000000
,
00110011
01100011
10010000
11000011
,
00000000
00020011
02030000
03200011
,
10300000
20000011
30020000
00230011
,
00310011
00020011
02030000
03200011
,
00300000
21000011
30200000
02300011
,
03020011
10230011
02300000
03200011
,
00310000
10020011
21030000
30200011
,
10300011
02010011
13200000
20300011
,
30000000
00010011
00100000
01100011
,
10010011
00000000
10100011
01010000
10100011
01010000
10100011
01010000
,
10100011
01010000
10100011
01010000
10100011
01010000
11000011
01100000
,
00110011
00000011
01010011
10100000
01010011
10100000
01110011
01110011
,
01110011
00000000
10100011
01010000
10100011
01010000
11110011
01100011
,
10010011
11110011
10000011
00000000
01010011
00000000
10100011
00000000
,
11000011
00110011
11010011
10010011
,
02000011
03100011
10010011
11000011
,
00110011
11000011
01010011
11000011
,
10010011
00010011
10000011
00010011
,
01000011
00010011
01000011
00100011
,
11000011
00110011
11000011
00010011
,
00200011
00000000
00310011
00000000
00000000
00000000
11000000
00110000
,
11000000
00110000
10010011
00000000
00010011
00000000
10000011
00000000
,
00200011
10300011
00010011
10000011
,
11000011
10010011
11000011
10010011
,
11000011
00100000
10010011
00000000
00000011
00000000
00110011
00000000
,
01010011
11000011
10010011
11000011
,
00110011
01000000
10010011
00000000
00000011
00000000
11000011
00000000
,
01010011
11010011
11000011
00110011
,
11000011
01100000
10010011
00000000
00000011
00000000
10010011
00000000
,
11000011
00000000
00110011
11000000
11000000
00000000
10020011
00100000
,
00130000
00000000
10010011
11000000
11000000
00000000
21000011
00110000
,
30110000
00000000
00010011
00010000
10000000
00000000
00110011
01000000
,
01100000
00000000
01000011
10000000
11000000
00000000
11110011
00000000
,
11110011
00000000
00010011
11000000
11000000
00000000
00100011
01100000
,
01010000
00000000
10000011
11000000
11000000
00000000
00110011
01100000
,
01010000
00000000
10000011
01000000
10010000
00000000
00010011
10000000
,
10010000
10010011
11000000
00110011
,
01100011
11110011
00000000
00000000
;

//---------------dance-single - M. Puls----------------
#NOTES:
     dance-single:
     M. Puls:
     Beginner:
     1:
     0.085,0.000,0.026,0.000,0.000,67.000,3.000,0.000,0.000,0.000,0.000:


0000
0000
0000
0000
,
0000
0000
0000
0000
,
0000
0000
0000
0000
,
0000
0000
0000
0000
,
1000
0000
0000
0000
,
0000
0000
0000
0000
,
1000
0000
0000
0000
,
0000
0000
0000
0000
,
0001
0000
0000
0000
,
0000
0000
0000
0000
,
0001
0000
0000
0000
,
0000
0000
0000
0000
,
0100
0000
0000
0000
,
0100
0000
0000
0000
,
0010
0000
0000
0000
,
0000
1000
0000
0000
,
0000
0001
0000
0000
,
0000
1000
0000
0000
,
0000
1001
0000
0000
,
0000
0001
0000
0000
,
0000
1000
0000
0000
,
0000
0001
0000
0000
,
0000
0010
0000
0000
,
0000
1000
0000
0000
,
0000
1000
0000
0000
,
0000
0001
0000
0000
,
0000
1001
0000
0000
,
0000
0000
0000
0000
,
0000
0100
0000
0000
,
0000
1000
0000
0000
,
0000
0001
0000
0000
,
0000
0010
0000
0000
,
0000
0001
0000
0000
,
0000
0100
0000
0000
,
0000
0100
0000
0000
,
0000
0010
0000
0000
,
0000
0100
0000
0100
,
0000
0100
0000
0000
,
0000
0010
0000
0010
,
0000
0010
0000
0000
,
0000
0001
0000
0000
,
0000
0100
0000
0000
,
0000
0010
0000
0000
,
0000
1000
0000
0000
,
0000
1000
0000
0000
,
0000
1000
0000
0000
,
0000
0001
0000
0000
,
0000
0100
0000
0000
,
0000
0100
0000
0000
,
0000
0100
0000
0000
,
0000
0001
0000
0000
,
0000
1000
0000
0000
,
0000
0001
0000
0000
,
0000
0010
0000
0001
,
0000
0010
0000
0001
,
0000
1000
0000
0000
,
0000
0000
0000
0000
,
0000
1000
0000
0000
,
0000
0000
0000
0000
,
0000
0001
0000
0000
,
0000
0000
0000
0000
,
0000
0100
0000
0000
,
0000
0000
0000
0000
,
0000
0001
0000
0000
,
0000
1000
0000
0000
,
0000
0001
0000
0000
,
0000
1000
0000
0000
,
0000
0010
0000
0000
,
0000
0100
0000
0000
,
0000
0010
0000
0000
,
0000
1000
0000
0000
,
0000
1000
0000
0000
,
0000
0000
0000
0000
,
0000
0010
0000
0000
,
0000
0000
0000
0000
,
0000
1000
0000
0000
,
0000
0000
0000
0000
,
0000
1000
0000
0000
,
0000
0000
0000
0000
,
0000
1001
0000
0000
;
