#TITLE:Bouff;
#SUBTITLE:;
#ARTIST:Machinae Supremacy;
#TITLETRANSLIT:;
#SUBTITLETRANSLIT:;
#ARTISTTRANSLIT:;
#GENRE:;
#CREDIT:;
#BANNER:Bouff-Banner.png;
#BACKGROUND:Bouff-bg.png;
#LYRICSPATH:;
#CDTITLE:;
#MUSIC:Bouff(ITG mix)(BPM 200.099).ogg;
#OFFSET:-1.182;
#SAMPLESTART:33.580;
#SAMPLELENGTH:17.360;
#SELECTABLE:YES;
#BPMS:0.000=200.099;
#STOPS:;
#BGCHANGES:0.000=Bouff-bg.png=1.000=0=0=1=====,
12.000=EV01447N.mpg=1.000=1=0=1===CrossFade==,
20.000=700_JumpBack.mpg=1.000=0=0=1=====,
28.000=vol3-21-ntsc.mpg=1.000=0=0=1=====,
36.000=673_JumpBack.mpg=1.000=0=0=1=====,
52.000=700_JumpBack.mpg=1.000=0=0=1=====,
68.000=686_JumpBack.mpg=1.200=0=0=1=====,
88.000=691_JumpBack.mpg=1.000=0=0=1=====,
108.000=687_JumpBack.mpg=1.200=0=0=1=====,
128.000=738_JumpBack.mpg=1.200=0=0=1=====,
148.000=728_JumpBack.mpg=1.000=0=0=1=====,
164.000=739_JumpBack.mpg=1.000=0=0=1=====,
180.000=712_JumpBack.mpg=1.000=0=0=1=====,
196.000=666_JumpBack.mpg=1.000=0=0=1=====,
212.000=730_JumpBack.mpg=1.000=0=0=1=====,
228.000=686_JumpBack.mpg=1.200=0=0=1=====,
244.000=732_JumpBack.mpg=1.000=0=0=1=====,
260.000=736_JumpBack.mpg=1.000=0=0=1=====,
276.000=738_JumpBack.mpg=1.000=0=1=1=StretchRewind====,
292.000=Bouff-bg.png=1.000=0=0=1=====,
296.000=673_JumpBack.mpg=1.000=0=0=1=====,
312.000=687_JumpBack.mpg=1.400=0=0=1=====,
326.500=700_JumpBack.mpg=1.000=0=0=1=====,
344.000=686_JumpBack.mpg=1.200=0=0=1=====,
359.000=Bouff-bg.png=1.000=0=0=1=====,
359.250=Bouff-bg.png=1.000=0=0=1=====,
99999=-nosongbg-=1.000=0=0=0 // don't automatically add -songbackground-
;
#KEYSOUNDS:;
// cache tags:
#FIRSTBEAT:12.000;
#LASTBEAT:359.250;
#SONGFILENAME:/Songs/In The Groove/Bouff/Bouff.sm;
#HASMUSIC:1;
#HASBANNER:1;
#MUSICLENGTH:115.143;
// end cache tags

//---------------dance-single - R. McKanna----------------
#NOTES:
     dance-single:
     R. McKanna:
     Challenge:
     10:
     0.793,0.000,0.799,0.087,0.113,537.000,92.000,10.000,93.000,0.000,0.000:


0000
0000
0000
0000
,
0000
0000
0000
0000
,
0000
0000
0000
0000
,
0000
0000
0000
0000
,
0000
0000
0000
0000
,
0000
0000
0000
0000
,
0000
0000
0000
0000
,
0000
0000
0000
0000
,
0000
0000
0000
0000
,
0010
1000
0100
0001
0100
1000
0010
0110
,
0000
0101
0000
0011
0000
0110
0100
1000
,
0010
0001
0010
0100
0001
0010
1000
1010
,
0000
0110
0000
0011
0000
1001
0000
0000
,
1000
0100
0001
0100
1000
0010
0100
0110
,
0000
0011
0000
0110
0000
1010
0010
1000
,
0010
0001
0010
0100
1000
0100
0001
0101
,
0000
0110
0000
1010
0000
0110
0000
0000
,
1010
0100
0001
0010
0001
0100
0001
0011
,
0000
0010
0100
1000
0010
1000
0100
1100
,
0000
0100
0010
0001
0100
0001
0010
0011
,
0000
0001
0100
101M
0000
1000
0100
M011
,
0000
0001
0100
101M
0000
1000
0100
0010
,
0011
0001
0100
0010
1000
0010
0100
0101
,
0000
0001
1000
0100
0010
0100
1000
1100
,
0000
0100
0010
0001
1000
0100
0010
0011
,
0000
1000
0001
M110
0000
0001
1000
011M
,
0000
0010
0100
10M1
0000
0010
0100
0001
,
0101
0010
1000
0100
1000
0010
1000
1100
,
0000
0100
0010
0001
0100
0001
0010
0011
,
0000
0010
0100
1000
0010
1000
0100
1100
,
0000
1000
0010
M101
0000
0001
0010
110M
,
0000
1000
0010
M101
0000
0001
0010
0100
,
1100
1000
0010
0100
0001
0100
0010
1010
,
0000
1000
0001
0010
0100
0010
0001
0011
,
0000
0010
0100
1000
0001
0010
0100
1100
,
0000
0001
1000
011M
0000
1000
0001
M110
,
0000
0100
0010
1M01
0000
1000
0100
0010
,
0001
0010
0001
0010
0001
0000
0010
0000
0100
0000
1000
0000
0100
0000
0010
0000
,
0000
MM11
0000
M1M1
0000
1MM1
0000
0010
,
1000
0010
1000
0010
1000
0000
0001
0000
0100
0000
0001
0000
0010
0000
0001
0000
,
0000
11MM
0000
1M1M
0000
M1M1
0000
0001
,
0100
0001
0100
0001
0100
0000
0010
0000
1000
0000
0010
0000
0100
0000
0001
0000
,
0000
1MM1
0000
M1M1
0000
MM11
0000
0001
,
0010
0100
0010
0100
0010
0000
0001
0000
0100
0000
1000
0000
0100
0000
0001
0000
,
0000
1MM1
0000
M11M
0000
0000
0000
0000
,
1000
0200
0000
0001
0001
0301
0000
1MM0
,
0000
0020
0000
0001
0001
0031
0000
0MM1
,
1000
0200
0000
0001
0001
0301
0000
0M10
,
0000
0000
2000
0000
0000
0000
0001
0000
0001
0000
3001
0000
0000
MMMM
0000
0000
,
0001
0200
0000
1000
1000
1300
0000
0MM1
,
0000
0020
0000
1000
1000
1030
0000
1MM0
,
0001
0200
0000
1000
1000
1300
0000
1M00
,
0100
0010
0001
0100
0000
0100
0001
0010
,
0100
1000
0100
0001
0100
1000
0100
0010
,
0001
0100
1000
0100
0001
0100
0010
1000
,
0100
0001
0100
1000
0100
0001
0100
0010
,
0000
0011
0000
0101
0000
0110
0000
0010
,
1000
0100
00M1
0100
1000
0010
0100
100M
,
0100
00M1
0100
100M
0100
0010
MM01
0010
,
0100
10MM
0100
0010
0000
1010
0000
1001
,
0000
0000
1000
0100
0010
0001
1000
0100
,
0010
0001
0010
1000
0010
0001
0100
0001
,
0010
1000
0010
0100
0001
0100
1000
0010
,
0100
0010
0100
0010
0100
0000
0001
0000
0010
0100
0010
0100
0010
0000
0001
0000
,
0200
0000
0000
0300
,
0100
0001
0010
1000
0010
0001
0100
0110
,
0000
1010
0000
1100
0000
0110
0010
0001
,
0100
1000
0100
0010
1000
0100
0001
0101
,
0000
0110
0000
1100
0000
1001
0000
0000
,
0001
0010
1000
0010
0001
0100
0010
0110
,
0000
1100
0000
0110
0000
0101
0100
0001
,
0100
1000
0100
0010
0001
0010
1000
1010
,
0000
0110
0000
0101
0000
0110
0000
0000
,
2002
0000
0000
3003
,
1000
0100
1000
0100
1000
0000
0100
0000
0010
0000
0001
0000
0010
0000
0100
0000
,
0000
11MM
0000
1M1M
0000
1MM1
0000
0100
,
0001
0100
0001
0100
0001
0000
1000
0000
0010
0000
1000
0000
0100
0000
1000
0000
,
0000
MM11
0000
M1M1
0000
1M1M
0000
1000
,
0010
1000
0010
1000
0010
0000
0100
0000
0001
0000
0100
0000
0010
0000
1000
0000
,
0000
1MM1
0000
1M1M
0000
11MM
0000
1000
,
0100
0010
0100
0010
0100
0000
1000
0000
0010
0000
0001
0000
0010
0000
1000
0000
,
0000
1MM1
0000
M11M
0000
1000
0100
0010
,
M001
0000
0010
0000
0100
000M
0010
0000
1000
0000
0001
0000
0100
0000
1000
0000
,
0010
0M01
0010
1000
0100
0001
10M0
0001
,
0100
M010
0001
0100
1000
00M1
1000
0100
,
0010
0000
0001
0000
1M00
0000
0001
0000
0010
0000
1000
000M
0010
0000
0100
0000
,
0001
M000
0100
0000
0010
000M
0100
0000
1000
0000
0001
0M00
0010
0000
1000
0000
,
0100
00M1
0100
1000
0010
0001
1M00
0001
,
0010
M100
0001
0010
1000
010M
1000
0010
,
0001
0101
0100
0110
0010
1010
0101
0000
;

//---------------dance-single - R. McKanna----------------
#NOTES:
     dance-single:
     R. McKanna:
     Medium:
     7:
     0.432,0.000,0.139,0.122,0.000,318.000,16.000,14.000,0.000,0.000,0.000:


0000
0000
0000
0000
,
0000
0000
0000
0000
,
0000
0000
0000
0000
,
0000
0000
0000
0000
,
0000
0000
0000
0000
,
0000
0000
0000
0000
,
0000
0000
0000
0000
,
0000
0000
0000
0000
,
0000
0000
0000
0000
,
0001
0000
0001
0010
0001
0010
0000
0001
,
0000
0010
0000
0100
0000
1000
0000
0000
,
1000
0000
1000
0010
1000
0010
0000
1000
,
0000
0010
0000
0100
0000
0001
0000
0000
,
0001
0000
0001
0100
0001
0100
0000
0001
,
0000
0100
0000
0010
0000
1000
0000
0000
,
1000
0000
1000
0100
1000
0100
0000
1000
,
0000
0100
0000
1001
0000
0110
0000
0000
,
1000
0000
0002
0000
0000
1003
0000
0100
,
0000
0000
0002
0000
0000
0103
0000
0010
,
0000
0000
0002
0000
0000
0013
0000
1000
,
0000
0000
0000
0110
0000
0000
0000
1001
,
0000
0000
0000
0110
0000
0000
0000
0000
,
0100
0000
0002
0000
0000
0013
0000
0100
,
0000
0000
2000
0000
0000
3010
0000
0100
,
0000
0000
0002
0000
0000
0013
0000
0100
,
0000
0000
0000
0011
0000
0000
0000
0110
,
0000
0000
0000
1100
0000
0000
0000
0000
,
0001
0000
2000
0000
0000
3001
0000
0010
,
0000
0000
2000
0000
0000
3010
0000
0100
,
0000
0000
2000
0000
0000
3100
0000
0001
,
0000
0000
0000
0110
0000
0000
0000
1001
,
0000
0000
0000
0110
0000
0000
0000
0000
,
0010
0000
2000
0000
0000
3100
0000
0010
,
0000
0000
0002
0000
0000
0103
0000
0010
,
0000
0000
2000
0000
0000
3100
0000
0010
,
0000
0000
0000
1100
0000
0000
0000
0110
,
0000
0000
0000
0011
0000
0000
0000
0000
,
0010
0000
0001
0010
0001
0010
0001
0010
,
0000
0100
0000
1000
0000
0010
0000
0000
,
0100
0000
0001
0100
0001
0100
0001
0100
,
0000
0010
0000
1000
0000
1000
0000
0000
,
0010
0000
1000
0010
1000
0010
1000
0010
,
0000
0100
0000
0001
0000
0010
0000
0000
,
0100
0000
1000
0100
1000
0100
1000
0100
,
0000
0010
0000
0001
0000
0000
0000
0000
,
0001
1000
0000
0100
0010
0001
0000
0001
,
0000
1000
0000
0100
0010
0001
0000
0001
,
0000
0001
0000
0010
0100
1000
0000
1000
,
0000
0001
0000
0010
0100
1000
0000
1000
,
0000
1000
0000
0010
0100
0001
0000
0001
,
0000
1000
0000
0010
0100
0001
0000
0001
,
0000
0001
0000
0100
0010
1000
0000
0001
,
0010
0100
0010
0001
0000
0100
0010
0100
,
0001
0010
0100
0010
,
0001
1000
0010
1000
,
0001
0100
0010
0100
,
0001
0010
0000
0100
0000
1000
0000
0000
,
1000
0100
0010
0100
,
1000
0001
0100
0001
,
1000
0000
0100
0010
0000
0001
0000
1001
,
0000
0000
0100
0100
,
0100
0001
1000
0010
,
0100
0001
1000
0010
,
0100
0001
0010
0100
,
2000
0000
0000
0000
,
3001
0000
0000
0001
0010
0000
0000
0010
,
0100
0000
0000
0100
1000
0000
0010
0000
,
0100
0000
0000
0100
0001
0000
0000
0001
,
1000
0000
0000
1000
0100
0000
0010
0000
,
0001
0000
0000
0001
0100
0000
0000
0100
,
0010
0000
0000
0010
1000
0000
0100
0000
,
0010
0000
0000
0010
0001
0000
0000
0001
,
0100
0000
0100
0000
0100
0010
1000
0001
,
0200
0000
0000
0300
,
0010
0000
0010
0100
0010
0100
0000
0001
,
0000
0100
0000
0010
0000
1000
0000
0000
,
0100
0000
0100
0010
0100
0010
0000
0001
,
0000
1000
0000
0100
0000
0010
0000
0000
,
0001
0000
0001
0010
0001
0010
0000
1000
,
0000
0010
0000
0100
0000
0001
0000
0000
,
1000
0000
1000
0010
1000
0010
0000
1000
,
0000
0100
0000
0010
0000
1001
0000
0000
,
1000
0001
1000
0001
1000
0001
0000
0001
,
0000
0010
0000
0100
0000
0001
0000
0000
,
0000
0010
0000
0100
0000
0000
0000
0010
,
0000
0001
0000
0100
0000
0010
0000
0000
,
0001
1000
0001
1000
0001
1000
0000
1000
,
0000
0100
0000
0010
0000
1000
0000
0000
,
0000
0100
0000
0010
0000
0000
0000
0100
,
0000
1000
0000
0010
0000
0100
0001
0000
;

//---------------dance-single - R. McKanna----------------
#NOTES:
     dance-single:
     R. McKanna:
     Hard:
     9:
     0.677,0.000,0.834,0.026,0.017,447.000,96.000,3.000,0.000,0.000,0.000:


0000
0000
0000
0000
,
0000
0000
0000
0000
,
0000
0000
0000
0000
,
0000
0000
0000
0000
,
0000
0000
0000
0000
,
0000
0000
0000
0000
,
0000
0000
0000
0000
,
0000
0000
0000
0000
,
0000
0000
0000
0000
,
1000
0100
0010
0001
1000
0001
0000
0011
,
0000
0101
0000
1001
0000
1000
0010
0100
,
0001
0010
0100
1000
0001
1000
0000
1100
,
0000
1010
0000
1001
0000
0110
0000
0000
,
0001
0010
0100
1000
0001
1000
0000
1100
,
0000
1010
0000
1001
0000
0001
0100
0010
,
1000
0100
0010
0001
1000
0001
0000
0011
,
0000
0101
0000
1001
0000
0110
0000
0000
,
1001
0000
0100
0010
0001
0100
0000
0110
,
0000
0000
1000
0100
0010
0001
0000
0101
,
0000
0000
0010
1000
0100
0010
0000
0011
,
0000
0001
0100
0110
0000
0010
1000
1100
,
0000
0100
0010
0011
0000
0001
1000
0001
,
1001
0000
0010
0100
1000
0010
0000
0110
,
0000
0000
0001
0010
0100
1000
0000
1010
,
0000
0000
0100
0001
0010
0100
0000
1100
,
0000
1000
0010
0110
0000
0100
0001
0011
,
0000
0010
0100
1100
0000
1000
0001
1000
,
1001
0000
0001
0100
1000
0100
0000
0101
,
0000
0000
0001
0010
1000
0010
0000
0011
,
0000
0000
0001
0010
0100
1000
0000
1100
,
0000
1000
0010
0110
0000
0100
0001
0011
,
0000
0100
1000
1010
0000
0010
1000
0100
,
0110
0000
1000
0010
0001
0010
0000
1010
,
0000
0000
1000
0100
0001
0100
0000
1100
,
0000
0000
1000
0100
0010
0001
0000
0011
,
0000
0001
0100
0110
0000
0010
1000
1100
,
0000
0010
0001
0101
0000
0100
0001
0010
,
0100
0000
0000
0100
1000
0000
0010
0000
1000
0000
0100
0000
1000
0000
0001
0000
,
0000
1001
0000
0101
0000
0011
0000
0000
,
0100
0000
0000
0100
0010
0000
1000
0000
0010
0000
0100
0000
0010
0000
1000
0000
,
0000
1010
0000
1001
0000
1100
0000
0000
,
0100
0000
0000
0010
0001
0000
0100
0000
0001
0000
0010
0000
0001
0000
1000
0000
,
0000
1001
0000
1010
0000
1100
0000
0000
,
0010
0000
0000
0010
0100
0000
0001
0000
0100
0000
0010
0000
0100
0000
0001
0000
,
0000
0101
0000
1001
0000
0000
0000
0000
,
1000
0100
0000
0001
0100
1000
0000
0010
,
0000
0001
0000
0010
1000
0010
0000
0100
,
0001
0010
0000
1000
0010
0001
0000
0100
,
0000
1000
0000
0100
0001
0100
0000
0010
,
1000
0100
0000
0001
0100
1000
0000
1010
,
0000
0011
0000
0010
1000
0010
0000
0100
,
0001
0010
0000
1000
0010
0001
0000
0001
,
0100
0010
1000
0001
0000
0001
0100
0001
,
1000
0010
1000
0001
1000
0010
1000
0100
,
0010
0100
0001
0100
0010
0100
1000
0100
,
0010
0001
0010
0100
0010
1000
0010
0100
,
0010
0001
0000
0101
0000
1010
0000
0000
,
1000
0001
1000
0100
0010
0001
1000
0001
,
1000
0001
0010
0100
1000
0001
1000
0001
,
1000
0100
0010
0001
0000
0101
0000
1001
,
0000
1100
1010
1001
,
0001
0100
0001
1000
0001
0100
0001
0010
,
0100
0010
1000
0010
0100
0010
0001
0010
,
0100
1000
0100
0010
0100
0001
0100
1000
,
0200
0000
0000
0300
,
1000
0100
1000
0010
0100
0001
0000
0010
,
0000
0100
0000
1000
0000
1010
0000
0000
,
0001
0010
0001
0100
0010
1000
0000
0100
,
0000
0010
0000
0001
0000
0101
0000
0000
,
1000
0100
0001
0100
0010
0001
0000
0100
,
0000
0010
0000
1000
0000
0100
0000
0000
,
0001
0100
1000
0100
0010
1000
0000
0100
,
0000
0010
0000
1001
0000
0110
0000
0000
,
2002
0000
0000
3003
,
0001
0010
0100
1000
0001
1000
0000
1100
,
0000
1010
0000
1001
0000
0001
0100
0010
,
1000
0100
0010
0001
1000
0001
0000
0011
,
0000
0101
0000
1001
0000
0110
0000
0000
,
1000
0100
0010
0001
1000
0001
0000
0011
,
0000
0101
0000
1001
0000
1000
0010
0100
,
0001
0010
0100
1000
0001
1000
0000
1100
,
0000
1010
0000
1001
0000
0001
0010
0001
,
0100
0001
1000
0001
1000
0010
0000
0100
,
0000
1100
0000
1010
0000
1001
0000
0100
,
0000
0101
0000
1010
0000
0010
0000
0001
,
0000
0011
0000
1100
0000
1000
0000
0000
,
1000
0100
1000
0010
1000
0001
0000
1000
,
0000
1001
0000
0101
0000
0011
0000
0100
,
0000
1001
0000
0010
0000
0100
0000
1001
,
0000
1010
0000
0110
0000
0101
0101
0000
;

//---------------dance-single - R. McKanna----------------
#NOTES:
     dance-single:
     R. McKanna:
     Easy:
     5:
     0.293,0.000,0.104,0.017,0.000,222.000,12.000,2.000,0.000,0.000,0.000:


0000
0000
0000
0000
,
0000
0000
0000
0000
,
0000
0000
0000
0000
,
0000
0000
0000
0000
,
0000
0000
0000
0000
,
0000
0000
0000
0000
,
0000
0000
0000
0000
,
0000
0000
0000
0000
,
0000
0000
0000
0000
,
1000
0000
0000
0000
1000
0000
0000
0100
,
0000
0100
0000
0100
0000
0000
0000
0000
,
0001
0000
0000
0000
0001
0000
0000
0100
,
0000
0100
0000
0100
0000
0000
0000
0000
,
0010
0000
0000
0000
0010
0000
0000
1000
,
0000
1000
0000
1000
0000
0000
0000
0000
,
0100
0000
0000
0000
0100
0000
0000
0001
,
0000
0001
0000
0001
0000
0000
0000
0000
,
1001
0000
0000
0000
0000
0001
0000
0100
,
0000
0000
0000
0000
0000
0100
0000
0010
,
0000
0000
0000
0000
0000
0010
0000
1000
,
0000
0000
0000
1000
0000
0000
0000
0100
,
0000
0000
0000
0010
0000
0000
0000
0000
,
1001
0000
0000
0000
0000
0010
0000
0010
,
0000
0000
0000
0000
0000
0100
0000
0100
,
0000
0000
0000
0000
0000
0001
0000
0001
,
0000
0000
0000
1001
0000
0000
0000
0110
,
0000
0000
0000
0100
0000
0000
0000
0000
,
1001
0000
0000
0000
0000
1000
0000
0010
,
0000
0000
0000
0000
0000
0010
0000
0100
,
0000
0000
0000
0000
0000
0100
0000
0001
,
0000
0000
0000
0001
0000
0000
0000
0010
,
0000
0000
0000
0100
0000
0000
0000
0000
,
1001
0000
0000
0000
0000
0100
0000
0100
,
0000
0000
0000
0000
0000
0010
0000
0010
,
0000
0000
0000
0000
0000
1000
0000
1000
,
0000
0000
0000
1001
0000
0000
0000
0110
,
0000
0000
0000
0010
0000
0000
0000
0000
,
1001
0000
1000
0000
1000
0000
0000
0100
,
0000
0100
0000
0100
0000
0100
0000
0000
,
0010
0000
0010
0000
0010
0000
0000
0001
,
0000
0001
0000
0001
0000
0001
0000
0000
,
0100
0000
0100
0000
0100
0000
0000
0010
,
0000
0010
0000
0010
0000
0010
0000
0000
,
1000
0000
1000
0000
1000
0000
0000
0010
,
0000
0100
0000
1001
0000
0000
0000
0000
,
1000
0000
0001
0000
,
0010
0000
0001
0000
,
1000
0000
0010
0000
,
0100
0000
0010
0000
,
1000
0000
0100
0000
,
0010
0000
0100
0000
,
0001
0000
0100
0000
,
0010
0000
0100
0000
,
1001
0001
0010
0010
,
0100
0100
0010
0010
,
0001
0000
0001
0000
0010
0000
0000
0001
,
0000
0010
0000
0001
0000
0010
0000
0000
,
1001
0001
0100
0100
,
0010
0010
1000
1000
,
0100
0000
0000
1000
0000
0100
0000
1000
,
0000
0001
0010
0100
,
1000
1000
0100
0100
,
0001
0001
0100
0100
,
1000
1000
0001
0001
,
0020
0000
0000
0000
,
0031
0000
0001
0000
0001
0000
0000
0010
,
0000
0010
0000
0010
0000
0010
0000
0000
,
0100
0000
0100
0000
0100
0000
0000
1000
,
0000
1000
0000
1000
0000
1000
0000
0000
,
0010
0000
0010
0000
0010
0000
0000
0100
,
0000
0100
0000
0100
0000
0100
0000
0000
,
0001
0000
0001
0000
0001
0000
0000
0100
,
0000
0100
0000
0100
0000
0100
0000
0000
,
0200
0000
0000
0300
,
0001
0000
0000
0000
0001
0000
0000
0010
,
0000
0010
0000
0010
0000
0000
0000
0000
,
1000
0000
0000
0000
1000
0000
0000
0010
,
0000
0010
0000
0010
0000
0000
0000
0000
,
0100
0000
0000
0000
0100
0000
0000
0001
,
0000
0001
0000
0001
0000
0000
0000
0000
,
0010
0000
0000
0000
0010
0000
0000
1000
,
0000
1000
0000
1000
0000
0000
0000
0000
,
0000
0001
0000
0001
0000
0100
0000
1000
,
0000
0100
0000
0001
0000
0010
0000
0000
,
0000
0100
0000
0100
0000
0000
0000
0010
,
0000
0001
0000
0100
0000
1000
0000
0000
,
0000
1000
0000
1000
0000
0010
0000
0001
,
0000
0010
0000
1000
0000
0100
0000
0000
,
0000
0010
0000
0010
0000
0000
0000
0100
,
0000
1000
0000
0010
0000
0001
1000
0000
;

//---------------dance-double - M. Emirzian----------------
#NOTES:
     dance-double:
     M. Emirzian:
     Easy:
     5:
     0.278,0.000,0.000,0.087,0.000,214.000,0.000,10.000,0.000,0.000,0.000:


00000000
00000000
00000000
00000000
,
00000000
00000000
00000000
00000000
,
00000000
00000000
00000000
00000000
,
00000000
00000000
00000000
00000000
,
00000000
00000000
00000000
00000000
,
00000000
00000000
00000000
00000000
,
00000000
00000000
00000000
00000000
,
00010000
00000000
00001000
00000000
,
00100000
00000000
01000000
00000000
,
10000000
00000000
00100000
00000000
,
01000000
00010000
01000000
00001000
,
00010000
00000000
00000100
00000000
,
00001000
00000010
00010000
00000010
,
00001000
00000000
00000100
00000000
,
00000010
00000001
00001000
00000010
,
00000100
00000000
00000000
00000000
00000001
00000000
00000000
00000100
,
00000000
00000010
00000000
00010000
00000000
00000000
00000000
00000000
,
00001000
00000000
00000000
00000000
00000000
00001000
00000000
00010000
,
00000000
00000000
00000000
00000000
00000000
00100000
00000000
10000000
,
00000000
00000000
00000000
00000000
00000000
10000000
00000000
01000000
,
00000000
00000000
00000000
00100000
00000000
00000000
00000000
00001000
,
00000000
00000000
00000000
00010000
00000000
00000000
00000100
00000000
,
00001000
00000000
00000000
00000000
00000000
00000010
00000000
00000100
,
00000000
00000000
00000000
00000000
00000000
00000001
00000000
00001000
,
00000000
00000000
00000000
00000000
00000000
00000100
00000000
00010000
,
00000000
00000000
00000000
00001000
00000000
00000000
00000000
01000000
,
00000000
00000000
00000000
00100000
00000000
00000000
10000000
00000000
,
00010000
00000000
00000000
00000000
00000000
00100000
00000000
01000000
,
00000000
00000000
00000000
00000000
00000000
10000000
00000000
00010000
,
00000000
00000000
00000000
00000000
00000000
00100000
00000000
00001000
,
00000000
00000000
00000000
00010000
00000000
00000000
00000000
00000010
,
00000000
00000000
00000000
00000100
00000000
00000000
00000001
00000000
,
00001000
00000000
00000000
00000000
00000000
00000100
00000000
00000010
,
00000000
00000000
00000000
00000000
00000000
00000001
00000000
00001000
,
00000000
00000000
00000000
00000000
00000000
00000010
00000000
00010000
,
00000000
00000000
00000000
00001000
00000000
00000000
00000000
01000000
,
00000000
00000000
00000000
00100000
00000000
00000000
10000000
00000000
,
01000000
00100000
00010000
00100000
,
00001000
00010000
00001000
00000000
,
00010000
00000100
00010000
00001000
,
00010000
00000010
00001000
00000000
,
00000001
00000100
00000010
00000100
,
00000001
00001000
00000100
00000000
,
00000010
00000000
00000100
00000000
00001000
00000000
00000000
00000100
,
00000000
00010000
00000000
00001000
00000000
00000000
00000000
00000000
,
00020000
00000000
00000000
00000000
00000000
00000000
00000000
00032000
,
00000000
00000000
00000000
00000000
01000000
00000000
00000000
02003000
,
00000000
00000000
00000000
00000000
00100000
00000000
00000000
03200000
,
00000000
00000000
00000000
00000000
10000000
00000000
00000000
20300000
,
00000000
00000000
00000000
00000000
01000000
00000000
00000000
32000000
,
00000000
00000000
00000000
00000000
00010000
00000000
00000000
03020000
,
00000000
00000000
00000000
00000000
00001000
00000000
00000000
00032000
,
00000000
00000000
00000000
00003200
00000000
00000000
00000000
00000000
,
00000301
00000010
00000100
00000000
,
00001000
00000000
00000001
00000000
,
00000100
00000000
00000010
00000000
00010000
00000000
00000000
00001000
,
00000000
00010000
00000000
00001000
00000000
00000000
00000000
00000000
,
01000000
00000000
00010000
00000000
,
01000000
00000000
00001000
00000000
,
01000000
00000000
00100000
00000000
,
10000000
00000000
01000000
00000000
,
00100000
00000000
00001000
00000000
,
00010000
00000000
00000100
00000000
,
00010000
00000000
00000000
00000000
00001000
00000000
00000000
00010000
,
00000000
00000010
00000000
00001000
00000000
00000000
00000000
00000000
,
00000100
00000000
00000010
00000000
,
00000001
00000000
00000100
00000010
,
00010000
00000000
00001000
00000000
,
00010000
00000000
00001000
01000000
,
00010000
00000000
00100000
00000000
,
01000000
00000000
10000000
00010000
,
01000000
00000000
00100000
00000000
,
10000000
00000000
01000000
00000000
,
00200000
00000000
00000000
00000000
,
00301000
00010000
00000010
00010000
,
00001000
00010000
00000100
00000000
,
00001000
00000010
00000100
00000010
,
00001000
00000001
00000010
00000000
,
00000100
00010000
00001000
01000000
,
00001000
00010000
00001000
00000000
,
01000000
00000000
00010000
00000000
00100000
00000000
00000000
01000000
,
00000000
00100000
00000000
00010000
00000000
10000000
00000000
00000000
,
01000000
00000000
00100000
00000000
,
00010000
00100000
00001000
00000000
,
00010000
00000000
00000100
00010000
,
00000100
00001000
00000010
00000000
,
00000100
00000000
00000001
00000010
,
00000100
00000010
00000001
00000000
,
00000100
00000000
00000000
00000010
00000000
00010000
00000000
00001000
,
00000000
01000000
00000000
00100000
00000000
10000000
00010000
00000000
;

//---------------dance-double - M. Emirzian----------------
#NOTES:
     dance-double:
     M. Emirzian:
     Medium:
     7:
     0.422,0.000,0.382,0.026,0.000,293.000,44.000,3.000,0.000,0.000,0.000:


00000000
00000000
00000000
00000000
,
00000000
00000000
00000000
00000000
,
00000000
00000000
00000000
00000000
,
00000000
00000000
00000000
00000000
,
00000000
00000000
00000000
00000000
,
00000000
00000000
00000000
00000000
,
00000000
00000000
00000000
00000000
,
00001000
00000000
00100000
00001000
,
00010000
00001000
01000000
00100000
,
10000000
00000000
01000000
00000000
00100000
00010000
00000000
00100000
,
00000000
00001000
00000000
00010000
00000000
00000010
00000000
00000000
,
00000100
00000000
00000001
00000000
00000010
00000100
00000000
00010000
,
00000000
00001000
00000000
01000000
00000000
00100000
00000000
00000000
,
01000000
00000000
00010000
00000000
00100000
01000000
00000000
10000000
,
00000000
00010000
00000000
01000000
00000000
00001000
00000000
00000000
,
00010000
00000000
00000010
00000000
00001000
00000100
00000000
00000011
,
00000000
00001001
00000000
00001100
00000000
00000010
00000000
00000000
,
00001000
00000000
00000000
00000000
00000000
00000100
00000000
00011000
,
00000000
00000000
00010000
00000000
00000000
00010000
00000000
01001000
,
00000000
00000000
00010000
00000000
00000000
01000000
00000000
10010000
,
00000000
00000000
00000000
01100000
00000000
00000000
00000000
00101000
,
00000000
00000000
00000000
00010100
00000000
00000000
00001000
00000000
,
00000010
00000000
00000000
00000000
00000000
00000100
00000000
00001001
,
00000000
00000000
00000100
00000000
00000000
00000100
00000000
00011000
,
00000000
00000000
01000000
00000000
00000000
00100000
00000000
01010000
,
00000000
00000000
00000000
10010000
00000000
00000000
00000000
01001000
,
00000000
00000000
00000000
00010100
00000000
00000000
00000010
00000000
,
00000001
00000000
00000000
00000000
00000000
00000100
00000000
00000110
,
00000000
00000000
00010000
00000000
00000000
00010000
00000000
00011000
,
00000000
00000000
00100000
00000000
00000000
00010000
00000000
11000000
,
00000000
00000000
00000000
01100000
00000000
00000000
00000000
00101000
,
00000000
00000000
00000000
00010010
00000000
00000000
00001000
00000000
,
00000100
00000000
00000000
00000000
00000000
00000010
00000000
00000011
,
00000000
00000000
00000000
00000000
00000000
00000100
00000000
00010100
,
00000000
00000000
00001000
00000000
00000000
01000000
00000000
00101000
,
00000000
00000000
00000000
01100000
00000000
00000000
00000000
10010000
,
00000000
00000000
00000000
00011000
00000000
00000000
00000100
00000000
,
00000010
00000000
00000001
00000000
00001000
00000000
00000000
00000100
,
00000000
00000010
00000000
00000100
00000000
00001001
00000000
00000000
,
00000010
00000000
00010000
00000000
00001000
00000000
00000000
01000000
,
00000000
00100000
00000000
01000000
00000000
10010000
00000000
00000000
,
00100000
00000000
10000000
00000000
01000000
00000000
00000000
00100000
,
00000000
00001000
00000000
00100000
00000000
00011000
00000000
00000000
,
00010000
00000000
00000100
00000000
00000010
00000000
00000000
00000001
,
00000000
00000100
00000000
00002002
00000000
00000000
00000000
00003003
,
00000000
00000100
00000000
00010000
00001000
00000000
00000000
01000000
,
00000000
00100000
00000000
10000000
01000000
00000000
00000000
00100000
,
00000000
00001000
00000000
00010000
00000010
00000000
00000000
00010000
,
00000000
00001000
00000000
00010000
00000100
00000000
00000000
00000010
,
00000000
00000001
00000000
00000100
00000010
00000000
00000000
00010000
,
00000000
00000100
00000000
00010000
00001000
00000000
00000000
01000000
,
00000000
00100000
00000000
01000000
00010000
00000000
00000000
00100000
,
00000000
01000000
10000000
00010000
00000000
01000000
00001000
00000000
,
00010000
00000100
00010000
00001000
,
00010000
00000010
00001000
00000100
,
00000010
00000100
00001000
00000001
,
00000100
00000010
00010000
00001000
,
01000000
00001000
00010000
00001000
,
00100000
00010000
01000000
00100000
,
01000000
00010000
00100000
01000000
,
10000000
00100000
01000000
00001000
,
00011000
00010010
00011000
01001000
,
00011000
00010100
00010000
00000100
,
00000010
00000001
00000100
00000010
,
00000000
00001010
00000000
00011000
00000000
01010000
00000000
00000000
,
00100000
00000000
00000000
10000000
01000000
00000000
00000000
00100000
,
00010000
00000000
00000000
01000000
00001000
00000000
00010000
00000000
,
00000100
00000000
00000000
00000010
00000001
00000000
00000000
00000100
,
00000010
00000000
00000000
00010000
00001000
00000000
01000000
00000000
,
00001000
00000000
00000000
00010000
00000100
00000000
00000000
00010000
,
00001000
00000000
00000000
01000000
00100000
00000000
10000000
00000000
,
01000000
00000000
00000000
00100000
00001000
00000000
00000000
00010000
,
00000010
00000000
00000000
00001000
00000100
00000000
00000010
00000000
,
00000002
00000000
00000000
00000000
,
00000103
00000000
00000010
00000000
00010000
00000000
00000000
00001000
,
00000000
01000000
00000000
00010000
00000000
10010000
00000000
00000000
,
00100000
00000000
01000000
00000000
10000000
00000000
00000000
00100000
,
00000000
01000000
00000000
00001000
00000000
00011000
00000000
00000000
,
00000010
00000000
00001000
00000000
00000100
00000000
00000000
00000010
,
00000000
00000001
00000000
00001000
00000000
00000110
00000000
00000000
,
00000010
00000000
00010000
00000000
00001000
00000000
00000000
01000000
,
00000000
00100000
00000000
10000000
00000000
01010000
00000000
00000000
,
00100000
00000000
10000000
00000000
01000000
00100000
00010000
00000000
,
01000000
00000000
00001000
00000000
00010000
00000010
00010000
00000000
,
00000000
00001000
00000000
00010000
00000000
00000100
00000000
00000010
,
00000000
00000001
00000000
00000100
00000000
00000010
00000000
00000000
,
00000100
00000000
00000001
00000000
00000010
00000100
00010000
00000000
,
00001000
00000000
01000000
00000000
00001000
00010000
00001000
00000000
,
00000000
01000000
00000000
00010000
00000000
00100000
00000000
01000000
,
00000000
10000000
00000000
00100000
00000000
01000000
00010000
00000000
;

//---------------dance-double - M. Emirzian----------------
#NOTES:
     dance-double:
     M. Emirzian:
     Hard:
     9:
     0.712,0.000,0.947,0.035,0.017,461.000,109.000,4.000,12.000,0.000,0.000:


00000000
00000000
00000000
00000000
,
00000000
00000000
00000000
00000000
,
00000000
00000000
00000000
00000000
,
00000001
00000100
00000010
00000000
00000010
00000100
00000001
00000010
,
00000000
00001000
00000000
00010000
00000000
00100000
10000000
00000000
,
10000000
00100000
01000000
00000000
01000000
00100000
10000000
01000000
,
00000000
00010000
00000000
00001000
00000000
00000010
00000001
00000000
,
00000001
00000010
00000100
00000000
00000100
00000010
00000001
00000100
,
00000000
00000010
00000000
00010000
00000000
00001000
00100000
00000000
,
00001000
00010000
00100000
01000000
00001000
00100000
00000000
01010000
,
00000000
00101000
00000000
01010000
00000000
00100000
00001000
00000000
,
00010000
00100000
01000000
00001000
00010000
00000010
00000000
00001100
,
00000000
00010010
00000000
00001100
00000000
00010010
00000000
00000000
,
00000010
00000100
00001000
00010000
01000000
00100000
00000000
00101000
,
00000000
01100000
00000000
00101000
00000000
00010000
10000000
00000000
,
00100000
00010000
00001000
00000100
00000010
00001000
00000000
00010100
,
00000000
00001010
00000000
00010100
00000000
00001010
0M0M0000
00000000
,
01010000
00000000
00100000
00001000
00010000
00000100
00000000
00001001
,
00000000
00000000
00000010
00010000
00001000
01000000
00000000
10010000
,
00000000
00000000
00100000
00001000
00010000
00000010
00000000
00001001
,
00000000
00001100
00000000
00010010
00000000
00011000
00000000
00101000
,
00000000
00110000
00000000
10010000
00000000
01000000
00100000
00000000
,
10010000
00000000
01000000
00010000
00001000
00000010
00000000
00001001
,
00000000
00000000
00000010
00001000
00010000
01000000
00000000
10010000
,
00000000
00000000
00100000
00010000
00001000
00000100
00000000
00000110
,
00000000
00010010
00000000
00011000
00000000
01001000
00000000
00110000
,
00000000
10010000
00000000
01100000
00000000
10000000
00010000
00000000
,
01001000
00000000
00010000
00001000
00010000
00000010
00000000
00001010
,
00000000
00000000
00010000
00001000
00100000
00010000
00000000
00101000
,
00000000
00000000
00010000
00001000
00010000
00000100
00000000
00000011
,
00000000
00000110
00000000
00001100
00000000
00101000
00000000
01010000
,
00000000
10010000
00000000
01100000
00000000
00010000
10000000
00000000
,
01100000
00000000
01000000
00001000
00010000
00000010
00000000
01001000
,
00000000
00000000
00100000
00001000
00010000
00000100
00000000
00101000
,
00000000
00000000
01000000
00001000
00010000
00000010
00000000
01001000
,
00000000
00011000
00000000
00101000
00000000
00001100
00000000
00001001
,
00000000
00000110
00000000
00001001
00000000
00000010
00000100
00000000
,
00000001
00000100
00000010
00010000
00001000
01000000
00000000
01100000
,
00000000
10010000
00000000
01100000
00000000
01000000
10010000
00000000
,
10000000
00100000
00010000
00001000
00000100
00000001
00000000
00000110
,
00000000
00000000
00001001
00000000
00000000
00000000
00011000
00000000
00000000
00000000
10010000
00000000
00000000
M00M0000
00000000
00000000
,
10000000
00100000
01000000
00001000
00010000
00000010
00000000
00000110
,
00000000
00001001
00000000
00000110
00000000
00000010
00001001
00000000
,
00000001
00000100
00000010
00001000
00000100
00010000
00000000
01100000
,
00000000
00011000
00000000
00002002
00000000
00000000
00000000
00003003
,
00000000
00000001
00000000
00000100
00001000
00010000
00000000
00001000
,
00000000
00100000
00000000
00010000
01000000
00100000
00000000
01000000
,
00000000
00010000
00000000
10000000
01000000
00010000
00000000
01000000
,
00000000
00100000
00000000
00001000
00010000
00100000
00000000
00010000
,
00000000
00001000
00000000
00000100
00000001
00000010
00000000
00000100
,
00000000
00000010
00000000
00001000
00010000
00100000
00000000
00010000
,
00000000
00001000
00000000
00010000
00000010
00001000
00000000
00000100
,
00000010
00000100
00001000
00000001
00000000
00000100
00000010
00010000
,
00001000
00010000
00000100
00000000
00010000
00001000
00100000
00000000
,
01000000
00100000
00010000
00000000
00100000
01000000
10000000
00100000
,
01000000
00100000
10000000
01000000
00010000
00000100
00010000
00011000
,
00000000
00010010
00000000
00001100
00000000
00001001
00000000
0000M00M
,
00000010
00000100
00001000
00000000
00001000
00000100
00000010
00000000
,
00000001
00000100
00000010
00000000
00000100
00001000
00010000
00001000
,
01000000
00100000
01000000
00010000
00000000
00100000
00000000
22000000
,
00000000
00000000
00000000
00000000
00000000
33000000
00000000
00000000
,
00100000
01000000
00001000
00000000
00010000
00001000
00000010
00000000
,
00001000
00010000
01000000
00010000
00001000
00000010
00000001
00001000
,
00000010
00000100
00000010
00001000
00000100
00000010
00000001
00001100
,
00000000
00010010
00000000
00011000
00000000
01001000
00000000
00000000
,
00100000
00000000
00000000
10000000
01000000
00100000
00000000
01000000
,
10000000
00000000
00000000
01000000
00100000
00010000
01000000
00001000
,
00010000
00000000
00000000
00000100
00001000
00000001
00000000
00001000
,
00000100
00000010
00000000
00000001
00000100
00000010
00000100
00000001
,
00001000
00000000
00000000
00000100
00010000
00001000
00000000
00010000
,
00001000
01000000
00000000
00010000
00100000
01000000
10000000
00100000
,
01000000
00000000
00000000
00001000
00010000
00000010
00000000
00010000
,
00001000
00000010
00000000
00000001
00000100
00000010
00001000
00000100
,
00000010
00000001
00000000
00001001
00000000
00000100
00000000
00000010
,
00010000
00001000
00000100
00001000
00010000
01000000
00000000
01100000
,
00000000
10010000
00000000
01100000
00000000
00010000
00011000
00000000
,
00000010
00010000
00001000
00100000
00001000
00010000
00000000
00000110
,
00000000
00000000
00001001
00000000
00000000
00000000
00011000
00000000
00000000
00000000
01100000
00000000
00000000
0MM00000
00000000
00000000
,
00100000
00001000
00010000
00000100
00010000
00001000
00000000
10010000
,
00000000
01100000
00000000
10010000
00000000
00100000
00101000
00000000
,
00001000
00010000
01000000
00010000
00001000
00000010
00000000
00001001
,
00000000
00000110
00000000
00010010
00000000
00011000
00010000
00100000
,
10000000
01000000
00100000
01000000
10000000
00010000
00000000
01001000
,
00000000
00110000
00000000
00101000
00000000
00011000
00000000
00000000
,
00010000
00001000
00000100
00001000
00000100
00000001
00000010
00000100
,
00000000
00001001
00000000
00000110
00000000
00010010
00000000
00000000
,
00010000
00001000
00100000
01000000
10000000
00010000
00000000
01010000
,
00000000
00000000
01001000
00000000
00000000
00000000
00011000
00000000
00000000
00000000
00010010
00000000
00000000
000M00M0
00000000
00000000
,
00001000
00000010
00000100
00000001
00000010
00000100
00001000
00000010
,
00000000
00000000
00001001
00000000
00000000
00000000
00000110
00000000
00000000
00000000
00011000
00000000
00100000
000MM000
00000000
00000000
;

//---------------dance-double - M. Emirzian----------------
#NOTES:
     dance-double:
     M. Emirzian:
     Challenge:
     10:
     0.818,0.000,0.912,0.035,0.030,550.000,105.000,4.000,6.000,1.000,0.000:


00000000
00000000
00000000
00000000
,
00000000
00000000
00000000
00000000
,
00000000
00000000
00000000
00000000
,
10000000
01000000
00100000
01000000
10000000
00010000
00000000
00100000
,
00000000
00001000
00000000
00010000
00000000
01000000
10000000
00000000
,
01000000
00100000
00001000
00010000
00000100
00000010
00000000
00000001
,
00000000
00000100
00000000
00000001
00000000
00000010
00000100
00000000
,
00001000
00000010
00000100
00000010
00001000
00000001
00000000
00000110
,
00000000
00001001
00000000
00011000
00000000
10010000
00010000
10000000
,
01000000
00100000
00001000
00100000
00010000
01000000
00001000
00011000
,
00000000
00101000
00000000
00011000
00000000
00010100
00001000
00000000
,
00000010
00001000
00000100
00000010
00000001
00000100
00000010
00001001
,
00000000
00010010
00000000
00011000
00000000
01001000
00000000
00000000
,
00100000
00001000
01000000
00100000
00010000
00001000
00100000
00110000
,
00000000
01001000
00000000
00011000
00000000
00010100
00001000
00000000
,
00000010
00010000
00000100
00000010
00000100
00001000
00000001
00000110
,
00000000
00001001
00000000
00011000
00000000
10010000
00000000
00000000
,
00100000
10000000
01000000
00100000
00001000
00010000
00100000
10000000
,
10100000
00000000
01000000
00001000
00010000
00000010
00001000
00000100
,
00001001
00000000
00001000
00000100
00000010
00000001
00000100
00001001
,
00000000
00000010
00010000
00011000
00000000
00001000
01000000
01010000
,
00000000
00100000
10000000
10010000
00000000
01000000
00100000
00001000
,
01000000
00010000
00100000
01000000
10000000
00010000
01000000
00100000
,
10100000
00000000
00100000
00010000
00001000
00000100
00001000
00010000
,
00011000
00000000
00001000
00000100
00000010
00001000
00000001
00000110
,
00000000
00010000
00000100
00001100
00000000
00010000
00001000
01001000
,
00000000
01000000
00100000
10010000
00000000
00010000
01000000
00001000
,
00100000
01000000
00100000
00010000
01000000
00100000
01000000
00010000
,
01001000
00000000
00100000
00001000
00010000
00000100
00010000
00001000
,
00011000
00000000
00001000
00000010
00000100
00001000
00000001
00001100
,
00000000
00000010
00000001
00000101
00000000
00000010
00010000
00011000
,
00000000
00010000
01000000
11000000
00000000
01000000
10000000
00100000
,
01000000
00100000
10000000
00100000
00010000
00001000
01000000
00100000
,
11000000
00000000
01000000
00010000
00001000
00000100
00000001
00000010
,
00001001
00000000
00000010
00000001
00000100
00000010
00000100
00000101
,
00000000
00000100
00001000
00011000
00000000
00010000
00100000
10100000
,
00000000
01000000
00010000
00011000
00000000
00001000
00010000
00001000
,
00000100
00000001
00000010
00000100
00001000
00000010
00001000
00001001
,
00000000
00011000
00000000
00101000
00000000
00010100
00001100
00000000
,
00000010
00000100
00001000
00000010
00010000
00001000
00000100
00000101
,
00000000
00001001
00000000
00011000
00000000
01001000
00000000
00000000
,
00010000
01000000
00100000
01000000
00001000
00010000
01000000
11000000
,
00000000
10010000
00000000
01100000
00000000
00011000
00010100
00000000
,
00001000
00000010
00010000
00000100
00000010
00000100
00001000
00001001
,
00000000
00011000
00000000
20020000
00000000
00000000
00000000
30030000
,
00000000
01100000
00000000
00100000
00010000
00001000
00010000
00100000
,
00000000
00011000
00000000
00000010
00000100
00001000
00000010
00010000
,
00000000
00011000
00000000
01000000
00010000
00001000
00010000
01000000
,
00000000
00011000
00000000
00100000
00001000
00010000
00000010
00001000
,
00000000
00000011
00000000
00000010
00000100
00001000
00000010
00010000
,
00000000
00011000
00000000
00010000
00100000
10000000
00010000
01000000
,
00000000
00011000
00000000
00010000
00000100
00001000
00000000
00000010
,
00010000
00001000
01000000
00001000
00000000
00001000
00010000
01000000
,
10000000
00100000
01000000
00100000
10000000
01000000
00100000
00001000
,
00010000
00100000
01000000
00001000
00010000
00000010
00001000
00000100
,
00000010
00000100
00010000
00000010
00000100
00000001
00001000
00000101
,
00000000
00001100
00000000
00011000
00000000
01010000
00000000
00000000
,
01000000
10000000
00100000
01000000
00001000
00010000
00000010
00010000
,
00001000
01000000
00100000
01000000
00001000
00000010
00000100
00000010
,
00000001
00000100
00001000
00010000
00000010
00001000
00100000
01000000
,
00100000
10000000
01000000
00010000
00001000
00000100
00001000
00010000
,
00100000
10000000
00010000
00100000
00001000
00000100
00000001
00000010
,
00000100
00010000
00000010
00000100
00000010
00010000
00000100
00001000
,
00000010
00001000
00000010
00000000
00010000
00001000
00010000
00000000
00100000
01000000
00100000
00000000
10000000
00010000
10000000
00000000
,
02200000
00000000
00000000
00000000
00010000
00000000
00000000
03300000
,
10000000
00000000
00000000
00100000
10000000
01000000
00000000
00100000
,
00001000
00000000
00000000
00001000
00010000
00000100
00000010
00000100
,
00001000
00000000
00000000
00000100
00000010
00000001
00000000
00000100
,
00000010
00001000
00000000
00001000
00000100
00010000
00001000
01000000
,
00100000
00000000
00000000
10000000
00100000
01000000
00000000
00010000
,
00100000
01000000
00000000
01000000
10000000
00010000
00100000
00001000
,
00010000
00000000
00000000
00000010
00000100
00000001
00000000
00000010
,
00000100
00001000
00000000
00001000
00000010
00000100
00000001
00001000
,
00000010
00010000
00000000
00011000
00000000
00100000
00000000
00010000
,
00001000
01000000
00100000
10000000
01000000
00100000
00010000
10010000
,
00000000
01010000
00000000
01001000
00000000
00011000
00010100
00000000
,
00000010
00000001
00000100
00000010
00001000
00000100
00000010
00001001
,
00000000
00001100
00000000
00010100
00000000
00011000
00000000
00000000
,
01000000
00100000
10000000
00100000
01000000
00010000
10000000
01010000
,
00000000
01001000
00000000
00011000
00000000
00010010
00001010
00000000
,
00000100
00000010
00000100
00010000
00000010
00001000
00000100
00010100
,
00000000
00011000
00000000
00001100
00000000
00000101
00000100
00000010
,
00001000
00000100
00000010
00000100
00010000
00001000
01000000
00011000
,
00000000
10010000
00000000
01100000
00000000
00101000
00000000
00010000
,
00100000
01000000
00100000
00001000
00000010
00000100
00000010
00010000
,
00000100
00000010
00000001
00000100
00001000
00010000
00001000
01000000
,
00100000
01000000
00001000
00010000
00000010
00010000
00001000
00101000
,
00000000
01010000
00000000
00010010
00000000
00000011
00000000
00000100
,
00001000
00010000
00100000
00010000
00000100
00010000
00100000
10100000
,
00000000
M0M00000
00011000
00000000
00000000
000MM000
00000101
00000000
00000000
00000M0M
00001010
00000000
00010010
00000000
00000000
00000000
;

//---------------lights-cabinet - ----------------
#NOTES:
     lights-cabinet:
     :
     Easy:
     1:
     1.000,0.468,1.000,0.000,0.000,439.000,283.000,0.000,0.000,174.000,0.000:


00000000
00000000
00000000
00000000
,
00000011
11110000
00000011
11110000
,
00000011
11110000
00000011
11110000
,
00000011
11110000
00000011
11110000
,
00000011
11110000
11110011
11110000
,
00000011
11110000
00000011
11110000
,
00000011
11110000
00000011
11110000
,
00000011
11110000
00000011
11110000
,
11110011
00000000
11110011
00000000
,
00110011
00000000
00010011
00100000
00010011
00100000
00000011
00010000
,
00000011
00100000
00000000
01000000
00000011
10000000
00000000
00000000
,
10100011
00000000
10000011
00100000
11000011
00100000
00000000
10000000
,
00000011
00100000
00000000
01000000
00000011
00010000
00000000
00000000
,
00010011
00000000
00010011
01000000
00010011
01000000
00000000
00010000
,
00000011
01000000
00000000
00100000
00000011
10000000
00000000
00000000
,
11000011
00000000
10000011
01000000
11000011
01000000
00000000
10000000
,
00000011
01000000
00000000
10010000
00000000
01100000
00000000
00000000
,
11000011
00000000
00010000
00000000
00000000
10000000
00000000
01000011
,
00000000
00000000
00010000
00000000
00000000
01000000
00000000
00100011
,
00000000
00000000
00010000
00000000
00000000
00100000
00000000
10000011
,
00000000
00000000
00000000
01100011
00000000
00000000
00000000
10010011
,
00000000
00000000
00000000
01100011
00000000
00000000
00000000
00000000
,
01100011
00000000
00010000
00000000
00000000
00100000
00000000
01000011
,
00000000
00000000
10000000
00000000
00000000
00100000
00000000
01000011
,
00000000
00000000
00010000
00000000
00000000
00100000
00000000
01000011
,
00000000
00000000
00000000
00110011
00000000
00000000
00000000
01100011
,
00000000
00000000
00000000
11000011
00000000
00000000
00000000
00000000
,
00010011
00000000
10000011
00000000
00000011
00010000
00000011
00100000
,
00000011
00000000
10000011
00000000
00000011
00100000
00000011
01000000
,
00000011
00000000
10000011
00000000
00000011
01000000
00000011
00010011
,
00000000
00000000
00000000
01100011
00000000
00000000
00000000
10010011
,
00000000
00000000
00000000
01100011
00000000
00000000
00000000
00000000
,
00110011
00000000
10000011
00000000
00000011
01000000
00000011
00100000
,
00000011
00000000
00010011
00000000
00000011
01000000
00000011
00100000
,
00000011
00000000
10000011
00000000
00000011
01000000
00000011
00100011
,
00000000
00000000
00000000
11000011
00000000
00000000
00000000
01100011
,
00000000
00000000
00000000
00110011
00000000
00000000
00000011
00000000
,
00110011
00000000
00010011
00100000
01010011
00100000
00010011
00100000
,
00000011
01000000
00000011
10000000
00000011
00100000
00000011
00000000
,
11000011
00000000
00010011
01000000
00010011
01000000
00010011
01000000
,
00000011
00100000
00000011
10000000
00000011
10000000
00000011
00000000
,
00100011
00000000
10000011
00100000
11000011
00100000
10000011
00100000
,
00000011
01000000
00000011
00010000
00000011
00100000
00000011
00000000
,
01100011
00000000
10000011
01000000
10100011
01000000
10000011
01000011
,
00000000
00100011
00000000
00010011
00000000
00000000
00000000
00000000
,
01010011
10000000
00000000
01000000
00110011
00010000
00000000
00010000
,
00000011
10000000
00000000
01000000
01100011
00010000
00000000
00010000
,
00000011
00010000
00000000
00100000
11000011
10000000
00000000
10000000
,
00000011
00010000
00000000
00100000
01010011
10000000
00000011
10000000
,
00000011
10000000
00000000
00100000
01100011
00010000
00000000
00010000
,
00000011
10000000
00000000
00100000
01100011
00010000
00000000
00010000
,
00000011
00010000
00000000
01000000
01100011
10000000
00000000
00010000
,
00110011
01000000
00100000
00010000
00000011
01000000
00100011
01000000
,
00010011
00100011
01010011
00100011
,
00110011
10000011
00110011
10000011
,
01010011
01000011
00110011
01000011
,
00010000
00100011
00000000
01000011
00000000
10000011
00000000
00000000
,
11000011
01000011
10100011
01000011
,
11000011
00010011
01010011
00010011
,
11000011
00000000
01000011
00100000
00000011
00010000
00000011
10010000
,
00000011
00000011
01100011
01000011
,
01010011
00010011
11000011
00100011
,
01100011
00010011
11000011
00100011
,
01100011
00010011
00100011
01000011
,
11000000
00000011
00000000
00000011
00000000
00000011
00000000
00000000
,
01010011
00000000
00000000
00010000
00110011
00000000
00000000
00100000
,
01010011
00000000
00000000
01000000
11000011
00000000
00100011
00000000
,
01100011
00000000
00000000
01000000
01010011
00000000
00000000
00010000
,
11000011
00000000
00000000
10000000
01010011
00000000
00100011
00000000
,
00110011
00000000
00000000
00010000
01100011
00000000
00000000
01000000
,
10100011
00000000
00000000
00100000
11000011
00000000
01000011
00000000
,
00100011
00000000
00000000
00100000
00110011
00000000
00000000
00010000
,
01100011
00000000
01000000
00000000
11000011
00100000
10000011
00010000
,
01100011
00000000
00000000
00000000
,
01100011
00000000
00100011
01000000
00110011
01000000
00000011
00010000
,
00000011
01000000
00000011
00100000
00000011
10000000
00000011
00000000
,
01010011
00000000
01000011
00100000
11000011
00100000
00000011
00010000
,
00000011
10000000
00000011
01000000
00000011
00100000
00000011
00000000
,
00010011
00000000
00010011
00100000
00010011
00100000
00000011
10000000
,
00000011
00100000
00000011
01000000
00000011
00010000
00000011
00000000
,
11000011
00000000
10000011
00100000
11000011
00100000
00000000
10000011
,
00000000
01000011
00000000
00100011
00000000
10010000
00000000
00000000
,
11000011
00010000
10000011
00010000
11000011
00010000
00000011
00010000
,
00000011
00100000
00000011
01000000
00000011
00010000
00000011
00000000
,
00000011
00100000
00000011
01000000
00000011
00000000
00000011
00100000
,
00000011
00010000
00000011
01000000
00000011
00100000
00000011
00000000
,
00010011
10000000
00010011
10000000
00110011
10000000
00000011
10000000
,
00000011
01000000
00000011
00100000
00000011
10000000
00000011
00000000
,
00000011
01000000
00000011
00100000
00000011
00000000
00000011
11110000
,
00000011
11110000
00000000
11110000
00000011
11110000
11110011
00000000
;

//---------------dance-single - M. Puls----------------
#NOTES:
     dance-single:
     M. Puls:
     Beginner:
     1:
     0.087,0.000,0.061,0.000,0.000,63.000,7.000,0.000,0.000,0.000,0.000:


0000
0000
0000
0000
,
0000
0000
0000
0000
,
0000
0000
0000
0000
,
0000
0000
0000
0000
,
0000
0000
0000
0000
,
0000
0000
0000
0000
,
0000
0000
0000
0000
,
0000
0000
0000
0000
,
0000
0000
0000
0000
,
1000
0000
0000
0000
,
0000
0000
0000
0000
,
0001
0000
0000
0000
,
0000
0000
0000
0000
,
0010
0000
0000
0000
,
0000
0000
0000
0000
,
0100
0000
0000
0000
,
0000
0000
0000
0000
,
1001
0000
0000
0000
,
0000
0000
0000
0000
,
1000
0000
0000
0000
,
0001
0000
0000
0000
,
0000
0000
0000
0000
,
1001
0000
0000
0000
,
0000
0000
0000
0000
,
1000
0000
0000
0000
,
0001
0000
0000
0000
,
0000
0000
0000
0000
,
1001
0000
0000
0000
,
0000
0000
0000
0000
,
0001
0000
0000
0000
,
1000
0000
0000
0000
,
0000
0000
0000
0000
,
1001
0000
0000
0000
,
0000
0000
0000
0000
,
0001
0000
0000
0000
,
1000
0000
0000
0000
,
0000
0000
0000
0000
,
1001
0000
0000
0000
,
1000
0000
0000
0000
,
0001
0000
0000
0000
,
0100
0000
0000
0000
,
0010
0000
0000
0000
,
1000
0000
0000
0000
,
0001
0000
0000
0000
,
1000
0000
0000
0000
,
0001
0000
0000
0000
,
0010
0000
0000
0000
,
0001
0000
0000
0000
,
1000
0000
0000
0000
,
0100
0000
0000
0000
,
1000
0000
0000
0000
,
0001
0000
0000
0000
,
0000
0000
0000
0000
,
1001
0000
0000
0000
,
0000
0000
0000
0000
,
0100
0000
0000
0000
,
0000
0000
0000
0000
,
1001
0000
0000
0000
,
0001
0000
0000
0000
,
1000
0000
0000
0000
,
1000
0000
0000
0000
,
1000
0000
0000
0000
,
0001
0000
0000
0000
,
0001
0000
0000
0000
,
1000
0000
0000
0000
,
0001
0000
0000
0000
,
1000
0000
0000
0000
,
0001
0000
0000
0000
,
1000
0000
0000
0000
,
1000
0000
0000
0000
,
0001
0000
0000
0000
,
0001
0000
0000
0000
,
0000
0000
0000
0000
,
0100
0000
0000
0000
,
0100
0000
0000
0000
,
0000
0000
0000
0000
,
0010
0000
0000
0000
,
0010
0000
0000
0000
,
0000
0000
0000
0000
,
0001
0000
0000
0000
,
1000
0000
0000
0000
,
1000
0000
0000
0000
,
0001
0000
0000
0000
,
0001
0000
0000
0000
,
0001
0000
0000
0000
,
0000
0000
0000
0000
,
1000
0000
0000
0000
,
1000
0000
0000
0000
,
1000
0000
0000
0000
,
0001
0000
0000
0001
;
