#TITLE:Don't Promise Me;
#SUBTITLE:~Happiness~;
#ARTIST:Reflection Theory;
#TITLETRANSLIT:;
#SUBTITLETRANSLIT:;
#ARTISTTRANSLIT:;
#GENRE:;
#CREDIT:;
#BANNER:Happiness Comes-banner.png;
#BACKGROUND:Happiness Comes-bg.png;
#LYRICSPATH:;
#CDTITLE:;
#MUSIC:Reflection Theory - DPM (Happiness Comes).ogg;
#OFFSET:-0.259;
#SAMPLESTART:20.932;
#SAMPLELENGTH:11.880;
#SELECTABLE:YES;
#BPMS:0.000=132.100,40.000=66.050,44.000=132.100,120.000=66.050,122.000=132.100,178.000=66.000,182.000=132.000;
#STOPS:;
#BGCHANGES:0.000=Happiness Comes-bg.png=1.000=0=0=1=====,
16.000=vol3-06-ntsc.mpg=1.000=0=0=1=====,
32.000=vol4-09-ntsc.mpg=1.000=0=0=1=====,
40.000=jb_043.mpg=0.800=0=0=1=====,
44.000=EV01441N.mpg=1.000=0=0=1=====,
60.000=EV01438N.mpg=1.000=0=0=1=====,
76.000=689_JumpBack.mpg=0.900=0=0=1=====,
92.000=728_JumpBack.mpg=1.000=0=0=1=====,
108.000=EV01440N.mpg=1.000=0=0=1=====,
120.000=jb_043.mpg=0.800=0=0=1=====,
122.000=EV01452N.mpg=1.000=0=0=1=====,
138.000=EV01441N.mpg=1.000=0=0=1=====,
154.000=EV01438N.mpg=1.000=0=0=1=====,
170.000=689_JumpBack.mpg=0.900=0=0=1=====,
178.000=jb_047.mpg=0.900=0=0=1=====,
182.000=vol4-15-ntsc.mpg=1.000=0=0=1=====,
198.000=vol4-05-ntsc.mpg=1.000=0=0=1=====,
214.000=EV01438N.mpg=1.000=0=0=1=====,
230.000=EV01441N.mpg=1.000=0=0=1=====,
246.000=vis_EV01440N.mpg=1.000=0=0=1=====,
250.000=Happiness Comes-bg.png=1.000=1=0=1===CrossFade==,
257.000=Happiness Comes-bg.png=1.000=0=0=1=====,
99999=-nosongbg-=1.000=0=0=0 // don't automatically add -songbackground-
;
#KEYSOUNDS:;
// cache tags:
#FIRSTBEAT:4.000;
#LASTBEAT:257.000;
#SONGFILENAME:/Songs/In The Groove/Happiness Comes/Happiness Comes.sm;
#HASMUSIC:1;
#HASBANNER:1;
#MUSICLENGTH:123.843;
// end cache tags

//---------------dance-single - M. Emirzian----------------
#NOTES:
     dance-single:
     M. Emirzian:
     Hard:
     8:
     0.541,0.000,0.161,0.145,0.246,431.000,20.000,18.000,0.000,0.000,0.000:


0000
0000
0000
0000
,
0000
0000
0000
0000
,
0000
0000
0000
0000
,
0000
0000
0000
0000
,
1000
0000
0010
0100
0001
0000
1000
0000
0000
0000
0210
0000
0000
0000
0301
0000
,
0010
0000
0100
1000
0000
0001
0000
1000
0000
0000
0201
0000
0000
0000
0310
0000
,
1000
0000
0100
0010
0001
0000
0100
0000
0000
0000
2001
0000
0000
0000
3010
0000
,
1000
0000
0100
0010
0000
0001
0000
0010
0000
0000
0100
0000
1000
0000
0001
0000
,
1100
0000
0010
0100
1100
0000
0010
0100
,
0101
0000
0010
1000
0100
1100
1001
0000
,
0102
0000
1000
0000
2000
0000
0000
3003
,
1000
0000
0100
0010
0100
0000
1000
0000
0001
0000
0200
0000
0000
0000
0310
0000
,
1000
0000
0100
0010
0000
0100
0000
1000
0000
0000
0001
0000
0100
0000
0010
0000
,
0100
0001
0010
0100
1000
0002
0000
0013
,
0100
0000
0000
0000
1100
0000
0000
0000
1000
0010
0000
0100
0001
0000
0010
0000
,
1100
0000
1000
0010
1000
0200
0000
0310
,
0001
0000
0100
0010
0000
1000
0000
0010
0000
0000
0100
0000
0001
0000
0010
0000
,
0100
1000
0010
0001
0010
2000
0000
3100
,
0010
0000
0001
0000
0100
0000
0010
0000
1000
0100
0000
0010
0001
0000
0100
0000
,
1010
0000
1000
0100
1000
0020
0000
0130
,
0001
0000
0010
0100
0000
1000
0000
0010
0000
0000
0100
0000
0001
0000
0010
0000
,
0001
0100
0010
1000
0100
0020
0000
0031
,
1000
0000
0010
0000
0100
0000
0001
0000
0010
0100
0000
1000
0001
0000
0100
0000
,
1010
0000
0100
0010
1000
0200
0000
0310
,
0001
0000
1000
0010
0000
1000
0000
0001
0000
0000
0010
0000
0100
0000
1000
0000
,
0100
0010
0001
0100
0010
2000
0000
3001
,
0010
0000
0100
1000
0000
0001
0000
0100
0000
0000
0010
0000
1000
0000
0100
0000
,
0011
0000
0100
0010
1001
0000
0010
0100
,
1100
0000
0001
0100
0010
1000
0100
0000
,
0010
0001
0100
1000
0100
0001
0010
0100
,
1000
0000
0010
0100
0000
0001
0000
0010
0000
0100
1000
0000
0001
0100
0010
1000
0100
0000
0000
0000
0010
0000
0000
0000
0001
0000
0000
0000
0100
0000
0000
0000
,
0010
1000
0100
0001
0100
1000
0010
0100
,
0001
0000
0010
0000
0100
0000
1000
0000
0010
0000
0000
0100
0000
0000
0001
0000
,
0010
0000
0000
0100
0000
0000
1000
0000
0001
0000
0000
0100
0000
0000
0010
0000
,
1000
0000
0100
0000
0010
0000
0001
0010
0001
0000
0100
0000
0010
0000
1000
0000
,
0001
0010
0001
0100
0010
0001
0010
1000
,
0100
0000
0010
0000
0001
0000
1000
0000
0001
0000
0000
0100
0000
0000
0010
0000
,
1000
0000
0000
0100
0000
0000
0010
0000
0001
0000
0000
0100
0000
0000
0001
0000
,
0010
0000
0100
1000
0100
1000
0001
0000
0100
0000
0010
0000
1000
0000
0100
0000
,
0001
0100
1000
0010
0100
0001
0010
0100
,
1000
0000
0010
0000
0100
0000
0001
0000
1000
0000
0000
0010
0000
0000
0100
0000
,
0001
0000
0000
0010
0000
0000
0100
0000
1000
0000
0000
0010
0000
0000
0100
0000
,
0001
0000
1000
0000
0100
0000
0010
0001
0010
0000
0001
0000
0100
0000
0010
0000
,
0100
0001
1000
0100
0010
0001
1000
0010
,
1000
0000
0100
0000
0010
0000
0001
0000
0100
0000
0010
0000
1000
0100
1000
0000
,
0001
0000
1000
0000
0100
1000
0010
0100
0001
0000
0010
0000
0100
0000
1000
0000
,
0010
0100
0001
0000
0100
0010
1000
0010
,
0100
0001
1000
0000
0100
1000
0100
1000
,
0001
0010
0100
0000
0010
0001
0100
1000
,
0100
0001
0010
0100
0010
0000
0001
0100
,
1000
0000
1000
0100
0010
0000
0010
1000
,
0100
0010
0001
0000
0011
0000
0100
1000
,
0010
0000
0010
0100
0001
0000
0001
0010
,
1000
0000
0010
0000
0001
0000
1000
0000
0010
0000
0100
0001
0100
0000
0020
0000
,
0000
1030
0100
0010
0001
0100
0010
1000
,
0100
0000
0010
0000
0001
0000
0100
0000
0010
0000
1000
0010
1000
0000
0200
0000
,
0000
0000
0310
0000
0001
0000
0100
0000
0010
0000
1000
0100
0000
0010
0000
0001
,
0000
0100
0010
1000
0100
0010
0001
1000
,
0010
2000
0000
3001
0100
0010
1000
0001
,
0100
0010
1000
0100
0010
0001
0010
0100
,
1000
0010
1000
0100
0001
0100
1000
0010
,
0100
0001
1000
0000
1100
0000
0110
0000
2002
0000
0000
0000
0000
0000
0000
0000
,
0000
3003
0000
0000
;

//---------------dance-double - M. Emirzian----------------
#NOTES:
     dance-double:
     M. Emirzian:
     Easy:
     4:
     0.261,0.099,0.153,0.129,0.000,191.000,19.000,16.000,0.000,0.000,0.000:


00000000
00000000
00000000
00000000
,
20000000
30000000
00020000
00030000
,
01000000
02000000
03001000
00000000
,
00020000
00030000
00010100
00000000
,
00001000
00002000
00003010
00000000
,
00000200
00000300
00001001
00000000
,
00000010
00000020
00000130
00000000
,
00020000
00030000
00101000
00000000
,
01000000
02000000
13000000
00000000
,
00200000
00300000
01010000
00000000
,
00100000
00000000
00001000
00000000
00010000
00010000
00010000
00000000
,
00010010
00001000
00000100
00000001
,
00000010
00000001
00000100
00000010
,
00002000
00000000
00003000
00000200
00000000
00000300
00020000
00000000
,
00030000
00001000
00010000
00010000
,
00011000
00000000
00100000
00000000
,
10000000
10000000
00010000
01000000
,
10100000
00000000
10000000
01000000
,
00010000
00001000
00000010
00000001
,
00000100
00000000
00001010
00001000
,
00000100
00000010
00000001
00000100
,
00000010
00000010
00001000
00000100
,
00011000
00000000
00010000
00001000
,
00010000
00010000
01000000
10000000
,
00100000
10000000
01000000
00100000
,
00020000
00000000
00030000
02000000
00000000
03000000
00002000
00000000
,
00013000
00001000
00010100
00000000
,
00001000
00000000
00000010
00000000
,
00000100
00001000
00000000
00000000
,
00000010
00000000
00000100
00000000
,
00001000
00010000
00000000
00000000
00010000
00000000
00100000
00000000
,
01000000
01000000
00010000
10000000
,
00010000
00000000
01000000
00010000
,
00100000
00100000
00001000
00010000
,
00000010
00000010
00000100
00000000
,
00001001
00000000
00000010
00000010
,
00000100
00000000
00001001
00000100
,
00000000
00001010
00001000
00000000
,
00000100
00010000
00001000
01000000
,
00010000
00010000
10000000
01000000
,
10000000
00000000
00100000
01000000
,
00010000
00010000
00100000
00001000
,
00010000
00010000
00000010
00000000
,
00001100
00000000
00000010
00000011
,
00000000
00001000
00001100
00010000
,
00001000
00001000
00001000
00000000
00001000
00000000
01000000
00000000
,
00010000
00000000
10000000
01000000
,
00100000
00010000
01000000
00000000
,
01000000
00000000
01000000
00000000
,
00100000
10000000
01000000
00000000
,
00100000
00001000
00010000
00100000
,
01000000
00001000
00010000
00000000
,
00000100
00000000
00001000
00001000
,
00000010
00000000
00000100
00000100
,
00000001
00001000
00000000
00000100
,
00000100
00000010
00000100
00010000
,
00001000
00101000
00000000
01000000
,
01000000
00100000
00000000
10000000
,
00000000
00010000
00000000
00100000
,
00001000
00010000
00000010
00000000
,
00001000
00000000
00000001
00000100
,
00000110
00010000
00101000
00000000
;

//---------------dance-double - M. Emirzian----------------
#NOTES:
     dance-double:
     M. Emirzian:
     Medium:
     6:
     0.395,0.076,0.218,0.040,0.012,310.000,27.000,5.000,0.000,0.000,0.000:


00000000
00000000
00000000
00000000
,
00100000
01000000
00100000
00000000
,
00010000
01000000
00001000
00000000
,
00010000
00100000
00010000
00001000
,
00011000
00010010
00000100
00001000
,
00000001
00000100
00000010
00001000
00000000
00000220
00000000
00000330
,
00000010
00000100
00000010
00001000
,
00010000
00000100
00010000
00001000
00000000
00202000
00000000
00303000
,
00010000
00000000
01000000
00000000
00100000
00000000
10000000
01000000
,
00010000
01000000
10000000
00100000
,
01000000
00000000
00000000
00000000
00010000
00000000
00000000
00000000
00100000
00000000
00001000
00000000
00010000
00000010
00010000
00000000
,
00000100
00000000
00000010
00000000
00000011
00000000
00000100
00001000
,
00000001
00001100
00001010
00000100
,
00000001
00000100
00000010
00000000
00001000
00000000
00000100
00000000
,
00010000
00001000
00011000
00010000
,
01000000
10000000
00100000
00000000
01000000
00000000
01010000
00000000
,
00110000
00000000
01000000
00000000
10000000
00000000
00100000
01000000
,
00010000
00000000
00100000
00001000
00010000
00000000
00010000
00000100
,
00001000
00000000
00000010
00000000
00000100
00000000
00000001
00000100
,
00001000
00000100
00000001
00000010
,
00000100
00000000
00010000
00001000
01000000
00000000
00100000
00000000
,
01000000
00010000
01000000
00000000
00100000
00000000
10000000
00000000
,
01000000
00100000
01000000
00000000
10000000
00000000
00010000
00000000
,
00110000
01010000
00100000
10000000
,
01000000
00000000
00100000
00000000
00001000
00010000
00000010
00000000
,
00010000
00000100
00001000
00000000
00000010
00000000
00000100
00000000
,
00000001
00000000
00000010
00000000
00000100
00001000
00000001
00000100
,
00000010
00000100
00000001
00000100
,
00001000
00010000
00100000
10000000
01000000
00000000
00100000
00000000
,
00101000
00110000
01000000
10000000
,
00100000
00000000
01000000
00010000
01000000
00000000
00100000
00000000
10000000
00000000
00000000
00000000
01000000
00000000
00000000
00000000
,
00010000
00000000
01000000
10000000
00100000
00000000
01000000
00010000
,
00100000
00000000
00001000
00010000
01000000
00010000
00001000
00000000
,
00010100
00000000
00001100
00000000
00000010
00000001
00000100
00000000
,
00000010
00001010
00000100
00000000
,
00000001
00000000
00000010
00000100
,
00001000
00000010
00000100
00000001
00000010
00000000
00000100
00010000
,
00001000
00000000
01000000
00010000
00000000
00100000
01000000
10000000
,
00100000
01000000
10010000
00100000
,
01000000
00000000
10000000
00100000
01000000
00000000
00001000
00010000
,
00100000
00000000
01000000
00001000
00010000
00001000
00000010
00000000
,
00000110
00000000
00000011
00000000
00000100
00000010
00001000
00000000
,
00000100
00000000
00001001
00000000
00000010
00000100
00001000
00000000
,
00000010
00000100
00000001
00000000
00000100
00001000
00010000
01000000
,
10000000
00000000
00010000
00000000
01000000
00000000
00000000
00000000
00100000
00000000
00000000
00000000
10000000
01000000
00100000
00000000
,
00010000
01000000
00001000
00010000
00001000
00000010
00000100
00000000
,
00001000
00000000
00000001
00000100
00000010
00000000
00001000
00000100
,
00000010
00000000
00000001
00000100
00001000
00010000
00001000
00000000
,
00100000
00010000
01000000
00000000
10100000
00000000
11000000
00000000
,
00100000
00010000
10000000
00000000
00100000
00010000
00001000
00000000
,
01000000
00010000
00100000
00000000
01000000
00000000
10000000
00000000
,
00100000
00000000
01010000
00000000
00100000
00000000
00001000
00010000
,
00001000
00000000
00010000
00000100
00001000
00000000
00010010
00000000
,
00001010
00000100
00000001
00000010
,
00000100
00001000
00000010
00000000
00000100
00000000
00000001
00000100
,
00001000
00000000
00010000
00001000
00100000
01000000
10000000
00100000
,
01000000
00000000
00010000
00000000
10000000
01000000
00100000
00000000
,
01000000
10000000
00100000
00000000
01000000
00000000
01000000
00000000
,
00001000
00001000
00010000
00010000
,
00001000
00000000
00000010
00000000
00000001
00000100
00000010
00000000
,
00000000
00000000
00000100
00000000
00000001
00000100
00000010
00000000
,
00000000
00001000
00000100
00010100
,
00000000
00020000
00001000
00031000
;

//---------------dance-double - M. Emirzian----------------
#NOTES:
     dance-double:
     M. Emirzian:
     Hard:
     8:
     0.513,0.000,0.097,0.170,0.093,412.000,12.000,21.000,0.000,0.000,0.000:


00000000
00000000
00000000
00000000
,
00000000
00000000
00000000
00000000
,
00000000
00000000
00000000
00000000
,
00000000
00000000
00000000
00000000
,
00010000
00001000
00100000
00010000
10000000
02000000
00000000
03100000
,
01000000
00100000
00010000
01000000
00100000
20000000
00000000
30100000
,
01000000
00100000
10000000
01000000
00010000
00002000
00000000
00003100
,
00001000
00000100
00000001
00001000
00000010
00000001
00000010
00001000
,
00000100
00000000
00020000
00001000
00031000
00000000
02000000
00010000
,
03010000
00000000
20000000
01000000
31000000
00100000
00001000
00011000
,
00010000
00000000
00001000
00000000
00000010
00000000
00000001
00000100
00000010
00000000
00001000
00000000
00000100
00010000
00001000
00000000
,
00101000
00000000
00010000
01000000
00100000
10000000
01000000
00100000
,
01000000
10000000
00100000
01000000
10000000
02000000
00000000
03010000
,
10000000
01000000
00010000
00001000
00000010
00000002
00000000
00001003
,
00000010
00000000
00000000
00000000
00000101
00000000
00000000
00000000
00001000
00000100
00000000
00000010
00000001
00000000
00000100
00000000
,
00001010
00000000
00000001
00000100
00000010
00020000
00000000
00031000
,
00000010
00001000
00010000
00100000
10000000
02000000
00000000
03100000
,
00001000
00010000
01000000
10000000
00100000
01000000
00100000
10000000
,
01000000
00000000
00000000
00000000
00210000
00000000
00000000
00000000
00310000
01000000
00000000
00100000
10000000
00000000
00010000
00000000
,
11000000
00000000
00100000
00010000
10000000
00100000
00010000
00001000
,
00000100
00001000
00000001
00000010
00001000
00000020
00000000
00000031
,
00000010
00001000
00000100
00001000
00000010
00000200
00000000
00000301
,
00000100
00000000
00000010
00000000
00010000
00000000
00001000
00000000
00100000
01000000
00000000
10000000
00100000
00000000
01000000
00000000
,
01010000
00010000
00100000
10000000
00100000
00020000
00000000
01030000
,
00001000
00010000
00000100
00000010
00000001
00002000
00000000
00003010
,
00001000
00000100
00000001
00000100
00001000
00000010
00000100
00000000
,
00001000
00001000
00001000
00000000
00010000
00010000
00010000
00000100
,
00011000
00000000
00010000
00100000
10000000
00020000
00000000
01030000
,
00100000
00010000
00100000
10000000
01000000
00020000
00000000
01030000
,
10000000
00100000
10000000
01000000
00010000
00002000
00000000
00013000
,
00000100
00000000
00001000
00000000
00000001
00000100
00000010
00000000
00001001
00000000
00000000
00000000
00000001
00000000
00000100
00000000
,
00000010
00001000
00000100
00000001
00000100
00001000
00000010
00000100
,
00001000
00000000
00000000
00001000
00000000
00000000
00010000
00000000
00100000
00000000
00000000
00100000
00000000
00000000
10000000
00000000
,
01000000
00000000
00000000
01000000
00000000
00000000
00100000
00000000
00010000
00000000
01000000
00000000
10000000
00000000
00010000
00000000
,
00100000
01000000
00001000
00010000
01000000
00000000
00010000
00001000
,
00000010
00001000
00010000
00000100
00001000
00000010
00000001
00001000
,
00000100
00000000
00000001
00000000
00000010
00000000
00000001
00000000
00000100
00000000
00000000
00000100
00000000
00000000
00001000
00000000
,
00010000
00000000
00000000
00010000
00000000
00000000
00100000
00000000
10000000
00000000
00000000
10000000
00000000
00000000
01000000
00000000
,
01000000
01000000
00100000
00000000
00001000
01000000
00010000
00100000
,
00001000
00000000
00010000
00000000
01000000
00000000
00010000
00000000
00001000
00000000
00000000
00001000
00000000
00000000
00000100
00000000
,
00000001
00000000
00000000
00000001
00000000
00000000
00000010
00000000
00000100
00000000
00000000
00000100
00000000
00000000
00001000
00000000
,
00000010
00010000
00001000
01000000
00100000
01000000
00010000
10000000
,
01000000
00000000
00010000
00000000
01000000
00000000
10000000
00000000
10010000
00000000
00000000
10000000
00000000
00000000
00100000
00000000
,
00010000
00000000
00000000
00010000
00000000
00000000
00001000
00000000
00000010
00000000
00000000
00000010
00000000
00000000
00000001
00000000
,
00000100
00000000
00000010
00000000
00001000
00000000
00000000
00000000
00000001
00000000
00000100
00000000
00001000
00010000
00100000
00000000
,
10000000
00000000
01000000
00000000
00100000
00010000
00100000
00000000
10010000
00000000
00000000
00000000
01100000
00000000
00000000
00000000
,
10000000
00100000
01000000
00001000
00010000
00000000
00010000
00000100
,
00001000
00000001
00000010
00000000
00000001
00000000
00001000
00000000
,
00000100
00000000
00000010
00000001
00000100
00000000
00000010
00010000
,
00001000
00000000
10000000
00100000
01000000
00010000
10000000
01000000
,
00100000
00010000
01000000
00000000
00100000
00000000
01000000
00001000
,
00010000
00000000
00000010
00010000
00001000
00000000
00000010
00001000
,
00010000
00001000
00000100
00001000
00000001
00000010
00001000
00000100
,
00001000
00000001
00001000
00000010
00000100
00001000
00010000
01000000
,
10000000
00200000
00000000
10300000
01000000
00010000
01000000
10000000
,
01000000
00010000
00001000
00010000
00000010
00000000
00000100
00000010
,
00001000
00000000
00000100
00000000
00000010
00000001
00000100
00000010
,
00001000
00000000
00000100
00000001
00000100
00001000
00000010
00000100
,
00001000
00010000
00001000
00000000
00100000
01000000
10000000
00100000
,
00010000
00001000
00010000
01000000
10000000
01000000
00100000
00010000
,
01000000
10000000
01000000
00100000
00010000
00001000
00000010
00000001
,
00000010
00001000
00010000
00000100
00000010
00000000
00000001
00000000
,
00000100
00000020
00000000
00001030
00000200
00000000
00000000
00000000
,
00000000
00000300
00000000
00000000
00000000
00000000
00000000
00000000
;

//---------------dance-double - M. Emirzian----------------
#NOTES:
     dance-double:
     M. Emirzian:
     Challenge:
     9:
     0.610,0.000,0.194,0.161,0.323,485.000,24.000,20.000,6.000,0.000,0.000:


00000000
00000000
00000000
00000000
,
00000000
00000000
00000000
00000000
,
00000000
00000000
00000000
00000000
,
00000000
00000000
00000000
00000000
,
00100000
00000000
10000000
00010000
00100000
00000000
00001000
00000000
00010000
00000000
00010200
00000000
000M0000
00000000
00000310
00000000
,
00000001
00000000
00000100
00000010
00000000
00001000
00000000
00000100
00000000
00000000
00020010
00000000
000000M0
00000000
00000000
00000000
,
00130000
00000000
10000000
00010000
01000000
00000000
00100000
00000000
10000000
00000000
10020000
00000000
M0000000
00000000
00130000
00000000
,
00001000
00000000
00010000
00000100
00000000
00000010
00000000
00000001
00000000
00000000
00002100
00000000
00000M00
00000000
00003010
00000000
,
00000100
00000000
00000001
00000100
00000001
00000000
00000010
00000000
00000100
00000000
00020100
00000000
00000M00
00000000
00130000
00000000
,
10000000
00000000
00010000
01000000
00000000
00100000
00000000
10000000
00000000
00000000
10020000
00000000
M1000000
00000000
01000000
00000000
,
01030000
00000000
00100000
00000000
10000000
01000000
00010000
00000000
00001000
00000000
00010000
00000000
00000010
00001000
00000100
00000000
,
00000011
00000001
00000100
00001000
00010000
00002000
00000000
00003100
,
00000001
00000010
00001000
00000100
00001000
00010000
00000010
00010000
,
00001000
00000000
00010000
00001000
00010000
00000000
01000000
00000000
10000000
00000000
00010000
10000000
00010000
00000000
01000000
00000000
,
10000000
00000000
00100000
00000000
10000000
00000000
01000000
00000000
00010000
01000000
00000000
00100000
10000000
00000000
01000000
00000000
,
10010000
00100000
00001000
00010000
00000010
00000200
00000000
00000301
,
00000100
00001000
00000010
00001000
00010000
00001000
01000000
00100000
,
01000000
00000000
00001000
01000000
00001000
00000000
00100000
00000000
01000000
00000000
10000000
00010000
10000000
00000000
00100000
00000000
,
00010000
00000000
01000000
00000000
00010000
00000000
00001000
00000000
00010000
00001000
00000000
00010000
00000010
00000000
00001000
00000000
,
00001001
00001000
00000100
00000010
00000001
00000200
00000000
00001300
,
00010000
00001000
00000010
00000001
00000010
00001000
00000001
00000100
,
00001000
00000000
00000001
00001000
00000001
00000000
00001000
00000000
00000010
00000000
00000100
00000001
00000100
00000000
00000010
00000000
,
00010000
00000000
01000000
00000000
10000000
00000000
00010000
00000000
01000000
00100000
00000000
10000000
00010000
00000000
00100000
00000000
,
11000000
00100000
01000000
00010000
10000000
02000000
00000000
03010000
,
00100000
00010000
00001000
00000100
00001000
00010000
00000010
00001000
,
00000100
00000000
00000010
00000001
00000010
00000000
00001000
00000000
00010000
00001000
00010000
00000000
00001000
00000000
00000100
00000000
,
00000001
00000000
00000010
00000000
00001000
00000000
00000010
00000000
00000001
00000100
00000010
00000000
00001000
00000100
00010000
00000000
,
00001000
00010000
01000000
10000000
00100000
00010000
02000000
00000000
,
03010000
00001000
00010000
01000000
10000000
00010000
02000000
00000000
,
03100000
00010000
00001000
00000010
00000100
00001000
00000002
00000000
,
00000013
00000000
00000100
00001000
00000000
00000010
00000000
00010000
00000000
00001000
00010000
00000000
01000000
00100000
00010000
10000000
00100000
00000000
00000000
00000000
01000000
00000000
00000000
00000000
00010000
00000000
00000000
00000000
00100000
00000000
00000000
00000000
,
10000000
00100000
00010000
01000000
00100000
00010000
01000000
00010000
,
00001000
00000000
00010000
00000000
00000010
00000000
00001000
00000000
00000100
00000000
00000000
00000011
00000000
00000000
00000100
00000000
,
00001000
00000000
00000000
00011000
00000000
00000000
00100000
00000000
10000000
00000000
00000000
11000000
00000000
00000000
00010000
00000000
,
00001000
00000000
00000000
00001100
00000000
00000000
00000100
00000001
00000100
00000000
00000010
00000000
00001000
00000000
00000100
00000000
,
00001000
00000001
00000100
00001000
00000010
00001000
00010000
01000000
,
10000000
00000000
00010000
00000000
01000000
00000000
00100000
00000000
10000000
00000000
00000000
11000000
00000000
00000000
00100000
00000000
,
00010000
00000000
00000000
00011000
00000000
00000000
00001000
00000000
00000100
00000000
00000000
00000101
00000000
00000000
00000010
00000000
,
00001000
00000000
00000100
00010000
00000100
00010000
00001000
00000000
00000100
00000000
00000001
00000000
00000010
00000000
00001000
00000000
,
00000100
00001000
00010000
00100000
00010000
00001000
01000000
00010000
,
00100000
00000000
01000000
00000000
10000000
00000000
00100000
00000000
01000000
00000000
00000000
01010000
00000000
00000000
00100000
00000000
,
10000000
00000000
00000000
11000000
00000000
00000000
00100000
00000000
00001000
00000000
00000000
00011000
00000000
00000000
00001000
00000000
,
00000100
00000000
00000001
00000000
00001000
00000100
00001000
00000100
00000010
00000000
00000001
00000000
00000100
00000000
00001000
00000000
,
00000010
00001000
00010000
00001000
00000010
00000001
00000010
00000100
,
00010000
00000000
00001000
00000000
01000000
00000000
00100000
00000000
10000000
00000000
01000000
00000000
00100000
00010000
00100000
00000000
,
01000000
10000000
01000000
00010000
01000000
10000000
00100000
00010000
00001000
00000000
00010000
00000000
01000000
00000000
00010000
00000000
,
00001000
00000100
00000002
00000000
00000013
00000100
00001000
00000010
,
00001000
00000100
00000010
00001000
00020000
00000000
00031000
00000100
,
00001000
00000000
00010000
00100000
10000000
01000000
00010000
00100000
,
00010000
00001000
00020000
00000000
01030000
10000000
00010000
01000000
,
00100000
00010000
00002000
00000000
00103000
00001000
00010000
00000010
,
00000100
00000001
00000010
00000100
00001000
00000000
00000010
00000100
,
00000001
00000000
00000100
00001000
00010000
00001000
00000100
00001000
,
00010000
00001000
00000000
01000000
00010000
00000000
00100000
00000000
11000000
00000000
00100000
00000000
01000000
00000000
00010000
00000000
,
00100000
00000000
01000000
00000000
10000000
01000000
10000000
00000000
00100000
00000000
00010000
00000000
01000000
00000000
00010000
00000000
,
00001000
00000000
00010000
00000000
00000010
00000000
00001000
00000000
00000100
00000010
00000100
00000000
00001000
00000001
00001000
00000000
,
00000010
00000000
00000100
00000000
00000001
00000000
00000010
00000000
00000100
00001000
00000100
00000000
00010000
00001000
00010000
00000000
,
00100000
10000000
00100000
00010000
01000000
00010000
00001000
00000100
,
00001000
00010000
01000000
00100000
00001000
00010000
00000100
00000010
,
00001000
00000000
00010000
00000000
00002000
00000000
00000000
00000000
00003100
00000001
00000100
00000001
00000010
00000100
00001000
00000100
,
00010000
00001000
00000100
00001000
00010000
00001000
01000000
00100000
10000000
00100000
01000000
00001000
00010000
00001000
00100000
00010000
,
10000000
01000000
10000000
00010000
10100000
00000000
01010000
00000000
20020000
00000000
00000000
00000000
00000000
00000000
00000000
00000000
,
00000000
00000000
30030000
00000000
;

//---------------dance-single - R. McKanna----------------
#NOTES:
     dance-single:
     R. McKanna:
     Easy:
     4:
     0.210,0.000,0.057,0.105,0.000,162.000,7.000,13.000,0.000,0.000,0.000:


0000
0000
0000
0000
,
0000
0000
0000
0000
,
0000
0000
0000
0000
,
0000
0000
0000
0000
,
0100
0000
0000
0000
,
0010
0000
0000
0000
,
0100
0000
0000
0000
,
0001
0000
0000
1000
,
2000
0000
3000
0001
,
0002
0000
0003
0100
,
0200
0000
0000
0301
,
0000
0100
0000
0010
,
0000
1000
0000
1000
,
0001
1000
0000
0010
,
0000
0100
0000
0001
,
1000
0001
0000
0100
,
0000
0010
0000
1000
,
0100
1000
0000
0010
,
0000
0100
0000
0001
,
1000
0001
0000
0010
,
0000
0001
0000
0010
,
0001
0100
0000
0010
,
0000
0100
0000
0010
,
2000
0100
0000
3001
,
0002
0100
0000
1003
,
1000
0100
0000
0100
,
0000
0100
0000
0001
,
0002
0000
0003
0010
,
0020
0000
0030
0100
,
0200
0000
0000
0300
,
1001
0000
0000
0100
0001
0000
0000
0000
,
0001
0000
0001
0000
,
0010
1000
0001
0000
,
0100
1000
0001
0000
,
0010
1000
1001
0000
,
0100
0000
0010
1000
,
0010
0001
0020
0000
,
0100
0000
0100
0000
,
0130
0000
1000
0000
,
1000
0000
1000
0000
,
0100
0001
1000
0000
,
0010
1000
0100
0001
,
0100
1000
0200
0000
,
0010
0000
0010
0000
,
0310
0000
0000
0000
0001
0010
0001
0010
,
0100
1000
0100
1000
0001
0000
0010
0000
,
0001
0010
0100
0010
,
0100
0010
0100
1000
,
0100
1000
0010
0100
,
0010
0100
1001
0000
,
0100
0000
1001
1000
,
0100
1000
1001
0000
,
0010
0000
1001
0001
,
0100
0001
1000
0100
,
1000
0100
0010
0100
,
0010
0100
1000
0000
,
0010
0100
0001
0000
,
0010
0100
1000
0000
,
0010
0100
0001
0000
,
0010
0100
1000
0000
,
0001
0000
1001
1000
,
0100
0010
0020
0000
,
0000
0130
0200
0000
,
0000
0310
0020
0000
,
0000
0030
0000
0000
;

//---------------dance-single - R. McKanna----------------
#NOTES:
     dance-single:
     R. McKanna:
     Medium:
     5:
     0.317,0.000,0.113,0.129,0.008,245.000,14.000,16.000,0.000,0.000,0.000:


0000
0000
0000
0000
,
0000
0000
0000
0000
,
0000
0000
0000
0000
,
0000
0000
0000
0000
,
1000
0100
0100
1000
,
0010
0100
0010
0000
0100
0000
0001
0000
,
0001
0100
0100
0001
,
0010
0100
0010
0000
0100
0000
1000
0000
,
0002
1000
0100
1003
,
0002
0010
0100
0013
,
0002
0000
0000
0000
,
1003
0100
0010
0100
,
0010
0001
0100
0001
1000
0000
0100
0000
,
0010
0100
1000
0010
,
0100
0001
0010
0001
1000
0000
0100
0000
,
1000
0110
0100
0110
,
0001
0110
0100
0110
,
2000
0010
0100
3010
,
0002
0013
2000
3100
,
0001
0010
0100
0010
,
0100
1000
0010
1000
0001
0000
0010
0000
,
0100
0010
0001
0100
,
0010
1000
0100
1000
0001
0000
0010
0000
,
0200
0000
0310
0100
,
0020
0000
0130
1000
,
0001
0010
0100
0010
,
0001
0010
0100
1000
,
2000
0001
0010
3001
,
2000
0010
0100
3010
,
2000
0100
0001
3100
,
1001
0000
0000
1001
1000
0000
1000
0000
,
0100
0000
0100
0000
0010
0000
0010
0001
,
0000
0001
0100
0000
0010
0000
0010
1000
,
0000
1000
0100
0000
0010
0000
0010
0001
,
0000
0001
0100
0000
1001
0000
0000
0000
,
0010
0100
0001
0010
,
0001
0100
0002
0100
,
2000
0000
0000
3003
,
1000
0100
0010
0000
0001
0000
0001
0000
,
0010
0000
0010
0000
0100
0000
0100
1000
,
0000
1000
0010
0000
0100
0000
0100
0001
,
0000
0001
0010
0000
0100
0000
1000
0000
,
0010
1000
0002
0000
,
0010
0000
0100
0000
,
0013
0000
0000
0000
0000
0000
0000
0000
0001
1000
0100
0000
0010
0000
0100
0000
,
1000
0001
0100
0000
0010
0000
0100
0000
0001
0000
0000
0000
0000
0000
0001
0000
,
0000
0001
0000
0000
1000
0000
0000
1000
,
0000
1000
0000
0000
0100
0000
0000
0100
,
0000
0100
0000
0000
1000
0000
0000
1000
,
0000
1000
0000
0000
0001
0000
0000
0001
,
0000
0001
0000
0000
0100
0000
0000
0100
,
0000
0100
0000
0000
0001
0000
0000
0001
,
0000
0001
0000
0000
0010
0000
0000
0010
,
0000
0010
0000
0000
0001
0000
0101
0000
,
0001
0011
0001
1001
,
0001
0010
0100
0000
1000
0000
1000
0100
,
0000
0100
0010
0000
1000
0000
1000
0010
,
0000
0010
0100
0000
1000
0000
1000
0100
,
0000
0100
0010
0000
0001
0000
0100
0000
,
0010
1010
1000
1100
,
1000
0100
0010
0000
0001
0000
0101
0000
,
0001
0010
0100
0000
2000
0000
0010
0000
,
0100
0010
3002
0010
,
0100
0003
1001
0000
;

//---------------lights-cabinet - ----------------
#NOTES:
     lights-cabinet:
     :
     Easy:
     1:
     1.000,0.308,1.000,0.057,0.008,319.000,276.000,7.000,0.000,177.000,0.000:


00000000
00000000
00000000
00000000
,
11000000
00110000
11000000
01100000
10010000
01100000
00000000
00000000
,
10010000
01100000
01100000
10010000
,
11000000
00110000
11000000
01100000
10010000
01100000
10010000
00000000
,
10000011
01000011
01000011
10000011
,
00100011
01000000
00100011
00000000
01000011
00000000
00010011
00000011
,
10010011
01100011
11000011
00010011
,
00100011
01000000
00100011
00000000
01000011
00000000
10000011
00000011
,
00010011
10000011
01010011
10000011
,
01010011
00000000
10100011
00000000
11000011
00000000
00110011
00000011
,
22220022
33330033
00000000
00000000
,
10010011
11000011
01100011
01010011
,
10100011
00010000
01000011
00010000
10010011
00000000
01100011
00000011
,
10100011
01000011
10010011
01100011
,
01000011
00010000
10100011
00010000
10000011
00000000
01010011
00000011
,
10000011
01100011
10010011
01100011
,
10010011
00000000
01100011
00000000
10010011
00000000
01100011
00000011
,
10000011
10100011
01000011
01100011
,
10010011
00000000
01100011
00000000
10010011
00000000
01100011
00000011
,
10010011
10100011
01010011
00100011
,
01000011
10000000
00100011
10000000
00010011
00000000
10100011
00000011
,
01010011
00100011
10010011
01100011
,
00100011
10000000
01000011
10000000
00010011
00000000
10100011
00000011
,
01000011
00100011
10100011
01000011
,
11100011
00000000
00000011
00000000
01000011
00000000
10000011
00000011
,
00010011
00100011
01000011
00100011
,
00010011
00000000
00100011
00000000
01000011
00000000
10000011
00000011
,
11110011
00010000
01100011
10010000
,
10100011
10110000
01000011
00100000
,
10010011
01100000
00010011
01000000
,
10010011
00000011
00000011
11110011
11110011
00000000
10000011
00000000
,
11000011
00000000
11000000
00000000
00110011
00000000
10100011
00010000
,
00000011
10010000
01100000
00000000
10100011
00000000
01100011
10000000
,
00000011
10000000
11000000
00000000
01100011
00000000
01100011
00010000
,
00000011
00010000
11000011
00000011
10110011
00000000
00000011
00000000
,
10100011
01000000
00110011
10100011
,
00110011
11000000
00110011
01000011
,
20000011
00000000
30010011
00100011
,
10000011
01000000
00100011
00000011
00010011
00000000
00110011
00000000
,
10100011
00000000
01100000
00000000
01000011
00000000
01000011
10000000
,
00000011
10000000
01100000
00000000
01000011
00000000
01100011
00010000
,
00000011
00010000
10100000
00000000
01000011
00000000
10100000
00000000
,
00100011
11000000
10010011
00000011
,
10100011
00000011
01100011
00000011
,
10100011
00000000
00000000
00000000
00000011
00000000
00000000
00000000
00010011
10000000
01000000
00000000
00100011
00000000
01000000
00000000
,
10000011
00010000
01000000
00000000
00100011
00000000
01000011
00000000
10010011
00000000
00000000
00000000
00000011
00000000
01110000
00000000
,
00000011
10010000
00000011
00000000
10010011
00000000
00000011
10100000
,
00000011
11000000
00000011
00000011
01010011
00000000
00000011
11000000
,
00000011
01100000
00000011
00000000
10000011
00000000
00000011
10010000
,
00000011
10010000
00000011
01100011
10010011
00000000
00000011
01010000
,
00000011
01010000
00000011
10000000
01000011
00000000
00000011
01000000
,
00000011
01000000
00000011
00000011
10010011
00000000
00000011
10010000
,
00000011
10010000
00000011
00000000
01100011
00000000
00000011
00110000
,
00000011
11000011
00000011
00000000
10010011
00000000
01010011
00000000
,
00010011
00110011
00010011
10010011
,
00010011
00100000
01000011
00000011
10000011
00000000
10000000
01000011
,
00000000
01000000
00100011
00000000
10000011
00000000
10000000
00100011
,
00000000
00100000
01000011
00000000
10000011
00000000
10000000
01000011
,
00000000
01000000
00100011
00000000
00010011
00000000
01000000
00000011
,
00100011
00000000
10100011
00000000
10000011
00000000
11000000
00000011
,
10000000
01000000
00100011
00000000
00010011
00000000
01010000
00000011
,
00010000
01000011
11110011
00000000
,
00000000
11110011
11110011
00000000
,
00000000
11110011
11110011
00000000
;

//---------------dance-single - M. Puls----------------
#NOTES:
     dance-single:
     M. Puls:
     Beginner:
     1:
     0.070,0.000,0.016,0.000,0.000,59.000,2.000,0.000,0.000,0.000,0.000:


0000
0000
0000
0000
,
0000
0000
0000
0000
,
0000
0000
0000
0000
,
0000
0000
0000
0000
,
0001
0000
0000
0000
,
1000
0000
0000
0000
,
0100
0000
0000
0000
,
1000
0000
0000
0000
,
0001
0000
0000
0000
,
0010
0000
0000
0000
,
0001
0000
0000
0000
,
0000
0000
0000
0000
,
0100
0000
0000
0000
,
0010
0000
0000
0000
,
1000
0000
0000
0000
,
0001
0000
0000
0000
,
0100
0000
0000
0000
,
0010
0000
0000
0000
,
1000
0000
0000
0000
,
0100
0000
0000
0000
,
0010
0000
0000
0000
,
0001
0000
0000
0000
,
0000
0000
0000
0000
,
1001
0000
0000
0000
,
0000
0000
0000
0000
,
1000
0000
0000
0000
,
0001
0000
0000
0000
,
0100
0100
0000
0000
,
0100
0000
0000
0000
,
0010
0000
0000
0010
,
0010
0000
0000
0000
,
0000
0000
0000
0000
,
1000
0000
0000
0000
,
1000
0000
0000
0000
,
0001
0000
0000
0000
,
0001
0000
0000
0000
,
0100
0000
0000
0000
,
0100
0000
0000
0000
,
0010
0000
0000
0000
,
0010
0000
0000
0000
,
1000
0000
0000
0000
,
1000
0000
0000
0000
,
0001
0000
0000
0000
,
0001
0000
0000
0000
,
0100
0000
0000
0000
,
1001
0000
0000
0000
,
0000
1000
0000
0000
,
0000
0100
0000
0000
,
0000
1000
0000
0000
,
0000
0001
0000
0000
,
0000
0010
0000
0000
,
0000
0001
0000
0000
,
0000
0100
0000
0000
,
0000
0010
0000
0000
,
1000
0000
0000
0000
,
0100
0000
0000
0000
,
0010
0000
0000
0000
,
0001
0000
0000
0000
,
0001
0000
0000
0000
,
0010
0000
0000
0000
,
0100
0000
0000
0000
,
1000
0000
0000
0000
,
0000
0001
0000
0000
,
0000
1000
0000
0000
,
0000
0001
0000
0000
;
