#TITLE:Mouth;
#SUBTITLE:;
#ARTIST:Rochelle;
#TITLETRANSLIT:;
#SUBTITLETRANSLIT:;
#ARTISTTRANSLIT:;
#GENRE:;
#CREDIT:;
#BANNER:mouth-banner.png;
#BACKGROUND:Mouth-bg.png;
#LYRICSPATH:;
#CDTITLE:;
#MUSIC:Rochelle - Mouth.ogg;
#OFFSET:0.021;
#SAMPLESTART:78.740;
#SAMPLELENGTH:13.860;
#SELECTABLE:YES;
#DISPLAYBPM:134.000;
#BPMS:0.000=134.003,144.000=134.163,148.000=134.143,160.000=134.043,172.500=133.883,173.000=132.903,174.000=132.703,176.000=133.943,216.000=133.983,240.000=133.983;
#STOPS:;
#BGCHANGES:0.000=Mouth-bg.png=1.000=0=0=1=====,
16.000=-random-=1.000=0=0=1=====,
32.000=-random-=1.000=0=0=1=====,
48.000=-random-=1.000=0=0=1=====,
64.000=-random-=1.000=0=0=1=====,
80.000=-random-=1.000=0=0=1=====,
88.000=-random-=1.000=0=0=1=====,
96.000=-random-=1.000=0=0=1=====,
104.000=-random-=1.000=0=0=1=====,
112.000=-random-=1.000=0=0=1=====,
128.000=-random-=1.000=0=0=1=====,
144.000=-random-=1.000=0=0=1=====,
160.000=-random-=1.000=0=0=1=====,
176.000=-random-=1.000=0=0=1=====,
184.000=-random-=1.000=0=0=1=====,
192.000=-random-=1.000=0=0=1=====,
200.000=-random-=1.000=0=0=1=====,
208.000=-random-=1.000=0=0=1=====,
216.000=-random-=1.000=0=0=1=====,
224.000=-random-=1.000=0=0=1=====,
232.000=-random-=1.000=0=0=1=====,
240.000=-random-=1.000=0=0=1=====,
256.000=-random-=1.000=0=0=1=====,
272.000=Mouth-bg.png=1.000=0=0=1=====,
99999=-nosongbg-=1.000=0=0=0 // don't automatically add -songbackground-
;
#KEYSOUNDS:;
// cache tags:
#FIRSTBEAT:16.000;
#LASTBEAT:272.000;
#SONGFILENAME:/Songs/In The Groove/Mouth/Rochelle - Mouth.sm;
#HASMUSIC:1;
#HASBANNER:1;
#MUSICLENGTH:123.582;
// end cache tags

//---------------dance-single - K. Ward----------------
#NOTES:
     dance-single:
     K. Ward:
     Hard:
     8:
     0.509,0.000,0.267,0.178,0.162,385.000,33.000,22.000,0.000,0.000,0.000:


0000
0000
0000
0000
,
0000
0000
0000
0000
,
0000
0000
0000
0000
,
0000
0000
0000
0000
,
1000
0010
1000
0000
0001
0100
0001
0000
,
1000
0000
0010
0000
0100
0001
0000
0001
0010
0000
0001
0000
0100
0000
0000
0000
,
0010
0100
0010
0000
1000
0100
1000
0000
,
0001
0000
0100
0000
0010
1000
0000
1000
0100
0000
1000
0000
0010
0000
0000
0000
,
2000
3001
0002
1003
,
0001
0000
0010
0000
0100
0000
1000
0000
0010
0000
0100
0010
0000
0010
1000
0000
,
0200
0010
0010
1300
,
0001
0010
0001
0000
0100
0010
1000
0000
,
1000
0000
0101
0000
0001
1000
0100
0000
,
1000
0000
0110
0000
0001
0100
0010
1000
,
0001
0000
1010
0000
0001
0100
0001
0100
,
0001
2000
3010
0002
,
0103
2000
3010
0002
,
1003
0000
0010
0000
0100
0000
0001
0000
0010
0000
0001
0100
0000
0100
0010
0000
,
0100
0000
0010
0000
1000
0100
1000
0001
,
0020
0000
0032
0000
,
1003
0010
1000
0000
0001
0010
0001
0000
,
1000
0000
0001
0000
0010
0000
0001
0010
0000
0001
0010
0000
0001
0000
0000
0000
,
1000
0100
1000
0000
0010
0100
0010
0000
,
1000
0000
0100
0000
1000
0000
0100
1000
0000
0100
1000
0000
0100
0000
0000
0000
,
1000
0010
0100
0000
0001
0010
0001
0000
,
1000
0000
0100
0000
1000
0000
0010
0100
0000
0001
0010
0000
0001
0000
0000
0000
,
1000
0100
1000
0000
0010
0100
0001
0000
,
1000
0010
0100
0001
0010
0000
0011
0000
,
1000
0000
0010
0000
0100
0000
0000
0000
0010
0000
0000
0010
0000
0000
0010
0000
,
0100
0000
0001
0000
0010
0000
0000
0000
0001
0000
0000
0001
0000
0000
0001
0000
,
0100
0000
0010
0000
1000
0000
0000
0000
0100
0000
0000
0100
0000
0000
0100
0000
,
1000
0000
0010
0000
0100
0000
0000
0000
0001
0000
0000
0001
0000
0000
0001
0000
,
1000
0000
0010
0000
0100
0000
0001
0000
0010
0000
0000
0010
0000
0000
0010
0000
,
0001
0000
0100
0000
0010
0000
1000
0000
0100
0000
0000
0100
0000
0000
0100
0000
,
1000
0000
0010
0000
0100
0000
0001
0000
0010
0000
0000
0010
0000
0000
0010
0000
,
0001
0100
0010
0100
0010
0000
1100
0000
,
2000
0000
3100
0000
,
0020
0000
0031
0000
,
0020
0000
0100
0130
,
2000
0001
0001
3010
,
0200
0000
0301
0000
,
0020
0000
0100
0130
,
2000
0000
3020
0000
,
0130
0100
0120
0000
,
1030
0100
1000
0000
0001
0010
0001
0000
,
1000
0000
0001
0000
0010
0000
0001
0010
0000
0001
0010
0000
0001
0000
0000
0000
,
1000
0100
1000
0000
0001
0010
0001
0000
,
1000
0000
0100
0000
1000
0000
0100
1000
0000
0100
1000
0000
0100
0000
0000
0000
,
1000
0010
0100
0000
0001
0100
0010
0000
,
1000
0000
0010
0000
0100
0000
0010
0100
0000
0001
0010
0000
0001
0000
0000
0000
,
1000
0010
0100
0000
0001
0010
0001
0000
,
1100
0000
0000
0000
0110
0000
0000
0001
0010
0000
0001
0000
0011
0000
0000
0000
,
1000
0000
0010
0000
0100
0000
0000
0000
0011
0000
0000
0011
0000
0000
0011
0000
,
0001
0000
0100
0000
0010
0000
0000
0000
0110
0000
0000
0110
0000
0000
0110
0000
,
0010
0000
1000
0000
0100
0000
0000
0000
1100
0000
0000
1100
0000
0000
1100
0000
,
1000
0010
0100
0010
0100
0000
0110
0000
,
1000
0000
0010
0000
0100
0000
0001
0000
0011
0000
0000
0011
0000
0000
0011
0000
,
0001
0000
0100
0000
0010
0000
1000
0000
1100
0000
0000
1100
0000
0000
1100
0000
,
1000
0000
0010
0000
0100
0000
0001
0000
0011
0000
0000
0011
0000
0000
0011
0000
,
0001
1000
1100
0000
1000
0001
0011
0000
,
1000
0100
0010
0100
1000
0001
0200
0000
,
0301
0010
0100
0010
0001
1000
0020
0000
,
1030
0100
0010
0100
1000
0001
0200
0000
,
0301
0010
0100
0010
0001
0100
0200
0000
,
0310
0000
1000
0000
0100
0000
0010
0000
0001
0000
1000
0001
0000
0001
0100
0000
,
0001
0000
0001
0000
0100
0000
0010
0000
1000
0000
0010
1000
0000
1000
0001
0000
,
0100
0000
0001
0000
0001
0000
1000
0000
0010
0000
0100
0001
0000
0001
0010
0000
,
0001
0000
1100
0000
0001
0100
0110
0000
,
1001
0000
0000
0000
;

//---------------dance-single - K. Ward----------------
#NOTES:
     dance-single:
     K. Ward:
     Medium:
     4:
     0.344,0.000,0.032,0.097,0.000,282.000,4.000,12.000,0.000,0.000,0.000:


0000
0000
0000
0000
,
0000
0000
0000
0000
,
0000
0000
0000
0000
,
0000
0000
0000
0000
,
1000
0100
1000
0000
1000
0100
1000
0000
,
0001
0010
0001
0010
0001
0000
0100
0000
,
0001
0010
0001
0000
0001
0010
0001
0000
,
1000
0100
1000
0100
1000
0000
0010
0000
,
0100
0001
1000
0100
,
1000
0000
0001
0000
0100
0010
1000
0000
,
0001
0010
0001
0100
,
0010
0000
0010
0000
1000
0001
0100
0001
,
2000
3010
0200
0301
,
2000
3010
0200
0301
,
1000
0001
0002
0000
0103
0001
0002
0000
,
0103
0010
1000
0001
,
0100
0100
0010
0010
,
1000
0000
0001
0000
1000
0100
1000
0000
,
0001
0000
0100
0000
0010
0000
1000
0001
,
1001
0000
0000
0000
,
1000
0001
0100
0010
,
1000
0010
0100
0000
0001
0100
0001
0000
,
1000
0001
0100
0010
,
1000
0001
1000
0000
1000
0001
1000
0000
,
0010
0100
0001
1000
,
0100
1000
1000
0011
,
0000
1000
0100
1000
,
0001
0000
0001
0000
,
1000
0000
0100
0000
1000
0001
0100
0000
,
0010
0000
0010
0000
1000
0001
0100
0000
,
0010
0000
0010
0000
1000
0010
0100
0000
,
0001
0000
0001
0000
1000
0100
1000
0100
,
1000
0000
0100
0000
1000
0001
0100
0000
,
0010
0000
0010
0000
1000
0001
0100
0000
,
0010
0000
0010
0000
1000
0010
0100
0000
,
0001
0000
0001
0000
1000
0100
1000
0100
,
0100
0000
1000
0000
,
0001
0000
1000
0000
,
0010
0000
0100
0000
,
0001
0000
0100
0100
,
0001
0000
1000
0000
,
0001
0000
0000
1000
,
2000
0000
3000
0000
,
0200
0000
0000
0300
,
1000
0010
0100
0010
,
1000
0010
0100
0000
0001
0100
0001
0000
,
1000
0001
0100
0010
,
1000
0001
1000
0000
1000
0001
1000
0000
,
0010
0100
0001
1000
,
0100
1000
1000
0011
,
0000
0000
1000
0000
0100
0000
1000
0001
,
0100
0000
0010
0000
0100
0010
1000
0000
,
0100
0000
0100
0000
1000
0001
0100
0000
,
0010
0000
0010
0000
1000
0001
0100
0000
,
0010
0000
0010
0000
1000
0010
0100
0000
,
0001
0000
0001
0000
1000
0100
1000
0100
,
1000
0100
1000
0010
,
1000
0000
0010
0000
0100
0001
0100
0000
,
0010
0000
0010
0000
1000
0010
0100
0000
,
0001
2000
3001
0200
,
0301
0000
1000
0000
0010
0000
1000
0010
,
0100
0000
0100
0000
0010
0000
0100
0001
,
1000
0000
1000
0000
1000
0000
1000
0001
,
0200
0000
0301
0000
2000
0000
3001
0100
,
0001
0000
1000
0000
0010
0000
1000
0001
,
0100
0000
0100
0000
0001
0000
1000
0001
,
0100
0000
0010
0000
0100
0000
0010
1000
,
0001
0100
0001
0100
,
1001
0000
0000
0000
;

//---------------dance-single - K. Ward----------------
#NOTES:
     dance-single:
     K. Ward:
     Easy:
     3:
     0.184,0.000,0.057,0.000,0.000,152.000,7.000,0.000,0.000,0.000,0.000:


0000
0000
0000
0000
,
0000
0000
0000
0000
,
0000
0000
0000
0000
,
0000
0000
0000
0000
,
1000
0000
0000
0001
,
0001
0000
0000
1000
,
1000
0000
0000
0010
,
0010
0000
1000
0000
,
0100
0000
1000
0000
,
0010
0000
0100
0000
,
0001
0000
0010
0000
,
0001
0000
1000
1000
,
0010
0000
0100
0000
,
0100
0000
0001
0000
,
0010
0000
0001
0000
,
1000
0000
0100
0000
,
1000
0010
0100
0000
,
0001
0010
0001
0000
,
1000
0000
0001
0001
,
1001
0000
0000
0000
,
0001
0000
0100
0000
,
0001
0000
1000
1000
,
0001
0000
0010
0000
,
0001
0000
1000
1000
,
1000
0000
0010
0000
,
1000
0000
0001
0010
,
0001
0000
0100
0000
,
0010
0000
1000
0100
,
1000
1000
1000
0000
,
0001
0001
0001
0000
,
1100
0000
0110
0000
,
1000
1000
0000
1000
,
0001
0001
0001
0000
,
1000
1000
1000
0000
,
0011
0000
0110
0000
,
0001
0001
0000
0001
,
1000
0000
0000
0000
,
0001
0000
0000
0000
,
0100
0000
0000
0000
,
0001
0000
1000
0000
,
0010
0000
0000
0000
,
0100
0000
0000
0000
,
0001
0000
0000
0000
,
1000
0000
0000
0000
,
0001
0100
0100
0000
,
0001
1000
1000
0000
,
0100
1000
1000
0000
,
0100
1000
1100
0000
,
0001
0001
0010
0000
,
0001
0001
0100
0000
,
0010
0010
0100
0000
,
0010
1000
0010
1000
,
0001
0000
1000
0000
,
0001
0000
1000
0000
,
0010
0000
0100
0000
,
0010
0000
1000
1000
,
0001
0000
0100
0000
,
0010
0000
1000
0000
,
0001
0000
1000
0000
,
0010
0010
0100
0100
,
0010
0010
0000
0000
,
1000
1000
0000
0000
,
0001
0001
0000
0000
,
1000
1000
0001
0001
,
1000
1000
0000
0000
,
0010
0010
0000
0000
,
1000
1000
0000
0001
,
0100
0100
0010
0100
,
1001
0000
0000
0000
;

//---------------dance-double - M. Emirzian----------------
#NOTES:
     dance-double:
     M. Emirzian:
     Easy:
     3:
     0.206,0.000,0.105,0.089,0.000,154.000,13.000,11.000,0.000,0.000,0.000:


00000000
00000000
00000000
00000000
,
00000000
00000000
00000000
00000000
,
00000000
00000000
00000000
00000000
,
00000000
00000000
00000000
00000000
,
00000000
10000000
00000000
00010000
,
00000000
01000000
00000000
00001000
,
00000000
00010000
00000000
00000010
,
00000000
00001000
00000000
00000100
,
00000010
00000000
00000001
00000000
,
00001000
00000000
00000100
00010000
,
00001000
00000000
01000000
00000000
,
00100000
00000000
10000000
10000000
,
10000000
00000000
01000000
01000000
,
02000000
00000000
03010000
00010000
,
00020000
00000000
00031000
00001000
,
00002000
00000000
00003100
00000100
,
00000200
00000000
00000301
00000001
,
00000002
00000000
00001003
00000000
,
00000100
00000000
00010000
00010000
,
00020000
00000000
00000000
00000000
,
00031000
00000000
01000000
00000000
,
00010000
00000000
10000000
00010000
,
10010000
00000000
00100000
00000000
,
00001000
00000000
00010000
00000100
,
00001100
00000000
00000010
00000000
,
00000001
00000000
00001000
00000100
,
00010100
00000000
00001000
00000000
,
00100000
00000000
00010000
01000000
,
01100000
00000000
00100000
00000000
,
10000000
10000000
10000000
00000000
,
01000000
00000000
00100000
00000000
,
00001000
00001000
00001000
00000000
,
00010000
00000000
00000100
00000000
,
00000010
00000010
00000010
00000000
,
00000001
00000000
00001000
00000000
,
00000100
00000100
00000100
00010000
,
00001000
00000000
00000000
00000000
,
00010000
00000000
00000000
00000000
,
00100000
00000000
00000000
00000000
,
10000000
00000000
00000000
00000000
,
00010000
00000000
00000000
00000000
,
00001000
00000000
00000000
00000000
,
00000001
00000000
00000000
00000000
,
00001000
00000000
00000000
00000000
,
00010000
00000000
00001000
00000000
,
00010000
00000000
00100000
10000000
,
10010000
00000000
10000000
00000000
,
01000000
00000000
00100000
00001000
,
00011000
00000000
00010000
00000000
,
00000100
00000000
00001000
00000010
,
00001001
00000000
00000010
00000000
,
00000100
00000000
00010000
00001000
,
01001000
00000000
01000000
00000000
,
00010000
00000000
10000000
00010000
,
01100000
00000000
00010000
00000000
,
01000000
00000000
00001000
00010000
,
00010100
00000000
00001000
00000000
,
00000001
00000000
00000010
00000100
,
00001100
00000000
00000001
00000000
,
00000100
00000100
00000010
00000010
,
00010010
00000000
00000000
00000000
,
00010000
00010000
00020000
00000000
,
01030000
01000000
02000000
00000000
,
13000000
10000000
20000000
00000000
,
30010000
00010000
00020000
00000000
,
00130000
00100000
00200000
00000000
,
00301000
00001000
00001000
00010000
,
00000010
00000010
00000010
00000100
,
00001001
00000000
00000000
00000000
;

//---------------dance-double - M. Emirzian----------------
#NOTES:
     dance-double:
     M. Emirzian:
     Medium:
     6:
     0.384,0.000,0.251,0.065,0.000,293.000,31.000,8.000,0.000,0.000,0.000:


00000000
00000000
00000000
00000000
,
00000000
00000000
00000000
00000000
,
00000000
00000000
00000000
00000000
,
00000000
00000000
00000000
00000000
,
00000000
10010000
00000000
10010000
00000000
00110000
00000000
00110000
,
00000000
00101000
00000000
00101000
00000000
00011000
00000000
00011000
,
00000000
00010010
00000000
00010010
00000000
00001010
00000000
00001001
,
00000000
00000010
00000000
00000100
00001000
00000001
00000000
00000000
,
00000010
00001000
00010000
00100000
,
10000000
00000000
00010000
00000000
01000000
00100000
10000000
00000000
,
00010000
00000000
00100000
00000000
00001000
00010000
00000100
00000000
,
00001000
00000000
00000010
00000000
00000100
00000001
00000010
00000100
,
00001000
00000000
00000000
00000001
00000000
00000001
00000000
00000100
,
00000000
00000100
00000000
00001000
00000000
00001000
00000000
00010000
,
00000000
00010000
00000000
01000000
00000000
01000000
00000000
10000000
,
00000000
10000000
00000000
00000000
00010000
00100000
01000000
00000000
,
10000000
00000000
00100000
00000000
01000000
00001000
00010000
00000000
,
00000100
00000000
00000010
00000000
00000001
00001000
00000100
00000000
,
00001000
00000000
00000010
00000000
00000100
00000001
00001000
00000000
,
00000100
00010000
00002000
00000000
,
00103000
00010000
01000000
00100000
,
10000000
00100000
01000000
00000000
01010000
00000000
10000000
00000000
,
01010000
01000000
00001000
00010000
,
00000010
00001000
00000001
00000000
00000110
00000000
00001000
00000000
,
00000110
00000100
00000001
00001000
,
00000100
00010000
00001000
00000000
00101000
00000000
00001000
00000000
,
00101000
00000000
00100000
00000000
01000000
00000000
10000000
00010000
,
01000000
00000000
00100000
10000000
01000000
00100000
00010000
00000000
,
01000000
00000000
02000000
00000000
03001000
00010000
00000100
00000000
,
00000010
00000000
00000020
00000000
00000031
00001000
00000100
00000000
,
00000010
00000000
00000020
00000000
00000031
00000010
00000100
00000000
,
00010000
00000000
00020000
00000000
00031000
01000000
00010000
00000000
,
00100000
00000000
00200000
00000000
01300000
10000000
00010000
00000000
,
01000000
00000000
02000000
00000000
03100000
10000000
00010000
00100000
,
01000000
00000000
00100000
00000000
00001000
00010000
00000010
00001000
,
00000001
00000000
00000010
00000100
00001000
00000100
00000010
00000001
,
00000100
00000000
00001000
00000000
,
00010000
00000000
00001000
00000000
,
01000000
00000000
00100000
00000000
,
10000000
00000000
00010000
00000000
,
00100000
00000000
00001000
00000000
,
00010000
00000000
00000100
00000000
,
00001000
00000000
00000001
00000000
,
00010000
00000000
10000000
00000000
,
01010000
01000000
00100000
10000000
,
01000000
00100000
00001000
00000000
00011000
00000000
00000010
00000000
,
00011000
00000100
00001000
00000010
,
00000100
00000001
00000010
00000000
00001100
00000000
00010000
00000000
,
00001100
00000000
00000010
00000000
00010000
00000000
00001000
01000000
,
00010000
01100000
00001000
01100000
,
10000000
00000000
00010000
00100000
01000000
10000000
00010000
01000000
,
00100000
01000000
00001000
00010000
00000100
00001000
00000001
00000000
,
00001010
00001000
00000100
00010000
,
00001000
00100000
00010000
00000000
01010000
00000000
10000000
00000000
,
01010000
00100000
01000000
10000000
,
00010000
00100000
00001000
00000000
00011000
00000000
00000100
00000000
,
00011000
00000010
00001000
00000100
,
00000010
00000001
00001000
00000000
00000010
00000000
00000100
00000000
,
00000001
00001000
00000100
00000010
00000001
00001000
00000010
00000100
,
00000010
00010000
00001000
01000000
00010000
00100000
01000000
00000000
,
10000000
00000000
10000000
00000000
10000000
00000000
10000000
00100000
,
01000000
00000000
01000000
00000000
01000000
00000000
01000000
00001000
,
00010000
00000000
00010000
00000000
00010000
00000000
00010000
00000010
,
00001000
00000000
00001000
00000000
00001000
00000000
00001000
00000100
,
00000010
00000000
00000010
00000000
00000010
00000000
00000010
00000001
,
00000100
00000000
00000100
00000000
00000100
00000000
00000100
00001000
,
00010000
00000000
00010000
00000000
00010000
00000000
00010000
00100000
,
20000000
00000000
30010000
01000000
00100000
10000000
01000000
00000000
,
10010000
00000000
00000000
00000000
;

//---------------dance-double - M. Emirzian----------------
#NOTES:
     dance-double:
     M. Emirzian:
     Hard:
     8:
     0.484,0.000,0.235,0.170,0.073,369.000,29.000,21.000,0.000,0.000,0.000:


00000000
00000000
00000000
00000000
,
00000000
00000000
00000000
00000000
,
00000000
00000000
00000000
00000000
,
00000000
00000000
00000000
00000000
,
00100000
00100000
00000000
01010000
00000000
00110000
00000000
00001000
,
00010000
00000100
00000000
00001010
00000000
00001100
00000000
00010000
,
00001000
01000000
00000000
00110000
00000000
01010000
00000000
00001000
,
00010000
00000010
00000000
00001100
00000000
00000010
00001001
00000000
,
00000002
00000203
00000320
00020030
,
00031000
00000000
00000000
00000000
01000000
00000000
00000000
00000000
00100000
00000000
01000000
00010000
00000000
00010000
10000000
00000000
,
02000000
03200000
00320000
02030000
,
03100000
10000000
01000000
00100000
00010000
00000000
00100000
01000000
,
11000000
00000000
00100000
00000000
00001000
00010000
01000000
00010000
,
00001000
00000000
00000010
00000001
00000100
00000010
00010000
00000000
,
00000200
00000320
00000032
00000203
,
00000310
00001000
00000100
00010000
00001000
00010000
00100000
00000000
,
20000000
30020000
00230000
02300000
,
13000000
00000000
00000000
00000000
00010000
00000000
00000000
00000000
01000000
00000000
00100000
10000000
00000000
10000000
00010000
00000000
,
00100000
00000000
01000000
00000000
10000000
00100000
01000000
00001000
,
00020000
00000000
00000000
00000000
,
00031000
00001000
00000000
00010100
00000000
00000010
00001000
00000100
,
00000010
00000001
00000000
00001100
00000000
00001000
00000001
00000100
,
00000010
00010000
00000000
00011000
00000000
01000000
10000000
00100000
,
01000000
00010000
00100000
00001000
00010000
01000000
10000000
00000000
,
00100000
00100000
00000000
01010000
00000000
00100000
00001000
00010000
,
00000100
00000010
00000000
00000011
00000000
00000100
00001000
00000010
,
00000100
00000001
00000000
00001010
00000000
00010000
00001000
00000100
,
00000001
00000010
00000100
00001000
00000100
00010000
00001000
00000000
,
01000000
00000000
00100000
00000000
10000000
00000000
00000000
00000000
01000000
00000000
00100000
00010000
00000000
00000000
01000000
00000000
,
00001000
00000000
00010000
00000000
01000000
00000000
00000000
00000000
10000000
00000000
00010000
01000000
00000000
00000000
00001000
00000000
,
00010000
00000000
00000010
00000000
00000100
00000000
00000000
00000000
00000001
00000000
00000010
00000100
00000000
00000000
00000010
00000000
,
00000001
00000000
00000100
00000000
00000010
00000000
00000000
00000000
00010000
00000000
00001000
00010000
00000000
00000000
00001000
00000000
,
00000100
00000000
00000001
00000000
00000010
00000000
00000000
00000000
00000100
00000000
00010000
00001000
00000000
00000000
01000000
00000000
,
00100000
00000000
10000000
00000000
00100000
00000000
00000000
00000000
01000000
00000000
00010000
00100000
00000000
00000000
01000000
00000000
,
10000000
00000000
01000000
00000000
00010000
00000000
00000000
00000000
00001000
00000000
00010000
00000010
00000000
00000000
00001000
00000000
,
00000100
00000010
00000001
00000100
00000010
00000100
00000001
00001000
,
00000101
00000000
00000010
00000000
,
00010000
00000000
00002000
00000100
,
00013000
00000000
01000000
00000000
,
10000000
00000000
00200000
01000000
,
10300000
00000000
00010000
00000000
,
00200000
01000000
00301000
00000000
,
00010000
00000000
00000010
00000000
,
00000200
00000010
00000301
00001000
,
00000100
00000100
00000000
00000110
00000000
00000001
00000100
00000010
,
00001000
00000001
00000000
00001010
00000000
00010000
00001000
00000100
,
00001000
00010000
00000000
01001000
00000000
00010000
01000000
00100000
,
10000000
01000000
00100000
00001000
00010000
00100000
10000000
00000000
,
01000000
01000000
00000000
00110000
00000000
01000000
00001000
00010000
,
00000010
00001000
00000000
00000101
00000000
00000010
00000100
00000001
,
00000010
00000100
00000000
00010100
00000000
00001000
00000010
00000100
,
00000001
00000010
00001000
00010000
00001000
01000000
00100000
00000000
,
10000000
10000000
00000000
01010000
00000000
00100000
10000000
01000000
,
00100000
00010000
00000000
11000000
00000000
00100000
00010000
00001000
,
00100000
01000000
00000000
10010000
00000000
00001000
00010000
00000010
,
00001000
00000100
00000010
00000001
00001000
00000010
00000100
00000000
,
00000001
00000001
00000000
00001010
00000000
00000100
00000001
00000010
,
00000100
00001000
00000000
00010010
00000000
00001000
00000100
00001000
,
00010000
01000000
00000000
11000000
00000000
00100000
00001000
00010000
,
01000000
10000000
00100000
01000000
00010000
00100000
00001000
00000000
,
00010000
00000000
00000010
00000000
00001000
00000000
00000000
00000000
00000100
00000000
00000010
00000100
00000000
00000000
00001000
00000000
,
00000001
00000000
00000100
00000000
00000010
00000000
00000000
00000000
00010000
00000000
00001000
00010000
00000000
00000000
00001000
00000000
,
00100000
00000000
01000000
00000000
10000000
00000000
00000000
00000000
00010000
00000000
01000000
00100000
00000000
00000000
01000000
00000000
,
00001000
00000000
00010000
00000000
00100000
00000000
00000000
00000000
10000000
00000000
01000000
00100000
00000000
00000000
00001000
00000000
,
00010000
00000000
00000100
00000000
00000010
00000000
00000000
00000000
00000001
00000000
00000100
00000010
00000000
00000000
00001000
00000000
,
00000010
00000000
00000100
00000000
00000001
00000000
00000000
00000000
00000010
00000000
00000100
00010000
00000000
00000000
00001000
00000000
,
00000100
00000000
00001000
00000000
00010000
00000000
00000000
00000000
00100000
00000000
10000000
01000000
00000000
00000000
00100000
00000000
,
00010000
01000000
00100000
01000000
00001000
00010000
01000000
10000000
,
01010000
00000000
00000000
00000000
;

//---------------dance-double - M. Emirzian----------------
#NOTES:
     dance-double:
     M. Emirzian:
     Challenge:
     9:
     0.591,0.000,0.502,0.040,0.158,444.000,62.000,5.000,13.000,0.000,0.000:


00000000
00000000
00000000
00000000
,
00000000
00000000
00000000
00000000
,
00000000
00000000
00000000
00000000
,
00000000
00000000
00000000
00000000
,
00001000
00101000
000M0000
00011000
000000M0
00010010
0000M000
00011000
,
0M000000
01001000
00000000
00011000
000000M0
00010010
0000M000
00001010
,
00000M00
00001100
000000M0
00001010
000M0000
00011000
0M000000
01001000
,
000M0000
01010000
00M00000
00110000
0M000000
01010000
00100000
00000000
,
00100000
10000000
00010000
01000000
00001000
01000000
00100000
10000000
,
00010000
00000000
01000000
00000000
00100000
00000000
00010000
00000000
00001000
00000000
00010000
00000010
00000000
00000010
00001000
00000000
,
00000100
00000010
00000001
00000000
00001100
00000000
00001010
00000000
,
00000100
00010000
00001000
00100000
00110000
00000000
01010000
10000000
,
01000000
00000000
01010000
00000000
00100000
10000000
01000000
00100000
,
01000000
10000000
00100000
00010000
00001000
00100000
00001000
00010000
,
00000100
00000000
00010010
00000000
00000010
00001000
00000100
00000010
,
00000001
00000100
00000010
00010000
00000100
00001000
00000010
00000100
,
00000001
00000000
00001100
00000000
00010000
00001000
00100000
01000000
,
10000000
00000000
00100000
00000000
01000000
00000000
00001000
00000000
00100000
00000000
00010000
01000000
00000000
01000000
00100000
00000000
,
10010000
00000000
00110000
00000000
00001000
00010000
00000010
00010000
,
00002000
00000000
00000000
00003000
,
00001100
00000010
00000000
00001001
00000000
00000100
00001010
00000000
,
00010100
00001000
00000000
01001000
00001000
01000000
00010000
00100000
,
00001000
00100000
01000000
10000000
00100000
01000000
00001000
00010000
,
00000010
00000100
00000001
00000010
00000001
00001000
00000010
00000100
,
00000101
00000010
00000000
00001001
00000000
00000100
00000011
00000000
,
00001100
00010000
00000000
00101000
00001000
00100000
01000000
10000000
,
00010000
00100000
01000000
00010000
00001000
00000010
00000001
00000100
,
00000010
00001000
00000001
00000010
00000100
00001000
00000100
00000000
,
00000010
00000000
00000001
00000000
00000100
00000000
00000010
00000000
00010000
00000000
00001000
00010000
00000000
00010000
01000000
00000000
,
10000000
00000000
00010000
00000000
00100000
00000000
01000000
00000000
10000000
00000000
00100000
00010000
00000000
00010000
00001000
00000000
,
00010000
00000000
01000000
00000000
00010000
00000000
00001000
00000000
00000010
00000000
00000001
00000100
00000000
00000100
00001000
00000000
,
00010000
00000000
00100000
00000000
00010000
00000000
00001000
00000000
00000010
00000000
00001000
00010000
00000000
00010000
00100000
00000000
,
10000000
00000000
01000000
00000000
00100000
00000000
00001000
00000000
00100000
00000000
00010000
01000000
00000000
01000000
00100000
00000000
,
00010000
00000000
00001000
00000000
00000010
00000000
00000001
00000000
00001000
00000000
00000010
00000100
00000000
00000100
00001000
00000000
,
00010000
00000000
00000100
00000000
00000010
00000000
00000001
00000000
00000100
00000000
00001000
00010000
00000000
00010000
00100000
00000000
,
10000000
00000000
01000000
00000000
00100000
00010000
00100000
00000000
01000000
10000000
01000000
00000000
10000000
00010000
10000000
00000000
,
10020000
00100000
01000000
00130000
,
00011000
00010000
00000010
00001000
,
00001200
00010000
00000010
00010300
,
00001001
00000100
00000010
00010000
,
00002100
00010000
00000100
00013000
,
00100000
10000000
10010000
00100000
,
12000000
00100000
00010000
13000000
,
00010000
01000000
00100000
10000000
,
00011000
00000010
00000000
00000101
00000000
00000001
00001010
00000000
,
00010100
00001000
00000000
01010000
10000000
00010000
00100000
01000000
,
10000000
00100000
01000000
00001000
00010000
00000010
00001000
00000001
,
00000010
00000100
00001000
00000001
00000100
00001000
00010000
00001000
,
00011000
00100000
00000000
10010000
00000000
01000000
00110000
00000000
,
01001000
00010000
00000000
00010100
00001000
00010000
00000010
00001000
,
00000010
00000100
00000001
00000010
00000100
00010000
00001000
01000000
,
00100000
01000000
00001000
00010000
00100000
01000000
00010000
10000000
,
10100000
01000000
00000000
00110000
00000000
01000000
00011000
00000000
,
00010010
00000100
00000000
00001001
00000100
00000001
00000010
00000100
,
00010000
00001000
00100000
00001000
01000000
00100000
10000000
01000000
,
00100000
00010000
01000000
00100000
00010000
00001000
00000010
00000001
,
00000101
00000010
00000000
00001100
00000000
00000010
00011000
00000000
,
01100000
10000000
00000000
01010000
00010000
00100000
01000000
10000000
,
00100000
00010000
00100000
10000000
01000000
00100000
00001000
00010000
,
00000100
00010000
00000010
00000100
00000001
00000010
00000100
00000000
,
00001000
00000000
00000100
00000000
00000010
00000000
00000100
00000000
00001000
00000000
00000001
00000100
00000000
00000100
00001000
00000000
,
00010000
00000000
01000000
00000000
10000000
00000000
00100000
00000000
00010000
00000000
00001000
01000000
00000000
01000000
00100000
00000000
,
00010000
00000000
00001000
00000000
00000010
00000000
00001000
00000000
00010000
00000000
00000100
00000010
00000000
00000010
00000001
00000000
,
00000100
00000000
00000010
00000000
00001000
00000000
00000100
00000000
00000010
00000000
00001000
00010000
00000000
00010000
00100000
00000000
,
10000000
00000000
00010000
00000000
01000000
00000000
00100000
00000000
10000000
00000000
01000000
00010000
00000000
00010000
00001000
00000000
,
00000100
00000000
00001000
00000000
00010000
00000000
00000010
00000000
00001000
00000000
00000001
00000100
00000000
00000100
00001000
00000000
,
00010000
00000000
01000000
00000000
10000000
00000000
00100000
00000000
01000000
00000000
00001000
00100000
00000000
00100000
01000000
00000000
,
00010000
00001000
00010000
00000000
00000100
00000010
00000100
00000000
00010000
00000010
00000100
00000000
00000001
00000100
00000010
00000000
,
00010010
00000000
00000000
00000000
;

//---------------lights-cabinet - ----------------
#NOTES:
     lights-cabinet:
     :
     Easy:
     1:
     1.000,0.000,1.000,0.081,0.162,447.000,272.000,10.000,0.000,205.000,0.000:


00000000
00000000
00000000
00000000
,
00000000
00000000
00000000
00000000
,
10000011
01000000
10000011
00100000
10000000
00010000
10000000
00000000
,
10000000
00100000
01000000
00100000
01100000
00000000
10010000
00000000
,
10000011
00100000
10000011
00000000
00010011
01000000
00010011
00000000
,
10000011
00000000
00100000
00000000
01000011
00010000
00000000
10000000
00100011
00000000
00010000
00000000
01000011
00000000
00000000
00000000
,
00100011
01000000
00100011
00000000
10000011
01000000
10000011
00000000
,
00010011
00000000
01000000
00000000
00100011
10000000
00000000
10000000
01000011
00000000
10000000
00000000
00100011
00000000
00000011
00000000
,
20000011
30010011
00020011
10030011
,
00010011
00000000
00100000
00000000
01000011
00000000
10000000
00000000
00100011
00000000
01000000
00100000
00000011
00100000
10000011
00000000
,
02000011
00100011
00100011
13000011
,
00010011
00100000
00010011
00000000
01000011
00100000
10000011
00000011
,
10000011
00000000
01010011
00000000
00010011
10000000
01000011
00000000
,
10000011
00000000
01100011
00000000
00010011
01000000
00100011
10000000
,
00010011
00000000
10100011
00000000
00010011
01000000
00010011
01000000
,
00010011
00000000
20000011
00000000
30100011
00000000
00020011
00000011
,
01030011
00000000
20000011
00000000
30100011
00000000
00020011
10000000
,
10030011
00000000
00100000
00000000
01000011
00000000
00010000
00000000
00100011
00000000
00010000
01000000
00000011
01000000
00100000
00000000
,
01000011
00000000
00100011
00000000
10000011
01000000
10000011
00010011
,
00100011
11000000
00010011
01100000
,
10000011
00100000
10000011
00000000
00010011
00100000
00010011
00000000
,
10000011
00000000
00010000
00000000
00100011
00000000
00010000
00100000
00000011
00010000
00100000
00000000
00010011
00000000
00000000
00000000
,
10000011
01000000
10000011
00000000
00100011
01000000
00100011
00000000
,
10000011
00000000
01000000
00000000
10000011
00000000
01000000
10000000
00000011
01000000
10000000
00000000
01000011
00000000
00000011
00000000
,
10000011
00100000
01000011
00000000
00010011
00100000
00010011
00000000
,
10000011
00000000
01000000
00000000
10000011
00000000
00100000
01000000
00000011
00010000
00100000
00000000
00010011
00000000
00000011
00000000
,
10000011
01000000
10000011
00000000
00100011
01000000
00010011
00000000
,
10000000
00100000
01000000
00010000
00100000
00000000
00110000
00000000
,
10000011
00000000
00100000
00000000
01000011
00000000
00000000
00000000
00100011
00000000
00000000
00100000
00000011
00000000
00100000
00000000
,
01000011
00000000
00010000
00000000
00100011
00000000
00000000
00000000
00010011
00000000
00000000
00010000
00000011
00000000
00010000
00000000
,
01000011
00000000
00100000
00000000
10000011
00000000
00000000
00000000
01000011
00000000
00000000
01000000
00000011
00000000
01000000
00000000
,
10000011
00000000
00100000
00000000
01000011
00000000
00000000
00000000
00010011
00000000
00000000
00010000
00000011
00000000
00010011
00000000
,
10000011
00000000
00100000
00000000
01000011
00000000
00010000
00000000
00100011
00000000
00000000
00100000
00000011
00000000
00100000
00000000
,
00010011
00000000
01000000
00000000
00100011
00000000
10000000
00000000
01000011
00000000
00000000
01000000
00000011
00000000
01000011
00000000
,
10000011
00000000
00100000
00000000
01000011
00000000
00010000
00000000
00100011
00000000
00000000
00100000
00000011
00000000
00100000
00000000
,
00010011
01000000
00100011
01000000
00100011
00000000
11000011
00000011
,
10000011
01100000
00010000
01100000
,
10000000
01100000
00010000
01100000
,
10000000
01100000
00010000
01100000
,
10000000
00010000
00010000
00100000
,
11000000
10100000
00110000
00000000
,
00100000
10000000
11000000
00000000
,
10000000
01100000
00100000
00110000
,
10000000
00100000
01100000
01100000
,
10000011
01000000
10000011
00000000
00010011
00100000
00010011
00000000
,
10000011
00000000
00010000
00000000
00100011
00000000
00010000
00100000
00000011
00010000
00100000
00000000
00010011
00000000
00000000
00000000
,
10000011
01000000
10000011
00000000
00010011
00100000
00010011
00000000
,
10000011
00000000
01000000
00000000
10000011
00000000
01000000
10000000
00000011
01000000
10000000
00000000
01000011
00000000
00000011
00000000
,
10000011
00100000
01000011
00000000
00010011
01000000
00100011
00000011
,
10000011
00000000
00100000
00000000
01000011
00000000
00100000
01000000
00000011
00010000
00100000
00000000
00010011
00000000
00000011
00000000
,
10000011
00100000
01000011
00000000
00010011
00100000
00010011
00000000
,
11000011
00000000
00000000
00000000
01100011
00000000
00000000
00010000
00100011
00000000
00010011
00000000
00110011
00000000
00000011
00000000
,
10000011
00000000
00100000
00000000
01000011
00000000
00000000
00000000
00110011
00000000
00000000
00110000
00000011
00000000
00110000
00000000
,
00010011
00000000
01000000
00000000
00100011
00000000
00000000
00000000
01100011
00000000
00000000
01100000
00000011
00000000
01100000
00000000
,
00100011
00000000
10000000
00000000
01000011
00000000
00000000
00000000
11000011
00000000
00000000
11000000
00000011
00000000
11000000
00000000
,
10000011
00100000
01000011
00100000
01000011
00000000
01100011
00000011
,
10000011
00000000
00100000
00000000
01000011
00000000
00010000
00000000
00110011
00000000
00000000
00110000
00000011
00000000
00110000
00000000
,
00010011
00000000
01000000
00000000
00100011
00000000
10000000
00000000
11000011
00000000
00000000
11000000
00000011
00000000
11000011
00000000
,
10000011
00000000
00100000
00000000
01000011
00000000
00010000
00000000
00110011
00000000
00000000
00110000
00000011
00000000
00110000
00000000
,
00010011
10000000
11000011
00000000
10000011
00010000
00110011
00000011
,
10000011
01000000
00100011
01000000
10000011
00010000
02000011
00000000
,
03010011
00100000
01000011
00100000
00010011
10000000
00200011
00000000
,
10300011
01000000
00100011
01000000
10000011
00010000
02000011
00000000
,
03010011
00100000
01000011
00100000
00010011
01000000
10000011
00000011
,
00100011
00000000
10000000
00000000
01000011
00000000
00100000
00000000
00010011
00000000
10000000
00010000
00000011
00010000
01000000
00000000
,
00010011
00000000
00010000
00000000
01000011
00000000
00100000
00000000
10000011
00000000
00100000
10000000
00000011
10000000
00010011
00000000
,
01000011
00000000
00010000
00000000
00010011
00000000
10000000
00000000
00100011
00000000
01000000
00010000
00000011
00010000
00100000
00000000
,
00010011
00000000
11000000
00000000
00010011
01000000
01100011
00000000
,
10010011
00000000
00000000
00000000
;

//---------------dance-single - M. Puls----------------
#NOTES:
     dance-single:
     M. Puls:
     Beginner:
     1:
     0.090,0.000,0.049,0.000,0.000,72.000,6.000,0.000,0.000,0.000,0.000:


0000
0000
0000
0000
,
0000
0000
0000
0000
,
0000
0000
0000
0000
,
0000
0000
0000
0000
,
1000
0000
0000
0000
,
1000
0000
0000
0000
,
0001
0000
0000
0000
,
0001
0000
0000
0000
,
0010
0000
0001
0000
,
0001
0000
0000
0000
,
0100
0000
1000
0000
,
1000
0000
0000
0000
,
1001
0000
0000
0000
,
1000
0000
0000
0000
,
1000
0000
0000
0000
,
0001
0000
0000
0000
,
0001
0000
0000
0000
,
0100
0000
0000
0000
,
0010
0000
0000
0000
,
0100
0000
0000
0000
,
1001
0000
0000
0000
,
1000
0000
0000
0000
,
0001
0000
0000
0000
,
1000
0000
1000
0000
,
0000
0000
0001
0000
,
0001
0000
0000
0000
,
1000
0000
0000
0000
,
0001
0000
0000
0000
,
1001
0000
0000
0000
,
0100
0000
0000
0000
,
0010
0000
0000
0000
,
0100
0000
0000
0000
,
1001
0000
0000
0000
,
1000
0000
0000
0000
,
0100
0000
0000
0000
,
0001
0000
0000
0000
,
0010
0000
0000
0000
,
1000
0000
0000
0000
,
0010
0000
0000
0000
,
0100
0000
0000
0000
,
0001
0000
0000
0000
,
0100
0000
0000
0000
,
0010
0000
0000
0000
,
1000
0000
0000
0000
,
1001
0000
0000
0000
,
1000
0000
1000
0000
,
1000
0000
0000
0000
,
0001
0000
0001
0000
,
0001
0000
0000
0000
,
1000
0000
0100
0000
,
0000
0000
0001
0000
,
0010
0000
0000
0000
,
1000
0000
0000
0000
,
0100
0000
0000
0000
,
0010
0000
0000
0000
,
0100
0000
0000
0000
,
0001
0000
0000
0000
,
0010
0000
0000
0000
,
1000
0000
0000
0000
,
0010
0000
0000
0000
,
0100
0000
0000
0000
,
0001
0000
0000
0000
,
1000
0000
0000
0000
,
0100
0000
0000
0000
,
0010
0000
0000
0000
,
1000
0000
0000
0000
,
0001
0000
1000
0000
,
0001
0000
0000
0000
,
1001
0000
0000
0000
;
