#TITLE:Sweet World;
#SUBTITLE:;
#ARTIST:Omega Men;
#TITLETRANSLIT:;
#SUBTITLETRANSLIT:;
#ARTISTTRANSLIT:;
#GENRE:Electro;
#CREDIT:;
#BANNER:Sweet World-banner.png;
#BACKGROUND:Sweet World-bg.png;
#LYRICSPATH:;
#CDTITLE:;
#MUSIC:Sweet World.ogg;
#OFFSET:0.008;
#SAMPLESTART:21.800;
#SAMPLELENGTH:11.960;
#SELECTABLE:YES;
#BPMS:0.000=132.000;
#STOPS:;
#BGCHANGES:0.000=Sweet World-bg.png=1.000=0=0=1=====,
16.000=In The Groove 2/779_JumpBack.mpg=1.000=0=0=1=====,
32.000=In The Groove 2/449_JumpBack.mpg=1.000=0=0=1===SlideLeft==,
48.000=-random-=1.000=0=0=1===SlideRight==,
64.000=-random-=1.000=0=0=1===SlideUp==,
80.000=In The Groove 2/964_JumpBack.mpg=1.000=0=0=1=SongBgWithMovieViz===0^1^1^1=0.5^0.5^0.5^1,
84.000=In The Groove 2/920_JumpBack.mpg=1.000=0=0=1=====,
100.000=-random-=1.000=0=0=1===SlideLeft==,
116.000=-random-=1.000=0=0=1===SlideUp==,
132.000=-random-=1.000=0=0=1===SlideDown==,
148.000=In The Groove 2/620_JumpBack.mpg=1.000=0=0=1=====,
164.000=-random-=1.000=0=0=1===FadeLeft==,
176.000=In The Groove 2/964_JumpBack.mpg=1.000=0=0=1====1^0^0^1=,
177.000=In The Groove 2/964_JumpBack.mpg=1.000=0=0=1=SongBgWithMovieViz===1^0^1^1=,
178.000=In The Groove 2/964_JumpBack.mpg=1.000=0=0=1=====,
179.000=In The Groove 2/964_JumpBack.mpg=1.000=0=0=1=SongBgWithMovieViz====,
183.000=Sweet World-bg.png=1.000=0=0=1=====,
184.000=In The Groove 2/920_JumpBack.mpg=1.000=0=0=1=====,
200.000=In The Groove 2/429_JumpBack.mpg=1.000=0=0=1===SlideLeft==,
216.000=In The Groove 2/451_JumpBack.mpg=1.000=0=0=1===SlideRight==,
232.000=In The Groove 2/964_JumpBack.mpg=1.000=0=0=1====1^0^0^1=,
233.000=In The Groove 2/964_JumpBack.mpg=1.000=0=0=1=SongBgWithMovieViz===0^1^1^1=,
234.000=In The Groove 2/964_JumpBack.mpg=1.000=0=0=1=====,
235.000=In The Groove 2/964_JumpBack.mpg=1.000=0=0=1=SongBgWithMovieViz===0^1^0^1=,
239.000=Sweet World-bg.png=1.000=0=0=1=====,
99999=-nosongbg-=1.000=0=0=0 // don't automatically add -songbackground-
;
#BGCHANGES2:15.000=flash=1.000=0=0=1====1^1^0^1=,
16.000=flash=1.000=0=0=1=====,
80.000=flash=1.000=0=0=1====1^1^0^1=,
84.000=flash=1.000=0=0=1=====,
148.000=flash=1.000=0=0=1=====,
184.000=flash=1.000=0=0=1=====,
239.000=flash=1.000=0=0=1=====,
;
#KEYSOUNDS:;
// cache tags:
#FIRSTBEAT:14.000;
#LASTBEAT:239.000;
#SONGFILENAME:/Songs/In The Groove 2/Sweet World/Sweet World.sm;
#HASMUSIC:1;
#HASBANNER:1;
#MUSICLENGTH:112.727;
// end cache tags

//---------------dance-single - EASY----------------
#NOTES:
     dance-single:
     EASY:
     Easy:
     3:
     0.215,0.000,0.133,0.027,0.000,152.000,15.000,3.000,0.000,0.000,0.000:
0000
0000
0000
0000
,
0000
0000
0000
0000
,
0000
0000
0000
0000
,
0000
0000
0000
1001
,
1000
0000
0100
0000
,
0010
0000
0001
0001
,
0010
0000
0100
0000
,
1000
0000
0100
1000
,
0010
0000
0010
0000
,
0100
0000
0100
0001
,
0010
0000
0100
0000
,
1000
0000
0001
0001
,
1001
0000
0100
0000
,
0010
0000
0010
1000
,
0100
0000
0010
0000
,
0100
0000
2000
0000
,
3001
0001
0000
1000
,
0010
0010
0000
0100
,
0000
0001
0010
0001
,
0000
0001
1000
0001
,
1001
0000
0000
0000
,
0100
0010
1000
0000
,
0001
0010
0100
0000
,
1000
0010
0100
0000
,
0001
0010
0100
1000
,
1000
0000
0100
1000
,
0010
0000
0100
0001
,
0001
0000
0010
0100
,
1000
0001
1000
1000
,
0010
0000
0110
0000
,
0001
0000
0011
0000
,
0010
0000
0110
0000
,
0100
1000
0100
0010
,
0001
0000
0011
0000
,
1000
0000
1100
0000
,
0010
0000
0110
0000
,
1000
1000
0001
1000
,
0010
0010
0010
0000
,
0100
0100
0100
0000
,
0001
0001
0001
0000
,
1000
0000
0001
0000
,
0010
0010
0010
0000
,
0100
0100
0100
0000
,
1000
1000
1000
0000
,
0100
1000
0010
0002
,
0000
0000
0000
1003
,
1000
0001
0010
0000
,
0100
1000
1000
0000
,
0010
0001
0010
0000
,
0100
0001
0010
0001
,
1000
0000
1000
0010
,
0001
0000
0001
0010
,
1000
0000
1000
0010
,
0001
0000
1001
0000
,
0010
1010
0000
0000
,
0010
0110
0000
0000
,
0100
0101
0000
0000
,
0001
0011
0000
1100
,
1000
0010
0100
0002
,
0000
0000
0000
0013
;

//---------------dance-single - MEDIUM----------------
#NOTES:
     dance-single:
     MEDIUM:
     Medium:
     6:
     0.350,0.000,0.346,0.169,0.000,218.000,39.000,19.000,10.000,0.000,0.000:
0000
0000
0000
0000
,
0000
0000
0000
0000
,
0000
0000
0000
0000
,
0000
0000
0000
1001
,
1000
1000
0001
0001
,
0100
0000
0100
0000
0010
0100
0010
0000
,
1000
0100
0020
0031
,
0001
0000
0010
0000
0100
1000
0100
0000
,
1000
1100
0000
0110
,
0000
0000
0011
0000
0001
0010
0001
0000
,
0001
0011
0000
0110
,
0000
0000
1100
0000
1000
0100
1000
0000
,
0020
0000
0230
0000
0302
0000
0003
000M
,
0020
0000
0230
0000
0320
0000
0030
00M0
,
0001
0001
1000
1000
,
0010
0000
0010
0000
0100
0010
0100
0000
,
0001
0010
0100
1000
,
0100
0000
1000
0000
0010
0100
0001
0000
,
0010
0010
0100
0100
,
1000
1000
0010
0100
,
1001
0000
0000
0000
0000
0000
0001
1000
,
1001
0000
0000
0001
0010
0001
0000
0100
,
0000
0000
0000
0010
0100
0010
0000
1000
,
0000
0000
0000
0001
0010
0001
0000
0010
,
0100
0110
0000
1100
,
0000
0000
0000
1000
0100
1000
0000
0010
,
0000
0000
0000
0100
0010
0100
0000
0001
,
0000
0000
0000
1000
0100
1000
0000
0100
,
0010
0110
0000
0011
,
1000
0100
0010
0110
,
0010
0001
0010
0011
,
0010
0110
1000
1100
,
1000
0000
0010
0000
0100
1000
0200
0000
,
0310
0010
0010
1000
,
0001
0000
0001
0000
0001
0010
0001
0000
,
1000
0100
0010
0100
,
0010
0001
0100
0001
1000
0001
1000
0000
,
2200
0000
3300
MM00
,
0220
0000
0330
0MM0
,
2002
0000
3003
M00M
,
0200
0000
0001
0301
,
1000
0100
1000
0000
0010
0100
0010
0000
,
0100
0001
0010
0000
0001
0100
0010
0000
,
1000
0100
1000
0000
0010
0100
0001
0000
,
1001
0011
1100
2002
,
0000
0000
3003
M00M
,
0000
0000
0000
0010
0100
0010
0000
0001
,
0000
0000
0000
0001
0010
0100
0000
0010
,
0000
0000
0000
0010
0100
0010
0000
1000
,
0100
1100
0010
0110
,
0000
0000
0000
0100
0010
0100
0000
1000
,
0000
0000
0000
1000
0100
0010
0000
0100
,
0000
0000
0000
0100
0010
0100
0000
1000
,
0100
1100
0010
0110
,
0001
1001
0100
0110
,
0010
1010
1000
1001
,
0001
0011
0100
1010
,
1000
0000
0001
0000
0100
0010
0010
0000
,
1100
0110
1001
2200
,
0000
0000
3300
1001
;

//---------------dance-single - K. Ward----------------
#NOTES:
     dance-single:
     K. Ward:
     Hard:
     8:
     0.490,0.000,0.213,0.248,0.106,335.000,24.000,28.000,10.000,0.000,0.000:
0000
0000
0000
0000
,
0000
0000
0000
0000
,
0000
0000
0000
0000
,
0000
0000
0000
1001
,
0000
0002
0010
0003
000M
0020
0100
0030
,
00M0
2000
0100
3000
M000
0020
0001
0030
,
00M0
1000
1001
0000
0000
0010
0011
0000
,
0000
0010
0110
0000
1000
0010
1010
0000
,
0000
1000
0100
0010
0100
0010
0001
0010
,
0000
0010
0100
1000
0010
0100
0001
1000
,
0000
0010
0001
0010
0002
0000
0013
0000
,
0000
0100
0010
0100
0020
1000
1030
0000
,
0000
0001
0010
0100
1000
0100
0001
0100
,
0000
0100
0010
0001
0100
0010
1000
0001
,
0000
0100
1000
0100
1000
1100
0000
1100
,
0000
0001
0010
0001
0010
0011
0000
0011
,
0000
1000
0100
0010
0001
0010
1000
0010
,
0000
0010
0100
1000
0010
0100
0001
1000
,
0000
0001
0010
0100
0010
0020
0000
0130
,
0000
0100
0010
0100
1000
2000
0000
3100
,
1100
0000
0000
0000
0000
0000
0110
0110
,
0002
0000
0000
0013
0010
0010
0100
2000
,
0000
0000
0000
3010
0010
0010
0100
0002
,
0000
0000
0000
0013
0010
0100
0100
1000
,
1000
0000
0000
0000
0100
1000
0100
1000
0100
0000
0000
0000
1100
0000
0000
0000
,
2000
0000
0000
0010
3010
0000
0110
0000
,
0200
0000
0000
0010
0310
0000
0011
0000
,
0002
0000
0000
0013
0010
0000
0110
0000
,
0200
0010
1000
0310
,
0001
0010
0001
0010
0100
0010
0100
0010
,
0100
1000
0100
1000
0010
0100
0001
0010
,
0100
1000
0100
1000
0100
0010
0100
0010
,
0001
0000
0000
0000
0001
0010
0001
0010
0001
0000
0000
0000
0101
0000
0000
0000
,
1000
0100
1000
0100
0010
0100
0010
0100
,
0010
0001
0010
0001
0010
0100
1000
0010
,
0100
0010
1000
0010
0100
0010
1000
0001
,
0001
0000
0000
0000
0001
0010
0001
0010
0001
0000
0000
0000
0110
0000
0000
0000
,
0000
0010
0100
0000
0000
0100
1000
0000
0000
0000
0000
0000
1001
0000
0000
0000
,
0000
1000
0100
0000
0000
0100
0010
0000
0000
0000
0000
0000
0110
0000
0000
0000
,
0000
0010
0100
0000
0000
0010
0001
0000
0000
0000
0000
0000
0011
0000
0000
0000
,
0001
0001
0000
0000
0100
0100
0000
0000
,
0001
0010
0001
0001
0100
0010
0100
0100
,
0010
1000
0100
0100
1000
0001
0001
0000
,
1000
0000
0100
0000
0010
0000
0000
0000
0001
0010
0001
0010
0001
0010
0001
0010
,
0002
0000
0020
0003
0200
0030
2000
0300
,
0000
0000
0000
0000
0000
0000
0000
0000
0000
3000
0000
0000
MMM1
0000
0000
0000
,
2000
0000
0000
3100
0010
0001
0010
0002
,
0000
0000
0000
0013
0100
0010
0100
2000
,
0000
0000
0000
3100
0010
0100
0010
0001
,
0001
0000
0000
0000
0010
0001
0010
0001
0010
0000
0000
0000
0011
0000
0000
0000
,
0020
0100
0000
0001
0000
0100
0030
0100
,
0010
0200
0000
1000
0000
0010
0000
0310
,
0001
0001
0100
1000
0100
0010
0100
0100
,
0001
0000
0000
0000
0100
0010
0100
0010
0100
0000
0000
0000
0011
0000
0000
0000
,
1000
0000
1000
0000
1000
0000
0100
0010
0100
0000
0010
0000
0010
0000
0000
0000
,
0001
0000
0001
0000
0001
0000
0010
0100
0010
0000
0100
0000
0100
0000
0000
0000
,
1000
0000
0100
0000
0010
0000
0100
1000
0010
0000
0100
0000
0010
0000
0100
0000
,
0001
0000
0010
0000
0001
0000
1000
0100
1000
0000
0100
0000
1100
0000
0000
0000
,
2000
0000
0200
3000
0020
0300
0002
0030
,
0000
0000
0000
0000
0000
0000
0000
0000
0000
0003
0000
0000
1MMM
0000
0000
0000
;

//---------------dance-single - C. Foy----------------
#NOTES:
     dance-single:
     C. Foy:
     Challenge:
     10:
     0.897,0.000,0.266,0.532,1.000,618.000,30.000,60.000,4.000,0.000,0.000:
0000
0000
0000
0000
,
0000
0000
0000
0000
,
0000
0000
0000
0000
,
0000
0000
0000
0000
0000
0000
0000
0000
1000
0010
0100
0001
0101
0000
0000
0000
,
1000
0001
0100
0010
2000
0000
0000
0000
0002
0000
0000
0003
0001
0000
0000
0000
,
0020
0000
0000
0030
0010
0000
0000
0000
0200
0300
0100
3000
1020
0000
0000
0000
,
0200
0000
0000
0030
0010
0000
0000
0000
2000
0000
3000
0000
0010
0000
0302
0000
,
0100
0000
0000
0000
0020
0000
0000
0030
0010
0000
0200
0300
0100
0000
0000
0000
,
0003
0000
0000
0000
0000
0000
0001
0010
0000
0000
0000
0000
0001
0010
0000
0000
0000
0000
0001
0100
0000
0000
0000
0000
0001
0100
0000
0000
0000
0000
0001
1000
0000
0000
0000
0000
0001
1000
0000
0000
0000
0000
0001
0100
0000
0000
0000
0000
,
0001
0100
0000
0000
0000
0000
0001
0100
0000
0000
0000
0000
0000
0000
0000
0000
0000
0000
1000
0100
0000
0000
0000
0000
1000
0100
0000
0000
0000
0000
1000
0001
0000
0000
0000
0000
1000
0001
0000
0000
0000
0000
1000
0010
0000
0000
0000
0000
,
1000
0010
0000
0000
0000
0000
1000
0010
0000
0000
0000
0000
0000
0000
0000
0000
0000
0000
0000
0000
0000
0000
0000
0000
0000
0000
0000
0000
0000
0000
0000
0000
0000
0000
0000
0000
0000
0000
0000
0000
0000
0000
0000
0000
0000
0000
0000
0000
,
0000
0000
0000
0000
,
0000
0000
0000
0000
0000
0000
1000
0100
0000
0000
0000
0000
0010
0001
0000
0000
0000
0000
0100
0001
0000
0000
0000
0000
1000
0010
0000
0000
0000
0000
1000
0100
0000
0000
0000
0000
0010
0100
0000
0000
0000
0000
1000
0100
0000
0000
0000
0000
,
1000
0001
0000
0000
0000
0000
0100
0001
0000
0000
0000
0000
0100
0010
0000
0000
0000
0000
1000
0001
0000
0000
0000
0000
1000
0010
0000
0000
0000
0000
1000
0100
0000
0000
0000
0000
0010
0001
0000
0000
0000
0000
0010
0100
0000
0000
0000
0000
,
1000
0001
0000
0000
0000
0000
1000
0100
0000
0000
0000
0000
2000
0000
0000
0000
0000
0000
0000
0000
0000
0000
0000
0000
0000
0000
0000
0000
0000
0000
0020
0000
0000
0000
0000
0000
0000
0000
0000
0000
0000
0000
0000
0000
0000
0000
0000
0000
,
3030
0000
0020
0000
0000
2000
0000
0000
,
3030
0000
0000
0000
0000
0000
1000
0100
0000
0000
0000
0000
0100
0010
0000
0000
0000
0000
0010
0100
0000
0000
0000
0000
0100
1000
0000
0000
0000
0000
1000
0001
0000
0000
0000
0000
0001
0100
0000
0000
0000
0000
0100
0010
0000
0000
0000
0000
,
0010
1000
0000
0000
0000
0000
1000
0100
0000
0000
0000
0000
0100
1000
0000
0000
0000
0000
1000
0001
0000
0000
0000
0000
0001
1000
0000
0000
0000
0000
1000
0100
0000
0000
0000
0000
0100
0010
0000
0000
0000
0000
0010
0001
0000
0000
0000
0000
,
0001
1000
0000
0000
0000
0000
1000
0001
0000
0000
0000
0000
2000
0000
0000
0000
0000
0000
0000
0000
0000
0000
0000
0000
0000
0000
0000
0000
0000
0000
0020
0000
0000
0000
0000
0000
0000
0000
0000
0000
0000
0000
0000
0000
0000
0000
0000
0000
,
3030
0000
0000
0000
0200
0000
0000
0000
0000
0000
0002
0000
0000
0000
0000
0303
,
0001
0100
0010
1000
0100
0010
0001
0100
0010
1000
0100
1000
1100
0000
1001
0000
,
1000
0100
0000
0000
0000
0000
0100
1000
0000
0000
0000
0000
1000
0001
0000
0000
0000
0000
0001
0100
0000
0000
0000
0000
0100
0010
0000
0000
0000
0000
0010
1000
0000
0000
0000
0000
1000
0001
0000
0000
0000
0000
0001
1000
0000
0000
0000
0000
,
2002
0000
0000
0000
0000
0000
0000
0000
0000
0000
0000
0000
3003
0000
0000
0000
0000
0000
1000
0100
0000
0000
0000
0000
0100
1000
0000
0000
0000
0000
1000
0001
0000
0000
0000
0000
0001
0100
0000
0000
0000
0000
0100
0001
0000
0000
0000
0000
,
0220
0000
0000
0000
0000
0000
0000
0000
0000
0000
0000
0000
0330
0000
0000
0000
0000
0000
0001
1000
0000
0000
0000
0000
1000
0100
0000
0000
0000
0000
0100
1000
0000
0000
0000
0000
1000
0010
0000
0000
0000
0000
0010
1000
0000
0000
0000
0000
,
2002
0000
0000
0000
3003
0001
0010
0100
1000
0100
0010
0001
0010
0100
1000
0000
,
0001
0010
0000
0000
0000
0000
0010
0001
0000
0000
0000
0000
0001
1000
0000
0000
0000
0000
1000
0010
0000
0000
0000
0000
0010
0100
0000
0000
0000
0000
0100
0001
0000
0000
0000
0000
0001
1000
0000
0000
0000
0000
1000
0001
0000
0000
0000
0000
,
0022
0000
0000
0000
0000
0000
0000
0000
0000
0000
0000
0000
0033
0000
0000
0000
0000
0000
0001
0010
0000
0000
0000
0000
0010
0001
0000
0000
0000
0000
0001
1000
0000
0000
0000
0000
1000
0010
0000
0000
0000
0000
0010
1000
0000
0000
0000
0000
,
2002
0000
0000
0000
0000
0000
0000
0000
0000
0000
0000
0000
3003
0000
0000
0000
0000
0000
1000
0100
0000
0000
0000
0000
0100
0010
0000
0000
0000
0000
0010
0001
0000
0000
0000
0000
0001
0100
0000
0000
0000
0000
0100
0001
0000
0000
0000
0000
,
0202
0000
0000
0000
0303
0001
0010
0100
1000
0100
0010
0001
0010
0100
1000
0000
,
0010
1000
0000
0000
0000
0000
1000
0010
0000
0000
0000
0000
0010
0100
0000
0000
0000
0000
0100
0001
0000
0000
0000
0000
0001
0100
0000
0000
0000
0000
0100
0010
0000
0000
0000
0000
0010
1000
0000
0000
0000
0000
1000
0100
0000
0000
0000
0000
,
2002
0000
0000
0000
0000
0000
0000
0000
0000
0000
0000
0000
3003
0000
0000
0000
0000
0000
0010
1000
0000
0000
0000
0000
1000
0010
0000
0000
0000
0000
0010
0100
0000
0000
0000
0000
0100
0001
0000
0000
0000
0000
0001
0010
0000
0000
0000
0000
,
2020
0000
0000
0000
0000
0000
0000
0000
0000
0000
0000
0000
3030
0000
0000
0000
0000
0000
0100
0001
0000
0000
0000
0000
0001
0010
0000
0000
0000
0000
0010
0001
0000
0000
0000
0000
0001
0100
0000
0000
0000
0000
0100
0001
0000
0000
0000
0000
,
2002
0000
0000
0000
3003
0001
0100
0010
1000
0100
0010
0001
0100
0010
1000
0000
,
0220
0000
0000
0000
0000
0000
0000
0000
0000
0000
0000
0000
0330
0000
0000
0000
0000
0000
0001
1000
0000
0000
0000
0000
1000
0010
0000
0000
0000
0000
0010
0100
0000
0000
0000
0000
0100
0001
0000
0000
0000
0000
0001
1000
0000
0000
0000
0000
,
2002
0000
0000
0000
0000
0000
0000
0000
0000
0000
0000
0000
3003
0000
0000
0000
0000
0000
0001
0100
0000
0000
0000
0000
0100
0010
0000
0000
0000
0000
0010
1000
0000
0000
0000
0000
1000
0100
0000
0000
0000
0000
0100
1000
0000
0000
0000
0000
,
2200
0000
0000
0000
0000
0000
0000
0000
0000
0000
0000
0000
3300
0000
0000
0000
0000
0000
1000
0010
0000
0000
0000
0000
0010
0100
0000
0000
0000
0000
0100
0001
0000
0000
0000
0000
0001
0010
0000
0000
0000
0000
0010
0100
0000
0000
0000
0000
,
2002
0000
0000
0000
0000
0000
0000
3003
,
1000
0100
0010
0001
1000
0100
0010
0001
1000
0100
0010
0001
1000
0100
0010
0000
,
1001
0001
0010
0100
1000
0001
0010
0100
1000
0001
0010
0100
1000
0001
0010
0000
,
1001
1000
0100
1000
0001
1000
0010
1000
0001
1000
0100
1000
0001
1000
0010
0000
,
1001
1000
0010
0100
0001
1000
0010
0000
1001
0001
0100
0010
1000
0001
0100
0000
,
1001
0001
0100
0010
1000
0010
0100
0001
0010
0100
0010
0001
0100
0010
1000
0000
,
1001
1000
0010
0100
0010
1000
0100
0010
0100
1000
0001
0100
0010
1000
0001
0000
,
1001
0000
0001
0000
0100
0000
0010
0000
1000
0000
0100
0000
0010
0000
0100
0000
1000
0000
0100
0000
1000
0000
0100
0000
1000
0000
0100
0000
1000
0100
1000
0100
,
2000
0000
0200
3000
0020
0300
0002
0000
,
0030
0000
0003
1M1M
,
0010
1000
0000
0000
0000
0000
1000
0001
0000
0000
0000
0000
0001
1000
0000
0000
0000
0000
1000
0100
0000
0000
0000
0000
0100
1000
0000
0000
0000
0000
1000
0001
0000
0000
0000
0000
0001
0100
0000
0000
0000
0000
0100
0001
0000
0000
0000
0000
,
2020
0000
0000
0000
0000
0000
0000
0000
0000
0000
0000
0000
3030
0000
0000
0000
0000
0000
0001
0100
0000
0000
0000
0000
0100
0010
0000
0000
0000
0000
0010
1000
0000
0000
0000
0000
1000
0010
0000
0000
0000
0000
0010
1000
0000
0000
0000
0000
,
2002
0000
0000
0000
0000
0000
0000
0000
0000
0000
0000
0000
3003
0000
0000
0000
0000
0000
0001
0100
0000
0000
0000
0000
0100
0010
0000
0000
0000
0000
0010
0100
0000
0000
0000
0000
0100
0010
0000
0000
0000
0000
0010
1000
0000
0000
0000
0000
,
2002
0000
0000
0000
0000
0000
0000
3003
,
1000
0100
0010
0001
0010
0100
1000
0010
0100
0001
1000
0010
0100
0001
1000
0000
,
1000
0001
0100
0010
1000
0001
0100
0010
1000
0001
0010
0100
1000
0001
0010
0000
,
0001
0010
0001
1000
0001
0100
0001
1000
0001
0010
0001
1000
0010
0100
0001
0000
,
1000
0010
1000
0001
1000
0100
1000
0001
1000
0010
1000
0100
0010
0001
1000
0000
,
0001
0100
0010
1000
0100
0010
0001
0100
0010
1000
0100
1000
0010
0100
0001
0000
,
1000
0100
0010
0001
0100
0010
1000
0100
0010
0001
0100
0010
1000
0010
0100
0000
,
0001
0010
0001
1000
0001
0100
0001
1000
0010
1000
0001
1000
0100
0010
0001
0000
,
0100
0010
1000
0010
0100
0010
1000
0001
0010
0100
0010
0001
0010
0100
1000
0000
,
2000
0000
0200
3000
0020
0300
0002
0033
,
0101
0000
0100
0000
0001
0000
0100
0000
0001
0000
0100
0001
0100
0001
0100
0002
0200
0000
0000
0000
0303
0000
0000
0000
1M1M
0000
0000
0000
0000
0000
0000
0000
;

//---------------dance-double - M.Emirzian----------------
#NOTES:
     dance-double:
     M.Emirzian:
     Challenge:
     11:
     0.862,0.000,0.550,0.089,1.000,608.000,62.000,10.000,0.000,6.000,0.000:
00000000
00000000
00000000
00000000
,
00000000
00000000
00000000
00000000
,
00000000
00000000
00000000
00000000
,
00000000
00000000
00000000
00100010
,
00010000
01010000
00001000
00011000
,
00100000
00000000
00001100
00000000
00001000
00010010
00001010
00000000
,
00000001
00001100
00000001
00001010
,
00010000
00000000
01010000
00000000
00001000
00011000
01000100
00000000
,
00000000
00000000
00000000
00000000
00000000
00000000
00010000
01000000
00000000
00000000
00000000
00000000
00010000
01000000
00000000
00000000
00000000
00000000
00100000
10000000
00000000
00000000
00000000
00000000
00100000
10000000
00000000
00000000
00000000
00000000
00010000
10000000
00000000
00000000
00000000
00000000
00000000
00000000
00000000
00000000
00000000
00000000
11000000
00000000
00000000
00000000
00000000
00000000
,
00000000
00000000
00000000
00000000
00000000
00000000
01000000
00100000
00000000
00000000
00000000
00000000
01000000
00100000
00000000
00000000
00000000
00000000
00010000
00100000
00000000
00000000
00000000
00000000
00010000
00100000
00000000
00000000
00000000
00000000
00001000
00010000
00000000
00000000
00000000
00000000
00001000
00010000
00000000
00000000
00000000
00000000
00000100
00010000
00000000
00000000
00000000
00000000
,
00000000
00001000
00010000
00000100
00010000
00000001
00001000
00000100
,
00000001
00001000
00000010
00000001
00000100
00000001
00000010
00000100
,
00000000
00000000
00000000
00000000
00000000
00000000
00001000
00000100
00000000
00000000
00000000
00000000
00001000
00000100
00000000
00000000
00000000
00000000
00000001
00000100
00000000
00000000
00000000
00000000
00000001
00000100
00000000
00000000
00000000
00000000
00000010
00001000
00000000
00000000
00000000
00000000
00000000
00000000
00000000
00000000
00000000
00000000
01001000
00000000
00000000
00000000
00000000
00000000
,
00000000
00000000
00000000
00000000
00000000
00000000
00001000
01000000
00000000
00000000
00000000
00000000
00001000
01000000
00000000
00000000
00000000
00000000
00010000
01000000
00000000
00000000
00000000
00000000
00010000
01000000
00000000
00000000
00000000
00000000
00100000
10000000
00000000
00000000
00000000
00000000
00100000
10000000
00000000
00000000
00000000
00000000
00010000
00100000
00000000
00000000
00000000
00000000
,
00000000
00000000
10000000
00000000
01000000
00000000
02200000
00000000
00000000
00000000
10010000
03300000
00000000
00000000
00000000
00000000
,
00000000
00000000
00010000
00000000
00001000
00000000
00022000
00000000
00000000
00000000
01000100
00033000
00000000
00000000
00000000
00000000
,
00000000
00000000
00000000
00000000
00000000
00000000
00000010
00010000
00000000
00000000
00000000
00000000
00000010
00010000
00000000
00000000
00000000
00000000
00000010
00001000
00000000
00000000
00000000
00000000
00000001
00000100
00000000
00000000
00000000
00000000
00000001
00000100
00000000
00000000
00000000
00000000
00000000
00000000
00000000
00000000
00000000
00000000
00001010
00000000
00000000
00000000
00000000
00000000
,
00000000
00000000
00000000
00000000
00000000
00000000
00000010
00000100
00000000
00000000
00000000
00000000
00000010
00000100
00000000
00000000
00000000
00000000
00000010
00001000
00000000
00000000
00000000
00000000
00000010
00001000
00000000
00000000
00000000
00000000
00000100
00010000
00000000
00000000
00000000
00000000
00000100
00010000
00000000
00000000
00000000
00000000
00001000
00010000
00000000
00000000
00000000
00000000
,
00000000
00000000
00100000
00000000
00010000
00000000
00220000
00000000
00000000
00000000
01001000
00330000
00000000
00000000
00000000
00000000
,
00000000
00000000
00010000
00000000
10000000
00000000
02200000
00000000
00000000
00000000
00010000
00000000
10010000
03300000
00000000
00000000
,
01000000
00100000
00010000
10000000
00100000
01000000
00010000
01000000
00100000
10000000
01000000
00100000
00110000
00000000
10010000
00000000
,
00100000
10000000
00000000
00000000
00000000
00000000
00010000
10000000
00000000
00000000
00000000
00000000
00010000
10000000
00000000
00000000
00000000
00000000
01000000
10000000
00000000
00000000
00000000
00000000
00010000
01000000
00000000
00000000
00000000
00000000
00010000
01000000
00000000
00000000
00000000
00000000
00001000
00000000
00000000
00000000
00000000
00000000
00010000
00001000
00000000
00000000
00000000
00000000
,
00011000
00000000
00000000
00000000
00000000
00000000
00000000
00000000
00000000
00000000
00000000
00000000
00000000
00000000
00000000
00000000
00000000
00000000
00000100
00001000
00000000
00000000
00000000
00000000
00000010
00001000
00000000
00000000
00000000
00000000
00000001
00001000
00000000
00000000
00000000
00000000
00000100
00000000
00000000
00000000
00000000
00000000
00001000
00000100
00000000
00000000
00000000
00000000
,
00001100
00000000
00000000
00000000
00000000
00000000
00000000
00000000
00000000
00000000
00000000
00000000
00000000
00000000
00000000
00000000
00000000
00000000
00000010
00000001
00000000
00000000
00000000
00000000
00001000
00000001
00000000
00000000
00000000
00000000
00000100
00001000
00000000
00000000
00000000
00000000
00000100
00000000
00000000
00000000
00000000
00000000
00010000
00001000
00000000
00000000
00000000
00000000
,
00011000
00000000
00000000
00000000
00001000
01000000
00010000
01000000
00100000
10000000
00100000
01000000
00010000
00100000
01000000
10000000
,
00010000
00000000
00000000
00000000
00000000
00000000
10000000
00000000
00000000
00000000
00000000
00000000
00000000
00000000
00000000
00000000
00000000
00000000
01000000
00100000
00000000
00000000
00000000
00000000
01000000
00100000
00000000
00000000
00000000
00000000
00010000
10000000
00000000
00000000
00000000
00000000
00010000
01000000
00000000
00000000
00000000
00000000
00010000
01000000
00000000
00000000
00000000
00000000
,
01010000
00000000
00000000
00000000
00000000
00000000
00000000
00000000
00000000
00000000
00000000
00000000
00000000
00000000
00000000
00000000
00000000
00000000
00100000
10000000
00000000
00000000
00000000
00000000
00010000
10000000
00000000
00000000
00000000
00000000
00010000
01000000
00000000
00000000
00000000
00000000
00001000
01000000
00000000
00000000
00000000
00000000
00001000
00010000
00000000
00000000
00000000
00000000
,
00011000
00000000
00000000
00000000
00000000
00000000
00000000
00000000
00000000
00000000
00000000
00000000
00000000
00000000
00000000
00000000
00000000
00000000
00001000
00010000
00000000
00000000
00000000
00000000
00000100
00010000
00000000
00000000
00000000
00000000
00001000
00010000
00000000
00000000
00000000
00000000
00000010
00010000
00000000
00000000
00000000
00000000
00001000
00010000
00000000
00000000
00000000
00000000
,
00011000
00000000
00000000
00000000
00000010
00010000
00001000
00010000
00000100
00000010
00000100
00001000
00000001
00000100
00000010
00000000
,
00001001
00000000
00000000
00000000
00000000
00000000
00000000
00000000
00000000
00000000
00000000
00000000
00000000
00000000
00000000
00000000
00000000
00000000
00000001
00001000
00000000
00000000
00000000
00000000
00000100
00001000
00000000
00000000
00000000
00000000
00000001
00000100
00000000
00000000
00000000
00000000
00000010
00001000
00000000
00000000
00000000
00000000
00000010
00010000
00000000
00000000
00000000
00000000
,
00010010
00000000
00000000
00000000
00000000
00000000
00000000
00000000
00000000
00000000
00000000
00000000
00000000
00000000
00000000
00000000
00000000
00000000
00001000
01000000
00000000
00000000
00000000
00000000
00001000
00010000
00000000
00000000
00000000
00000000
00001000
00100000
00000000
00000000
00000000
00000000
00001000
00010000
00000000
00000000
00000000
00000000
00001000
01000000
00000000
00000000
00000000
00000000
,
01001000
00000000
00000000
00000000
00000000
00000000
00000000
00000000
00000000
00000000
00000000
00000000
00000000
00000000
00000000
00000000
00000000
00000000
00010000
01000000
00000000
00000000
00000000
00000000
00010000
01000000
00000000
00000000
00000000
00000000
00100000
10000000
00000000
00000000
00000000
00000000
00100000
10000000
00000000
00000000
00000000
00000000
10100000
00000000
00000000
00000000
00000000
00000000
,
10010000
00000000
00000000
00000000
01000000
00100000
00010000
00100000
01000000
10000000
00100000
01000000
00010000
01000000
00100000
00000000
,
10010000
00000000
00000000
00000000
00000000
00000000
00000000
00000000
00000000
00000000
00000000
00000000
00000000
00000000
00000000
00000000
00000000
00000000
01000000
10000000
00000000
00000000
00000000
00000000
00010000
10000000
00000000
00000000
00000000
00000000
00010000
01000000
00000000
00000000
00000000
00000000
00001000
01000000
00000000
00000000
00000000
00000000
00001000
00010000
00000000
00000000
00000000
00000000
,
00011000
00000000
00000000
00000000
00000000
00000000
00000000
00000000
00000000
00000000
00000000
00000000
00000000
00000000
00000000
00000000
00000000
00000000
00000100
00010000
00000000
00000000
00000000
00000000
00001000
00010000
00000000
00000000
00000000
00000000
00000010
00010000
00000000
00000000
00000000
00000000
00000100
00001000
00000000
00000000
00000000
00000000
00000100
00001000
00000000
00000000
00000000
00000000
,
00001100
00000000
00000000
00000000
00000000
00000000
00000000
00000000
00000000
00000000
00000000
00000000
00000000
00000000
00000000
00000000
00000000
00000000
00000001
00000100
00000000
00000000
00000000
00000000
00000001
00001000
00000000
00000000
00000000
00000000
00000100
00001000
00000000
00000000
00000000
00000000
00000010
00010000
00000000
00000000
00000000
00000000
00000010
00001000
00000000
00000000
00000000
00000000
,
00001010
00000000
00011000
00000000
01100000
00010000
00000110
00000000
,
00000001
00001000
00000100
00001000
00000100
00010000
00001000
01000000
00001000
00010000
00001000
01000000
00010000
01000000
00100000
00000000
,
10010000
10000000
01000000
00100000
00010000
00100000
00010000
10000000
00100000
01000000
00001000
00010000
00001000
01000000
00001000
00000000
,
00011000
00010000
00000100
00010000
00001000
00010000
00000010
00001000
00000010
00000100
00000010
00001000
00000100
00001000
00000001
00000000
,
00001010
00000010
00001000
00000010
00000100
00000001
00001000
00000000
00001100
00000100
00000010
00000001
00000100
00000010
00001000
00000000
,
00000100
00010000
00001000
01000000
00001000
00010000
00001000
01000000
00010000
01000000
00100000
10000000
01000000
00100000
00010000
00000000
,
11000000
01000000
10000000
00010000
10000000
01000000
00100000
00001000
00010000
00001000
00010000
00000100
00001000
00000010
00000100
00000000
,
00001001
00000000
00000001
00000000
00000100
00000000
00000010
00000000
00001000
00000000
00000100
00000000
00010000
00000000
00001000
00000000
00010000
00000000
00001000
00000000
00010000
00000000
00001000
00000000
00010000
00000000
00001000
00000000
00010000
00001000
00010000
00001000
,
00010000
10001000
00011000
00020002
,
00000000
00000000
00000000
00000000
00000000
00000000
00000000
00000000
00000000
00000000
00000000
00000000
00100010
00030003
00000000
00000000
,
00001000
00010000
00000000
00000000
00000000
00000000
00000100
00010000
00000000
00000000
00000000
00000000
00001000
00010000
00000000
00000000
00000000
00000000
00001000
00010000
00000000
00000000
00000000
00000000
00000010
00010000
00000000
00000000
00000000
00000000
00000010
00001000
00000000
00000000
00000000
00000000
00000001
00001000
00000000
00000000
00000000
00000000
00000100
00000010
00000000
00000000
00000000
00000000
,
00000110
00000000
00000000
00000000
00000000
00000000
00000000
00000000
00000000
00000000
00000000
00000000
00000000
00000000
00000000
00000000
00000000
00000000
00000001
00000100
00000000
00000000
00000000
00000000
00000010
00001000
00000000
00000000
00000000
00000000
00000010
00010000
00000000
00000000
00000000
00000000
00001000
00010000
00000000
00000000
00000000
00000000
00001000
00010000
00000000
00000000
00000000
00000000
,
00011000
00000000
00000000
00000000
00000000
00000000
00000000
00000000
00000000
00000000
00000000
00000000
00000000
00000000
00000000
00000000
00000000
00000000
00001000
00010000
00000000
00000000
00000000
00000000
00001000
01000000
00000000
00000000
00000000
00000000
00001000
00010000
00000000
00000000
00000000
00000000
00001000
00010000
00000000
00000000
00000000
00000000
00001000
00100000
00000000
00000000
00000000
00000000
,
00101000
00000000
00010100
00000000
00000110
00001000
01100000
00000000
,
01000000
10000000
00010000
10000000
01000000
00100000
00010000
00100000
00001000
00010000
01000000
00010000
00001000
00010000
00000100
00000000
,
00001000
00000100
00000010
00000001
00001000
00000010
00000100
00001000
00010000
00001000
01000000
00001000
00010000
00001000
00010000
00000000
,
00000100
00001000
00000010
00000100
00000001
00001000
00000100
00000010
00000100
00001000
00000001
00000100
00000010
00010000
00001000
00000000
,
00010000
00001000
01000000
00100000
01000000
00010000
10000000
01000000
00100000
00010000
00100000
01000000
10000000
00100000
01000000
00000000
,
00010000
01000000
00001000
00010000
00001000
01000000
00001000
00010000
00000010
00001000
00000100
00000010
00000001
00001000
00000010
00000000
,
00000100
00000001
00000100
00000001
00001000
00000100
00001000
00000100
00010000
00001000
01000000
00100000
01000000
00010000
10000000
00000000
,
01000000
10000000
00010000
10000000
01000000
00100000
00010000
00100000
01000000
10000000
00010000
01000000
00001000
00010000
00000100
00000000
,
00010000
00001000
01000000
00001000
00010000
00000010
00001000
00000010
00000100
00000001
00001000
00000100
00000010
00000001
00001000
00000000
,
00000010
00011000
01000100
01010000
,
10000000
00000000
00010000
00000000
10000000
00000000
00010000
00000000
10000000
00000000
00010000
10000000
00010000
10000000
00010000
10000000
00010000
00000000
00000000
00000000
00000000
00000000
00000000
00000000
11000000
00000000
00000000
00000000
00000000
00000000
00000000
00000000
;

//---------------dance-double - M.Emirzian----------------
#NOTES:
     dance-double:
     M.Emirzian:
     Easy:
     3:
     0.218,0.000,0.106,0.053,0.000,154.000,12.000,6.000,0.000,0.000,0.000:
00000000
00000000
00000000
00000000
,
00000000
00000000
00000000
00000000
,
00000000
00000000
00000000
00000000
,
00000000
00000000
00000000
00000000
,
00000000
00100000
00000000
10000000
,
00000000
01000000
00010000
00100000
,
00000000
00001000
00000000
00010000
,
00000000
00000100
00001000
00000010
,
00000000
00000100
00000000
00000001
,
00000000
00000100
00001000
00000010
,
00000000
00010000
00000000
00001000
,
00000000
01000000
00010000
00100000
,
00000000
10000000
00000000
01000000
,
00000000
00100000
00010000
01000000
,
00000000
00001000
00000000
00010000
,
00000000
00000010
00001000
00000100
,
00000000
00000001
00000000
00000010
,
00000000
00001000
00010000
01000000
,
00000000
00010000
00000000
00001000
,
00000000
00000100
00000001
00000010
,
00002002
00000000
00000000
00003003
,
00001000
00000000
00000010
00001000
,
00000100
00000000
00010000
00001000
,
00010000
00000000
01000000
00010000
,
01000000
00000000
10000000
01000000
,
10010000
00000000
00100000
10000000
,
01000000
00000000
00100000
00001000
,
00100000
00000000
00001000
00010000
,
01000000
00000000
00010000
00001000
,
00010100
00000000
00000100
00001000
,
00000010
00000000
00000001
00000100
,
00000010
00000000
00010000
00001000
,
01000000
00000000
00010000
01000000
,
10010000
00000000
00100000
10000000
,
00010000
00000000
00100000
10000000
,
01000000
00000000
01000000
00010000
,
00001000
00000000
00010000
00001000
,
00000100
00000001
00000000
00000010
,
00000010
00000100
00000000
00000100
,
00000100
00010000
00000000
00010000
,
00010000
00001000
00000000
00001000
,
00001000
01000000
00000000
01000000
,
01000000
00100000
00000000
10000000
,
10000000
01000000
00000000
00100000
,
10010000
00100000
10010000
02200000
,
00000000
00000000
00000000
03300000
,
10000000
00000000
01000000
00100000
,
00001000
00000000
00010000
00001000
,
00000100
00000000
00001000
00000100
,
00000001
00000000
00000010
00000100
,
00001001
00000000
00000010
00001000
,
00000100
00000000
00010000
00001000
,
00010000
00000000
01000000
10000000
,
00100000
00000000
01000000
00010000
,
10010000
00000000
00010000
10000000
,
01000000
00000000
00010000
00001000
,
00000010
00000000
00000001
00000100
,
00000010
00000000
00000100
00000010
,
00001001
00000010
00001001
00000220
,
00000000
00000000
00000000
00000330
;

//---------------dance-double - M.Emirzian----------------
#NOTES:
     dance-double:
     M.Emirzian:
     Medium:
     6:
     0.323,0.000,0.248,0.053,0.000,221.000,28.000,6.000,0.000,0.000,0.000:
00000000
00000000
00000000
00000000
,
00000000
00000000
00000000
00000000
,
00000000
00000000
00000000
00000000
,
00000000
00000000
00000000
00000000
,
10000000
10000000
00000000
00010000
,
00000000
00000000
00100000
00000000
00001000
00010000
00000100
00000000
,
00001000
00001000
00000000
00000001
,
00000000
00000000
00001000
00000000
00000001
00000100
00000010
00000000
,
00001000
00000000
00001000
00000000
00000100
00010000
00000000
00001000
,
00000000
00000000
00010000
00000000
00001000
01000000
00010000
00000000
,
00100000
00100000
00000000
01000000
,
00000000
00000000
10000000
00000000
00010000
01000000
10000000
00000000
,
01000000
00000000
01000000
00000000
00010000
00100000
00000000
00001000
,
00000000
00000000
00010000
00000000
00000100
00001000
00000100
00000000
,
00010000
00010000
00000000
00000100
,
00000000
00000000
00000010
00000000
00000001
00001000
00000100
00000000
,
00000010
00000000
00000001
00000000
00000100
00000010
00000000
00001000
,
00000000
00000000
00000100
00000000
00010000
00001000
01000000
00000000
,
00010000
00010000
00000000
10000000
,
00000000
00000000
01000000
00000000
00100000
00010000
01000000
00000000
,
00022000
00000000
00000000
00033000
,
00010000
00000000
00001000
00000000
00010000
00000100
00000000
00001100
,
00000000
00000000
00000000
00000010
00000100
00000010
00000000
00001001
,
00000000
00000000
00000000
00001000
00010000
00001000
00000000
01001000
,
00000000
00000000
00010000
01000000
00100000
10000000
00100000
00000000
,
01000000
00000000
00010000
00000000
00100000
00001000
00000000
00011000
,
00000000
00000000
00000000
00000100
00001000
00000100
00000000
00001001
,
00000000
00000000
00000000
00001000
00010000
00001000
00000000
00010100
,
00000000
00000000
00001000
00000100
00000010
00000001
00000010
00000000
,
00000100
00000000
00001000
00000000
00000001
00000100
00000000
00000110
,
00000000
00000000
00000000
00010000
00001000
00010000
00000000
01001000
,
00000000
00000000
00000000
00010000
01000000
00010000
00000000
10010000
,
00000000
00000000
01000000
00100000
00010000
00100000
01000000
00000000
,
10000000
00000000
00100000
00000000
01000000
00010000
00000000
01001000
,
00000000
00000000
00000000
00001000
00010000
00001000
00000000
00010010
,
00000000
00000000
00000000
00000100
00000001
00000100
00000000
00001001
,
00000000
00000000
00000100
00000010
00000001
00000010
00000100
00000000
,
00001000
00001000
00000000
00000000
,
00000001
00000000
00000100
00000000
00000010
00001000
00000100
00000000
,
00010000
00010000
00000000
00000000
,
00001000
00000000
01000000
00000000
00010000
01000000
00001000
00000000
,
00010000
00010000
00000000
00000000
,
01000000
00000000
10000000
00000000
00100000
01000000
00010000
00000000
,
10000000
10000000
00000000
01000000
,
00110000
00100000
00011000
00020200
,
00000000
00000000
00000000
00030300
,
00000100
00000000
00001000
00000000
00000010
00000100
00000000
00001001
,
00000000
00000000
00000000
00000100
00010000
00001000
00000000
01001000
,
00000000
00000000
00000000
00100000
01000000
00100000
00000000
10100000
,
00000000
00000000
00100000
01000000
00010000
01000000
00100000
00000000
,
10000000
00000000
01000000
00000000
00100000
00010000
00000000
00101000
,
00000000
00000000
00000000
00010000
00000100
00010000
00000000
00011000
,
00000000
00000000
00000000
00000100
00000010
00000100
00000000
00001001
,
00000000
00000000
00000100
00000010
00001000
00000010
00000100
00000000
,
00000001
00000000
00001000
00000000
00000100
00010000
00000000
00011000
,
00000000
00000000
00000000
00000100
00010000
00001000
00000000
01001000
,
00000000
00000000
00000000
00010000
01000000
00010000
00000000
01001000
,
00000000
00000000
00010000
01000000
00100000
10000000
00100000
00000000
,
01010000
01000000
01001000
00022000
,
00000000
00000000
00000000
00033000
;

//---------------dance-double - M.Emirzian----------------
#NOTES:
     dance-double:
     M.Emirzian:
     Hard:
     7:
     0.493,0.000,0.435,0.089,0.018,330.000,49.000,10.000,8.000,6.000,0.000:
00000000
00000000
00000000
00000000
,
00000000
00000000
00000000
00000000
,
00000000
00000000
00000000
00000000
,
00000000
00000000
00000000
00011000
,
00100000
01010000
00100000
01001000
,
00010000
00000000
00010100
00000000
00001000
00000001
00000010
0000MM00
,
00002200
00000000
00010010
00003300
,
00001000
00000000
00000010
00000000
00000001
00000100
00001000
00000000
,
00010000
00000100
00010000
00001000
01000000
00100000
00000000
10100000
,
00000000
01000000
00100000
00000000
00010000
01000000
10000000
01000000
,
00010000
00000000
00100000
00000000
01001000
00000000
00001000
000M0M00
,
00020200
00000000
00001010
00030300
,
00001000
00000100
00010000
00000100
00001000
00000001
00000000
00000110
,
00000000
00000100
00001000
00000000
00000001
00000100
00001000
00010000
,
00000100
00000000
00000010
00000000
00001100
00000000
00000010
000M0M00
,
00020200
00000000
00101000
00030300
,
00001000
01000000
00001000
00010000
00100000
10000000
00000000
11000000
,
00000000
00010000
01000000
00000000
00100000
10000000
01000000
10000000
,
00100000
01000000
00110000
10000000
,
01001000
00000000
00011000
00000000
00001000
00000010
00000001
0000M00M
,
00002002
00000000
00000000
00000000
00000000
00000000
00000000
00000000
00000010
00000000
00000000
00000000
00000100
00003003
00000000
00000000
,
00000010
00001000
00000100
00010000
00001000
00010000
00000000
00010100
,
00001000
00000000
00010000
00001000
01000000
00010000
00000000
01010000
,
10000000
00000000
01000000
00100000
00010000
01000000
00000000
10100000
,
10000000
00000000
01000000
00100000
00001000
00010000
00000100
00010000
,
00001000
00000000
00010000
00000100
00001000
00000100
00000000
00010100
,
00001000
00000000
00010000
00000100
00001000
00000010
00000000
00000101
,
00001000
00000000
00000100
00000010
00000001
00000100
00000000
00001010
,
00001000
00000000
00000100
00010000
00001000
01000000
00001000
00010000
,
00000100
00000000
00010000
00001000
01000000
00010000
00000000
00110000
,
00001000
00000000
01000000
00100000
10000000
01000000
00000000
00110000
,
10000000
00000000
00100000
01000000
00001000
00010000
00000000
00011000
,
00001000
00000000
00010000
00000100
00001000
00000100
00010000
00000010
,
00000100
00000000
00000001
00001000
00000100
00000010
00000000
00001100
,
00010000
00000000
00001000
01000000
00010000
10000000
00000000
11000000
,
00010000
00000000
01000000
00010000
00100000
01000000
00000000
11000000
,
00010000
00000000
01000000
00001000
00010000
00000100
00010000
00000000
,
00001000
00010000
00000100
00001000
00000010
00000100
00000001
00000100
,
00000010
00001000
00000100
00010000
00001000
01000000
00010000
10000000
,
00100000
01000000
00010000
10000000
01000000
00010000
00001000
01000000
,
00010000
00100000
00001000
00010000
00000010
00001000
00000100
00010000
,
00000100
00001000
00000010
00001000
00000100
00000001
00000100
00010000
,
00001000
01000000
10000000
01000000
00010000
00100000
01000000
00100000
,
00001000
00010000
00000100
00010000
00001000
01000000
00010000
00000000
,
00110000
00101000
01010000
02002000
,
00000000
00000000
00000000
00000000
00000000
00000000
00000000
00000000
00000000
00000000
00000000
00000000
00110000
03003000
00000000
00000000
,
00010000
00100000
10000000
01000000
00100000
00010000
00000000
01010000
,
00100000
00000000
10000000
01000000
00010000
00001000
00000000
00011000
,
00000100
00000000
00001000
00000010
00000100
00000001
00000000
00000110
,
00001000
00000000
00000001
00000100
00000010
00001000
00000010
00000100
,
00000001
00000000
00000010
00000100
00010000
00001000
00000000
00011000
,
01000000
00000000
00001000
01000000
00001000
00010000
00000000
01001000
,
01000000
00000000
00010000
01000000
00100000
10000000
00000000
11000000
,
00010000
00000000
00100000
01000000
10000000
01000000
00100000
00001000
,
00010000
00000000
01000000
00010000
00001000
00010000
00000000
00010010
,
00001000
00000000
00000100
00000010
00000001
00000100
00000000
00001010
,
00000100
00000000
00010000
00000100
00010000
00001000
00000000
00011000
,
01000000
00000000
00010000
00100000
01000000
10000000
00100000
00000000
,
01010000
00101000
00011000
00010010
,
00010000
00000100
00010000
00001000
00010000
00000000
00000100
00000000
00001000
00000010
00000100
00000001
00001000
00000000
00000000
00000000
;

//---------------dance-single - K. Ward----------------
#NOTES:
     dance-single:
     K. Ward:
     Beginner:
     1:
     0.084,0.000,0.044,0.000,0.000,61.000,5.000,0.000,0.000,0.000,0.000:

0000
0000
0000
0000
,
0000
0000
0000
0000
,
0000
0000
0000
0000
,
0000
0000
0000
0000
,
1000
0000
0000
0000
,
1000
0000
0000
0000
,
0001
0000
0000
0000
,
0001
0000
0000
0000
,
0100
0000
0000
0000
,
0100
0000
0000
0000
,
0010
0000
0000
0000
,
0010
0000
0000
0000
,
1000
0000
1000
0000
,
0000
0000
0000
0000
,
0001
0000
0001
0000
,
0000
0000
0000
0000
,
1000
0000
1000
0000
,
0000
0000
0000
0000
,
0001
0000
0001
0000
,
0000
0000
0000
0000
,
1001
0000
0000
0000
,
0100
0000
0000
0000
,
0010
0000
0000
0000
,
1000
0000
0000
0000
,
0001
0000
0000
0000
,
1000
0000
0000
0000
,
0001
0000
0000
0000
,
0100
0000
0000
0000
,
0010
0000
0000
0000
,
1000
0000
1000
0000
,
1000
0000
0000
0000
,
0001
0000
0001
0000
,
0001
0000
0000
0000
,
0010
0000
0000
0000
,
0001
0000
0000
0000
,
1000
0000
0001
0000
,
1000
0000
0000
0000
,
0010
0000
0000
0000
,
0100
0000
0000
0000
,
0001
0000
0000
0000
,
1000
0000
0001
0000
,
1000
0000
0000
0000
,
0010
0000
0000
0000
,
0100
0000
0000
0000
,
0110
0000
0000
0000
,
0000
0000
0000
1001
,
0000
0001
0000
0000
,
0000
1000
0000
0000
,
0000
0010
0000
0000
,
0100
0000
0100
0000
,
0001
0000
0000
0000
,
1000
0000
0000
0000
,
0001
0000
0000
0000
,
0010
0000
0000
0000
,
0100
0000
0000
0000
,
0010
0000
0000
0000
,
0001
0000
0000
0000
,
1000
0000
0000
0000
,
1001
0000
0000
0000
,
0000
0000
0000
0110
;
