#TITLE:Not Worth The Paper;
#SUBTITLE:;
#ARTIST:Dax;
#TITLETRANSLIT:;
#SUBTITLETRANSLIT:;
#ARTISTTRANSLIT:;
#GENRE:;
#CREDIT:;
#BANNER:Not Worth the Paper-banner.png;
#BACKGROUND:Not Worth the Paper-bg.png;
#LYRICSPATH:;
#CDTITLE:;
#MUSIC:Dax - Not Worth The Paper.ogg;
#OFFSET:-0.523;
#SAMPLESTART:83.392;
#SAMPLELENGTH:13.000;
#SELECTABLE:YES;
#BPMS:0.000=132.980;
#STOPS:;
#BGCHANGES:0.000=Not Worth the Paper-bg.png=1.000=0=0=1=====,
16.000=-random-=1.000=0=0=1=====,
32.000=-random-=1.000=0=0=1=====,
48.000=-random-=1.000=0=0=1=====,
64.000=-random-=1.000=0=0=1=====,
80.000=-random-=1.000=0=0=1=====,
88.000=-random-=1.000=0=0=1=====,
96.000=-random-=1.000=0=0=1=====,
104.000=-random-=1.000=0=0=1=====,
112.000=-random-=1.000=0=0=1=====,
120.000=-random-=1.000=0=0=1=====,
136.000=-random-=1.000=0=0=1=====,
152.000=-random-=1.000=0=0=1=====,
168.000=-random-=1.000=0=0=1=====,
184.000=-random-=1.000=0=0=1=====,
192.000=-random-=1.000=0=0=1=====,
200.000=-random-=1.000=0=0=1=====,
208.000=-random-=1.000=0=0=1=====,
216.000=-random-=1.000=0=0=1=====,
224.000=-random-=1.000=0=0=1=====,
232.000=-random-=1.000=0=0=1=====,
240.000=-random-=1.000=0=0=1=====,
248.000=-random-=1.000=0=0=1=====,
264.000=Not Worth the Paper-bg.png=1.000=0=0=1=====,
99999=-nosongbg-=1.000=0=0=0 // don't automatically add -songbackground-
;
#KEYSOUNDS:;
// cache tags:
#FIRSTBEAT:16.000;
#LASTBEAT:264.000;
#SONGFILENAME:/Songs/In The Groove/Not Worth the Paper/Dax - Not Worth The Paper.sm;
#HASMUSIC:1;
#HASBANNER:1;
#MUSICLENGTH:121.320;
// end cache tags

//---------------dance-double - M. Emirzian----------------
#NOTES:
     dance-double:
     M. Emirzian:
     Easy:
     2:
     0.164,0.000,0.099,0.066,0.000,119.000,12.000,8.000,0.000,0.000,0.000:


00000000
00000000
00000000
00000000
,
00000000
00000000
00000000
00000000
,
00000000
00000000
00000000
00000000
,
00000000
00000000
00000000
00000000
,
10000000
00000000
01000000
00000000
,
00010000
00000000
00001000
00000000
,
00000010
00000000
00000001
00000000
,
00000100
00001000
00001000
00000000
,
00010000
00000000
00100000
00000000
,
10000000
00000000
01000000
00000000
,
00010000
00000000
00001000
00000000
,
00000010
00000001
00000001
00000000
,
00001000
00000000
00001000
00000000
,
00010000
00000000
00010000
00000000
,
10000000
00000000
10000000
00000000
,
00001000
00000000
00001000
00000000
,
00010000
00000000
00001000
00000000
,
00000001
00000000
00010000
00000000
,
00001000
00000000
00010000
00000000
,
10000000
00010000
00010000
01000000
,
01000000
00000000
00100000
00000000
,
10010000
00000000
00011000
00000000
,
00002002
00003003
00000010
00000000
,
00000100
00010000
00001000
00000000
,
00010000
00000000
00100000
00000000
,
10010000
00000000
00011000
00000000
,
00002002
00003003
00000010
00000000
,
00000001
00000100
00001000
00000000
,
00010000
00000000
00000000
00000000
,
10000000
00000000
00000000
00000000
,
00001000
00000000
00000000
00000000
,
00000001
00000000
00000000
00000000
,
00001000
00000000
00000000
00000000
,
10000000
00000000
00000000
00000000
,
00001000
00000000
00000000
00000000
,
00010000
00000000
00000000
00000000
,
00000001
00000000
00000000
00000000
,
00010000
00000000
00001000
00000000
,
10000000
00000000
00000000
01000000
,
01000000
00000000
00000000
00001000
,
00001000
00000000
00000000
00000001
,
00000001
00000000
00000000
00001000
,
00001000
00000000
00000000
00010000
,
00010000
00000000
00000000
10000000
,
10000000
00000000
00000000
00000000
,
01000000
00000000
01000000
01000000
,
00010000
00000000
00001000
00000000
,
00000010
00000000
00001001
00000000
,
00011000
00000000
20020000
30030000
,
10000000
01000000
00010000
00000000
,
00001000
00000000
00000010
00000000
,
00000100
00000000
00000001
00000000
,
00001000
00000000
00010000
00000000
,
10000000
00000000
01000000
00000000
,
01000000
00000000
00010000
00000000
,
00001000
00000000
00001001
00000000
,
00011000
00000000
20020000
30030000
,
01000000
00000000
01000000
00000000
,
00010000
00000000
00001000
00000000
,
00000001
00000000
00000100
00000000
,
00001000
00000000
00010000
00000000
,
01000000
00000000
10000000
00000000
,
00100000
00000000
00000000
00000000
,
00000100
00000000
00000000
00000000
,
00000001
00000000
00000000
00000000
,
01000000
00000000
00000000
00000000
,
10000000
00000000
00000000
00000000
;

//---------------dance-double - M. Emirzian----------------
#NOTES:
     dance-double:
     M. Emirzian:
     Medium:
     5:
     0.340,0.000,0.239,0.033,0.000,256.000,29.000,4.000,0.000,0.000,0.000:


00000000
00000000
00000000
00000000
,
00000000
00000000
00000000
00000000
,
00000000
00000000
00000000
00000000
,
00000000
00000000
00000000
00000000
,
00010000
00000000
00001000
00000000
,
00010000
00000100
00001000
00000000
,
00000010
00000100
00000001
00000010
,
00000100
00010000
00001000
00000000
00011000
00000000
00000000
00000000
,
00010000
00000000
00001000
00000000
,
01000000
00010000
00100000
00000000
,
01000000
10000000
00010000
00100000
,
00001000
00010000
00000100
00000000
00001100
00000000
00000000
00000000
,
00000010
00000001
00000100
00001001
,
00000010
00010000
00001000
01001000
,
00010000
01000000
00100000
10100000
,
10000000
01000000
00100000
00110000
,
00001000
01000000
00001000
00010100
,
00001000
00000100
00000010
00000011
,
00000100
00000010
00010000
00011000
,
00010000
00001000
01000000
00001000
00010000
00000000
00001000
00000000
,
01000000
00100000
10000000
00000000
01000000
00000000
00100000
00000000
,
00010000
10000000
01000000
00000000
00100000
00000000
00110000
00000000
,
00001000
00010000
00000010
00000000
00001000
00000000
00000100
00000010
,
00000001
00000100
00001010
00000100
,
00010000
00001000
01000000
00000000
00100000
00000000
10000000
00000000
,
01000000
00100000
00010000
00000000
01000000
00000000
10100000
00000000
,
10000000
00010000
01000000
00000000
00100000
00000000
01000000
00001000
,
00010000
00001000
00010010
00001000
,
00000200
00000300
00000020
00000030
,
00000002
00000003
00000200
00000310
,
00001000
00000000
00000100
00000000
,
00000100
00000000
00010000
00000000
,
00010000
00000000
00001000
00000000
,
00001000
00000000
01000000
00000000
,
00100000
10000000
01000000
00000000
,
10000000
01000000
00100000
01000000
,
10000000
00000000
10000000
01000000
,
00010000
00001000
00000010
00000001
,
00000100
00000010
00001000
00000110
,
00001000
00010000
00001000
00101000
,
00010000
01000000
00100000
10100000
,
01000000
00100000
00001000
00011000
,
00010000
00000100
00001000
00001010
,
00000100
00000010
00000001
00000101
,
00000010
00010000
00001000
00011000
,
00010000
00001000
01000000
00001000
00010000
00000000
00001000
00000000
,
01000000
00010000
10000000
00000000
00100000
00000000
10000000
00000000
,
01000000
00100000
00010000
00000000
01000000
00000000
01001000
00000000
,
00010000
00100000
00001000
00000000
00010000
00000000
00000100
00001000
,
00000001
00000010
00001100
00000010
,
00000001
00000100
00000010
00000000
00001000
00000000
00000100
00000000
,
00010000
00001000
01000000
00000000
00100000
00000000
10100000
00000000
,
10000000
00010000
01000000
00000000
00100000
00000000
01000000
00001000
,
00010000
00001000
00010100
00001000
,
00000100
00000010
00000001
00000000
00000100
00000000
00000010
00000000
,
00001000
00000100
00010000
00000000
00001000
00000000
00101000
00000000
,
00010000
00100000
01000000
00000000
00100000
00000000
01000000
00010000
,
10000000
00100000
01010000
00100000
,
00001000
00010000
00000100
00000000
00001000
00000000
00000010
00000000
,
00000100
00000001
00001000
00000000
00000010
00000000
00001100
00000000
,
00010000
00001000
01000000
00000000
00010000
00000000
01000000
00100000
,
10000000
01000000
00110000
01000000
,
00100000
00001000
00010000
00000100
,
00000000
00000010
00000001
00000100
,
00000010
00000000
00010000
00000000
,
00001000
00000000
01000000
00000000
00010000
01000000
00100000
00000000
,
10100000
00000000
00000000
00000000
;

//---------------dance-double - M. Emirzian----------------
#NOTES:
     dance-double:
     M. Emirzian:
     Hard:
     7:
     0.446,0.000,0.528,0.066,0.058,307.000,64.000,8.000,0.000,0.000,0.000:


00000000
00000000
00000000
00000000
,
00000000
00000000
00000000
00000000
,
00000000
00000000
00000000
00000000
,
00000000
00000000
00000000
00000000
,
00100000
00010000
01000000
00010000
,
00100000
00010000
01000000
00000000
00010000
00000000
00100000
00000000
,
01000000
10000000
00100000
00000000
10000000
00000000
01000000
00000000
,
00100000
00010000
01000000
00000000
00001000
00000000
00010000
00000000
,
00000010
00000100
00000001
00000010
,
00000100
00001000
00000010
00000000
00001000
00000000
00000100
00000000
,
00000010
00000001
00000100
00000000
00000001
00000000
00000100
00000000
,
00000010
00001000
00000100
00000000
00010000
00000000
00001000
00000000
,
00000000
00000000
01001000
00000000
00000000
00000000
00000000
00000000
01000000
00000000
00000000
00100000
00000000
00000000
01000000
00000000
,
00000000
00000000
01010000
00000000
00000000
00000000
00000000
00000000
00100000
00000000
00000000
01000000
00000000
00000000
00100000
00000000
,
00000000
00000000
00101000
00000000
00000000
00000000
00000000
00000000
00010000
00000000
00000000
00001000
00000000
00000000
00010000
00000000
,
00000000
00000000
00010010
00000000
00000000
00000000
00000000
00000000
00001000
00000000
00000000
00000100
00000000
00000000
00001000
00000000
,
00000000
00000000
00000011
00000000
00000000
00000000
00000000
00000000
00000100
00000000
00000000
00000010
00000000
00000000
00000100
00000000
,
00000000
00000000
00010010
00000000
00000000
00000000
00000000
00000000
00010000
00000000
00000000
00001000
00000000
00000000
00010000
00000000
,
00000000
00000000
00101000
00000000
00000000
00000000
00000000
00000000
10000000
00000000
00000000
00010000
00000000
00000000
10000000
00000000
,
00100000
10000000
00100000
10000000
00100000
01000000
00001000
00010000
,
00000010
00000000
00000100
00000001
00000010
00000000
00000001
00001000
,
00000100
00001000
00000001
00001000
00000100
00010000
00001000
00000000
,
01001000
00110000
10010000
10010000
,
01100000
10010000
00110000
00000000
11000000
00000000
00100000
00000000
,
01000000
00000000
00001000
00010000
00000010
00000000
00010000
00000100
,
00010000
00001000
00010000
00000010
00001000
00000100
00000010
00000000
,
00001001
00001010
00010100
00010100
,
00011000
00101000
00011000
00000000
01001000
00000000
01000000
00000000
,
00200000
20300000
32000000
23000000
,
30200000
20300000
32000000
03200000
,
00310000
00101000
00100000
00010000
,
01000000
00010000
00100000
00000000
00001000
00000000
00010000
00000000
,
00000100
00001000
00000010
00000000
00001000
00000000
00000100
00000000
,
00000010
00000001
00000100
00000000
00000001
00000000
00000010
00000000
,
00000001
00000100
00000010
00001000
,
00000100
00010000
00001000
00000000
01000000
00000000
00010000
00000000
,
01000000
00010000
00100000
00000000
01000000
00000000
10000000
00000000
,
00100000
10000000
01000000
00000000
10000000
00000000
00100000
00000000
,
00000000
00000000
01010000
00000000
00000000
00000000
00000000
00000000
00100000
00000000
00000000
00010000
00000000
00000000
00100000
00000000
,
00000000
00000000
00101000
00000000
00000000
00000000
00000000
00000000
00010000
00000000
00000000
00001000
00000000
00000000
00010000
00000000
,
00000000
00000000
00010010
00000000
00000000
00000000
00000000
00000000
00001000
00000000
00000000
00000010
00000000
00000000
00001000
00000000
,
00000000
00000000
00000101
00000000
00000000
00000000
00000000
00000000
00000100
00000000
00000000
00001000
00000000
00000000
00000100
00000000
,
00000000
00000000
00011000
00000000
00000000
00000000
00000000
00000000
01000000
00000000
00000000
00100000
00000000
00000000
01000000
00000000
,
00000000
00000000
10100000
00000000
00000000
00000000
00000000
00000000
01000000
00000000
00000000
00010000
00000000
00000000
01000000
00000000
,
00000000
00000000
01001000
00000000
00000000
00000000
00000000
00000000
00000100
00000000
00000000
00010000
00000000
00000000
00000100
00000000
,
00001000
00000010
00001000
00000010
00001000
00000100
00000010
00000001
,
00000100
00000000
00000010
00001000
00000100
00000000
00010000
00001000
,
01000000
00001000
00010000
00001000
00100000
00010000
01000000
00000000
,
10010000
01010000
00101000
00101000
,
00011000
00010100
00011000
00000000
00010010
00000000
00000010
00000000
,
00000100
00000000
00000001
00001000
00000010
00000000
00010000
00000100
,
00010000
00001000
00010000
00000010
00010000
00001000
01000000
00000000
,
00101000
00101000
01010000
10010000
,
11000000
10010000
01010000
00000000
10100000
00000000
10000000
00000000
,
01000000
00000000
00100000
00001000
00010000
00000000
00001000
01000000
,
00001000
00010000
00001000
00100000
00001000
00010000
00000010
00000000
,
00010100
00001010
00001001
00001001
,
00001010
00001001
00000101
00000000
00001010
00000000
00001000
00000000
,
00000010
00000000
00010000
00001000
01000000
00000000
00100000
01000000
,
00001000
01000000
00100000
01000000
00010000
00100000
01000000
00000000
,
10010000
00110000
01001000
01001000
,
00011000
00010010
00011000
00000000
00010100
00000000
00010000
00000000
,
00000100
00000010
00000001
00000100
,
00000001
00000000
00000010
00000000
00000100
00001000
00000010
00000000
,
00001000
00000100
00010000
00001000
,
01000000
00000000
00010000
00000000
01000000
00010000
00100000
00000000
,
11000000
00000000
00000000
00000000
;

//---------------dance-single - K. Ward----------------
#NOTES:
     dance-single:
     K. Ward:
     Hard:
     6:
     0.442,0.000,0.437,0.107,0.107,309.000,53.000,13.000,0.000,0.000,0.000:


0000
0000
0000
0000
,
0000
0000
0000
0000
,
0000
0000
0000
0000
,
0000
0000
0000
0000
,
0010
0001
0100
0001
,
1000
0001
0100
0000
0001
0000
0010
0000
,
0001
1000
0010
0000
1000
0000
0100
0000
,
0010
0001
0100
0000
0001
0000
1000
0000
,
0010
0100
0001
0010
,
0100
1000
0010
0000
1000
0000
0100
0000
,
0010
0001
0100
0000
0001
0000
0100
0000
,
0010
1000
0100
0000
1000
0000
0001
0000
,
0000
0000
1100
0000
0000
0100
0000
0000
0010
0000
0000
0100
0000
0000
0010
0000
,
0000
0000
0101
0000
0000
0010
0000
0000
0100
0000
0000
0010
0000
0000
0100
0000
,
0000
0000
1010
0000
0000
0001
0000
0000
1000
0000
0000
0001
0000
0000
1000
0000
,
0000
0000
0011
0000
0000
1000
0000
0000
0200
0000
0000
0000
1300
0000
0000
0000
,
0000
0000
0011
0000
0000
0100
0000
0000
0010
0000
0000
0100
0000
0000
0010
0000
,
0000
0000
0011
0000
0000
0001
0000
0000
1000
0000
0000
0001
0000
0000
1000
0000
,
0000
0000
1010
0000
0000
0001
0000
0000
0100
0000
0000
0001
0000
0000
0100
0000
,
0010
1000
0010
1000
0020
0000
1030
0000
,
0001
0000
0100
0001
0010
0000
0001
1000
,
0100
1000
0001
1000
0200
0000
0300
0000
,
1100
1100
1001
1001
,
0110
0000
0011
0000
2200
0000
0000
3300
,
0100
0000
1000
0001
0010
0000
0001
0000
,
1000
0001
0100
0010
2000
0000
3000
0000
,
1001
1001
0101
0101
,
1001
0010
1001
0000
1000
0000
1000
0000
,
0001
1000
0001
1000
,
0001
0000
1000
0000
0001
1000
0001
0000
,
0100
0001
0010
0001
,
0100
0001
0010
0000
0001
0000
1000
0000
,
0010
1000
0010
0000
1000
0000
0100
0000
,
0010
0001
0100
0000
0002
0000
1003
0000
,
0001
0100
0010
1000
,
0100
1000
0001
0000
0100
0000
0001
0000
,
0100
0001
0010
0000
0001
0000
1000
0000
,
0010
1000
0100
1000
0001
0000
0010
0000
,
0000
0000
0101
0000
0000
0010
0000
0000
0001
0000
0000
0010
0000
0000
0001
0000
,
0000
0000
1010
0000
0000
0001
0000
0000
1000
0000
0000
0001
0000
0000
1000
0000
,
0000
0000
0011
0000
0000
1000
0000
0000
0010
0000
0000
1000
0000
0000
0010
0000
,
0000
0000
0101
0000
0000
1000
0000
0000
0200
0000
0000
0000
1300
0000
0000
0000
,
0000
0000
1001
0000
0000
0100
0000
0000
0010
0000
0000
0100
0000
0000
0010
0000
,
0000
0000
1010
0000
0000
0001
0000
0000
0100
0000
0000
0001
0000
0000
0100
0000
,
0000
0000
1100
0000
0000
0001
0000
0000
0100
0000
0000
0001
0000
0000
0100
0000
,
1000
0010
1000
0010
2000
0000
3010
0000
,
0100
0000
0010
1000
0100
0000
1000
0001
,
0100
0001
0100
0010
1000
0000
0001
0000
,
1001
1001
1010
1010
,
1001
0100
1001
0000
0022
0000
0033
0000
,
0100
0000
0001
1000
0010
0000
0001
0100
,
0001
1000
0001
0010
0002
0000
1003
0000
,
1010
1010
1001
1001
,
1100
0100
0101
0000
1010
0000
1000
0000
,
1000
0001
1000
0001
0100
0010
1000
0100
,
1000
0001
1000
0010
1000
0001
0010
0000
,
0101
0101
1001
1001
,
1000
0000
0100
0001
2000
0000
3001
0000
,
0100
0001
1000
0010
0100
0001
1000
0010
,
1000
0100
0010
0100
1000
0010
1000
0000
,
1001
1001
1100
1100
,
1001
0010
1001
0000
0101
0000
0001
0000
,
1000
0001
1000
0001
,
0100
0010
0100
0010
,
1000
0100
1000
0001
,
1000
1000
0000
0000
0001
0001
0000
0000
,
0110
0000
0000
0000
;

//---------------dance-single - K. Ward----------------
#NOTES:
     dance-single:
     K. Ward:
     Medium:
     4:
     0.314,0.000,0.173,0.025,0.000,243.000,21.000,3.000,0.000,0.000,0.000:


0000
0000
0000
0000
,
0000
0000
0000
0000
,
0000
0000
0000
0000
,
0000
0000
0000
0000
,
0001
0000
1000
0000
,
0001
0100
0020
0000
,
1030
0010
0100
0010
,
0100
0001
1000
0000
2000
0000
0000
0000
,
3001
0000
1000
0000
,
0100
0100
2000
0000
,
3010
0010
0100
0001
,
1000
0100
1000
0000
0000
1100
0000
0000
,
0010
1000
0001
1001
,
0010
0001
1000
1100
,
0001
0100
0010
1010
,
1000
0100
0010
0011
,
1000
0100
1000
0101
,
1000
0100
0010
0011
,
0100
0010
0001
1001
,
0001
1000
0100
1000
0001
0000
1000
0000
,
0100
0010
0001
0000
0100
0000
0010
0000
,
1000
0001
0100
0000
0010
0000
0000
0000
,
1000
0001
0010
0000
0001
0000
0100
0010
,
1000
0010
1010
0000
,
0001
1000
0100
0000
1000
0000
0001
0000
,
1000
0010
1000
0000
0001
0000
1010
0000
,
1000
0001
0100
0000
0010
0000
0100
0001
,
1000
0001
1000
0000
0001
0000
0001
0000
,
1000
0000
0001
0000
,
1000
0000
0001
0001
,
1000
0000
0100
0000
,
1000
0010
1000
0000
,
0001
0000
1000
0000
,
0010
0100
0100
0000
,
0001
0000
0100
0000
,
0010
1000
0010
0000
,
1000
1000
0001
0100
,
0001
1000
0010
0000
,
0010
1000
0001
1001
,
0010
0001
1000
1100
,
0001
0100
0010
1010
,
1000
0100
0010
0011
,
1000
0100
1000
0101
,
1000
0100
0010
0011
,
0100
0010
0001
1001
,
0001
1000
0100
1000
0001
0000
1000
0000
,
0100
0010
0001
0000
0100
0000
0010
0000
,
1000
0001
0100
0000
0010
0000
0000
0000
,
1000
0001
0010
0000
0001
0000
0100
0010
,
1000
0010
1010
0000
,
0001
1000
0100
0000
1000
0000
0001
0000
,
1000
0010
1000
0000
0001
0000
1010
0000
,
1000
0001
0100
0000
0010
0000
0100
0001
,
1000
0001
1000
0000
0001
0000
0001
0000
,
1000
1000
0001
0000
1000
1000
0001
0000
,
0100
0001
0100
0000
,
0001
0001
0000
0000
0001
0001
0000
0000
,
1000
0010
1001
0000
,
1000
0010
1000
0000
1000
0000
1000
0000
,
1000
0010
1000
0000
0001
0000
0000
0000
,
0001
0100
0010
1000
,
1000
1000
0010
0100
,
0001
0000
1000
0000
,
0010
0000
0100
0000
,
0001
0000
1000
0000
,
0010
0100
0001
1000
,
1001
0000
0000
0000
;

//---------------dance-single - K. Ward----------------
#NOTES:
     dance-single:
     K. Ward:
     Easy:
     2:
     0.193,0.000,0.091,0.000,0.000,153.000,11.000,0.000,0.000,0.000,0.000:



0000
0000
0000
0000
,
0000
0000
0000
0000
,
0000
0000
0000
0000
,
0000
0000
0000
0000
,
1000
0000
0100
0000
,
1000
0000
0010
0000
,
1000
0000
0001
0000
,
0100
0010
1000
0000
,
0001
0000
1000
0000
,
0010
0000
0100
0000
,
0001
0000
1000
0000
,
0010
1000
1000
1000
,
0001
0000
1000
0000
,
0001
0000
0001
0000
,
1000
0000
1000
0000
,
1000
0000
1000
1000
,
0001
0000
0100
0010
,
0001
0000
0001
0010
,
0100
0000
1000
0100
,
0010
0000
1001
0000
,
1000
0001
0001
0000
,
0100
0001
0001
0000
,
1000
0001
0001
0000
,
0010
0001
0001
0000
,
1000
0000
0010
0000
,
1001
0000
0110
0000
,
1001
0000
0010
0000
,
0001
1000
0001
0000
,
0010
0000
0000
0000
,
0100
0000
0000
0000
,
1000
0001
0100
0000
,
0010
0010
0010
0000
,
0100
0001
0010
0000
,
0001
0001
0001
0000
,
1000
1000
0010
0000
,
0100
0100
0100
0000
,
0001
0010
0001
0000
,
1000
0100
0010
0100
,
1000
0000
0000
0010
,
0001
0000
0000
0100
,
1000
0000
0000
0010
,
0001
0000
0000
0100
,
1000
0000
0000
0001
,
0001
0000
0000
1000
,
1000
0000
0000
0010
,
0010
0010
0000
0100
,
0001
0000
0010
0000
,
1001
0000
0110
0000
,
1001
0000
0010
0000
,
0100
0010
0010
0000
,
0001
0000
0100
0000
,
0110
0000
1001
0000
,
0110
0000
0001
0000
,
1000
0100
1000
0000
,
0001
0001
0010
0000
,
0001
1000
0100
0000
,
0100
0100
0010
0000
,
0010
0010
0100
0000
,
1000
1000
0001
0000
,
0001
0001
1000
0000
,
0000
0010
0000
0100
,
0000
0001
1000
0000
,
1000
0000
0100
0000
,
0010
0000
0001
0000
,
0010
0000
0100
0000
,
1000
0000
0001
0000
,
1001
0000
0000
0000
;

//---------------lights-cabinet - ----------------
#NOTES:
     lights-cabinet:
     :
     Easy:
     1:
     1.000,0.000,1.000,0.132,0.107,392.000,301.000,16.000,0.000,243.000,0.000:


00000000
00000000
00000000
00000000
,
00000000
00000000
00000000
00000000
,
11000011
00110011
00000000
00000000
11000011
00110011
00000000
00000000
,
00110011
11000011
00000000
00000000
00110011
11000011
00000000
00000000
,
00100011
00010011
01000011
00010011
,
10000011
00010000
01000011
00000000
00010011
00000000
00100011
00000000
,
00010011
10000000
00100011
00000000
10000011
00000000
01000011
00000000
,
00100011
00010000
01000011
00000000
00010011
00000000
10000011
00000000
,
00100011
01000011
00010011
00100011
,
01000011
10000000
00100011
00000000
10000011
00000000
01000011
00000000
,
00100011
00010000
01000011
00000000
00010011
00000000
01000011
00000000
,
00100011
10000000
01000011
00000000
10000011
00000000
00010011
00000000
,
00000011
00000000
11000000
00000000
00000000
01000000
00000011
00000000
00100011
00000000
00000000
01000000
00000011
00000000
00100011
00000000
,
00000000
00000000
01010011
00000000
00000000
00100000
00000011
00000000
01000011
00000000
00000000
00100000
00000011
00000000
01000011
00000000
,
00000000
00000000
10100011
00000000
00000000
00010000
00000011
00000000
10000011
00000000
00000000
00010000
00000011
00000000
10000011
00000000
,
00000000
00000000
00110011
00000000
00000000
10000000
00000011
00000000
02000011
00000000
00000000
00000000
13000011
00000000
00000011
00000000
,
00000000
00000000
00110011
00000000
00000000
01000000
00000011
00000000
00100011
00000000
00000000
01000000
00000011
00000000
00100011
00000000
,
00000000
00000000
00110011
00000000
00000000
00010000
00000011
00000000
10000011
00000000
00000000
00010000
00000011
00000000
10000011
00000000
,
00000000
00000000
10100011
00000000
00000000
00010000
00000011
00000000
01000011
00000000
00000000
00010000
00000011
00000000
01000011
00000000
,
00100000
10000011
00100000
10000011
00200011
00000011
10300011
00000000
,
00010011
00000000
01000011
00010000
00100011
00000000
00010011
10000000
,
01000011
10000000
00010011
10000000
02000011
00000000
03100011
00000000
,
11000011
01100011
10010011
10010011
,
01100011
00110000
11000011
00000000
22000022
00000000
00110033
33000000
,
01000011
00000000
10000011
00010000
00100011
00000000
00010011
00000000
,
10000011
00010000
01000011
00100000
20000011
00000000
30010011
00000000
,
10010011
10010011
01010011
01010011
,
10010011
00100000
10010011
00000000
10000011
00000011
10000011
00000011
,
00010011
10000001
00010010
10000001
,
00010010
00000000
10000001
00000000
00010011
10000011
00010011
00000000
,
01000011
00010011
00100011
00010011
,
01000011
00010000
00100011
00000000
00010011
00000000
11000011
00000000
,
00100011
10000000
00100011
00000000
10000011
00000000
01000011
00000000
,
00100011
00010000
01000011
00000000
00020011
00000000
11030011
00000000
,
00010011
01000011
00100011
10000011
,
01000011
10000000
00010011
00000000
01000011
00000000
00010011
00000000
,
01000011
00010000
00100011
00000000
00010011
10000000
01000011
00000000
,
00100011
10000000
01000011
10000000
00010011
00000011
00100011
00000000
,
00000000
00000000
01010011
00000000
00000000
00100000
00000011
00000000
00010011
00000000
00000011
00100000
00000000
00000000
11110011
00000000
,
00000000
00000000
10100011
00000000
00000000
00010000
00000011
00000000
10000011
00000000
00000000
00010000
00000011
00000000
11110011
00000000
,
00000000
00000000
00110011
00000000
00000000
10000000
00000011
00000000
00100011
00000000
00000000
10000000
00000011
00000000
00100011
00000000
,
00000000
00000000
01010011
00000000
00000000
10000000
00000011
00000000
02000011
00000000
00000000
00000000
13010011
00000000
00000000
00000000
,
00000000
00000000
10010011
00000000
00000000
01000000
00000011
00000000
00100011
00000000
00000000
01000000
00000011
00000000
00100011
00000000
,
00000000
00000000
10100011
00000000
00000000
00010000
00000011
00000000
01000011
00000000
00000000
00010000
00000011
00000000
01000011
00000000
,
00000000
00000000
11000011
00000000
00000000
00010000
00000011
00000000
01000011
00000000
00000000
00010000
00000011
00000000
01000011
00000000
,
10000000
00100011
10000000
00100011
20000011
00000011
30100011
00000011
,
10000011
00010011
01000000
10100000
01000011
00100011
10000000
00010000
,
11000011
00110011
01000000
10100000
10100011
01000011
00110000
01000000
,
10110011
00000011
11010000
00100000
10110011
01000011
10110000
00000000
,
10010011
01000011
10010000
00000000
00220011
00000000
00330011
00000000
,
11000011
00100011
01010000
10100000
10100011
00010011
01010000
00100000
,
01010011
10100011
00010000
10100000
00020022
01000000
10030033
00000000
,
10110011
01000011
10010000
01000000
10100011
00000011
11000000
00010000
,
11000011
00100011
01010000
00000000
10100011
01000011
10000011
00010000
,
10000011
00100011
10000000
00010000
01000011
00100011
10000000
01000000
,
10000011
00010011
10000000
00010000
01100011
00000011
11110000
00000000
,
01010011
00100011
01010000
00100000
10010011
01000011
10010000
00100000
,
10000011
00010011
01000000
00010000
01100011
00000000
11110011
00000000
,
10000011
00010011
10000000
00100000
01000011
00010011
10000000
00100000
,
10000011
01000011
00100000
01000000
10000011
00100000
10000011
00000000
,
10010011
00100011
10010000
00000000
11000011
00010011
11000000
00000000
,
10010011
00100011
10010000
00000000
01010011
00000011
00010011
00000011
,
10000011
00100000
00010011
01000000
10000011
00100000
00010011
10000000
,
01000011
00010000
00100011
10000000
01000011
00000000
00100011
00000000
,
11110011
00010000
01000011
00000000
10000011
00100000
00010011
00000000
,
10000011
10000011
00000000
01000000
00010011
00110011
00000000
10010011
,
01100011
00000000
00000000
00000000
;

//---------------dance-single - M. Puls----------------
#NOTES:
     dance-single:
     M. Puls:
     Beginner:
     1:
     0.071,0.000,0.008,0.000,0.000,59.000,1.000,0.000,0.000,0.000,0.000:


0000
0000
0000
0000
,
0000
0000
0000
0000
,
0000
0000
0000
0000
,
0000
0000
0000
0000
,
1000
0000
0000
0000
,
0000
0000
0000
0000
,
1000
0000
0000
0000
,
0000
0000
0000
0000
,
0001
0000
0000
0000
,
0000
0000
0000
0000
,
0001
0000
0000
0000
,
0000
0000
0000
0000
,
1000
0000
0000
0000
,
0010
0000
0000
0000
,
0100
0000
0000
0000
,
1000
0000
0000
0000
,
0001
0000
0000
0000
,
0100
0000
0000
0000
,
0010
0000
0000
0000
,
0001
0000
0000
0000
,
1000
0000
0000
0000
,
0100
0000
0000
0000
,
1000
0000
0000
0000
,
0001
0000
0000
0000
,
0010
0000
0000
0000
,
0001
0000
0000
0000
,
0100
0000
0000
0000
,
0100
0000
0000
0000
,
0010
0000
0000
0000
,
0010
0000
0000
0000
,
1000
0000
0000
0000
,
0100
0000
0000
0000
,
0010
0000
0000
0000
,
0001
0000
0000
0000
,
0001
0000
0000
0000
,
0010
0000
0000
0000
,
0100
0000
0000
0000
,
1000
0000
0000
0000
,
0100
0000
0000
0000
,
0010
0000
0000
0000
,
0100
0000
0000
0000
,
0010
0000
0000
0000
,
1000
0000
0000
0000
,
0001
0000
0000
0000
,
1000
0000
0000
0000
,
0001
0000
0000
0000
,
1000
0000
0000
0000
,
0100
0000
0000
0000
,
1000
0000
0000
0000
,
0001
0000
0000
0000
,
0010
0000
0000
0000
,
0001
0000
0000
0000
,
0100
0000
0000
0000
,
0100
0000
0000
0000
,
0010
0000
0000
0000
,
0010
0000
0000
0000
,
1000
0000
0000
0000
,
0100
0000
0000
0000
,
0010
0000
0000
0000
,
0001
0000
0000
0000
,
0001
0000
0000
0000
,
0010
0000
0000
0000
,
1001
0000
0000
0000
,
0010
0000
0000
0000
,
0100
0000
0000
0000
,
0010
0000
0000
0000
,
0100
0000
0000
0000
;
