#TITLE:Pandemonium;
#SUBTITLE:;
#ARTIST:ZiGZaG;
#TITLETRANSLIT:;
#SUBTITLETRANSLIT:;
#ARTISTTRANSLIT:;
#GENRE:;
#CREDIT:;
#BANNER:Pandemonium-banner.png;
#BACKGROUND:Pandemonium-bg.png;
#LYRICSPATH:;
#CDTITLE:;
#MUSIC:ZiGZaG- Pandemonium.ogg;
#OFFSET:0.015;
#SAMPLESTART:23.250;
#SAMPLELENGTH:13.020;
#SELECTABLE:YES;
#BPMS:0.000=330.000;
#STOPS:124.000=0.363
;
#BGCHANGES:0.000=Pandemonium-bg.png=1.000=0=0=1=====,
32.000=jb_053.mpg=1.600=0=0=1=====,
64.000=682_JumpBack.mpg=1.000=0=0=1=====,
80.000=689_JumpBack.mpg=1.200=0=0=1=====,
96.000=EV01442N.mpg=1.000=0=0=1=====,
104.000=666_JumpBack.mpg=1.000=0=0=1=====,
112.000=EV01443N.mpg=1.000=0=0=1=====,
116.000=700_JumpBack.mpg=1.000=0=0=1=====,
120.000=689_JumpBack.mpg=1.000=0=0=1=====,
122.000=EV01447N.mpg=1.000=0=0=1=====,
124.000=Pandemonium=1.000=0=0=1=====,
126.000=EV01451N.mpg=1.000=0=0=1=====,
142.000=742_JumpBack.mpg=1.000=0=0=1=====,
158.000=682_JumpBack.mpg=1.000=0=0=1=====,
174.000=EV01447N.mpg=1.000=0=0=1=====,
190.000=jb_117.mpg=1.400=0=0=1=====,
206.000=EV01446N.mpg=1.000=0=0=1=====,
218.000=696_JumpBack.mpg=1.000=0=0=1=====,
222.000=670_JumpBack.mpg=1.000=0=0=1=====,
254.000=EV01442N.mpg=1.000=0=0=1=====,
270.000=EV01457N.mpg=1.000=0=0=1=====,
286.000=712_JumpBack.mpg=1.200=0=0=1=====,
302.000=EV01447N.mpg=1.000=0=0=1=====,
318.000=EV01454N.mpg=1.000=0=0=1=====,
334.000=EV01452N.mpg=1.000=0=0=1=====,
350.000=EV01442N.mpg=1.000=0=0=1=====,
358.000=728_JumpBack.mpg=1.000=0=0=1=====,
366.000=EV01447N.mpg=1.000=0=0=1=====,
374.000=696_JumpBack.mpg=1.000=0=0=1=====,
382.000=EV01438N.mpg=1.000=0=0=1=====,
398.000=700_JumpBack.mpg=1.000=0=0=1=====,
414.000=EV01446N.mpg=1.000=0=0=1=====,
430.000=EV01447N.mpg=1.000=0=0=1=====,
438.000=696_JumpBack.mpg=1.000=0=0=1=====,
446.000=jb_053.mpg=1.600=0=0=1=====,
462.000=682_JumpBack.mpg=1.000=0=1=1=StretchRewind====,
478.000=EV01451N.mpg=1.000=0=0=1=====,
494.000=742_JumpBack.mpg=1.000=0=0=1=====,
498.000=EV01451N.mpg=1.000=0=0=1=====,
502.000=EV01443N.mpg=1.000=0=0=1=====,
504.000=666_JumpBack.mpg=1.000=0=0=1=====,
506.000=EV01447N.mpg=1.000=0=0=1=====,
508.000=EV01442N.mpg=1.000=0=0=1=====,
510.000=696_JumpBack.mpg=1.000=0=0=1=====,
542.000=712_JumpBack.mpg=1.400=0=0=1=====,
558.000=730_JumpBack.mpg=1.000=0=0=1=====,
574.000=EV01447N.mpg=1.000=0=0=1=====,
590.000=jb_120.mpg=1.000=0=0=1=====,
598.000=696_JumpBack.mpg=1.000=0=0=1=====,
606.000=Pandemonium-bg.png=1.000=0=0=1=====,
616.000=Pandemonium-bg.png=1.000=0=0=1=====,
99999=-nosongbg-=1.000=0=0=0 // don't automatically add -songbackground-
;
#KEYSOUNDS:;
// cache tags:
#FIRSTBEAT:15.000;
#LASTBEAT:616.000;
#SONGFILENAME:/Songs/In The Groove/Pandemonium/Pandemonium.sm;
#HASMUSIC:1;
#HASBANNER:1;
#MUSICLENGTH:116.363;
// end cache tags

//---------------dance-single - K. Ward----------------
#NOTES:
     dance-single:
     K. Ward:
     Hard:
     11:
     1.000,0.000,0.679,0.077,0.000,760.000,79.000,9.000,28.000,0.000,0.000:


0000
0000
0000
0000
,
0000
0000
0000
0000
,
0000
0000
0000
0000
,
0000
0000
0000
0000
,
0000
0000
0000
0000
,
0000
0000
0000
0000
,
0000
0000
0000
0000
,
0000
0000
0000
0000
,
1000
0010
0100
0001
1000
0100
1000
0000
,
0010
0100
0001
0100
0001
0010
0001
0000
,
0100
0010
1000
0010
0100
0001
0010
0001
,
1000
0010
0100
0001
,
1000
0100
1000
0010
1000
0100
1000
0000
,
0001
0010
0001
0100
0001
1000
0001
0000
,
0100
0010
1000
0000
0010
0100
0001
0000
,
0100
0001
0011
0000
,
1010
0000
1001
0000
1000
0001
1000
0000
,
1001
0000
0101
0000
0001
1000
0001
0000
,
0001
0100
0010
0000
0100
0010
1000
0000
,
0001
0101
0110
0000
,
1100
0000
1100
0000
1000
0100
0010
0000
,
0011
0000
0011
0000
1000
0100
0010
0000
,
0001
1000
0001
0000
0100
0010
0100
0000
,
0001
0010
0001
0100
0010
1000
0100
0000
,
1100
0000
0000
MM00
0000
0000
0011
0000
,
0000
00MM
0000
0000
0100
0000
0010
0000
,
1100
0000
0000
MM00
0000
0000
0110
0000
,
0000
0MM0
0000
0000
0100
0010
1000
0100
,
1000
0000
0000
MM00
0000
0000
0101
0000
,
0101
0000
0000
0M0M
0000
0000
0001
0000
,
1000
0001
0100
0010
,
0220
0330
0000
0000
0MM0
0000
0000
0000
0100
0000
0010
0000
0100
0000
0000
0000
,
0001
0010
0001
0100
0000
0010
1000
0000
,
0010
0000
1010
0000
1000
0100
1000
0000
,
0010
0100
0001
0010
0000
0001
0010
0000
,
0011
0000
0011
0000
0001
0100
0010
0000
,
0100
0010
1000
0100
0000
1000
0010
0000
,
1000
0000
1010
0000
1000
0010
1000
0000
,
0001
0010
0001
0100
0000
0001
0010
0000
,
0021
0000
0000
0000
0031
1000
0100
0000
,
1000
0100
1000
0010
0000
0100
0001
0000
,
0100
0000
0101
0000
0001
0100
0010
0000
,
0100
0010
1000
0100
0000
1000
0010
0000
,
1010
0000
1010
0000
1000
0010
1000
0010
,
1000
0000
1001
0000
0001
0100
0001
0100
,
0001
0000
1001
0000
1000
0010
0100
0000
,
0001
0100
0010
0000
1000
0010
0100
0001
,
0100
0010
1000
0000
1100
0000
1000
0100
,
1000
0000
0010
0100
0001
0000
0010
0001
,
0100
0000
0010
0100
0010
0000
1000
0100
,
1000
0000
0010
0100
0001
0010
0001
0000
,
0011
0000
0000
0000
0001
0000
1000
0100
,
1000
0000
0001
0010
0001
0000
0100
0010
,
1000
0000
0010
0000
1000
0000
0100
1000
,
0010
0000
0100
0010
0100
0001
0010
0000
,
0002
1000
1003
0010
,
0100
0010
1000
0010
,
0100
0000
0001
0010
0001
0000
0100
0000
,
0010
1000
1000
0100
,
1000
0100
1000
0000
0010
0000
0100
0000
,
0001
0010
0001
0100
,
0010
0000
1000
0100
1000
0000
0010
0000
,
0100
0010
1000
0001
,
0100
0001
0100
0001
0100
0000
0010
0000
,
1000
0010
0100
0001
,
0010
0000
0001
0100
0010
0000
1000
0000
,
0010
0100
0001
0010
,
0001
0100
0010
0000
1000
0100
0000
1000
,
0010
0000
0100
0001
0000
0010
0001
0100
,
0010
0000
1000
0000
0010
0100
0000
0001
,
0010
0000
0001
0100
0000
0010
1000
0000
,
1002
0000
0000
0000
0103
0010
1000
0100
,
1000
0010
0100
0001
0100
0010
1000
0100
,
1000
0001
0100
0010
1000
0100
1000
0001
,
0010
0001
0100
0010
1000
0100
1000
0010
,
0100
0001
0010
0000
0001
0100
0010
1000
,
0001
0100
0010
1000
0100
1000
0010
0100
,
0001
0010
0001
0100
0010
1000
0001
0100
,
0010
1000
0100
0000
1000
0000
1010
0000
,
1001
0000
1001
0000
0001
0010
0001
0010
,
0001
0100
0010
1000
0010
0100
0001
0010
,
0001
0010
0001
0100
0010
1000
0100
1000
,
0100
1000
0010
0100
0001
0010
0001
0100
,
0010
0100
0010
0000
1000
0000
0010
0000
,
0100
0001
0101
0010
,
0100
1010
0100
0001
,
0101
0100
0001
0011
,
0001
0010
0001
0000
1000
0010
0000
0100
,
0010
0000
1000
0000
1100
0000
0000
MM00
,
0101
0000
0000
0M0M
0010
0001
0000
0100
,
0010
1000
0110
0110
,
0110
0000
0000
0MM0
0001
0100
0000
0010
,
0100
0000
0001
0000
0011
0000
0000
00MM
,
1010
0000
0000
0000
0100
1000
0010
0000
,
0100
0001
0010
0000
0001
0100
0010
1000
,
0010
1000
0100
0000
0010
0000
0001
0000
,
0100
0010
1000
0001
,
0010
0001
0100
0010
,
1000
0000
0001
0000
1001
0000
0000
1100
,
0000
0110
0010
1000
,
0001
0010
0001
0100
,
0010
1000
0001
0010
,
0001
0000
0100
0000
0001
0010
0000
0001
,
0100
0110
0010
1000
,
0010
0100
0001
1000
,
0100
1000
0010
0100
,
0001
0000
1000
0000
1001
0000
0000
0011
,
0000
0110
0100
0001
,
1000
0100
1000
0010
,
0100
0000
0001
0000
1000
0100
0000
1000
,
0010
0000
0100
0001
0010
0001
0010
0001
,
0100
0010
1000
0000
1100
0000
0100
0000
,
1000
0100
1000
0010
0000
0100
0001
0000
,
0010
0000
0011
0000
0001
0100
0010
0000
,
1000
0010
1000
0100
0000
1000
0100
0000
,
1100
0000
1100
0000
1000
0010
0100
0000
,
0010
0100
0001
0010
0000
0001
0100
0000
,
0001
0000
0011
0000
0001
0100
0010
0000
,
1000
0100
1000
0010
0000
1000
0100
0000
,
1100
0000
1100
0000
1000
0010
0100
0000
,
0001
0010
0001
0100
0000
0010
1000
0000
,
0010
0000
1010
0000
1000
0010
0100
0000
,
0010
0100
0001
0010
0000
0001
0100
0000
,
0101
0000
0101
0000
0001
0100
0001
0100
,
0001
0000
1001
0000
1000
0010
1000
0010
,
1000
0000
1001
0000
0001
1000
0100
0000
,
1000
0010
0100
0000
0100
0010
1000
0100
,
1000
0001
0200
0000
0301
0000
1000
0000
,
1100
0000
0000
0110
0000
0001
0010
0001
,
1000
0010
0100
0010
1000
0000
0010
0000
,
0110
0000
0000
0011
0000
0100
0010
1000
,
0001
0100
0001
0010
0001
0000
0100
0000
,
0110
0000
0000
1100
0000
1000
0010
0100
,
0001
0010
0001
0100
0010
0100
0001
0000
,
0010
0001
0100
0000
0010
1000
0100
1000
,
0001
0100
0002
0000
0013
0000
00M1
0000
,
0011
0000
0000
0110
0000
1000
0100
1000
,
0001
0100
0010
1000
0M10
0000
01M0
0000
,
0110
0000
0000
1100
0000
0010
0100
0001
,
0010
0001
0100
0010
1M00
0000
0M10
0000
,
0110
0000
0000
0011
0000
00M1
0100
0010
,
1000
0100
1000
0010
0100
0010
1000
0000
,
0010
0100
0001
0000
0010
0001
0100
0010
,
1000
0001
0020
0000
0031
0010
0001
0000
,
0100
0010
1000
0000
0100
1000
0010
0000
,
0100
0010
0100
0000
0001
0010
0001
0000
,
0100
0010
1000
0000
1100
0000
0000
0110
,
0000
0000
1100
0000
0001
0010
0001
0000
,
1000
0100
1000
0000
0010
0100
0001
0000
,
0010
0001
0100
0000
0010
1000
0010
1000
,
0001
0100
0001
0100
0001
0010
0001
0010
,
0001
0100
0001
0100
0020
0000
0000
0000
,
0000
0000
0000
0000
,
0000
0000
0000
0000
,
0030
0000
0000
0000
;

//---------------dance-single - K. Ward----------------
#NOTES:
     dance-single:
     K. Ward:
     Easy:
     5:
     0.361,0.000,0.095,0.318,0.000,246.000,11.000,37.000,0.000,0.000,0.000:


0000
0000
0000
0000
,
0000
0000
0000
0000
,
0000
0000
0000
0000
,
0000
0000
0000
0000
,
0000
0000
0000
0000
,
0000
0000
0000
0000
,
0000
0000
0000
0000
,
0000
0000
0000
0000
,
0001
0000
0100
0000
,
0010
0000
1000
0000
,
0010
0000
0100
0000
,
0001
0000
0001
0000
,
1000
1000
1000
0000
,
0001
0001
0001
0000
,
1000
0000
0010
0000
,
0100
0000
0001
0000
,
0010
0000
0001
0000
,
0100
0000
0010
0000
,
1000
0100
1000
0000
,
0010
0000
0010
0000
,
0100
0000
0001
0000
,
0010
0000
0001
0000
,
0100
0010
0100
0000
,
0010
0000
0100
0000
,
0110
0000
0000
0000
,
0000
0000
0000
0000
,
1001
0000
0000
0000
,
0000
0000
0000
0000
,
0011
0000
0000
0000
,
1100
0000
0000
0000
,
0001
0000
1100
0000
,
1001
0000
1000
0000
,
0001
0000
0001
0000
,
0100
0000
0010
0000
,
1000
0000
0010
0100
,
0010
0000
1000
0000
,
0010
0000
0100
0000
,
0001
0000
0010
0001
,
0010
0000
0001
0000
,
0001
0000
0001
0000
,
1000
0000
0010
0000
,
1000
0000
0010
0000
,
0100
0000
0001
0010
,
0001
0000
1000
0000
,
1000
0000
0001
0000
,
0001
0000
1000
0100
,
1000
0100
1000
0000
,
0010
0000
0020
0000
,
0000
0000
0130
0000
,
0000
0000
0002
0000
,
0000
0000
0103
0000
,
0000
0000
0020
0000
,
0000
0000
0130
0000
,
0000
0000
0001
0000
,
0010
0000
0001
0000
,
0001
0000
1000
0000
,
0010
0000
0100
0000
,
0001
0000
1000
0000
,
0010
0000
0100
0000
,
0001
0010
0001
0000
,
1000
0000
0100
0000
,
1000
0000
0100
0000
,
1000
0000
0020
0000
,
0000
0000
0130
0000
,
0001
0000
0010
0000
,
0001
0000
1000
0000
,
0100
0000
1000
0000
,
0010
0100
0010
0000
,
1000
0000
0001
0000
,
0010
0000
0001
0000
,
1000
0000
0020
0000
,
1000
0030
1000
0000
,
0002
0000
0013
0000
,
0002
0000
1003
0000
,
0002
0000
0013
0000
,
0002
0000
1003
0000
,
0020
0000
0130
0000
,
0002
0000
0013
0000
,
0001
0000
0200
0000
,
0000
0000
0302
0000
,
1003
0000
0200
0000
,
1300
0000
0002
0000
,
1003
0000
0200
0000
,
1300
0000
0001
0000
,
0010
0000
0001
0000
,
0100
0000
0010
0000
,
1000
0000
0010
0000
,
0100
0000
0002
0000
,
0000
0000
0003
0000
,
0010
0000
0002
0000
,
0000
0000
0003
0000
,
0100
0000
0002
0000
,
0000
0000
0003
0000
,
0010
0000
0002
0000
,
0000
0000
0003
0000
,
1001
0000
2000
0000
,
0000
0000
0002
3000
,
0000
0000
0200
0003
,
0000
0000
0020
0300
,
0000
0000
2000
0030
,
0000
0000
0200
3000
,
0000
0000
2000
0000
,
0300
0000
3001
0000
,
0001
0000
0200
0000
,
0000
0000
0020
0000
,
0300
0000
2000
0000
,
0030
0000
0200
0000
,
3000
0000
2000
0000
,
0300
0000
3020
0000
,
0000
0030
0200
0000
,
0000
0000
0302
0000
,
0000
0000
1003
0000
,
1000
0000
1000
0000
,
0010
0000
0100
0000
,
0001
0000
0100
0010
,
0100
0000
0001
0000
,
0100
0000
0010
0000
,
1000
0000
0100
1000
,
0100
0000
1000
0000
,
0000
0000
1000
0000
,
0001
0000
0100
0000
,
0001
0000
0100
0000
,
0010
0000
1000
0100
,
1000
0000
0001
0000
,
0001
0000
1000
0000
,
1000
0000
0001
0000
,
1000
0000
0010
0000
,
0100
0000
0001
0000
,
0001
0000
0001
0000
,
0000
0000
0010
0000
,
0010
0000
0010
0000
,
0000
0000
0100
0000
,
0100
0000
0100
0000
,
0000
0000
1000
0000
,
0000
0000
1100
0000
,
0000
0000
0001
0000
,
1000
0000
0001
0000
,
0000
0000
0010
0000
,
0100
0000
0010
0000
,
0000
0000
0100
0000
,
1000
0000
0100
0000
,
0000
0000
1000
0000
,
0000
0000
0001
0000
,
1000
0000
1001
0000
,
0000
0000
0000
0000
,
0000
0000
0010
0000
,
0000
0000
1000
0000
,
0001
0000
1100
0000
,
0000
0000
0000
0000
,
0000
0000
0001
0000
,
0010
0000
0001
0000
,
1000
0000
2002
0000
,
0000
0000
0000
0000
,
0000
0000
0000
0000
,
3003
0000
0000
0000
;

//---------------dance-single - K. Ward----------------
#NOTES:
     dance-single:
     K. Ward:
     Medium:
     9:
     0.737,0.000,0.395,0.301,0.009,519.000,46.000,35.000,22.000,0.000,0.000:


0000
0000
0000
0000
,
0000
0000
0000
0000
,
0000
0000
0000
0000
,
0000
0000
0000
0000
,
0000
0000
0000
0000
,
0000
0000
0000
0000
,
0000
0000
0000
0000
,
0000
0000
0000
0000
,
1000
0010
0100
0001
,
0100
0010
1000
0100
,
1000
0010
0100
0001
,
0010
0001
0100
0001
,
0001
0100
0010
1000
,
0100
1000
0010
0100
,
0001
0010
0001
0100
,
0010
0000
1000
0000
0100
1000
0100
0000
,
1000
0010
0100
0001
,
0100
0010
1000
0100
,
1000
0010
0100
0001
,
0010
0001
0100
0001
,
0001
0100
0010
1000
,
0100
1000
0010
0100
,
0001
0010
0001
0000
0100
0010
0100
0000
,
0010
1000
0100
0000
1100
0000
0000
0000
,
1001
0000
0000
M00M
0000
0000
0011
0000
,
0000
00MM
0000
0000
1000
0000
0100
0000
,
1100
0000
0000
MM00
0000
0000
1010
0000
,
0000
M0M0
0000
0000
0001
0000
0010
0000
,
0011
0000
0000
00MM
0000
0000
0101
0000
,
0101
0000
0000
0M0M
0000
0000
1000
0000
,
0010
0100
0001
1000
,
1001
0000
1000
0001
,
0001
0100
0100
0001
,
0001
0010
0010
0001
,
0100
0010
1000
0100
,
1000
0100
1000
0000
0001
0000
0100
0000
,
0100
0010
0010
0100
,
0001
0001
1000
1000
,
0001
0100
0010
1000
,
0100
1000
0100
0000
1000
0000
0010
0000
,
0100
0001
0100
0001
,
0010
0001
1000
1000
,
0010
0100
0001
0010
,
0011
0000
0001
1000
,
1100
0000
0010
0100
,
0110
0000
1000
0001
,
0011
0001
0110
0100
,
0010
0100
0001
0000
0200
0000
0000
0000
,
0310
2000
0000
3100
,
1000
0001
0020
0000
,
0031
0200
0000
0310
,
1000
0100
2000
0000
,
3010
0200
0000
0310
,
1000
0001
0100
0010
,
1000
0000
0001
0000
1000
0001
1000
0001
,
1000
0000
0001
0010
,
0002
0100
0103
0010
,
2000
0100
3100
1000
,
0010
0100
0002
0010
,
0023
000M
0031
0100
,
0020
1000
1030
0100
,
2000
0010
3010
0100
,
0001
0010
0001
1000
,
1100
0000
0010
0100
,
0002
0100
0103
0010
,
2000
0001
3001
0100
,
0010
0100
0002
0010
,
0023
000M
0031
0100
,
0010
1000
1010
0010
,
0100
0001
0011
0010
,
0001
1000
0100
1000
,
1100
0000
0001
0010
,
0001
0100
0001
0010
,
0001
0100
0010
1000
,
0010
0100
0010
1000
,
0010
0100
0010
0000
1000
0000
0100
0000
,
1000
0010
1000
0100
,
1000
0010
0100
0001
,
0010
0001
0100
0010
,
1000
0100
1000
0000
0001
0000
0010
0000
,
0001
0100
0001
0010
,
0001
0100
0010
1000
,
0010
0100
0010
1000
,
0010
0100
0010
0000
1000
0000
0010
0000
,
0100
0001
0010
0001
,
0100
0010
1000
0010
,
0100
0001
0010
0001
,
0100
0010
1000
0000
0100
0000
1000
0000
,
1100
0000
0001
0010
,
0011
0000
1000
0100
,
1100
0010
0110
0110
,
0110
0000
0001
1000
,
1100
0000
0001
0010
,
0011
0000
1000
0010
,
0100
0000
0010
0000
1000
0100
1000
0100
,
2000
0000
3010
0100
,
0002
0000
0013
0001
,
0200
0000
0310
1000
,
0100
1000
1100
0000
,
0110
0000
1000
0100
,
0020
0000
0130
0010
,
0002
0000
0103
0010
,
1000
0100
1100
0000
,
0110
0000
0001
0010
,
0200
0000
0310
0100
,
2000
0000
3010
1000
,
0100
1000
1100
0000
,
0011
0000
0001
0000
,
1000
0000
1100
0000
,
0010
0000
0110
0000
,
0001
0000
0022
0000
,
0033
0000
0000
0000
0000
00MM
0000
0000
1000
0000
0000
0000
0001
0000
0000
0000
,
0100
0010
1000
0010
,
0100
0001
0010
0001
,
0010
0100
1000
0001
,
0100
0010
0100
0000
0001
0000
1000
0000
,
0010
0100
0001
0100
,
0010
1000
0100
1000
,
0100
0010
0001
0100
,
0010
0100
0010
0000
1000
0000
0010
0000
,
0100
0001
0100
0010
,
1000
1000
0010
0100
,
0001
0010
0001
0010
,
0011
0000
1000
0100
,
0010
0001
0010
0100
,
1000
0010
0100
0001
,
0010
0100
1000
0001
,
1001
0000
1000
0100
,
2000
0000
3010
0100
,
0020
0000
0130
0001
,
0010
0001
1000
0010
,
0100
0001
0100
0000
0010
0000
0100
0000
,
0002
0000
0013
0001
,
2000
0000
3010
0100
,
0001
1000
0100
1000
,
1100
0000
0000
0000
MM00
0000
0001
0000
0000
0010
0000
0000
,
0002
0000
0103
0010
,
0200
0000
0310
1000
,
0100
1000
0001
0100
,
0010
0100
0010
0000
1000
0000
0010
0000
,
2000
0000
3100
1000
,
0002
0000
0013
0001
,
0100
0010
0110
0110
,
0110
0000
1000
0100
,
1000
0000
0000
M000
0010
0000
0100
0000
,
0001
0000
0000
000M
0100
0000
0010
0000
,
1000
0010
0110
0000
,
1100
0000
1000
0100
,
1000
0000
0000
M000
0010
0000
0100
0000
,
0010
0000
0000
00M0
1000
0000
0001
0000
,
1000
0010
0110
0000
,
0011
0000
2002
0000
,
0000
0000
0000
0000
,
0000
0000
0000
0000
,
3003
0000
0000
0000
;

//---------------dance-single - K. Ward----------------
#NOTES:
     dance-single:
     K. Ward:
     Challenge:
     13:
     1.000,0.000,0.937,0.361,0.026,858.000,109.000,42.000,37.000,0.000,0.000:


0000
0000
0000
0000
,
0000
0000
0000
0000
,
0000
0000
0000
0000
,
0000
0000
0000
0000
,
0000
0000
0000
0000
,
0000
0000
0000
0000
,
0000
0000
0000
0000
,
0000
0000
0000
0000
,
1000
0010
1000
0010
1000
0001
1000
0001
,
0010
0001
0010
0001
0010
0100
0010
0100
,
0010
0100
1000
0100
1000
0100
1000
0001
,
1000
0001
0100
0001
0100
0010
0110
0000
,
0001
0100
0001
0100
0001
1000
0001
1000
,
0100
1000
0100
1000
0100
0010
0100
0010
,
0100
0010
0001
0010
0001
0010
0001
1000
,
0001
1000
0010
1000
0010
0100
0110
0000
,
0010
1000
1010
0000
1000
0010
0110
0000
,
0100
0001
0101
0000
1000
0010
1010
0000
,
0100
0010
0110
0000
0001
1000
1001
0000
,
1000
0001
1001
0000
1002
0000
0100
0000
,
0103
0001
0101
0000
0001
0100
0110
0000
,
0010
1000
1010
0000
0001
0100
0101
0000
,
0010
0100
0110
0000
1000
0001
1001
0000
,
0001
0100
0010
1000
0001
0100
0010
1000
,
2200
0000
0000
00MM
3000
0000
0020
0300
,
0000
MM00
0000
0000
0130
0000
1100
0000
,
0022
0000
0000
0000
0M03
0000
0100
0030
,
0000
0000
0MM0
0000
0010
0001
0100
0010
,
0110
0000
0000
0MM0
0000
0000
1010
0000
,
0202
0000
0000
0000
0000
0000
0000
0000
0000
M3M3
0000
0000
0000
0000
0M0M
0000
0000
0000
1100
0000
0000
0000
0000
0000
,
011M
110M
0110
0101
,
0220
0330
0000
0000
0MM0
0000
0000
0000
0020
0000
1000
0000
1000
0000
0000
0030
,
2000
0001
0000
0010
0000
3001
0020
0000
,
0100
0000
0130
0000
2000
0010
3020
0000
,
1000
0000
1030
0000
0000
0000
0200
0000
0000
0000
0010
0300
0001
0000
0000
0000
,
0011
0000
0110
0000
1000
0002
1000
0000
,
0203
0010
0000
0010
0300
1000
0010
0000
,
0110
0000
0101
0000
0001
0100
0001
0000
,
1000
0200
0000
0000
0310
0000
0011
0020
,
0000
0000
0001
0000
0130
0000
0000
0000
0200
0000
0010
0000
0010
0000
0000
0300
,
0020
1000
0000
0100
0000
0130
0200
0000
,
0010
0000
0310
0000
0002
0100
0203
0000
,
0001
0000
0301
0000
0000
0000
0002
0000
0000
0000
0100
0003
0010
0000
0000
0000
,
0100
0000
1100
0000
0010
2000
0001
0000
,
0020
3000
0100
0000
0000
0000
0100
0000
0030
0000
1000
0000
0100
0000
0000
0000
,
0110
0000
1100
0000
1000
0010
0001
0000
,
0001
0020
0000
0000
1030
0000
1100
0200
,
0000
1000
0310
0000
1000
0010
0100
0001
,
0100
0010
1000
0000
0001
0000
0110
0000
,
0100
0010
0100
0001
1000
0000
1000
0010
,
0000
0100
0010
0000
0110
0000
0001
0000
,
0011
0000
0000
0000
0000
0000
0000
0000
00MM
0000
0000
0000
0001
0000
0000
0100
0000
0000
0010
0000
0000
1000
0000
0000
,
0010
0100
0001
0000
1100
0000
1010
0000
,
0010
0100
0010
1000
0010
0000
0100
0010
,
0000
1000
0100
0000
1000
0010
0100
0001
,
0100
001M
1000
0010
0100
0000
0110
0000
,
1000
00M0
1100
0000
0010
0000
1100
0000
,
0010
M000
0100
0001
0010
0000
0011
0000
,
0100
000M
0110
0000
1000
0000
1010
0000
,
0M01
0010
0002
0000
0100
0003
0110
0000
,
1000
1100
1000
0110
,
0100
0000
00M0
0000
0000
0000
0001
0000
0000
0010
0000
0000
0001
0000
0000
0000
0000
0000
0100
0000
0000
0000
0000
0000
,
0110
1000
1010
110M
,
1000
0010
0100
0001
0010
0000
0M01
0000
,
0011
0000
0000
0100
0000
0000
0110
0000
0000
0010
0M00
0000
,
1000
0010
0100
0000
0001
0000
0011
0000
,
0100
1100
0010
0110
,
0001
0010
0002
0000
1000
0003
0110
0000
,
0010
0000
0000
1100
00M0
0000
0100
0000
0000
1000
0000
0000
,
0110
0000
0001
0010
0001
0000
0100
0000
,
0110
1100
0011
0110
,
2001
0000
00M0
0M00
3001
0100
0010
1000
,
0100
1000
0010
0100
0001
0010
0001
0100
,
0010
1000
0100
1000
0010
1000
0001
0010
,
0100
1000
0100
1000
0001
0100
0010
0100
,
0001
0010
0001
0100
0010
0100
0010
1000
,
0100
1000
0010
0100
0001
0010
0001
0100
,
0010
1000
0100
1000
0010
0100
0001
0010
,
0001
0100
0010
0100
0001
0010
0001
0100
,
0010
1000
0002
0000
1003
0100
1000
0010
,
0100
0001
0010
0001
0100
0010
0100
0010
,
1000
0100
1000
0010
0100
0001
0010
0001
,
0100
0001
0100
0010
1000
0010
0100
0010
,
0100
0001
0010
0001
0100
0010
1000
0010
,
0100
0001
0010
0001
0100
0010
1000
0100
,
1000
0010
0100
0010
1000
0010
0100
0001
,
0010
0001
0100
0010
0100
0010
0100
0001
,
0010
0001
0100
0010
1000
0100
0000
1000
,
1100
0010
0110
000M
,
0011
0000
0000
000M
0010
0001
0000
0010
,
0110
1000
1100
0110
,
2100
0000
0000
0MM0
3001
0010
0000
0100
,
1100
0000
0000
0000
0000
0000
0010
0000
0000
0000
0000
0000
0011
0000
0000
0000
0000
0000
0000
0000
0M00
000M
0000
0000
,
1010
0000
0000
0000
0001
0010
0001
0000
,
0100
0010
1000
0000
0100
1000
0010
0100
,
0001
0010
0002
0000
1000
0003
0100
1000
,
0010
0000
0100
0001
0010
0000
0001
0100
,
0010
0000
1000
0010
0100
0001
0010
0001
,
0100
0010
1000
0000
1001
0000
0000
0011
,
0000
0000
1010
0000
1100
0000
0100
1000
,
0010
0000
0100
0001
0010
0000
0001
0100
,
0010
0000
1000
0010
0100
0001
0010
0001
,
0100
0010
1000
0000
0010
0100
0000
0010
,
0110
0000
1100
0000
0011
0000
0010
0001
,
0100
0000
0010
1000
0100
0000
1000
0010
,
0100
0000
0001
0100
0010
1000
0010
0100
,
0001
0010
0001
0000
0011
0000
0000
0110
,
0000
0000
1100
0000
0001
0000
0010
0001
,
0100
0000
0010
1000
0100
0000
1000
0010
,
0100
0000
0001
0100
0010
0100
0000
0001
,
0011
0000
1000
0010
1000
0100
2000
0000
,
0010
0000
3010
0000
0010
0100
0010
0100
,
0010
1000
0010
1000
0100
1000
0100
1000
,
0100
0010
0100
0010
0100
0010
0001
0010
,
0001
0010
0001
1000
0001
1000
0010
1000
,
0010
0100
0110
0000
1000
0010
1000
0010
,
1000
0001
1000
0001
0010
0001
0010
0001
,
0010
0100
0010
0100
0010
0100
1000
0100
,
1000
0100
1000
0001
1000
0001
0100
0001
,
0100
0010
0110
0000
0010
1000
0010
1000
,
0100
1000
0100
1000
0010
0100
0010
0100
,
0010
1000
0010
1000
0010
1000
0010
0100
,
0001
0010
0001
0100
0010
0100
0010
1000
,
0100
1000
1100
0000
0001
0100
0010
1000
,
0010
0100
0010
1000
0100
1000
0010
0100
,
0001
0010
0001
0100
0010
1000
0100
1000
,
0010
0100
0010
1000
0100
1000
0010
0100
,
0001
0010
0002
0000
0010
0000
0013
0000
,
0011
0000
0000
0110
0000
1000
0100
1000
,
0001
0100
0010
0100
0110
0000
1000
0000
,
0110
0000
0000
1100
0000
0010
0100
0001
,
1000
0010
1000
0100
1100
0000
0010
0000
,
0110
0000
0000
0011
0000
0001
0100
0010
,
1000
0100
1000
0010
0100
0010
1000
0000
,
0100
1000
0010
0000
0100
0001
0100
0010
,
1000
0100
2000
0000
0100
0000
3100
0000
,
1100
0000
0000
0110
0000
0001
0010
0001
,
1000
0010
0100
0001
0011
0000
0100
0000
,
0110
0000
0000
0011
0000
0100
0010
1000
,
0100
1000
0010
0100
0110
0000
0001
0000
,
0011
0000
0000
1100
0000
1000
0010
0100
,
0001
0010
0001
0100
0010
1000
0100
0000
,
1000
0010
0100
0000
0010
1000
0010
0100
,
0001
0010
0011
0000
0001
0100
0010
1000
,
0100
1000
0010
0100
0001
0010
0001
0100
,
0010
1000
0100
1000
0010
0100
0001
0100
,
0010
1000
0100
0000
0020
0100
0000
0100
,
1030
0000
0110
0000
1000
0100
1000
0010
,
0100
0001
0010
0001
0100
0010
0100
0001
,
1000
0010
0100
0001
0010
0001
0100
0010
,
1000
0100
1000
0010
0100
0001
0010
0001
,
0100
0010
1000
0200
2000
0000
0000
0000
,
0000
0000
0000
0000
,
0000
0000
0000
0000
,
3300
0000
0000
0000
;

//---------------dance-double - C. Foy----------------
#NOTES:
     dance-double:
     C. Foy:
     Easy:
     6:
     0.371,0.000,0.301,0.223,0.000,241.000,35.000,26.000,24.000,0.000,0.000:


00000000
00000000
00000000
00000000
,
00000000
00000000
00000000
00000000
,
00000000
00000000
00000000
00000000
,
00000000
00000000
00000000
00000000
,
00011000
00000000
00000000
00000000
,
00000000
00000000
00000000
00000000
,
00100000
00000000
00000100
00000000
,
00010000
00000000
00000000
00000000
,
00011000
00000000
00000000
00000000
,
00001000
00010000
00001000
00000000
,
00000000
01000000
00010000
00000000
,
00100000
00010000
01000000
00000000
,
00010000
00100000
00001000
00000000
,
00100000
00000000
00000000
00001000
,
00010000
00000100
00001000
00000000
,
00000010
00000000
00000000
00000000
,
00000100
00000000
00000001
00000000
,
00001000
00000001
00000100
00000000
,
00000000
00000010
00001000
00000000
,
00000001
00000000
00000100
00000000
,
00000010
00001000
00000001
00000000
,
00000100
00000000
00000010
00000000
,
00001000
00000100
00010000
00000000
,
00000010
00000000
00010000
00000000
,
00010010
00000000
00000000
00000000
,
00000000
00000000
00000000
00000000
,
00011000
00000000
00000000
00000000
,
00000000
00000000
00000000
00000000
,
01001000
00000000
00000000
00000000
,
00000000
00000000
00000000
00000000
,
01010000
00000000
02020000
00000000
,
M3M3MMMM
00000000
01000000
00000000
,
00000000
00000000
00100000
01000000
,
00000000
00000000
00000000
00010000
,
01000000
00000000
00001000
00000000
,
00010000
00000000
00001000
00010000
,
00001000
00000000
00010000
00000100
,
00010000
00000000
00000100
00001000
,
00000100
00000000
00000010
00000000
,
00000010
00000000
00000001
00000000
,
00000000
00000000
00000001
00000100
,
00000001
00000000
00000000
00000100
,
00000010
00000000
00000010
00010000
,
00000100
00000000
00000100
00010000
,
00001000
00000000
00010000
00000000
,
00001000
00000000
01000000
00001000
,
01000000
00000000
00010000
00000000
,
00100000
00000000
00110000
00000000
,
00000000
00000000
00010000
01000000
,
00010000
00000000
00000000
01000000
,
00100000
00000000
00100000
10000000
,
00010000
00000000
10000000
00010000
,
10000000
00000000
00010000
00000000
,
00000000
00000000
10000000
01000000
,
00100000
00000000
00001000
00000000
,
00010000
00000000
00022000
00000000
,
00000000
00000000
00000000
00000000
,
00000000
00000000
00000000
00000000
,
00000000
00000000
00000000
00033000
,
00000000
00000000
02002000
00000000
,
00000000
00000000
00000000
00000000
,
00000000
00000000
00000000
00000000
,
00000000
00000000
00000000
00000000
,
00000000
03003000
00220000
00000000
,
00000000
00000000
00000000
00000000
,
00000000
00000000
00000000
00000000
,
00000000
00030000
00002000
00000000
,
00000000
00303000
00020200
00000000
,
00000000
00000000
00000000
00000000
,
00000000
00000000
00000000
00000000
,
00000000
00000000
00000000
00000000
,
00030300
00000000
MMMM2M2M
00000000
,
00000000
00000000
00000000
00000000
,
00000000
00000000
00000000
00000000
,
00000000
00000000
00000000
00000000
,
00003030
00000000
00000202
00000000
,
00000000
00000000
00000000
00000000
,
00000000
00000000
00000000
00000000
,
00000000
00000000
00000000
00000000
,
00000303
00000000
00002200
00000000
,
00000000
00000000
00000000
00000000
,
00000000
00000000
00000000
00000000
,
00000000
00003300
00000000
00022000
,
00000000
00030000
00200000
00000000
,
00000000
00000000
00000000
00000000
,
00003000
00000000
00000000
00300000
,
20020000
00000000
00000000
00000000
,
00000000
30030000
02200000
00000000
,
00000000
00000000
M00M0000
00000000
,
M33M0000
00000000
00000000
00000000
,
00000000
00000000
10010000
00010000
,
10010000
00000000
00000000
00000000
,
00000000
00000000
00101000
00000000
,
00011000
00000000
00000000
00000000
,
00000000
00000000
00010100
00000000
,
00000000
00000000
01001000
00000000
,
00000000
00000000
00000000
00000000
,
00000000
00000000
00000000
00000000
,
00000000
00000000
00001000
00000000
00100000
00000000
00000000
00010000
,
00000000
00100000
01000000
00000000
,
01100000
00000000
00000000
00000000
,
00000000
00000000
00000000
00000000
,
00000000
00000000
00100000
00000000
00001000
00000000
00000000
00010000
,
00000000
00000100
00001000
00000000
,
00001100
00000000
00000000
00000000
,
00000000
00000000
00000000
00000000
,
00000000
00000000
00000010
00000000
00000100
00000000
00000000
00000001
,
00000000
00000100
00000010
00000000
,
00001010
00000000
00000000
00000000
,
00000000
00000000
00010000
00000000
,
00001000
00000000
00010000
00000000
,
00001000
00000000
00010000
00001000
,
00010000
00000000
00001000
01000000
,
00001000
00000000
00010000
00000100
,
00010000
00000000
00001000
00100000
,
00001000
00000000
00001000
00000000
,
00010000
00000000
00001000
00010000
,
00001000
00000000
00010000
00000100
,
00010000
00000000
00000100
00000000
,
00001000
00000100
00000000
00001000
,
00000001
00000000
00000001
00000100
,
00000010
00000000
00001000
00000000
,
00000100
00000000
00010000
00001000
,
00010000
00000000
00011000
00000000
,
00000000
00000000
00101000
00000000
,
00000000
00000000
01001000
00000000
,
01010000
00000000
01001000
00000000
,
01010000
00000000
M2M2MMMM
00000000
,
00000000
00000000
00000000
00000000
,
03030000
00000000
00000000
00000000
,
00000000
00000000
00000000
00000000
,
00000000
00000000
00001000
01000000
,
00010000
00000000
01000000
00000000
,
00100000
00000000
10000000
01000000
,
10000000
00000000
00000000
00000000
00100000
00000000
00000000
01000000
,
00000000
00010000
01000000
00001000
,
00010000
00000000
00001000
00010000
,
00000100
00000000
00001000
00000000
,
00000010
00000000
00001000
00000001
,
00000100
00000000
00000010
00000100
,
00000001
00000000
00000010
00000100
,
00001000
00000000
00000100
00010000
,
00000010
00000000
00000000
00000000
00001000
00000000
00000000
00000100
,
00000000
00010000
00001000
00010000
,
00000100
00000000
00010000
00001000
,
01000000
00000000
00000000
01000000
,
00100000
10000000
01000000
00000000
,
00100000
00000000
00010000
01000000
,
00100000
00000000
01000000
00000000
,
01000000
00000000
00001000
00010000
,
00001000
00010000
00000100
00100000
,
00010000
00000000
01000000
00000000
01100000
00000000
00000000
0MM00000
;

//---------------dance-double - C. Foy----------------
#NOTES:
     dance-double:
     C. Foy:
     Medium:
     9:
     0.712,0.000,0.473,0.172,0.004,505.000,55.000,20.000,72.000,0.000,0.000:


00000000
00000000
00000000
00000000
,
00000000
00000000
00000000
00000000
,
00000000
00000000
00000000
00000000
,
00000000
00000000
00000000
00000000
,
00011000
00000000
00000000
00000000
,
00000000
00000000
00000000
00000000
,
00101000
00000000
01001000
00000000
,
00001000
00010000
00001000
00000000
00010000
00001000
00010000
00000000
,
00001000
00010000
00001000
00100000
,
00001000
01000000
00001000
00010000
,
00000100
00010000
00000010
00010000
,
00001000
00010000
00000100
00000000
,
00010000
00001000
01000000
00010000
,
01000000
00010000
01000000
00100000
,
10000000
01000000
00100000
01000000
,
00100000
00010000
01000000
00000000
,
00001000
00010000
00001000
00010000
,
00000100
00001000
00000100
00000010
,
00000000
00000100
00000010
00000001
,
00000100
00000010
00001000
00000000
,
00000100
00010000
00001000
00010000
,
00001000
01000000
00001000
00010000
,
00000100
00000000
00001100
00000000
,
00011000
00000000
01001000
00000000
,
MMM12MMM
00000000
00000000
00010000
,
00003000
00000000
00000100
00010000
,
00021000
00000000
00000000
00001000
,
00000000
00030000
00000000
00011000
,
00011000
00000000
00000000
00000100
,
00010000
00000000
00000000
00000000
,
00010100
00000000
00010100
00000000
,
MMM22MMM
00033000
00010000
00001000
,
00010000
00000100
00010000
00000010
,
00010000
00001000
00100000
00001000
,
01000000
00001000
00010000
00001000
,
00100000
00000000
00001000
00010000
,
00000010
00001000
00000010
00001000
,
00000010
00000100
00000001
00000010
,
00000100
00000010
00000100
00001000
,
00000010
00000000
00010000
00001000
,
00010000
00001000
00100000
00010000
,
00100000
01000000
00000000
00100000
,
01000000
10000000
00100000
01000000
,
00010000
00000000
00100000
00001000
,
00010000
00001000
00010000
00000010
,
00010000
00001000
00100000
00000000
,
00110000
00000000
00011000
00000000
,
00010010
00000000
MMM22MMM
00000000
,
00033000
00000000
00010000
00001000
,
00010000
00000100
00000000
00010000
00000000
00000000
00000100
00000000
,
00001000
00000100
00000000
00000000
00001000
00000000
00000001
00000000
,
00001000
00000000
00000000
00000010
00001000
00000000
00000010
00000000
,
00001000
00000010
00000000
00000000
00001000
00000000
00000000
00000000
,
00000100
00010000
00000000
00000000
00001000
00000000
00010000
00000000
,
00001000
00010000
00000000
00000000
00000010
00000000
00001000
00000010
,
00000000
00001000
00000010
00000000
MMMMMM2M
00000000
00000100
00000030
,
00000001
00000100
00000010
00000100
,
00000001
00000100
00000010
00001000
,
00000010
00001000
00010000
00001000
,
00010000
01000000
M001M000
01000000
,
00100000
01000000
00100000
10000000
,
00100000
10000000
01000000
10000000
,
01000000
00100000
01000000
00100000
,
10000000
00100000
1M0M0000
00100000
,
01000000
10000000
01000000
10000000
,
01000000
10000000
01000000
00100000
,
00010000
00100000
0M01M000
00001000
,
00010000
00001000
00M10M00
00001000
,
00000100
00000010
00000100
00000010
,
00000001
00000100
00000001
00000100
,
00000010
00000100
00000010
00000001
,
00000010
00000001
MMMMMM10
00000100
,
00000010
00000100
00001000
00000100
,
00001000
00000100
00001000
00010000
,
00001000
00010000
00100000
00010000
,
00100000
00010000
MM100000
01000000
,
00100000
01000000
10000000
01000000
,
10000000
01000000
00100000
01000000
,
00010000
10000000
01000000
00100000
,
01000000
10000000
01MM0000
10000000
,
01000000
00100000
00010000
00001000
,
00000100
00000010
00000001
00000010
,
00000001
00000010
0000MM01
00000100
,
00000010
00000100
0000M01M
00000001
,
00000010
00000100
00001000
00010000
,
00100000
01000000
10MM0000
01000000
,
10000000
01000000
00100000
1M0M0000
,
00010000
10000000
1MM10000
00000000
,
00120000
00000000
00000000
00030000
01010000
00000000
00000000
00000000
,
00021000
00000000
00000000
00030000
00001000
00010000
00000000
00001000
,
00010000
00000100
00010100
00010100
,
00020100
00000000
00000000
00030000
00000100
00010000
00000000
00001000
,
00010000
00000000
00001000
00000000
01002000
00000000
00000000
00003000
,
02001000
00000000
00000000
03000000
00001000
00010000
00001000
00000000
,
00010000
00001000
00010000
00000000
00021000
00000000
00000000
00030000
,
00021000
00000000
00000000
00030000
00010200
00000000
00000000
00000000
,
00020000
00000000
00000000
00000000
,
00030300
00000000
00000000
00000000
,
00000000
00000000
01001000
00000000
01001000
00000000
00000000
00101000
,
00000000
00101000
00101000
00000000
,
00011000
00000000
00000000
00000000
,
00000000
00000000
00000000
00000000
,
00000000
00000000
00011000
00000000
00001000
00010000
00000000
00010000
,
00001000
00011000
00011000
00000000
,
00010100
00000000
00000000
00000000
,
00000000
00000000
00000000
00000000
,
00000000
00000000
00110000
00000000
00110000
00000000
00000000
00101000
,
00000000
00011000
00011000
00000000
,
00010100
00000000
00000000
00000000
,
00000000
00000000
00000001
00000000
,
00000100
00000000
00001000
00000000
,
00010000
00000000
00M11M00
00001000
,
01000000
00010000
01000000
00100000
,
10000000
01000000
10000000
01000000
,
00100000
00010000
01000000
00001000
,
01000000
00000000
00000000
00010000
01000000
00000000
00010000
00000000
,
01000000
00001000
01000000
00001000
,
00010000
00000000
00000100
00000000
00010000
00000100
00000000
00000000
,
00001000
00000100
00000010
00000001
,
00000100
00000001
00000100
00000010
,
00001000
00000100
00000010
00000001
,
00000100
00000010
00001000
00000100
,
00010000
00001000
00010000
00000100
,
00000000
00010000
00001000
00000000
00011M00
00000000
00000000
00000000
,
00000000
00000000
01M10000
00000000
,
00000000
00000000
1M010000
00000000
,
01M10000
00000000
110M0000
00000000
,
101M0000
00000000
2M020000
00000000
,
30030000
00000000
10000000
01000000
,
10000000
01000000
00000000
10000000
00010000
00000000
01000000
00000000
,
00010000
01000000
00000000
00000000
00001000
00000000
00010000
00000000
,
00001000
00010000
00000000
00001000
00010000
00000000
00001000
00000000
,
01000000
00001000
00000000
01000000
00001000
00000000
00010000
00000000
,
00001000
00010000
00000000
00000100
00010000
00000000
00000100
00000000
,
00001000
00000100
00000000
00000000
00010000
00000000
00000000
00001000
,
00010000
00001000
00010000
00000000
00001000
00000000
01000000
00000000
,
00001000
00010000
00000000
00001000
00010000
00000000
00000100
00000000
,
00010000
00000100
00000000
00010000
00000100
00000000
00001000
00000000
,
00000100
00001000
00000000
00000010
00001000
00000000
00000010
00001000
,
00000010
00000000
00000000
00001000
00000001
00000000
00001000
00000000
,
00000010
00000100
00000000
00000010
00001000
00000000
00000010
00000000
,
00000000
00010000
00001000
00000000
00010000
00000000
00001000
00000000
,
00010000
00001000
00010000
00000000
00001000
00000000
00000000
01000000
,
00000000
00001000
00010000
00000000
00M22M00
00000000
00033000
00000000
,
01000000
00001000
01000000
00010000
,
01000000
00010000
00000000
00000000
01000000
00000000
00010000
00000000
,
10000000
00010000
01000000
00100000
,
10000000
00010000
00000000
00100000
00010000
00000000
00010000
00000000
,
01000000
00010000
00000000
10000000
00010000
00000000
00100000
00000000
,
00001000
00100000
00000000
00000000
00001000
00000000
00010000
00000000
,
00001000
00000000
01000000
00000000
00001000
00000000
00000000
01000000
,
00010000
00000000
00000000
01000000
00000000
00000000
00100000
00000000
00000000
00000000
00000000
00000000
1100MMMM
00000000
00000000
000M0000
00000000
00000000
00M00000
00000000
MM000000
00000000
00000000
00000000
;

//---------------dance-double - C. Foy----------------
#NOTES:
     dance-double:
     C. Foy:
     Hard:
     10:
     0.788,0.000,0.370,0.138,0.000,583.000,43.000,16.000,36.000,0.000,0.000:


00000000
00000000
00000000
00000000
,
00000000
00000000
00000000
00000000
,
00000000
00000000
00000000
00000000
,
00000000
00000000
00000000
00000000
,
00011000
00000000
00000000
00000000
,
00000000
00000000
00000000
00000000
,
00101000
00000000
01001000
00000000
,
00001000
00010000
00001000
00010000
00001000
00010000
00001000
00010000
,
00001000
00000000
00010000
00000000
00001000
01000000
00000000
00000000
,
00010000
00000000
01000000
00000000
00010000
00100000
00000000
00010000
,
01000000
00000000
00100000
00000000
10000000
00100000
00000000
10000000
,
00010000
00000000
01000000
00000000
00100000
10000000
00000000
01000000
,
00100000
00000000
00010000
00000000
01000000
00010000
00000000
01000000
,
00001000
00000000
00010000
00000000
00001000
00010000
00000000
00000100
,
00010000
00000000
00001000
00000000
00100000
00001000
00000000
00010000
,
00001000
00000000
00000000
00010000
00000000
00000100
00010000
00000000
,
00001000
00000000
01000000
00001000
01000000
00001000
00000000
01000000
,
00010000
00000000
01000000
00000000
00100000
01000000
00000000
00100000
,
10000000
00000000
00010000
00000000
10000000
00010000
00000000
01000000
,
00010000
00000000
01000000
00000000
00100000
10000000
00000000
00010000
,
01000000
00000000
00100000
00000000
01000000
00100000
00000000
10000000
,
00010000
00000000
10000000
00000000
01000000
00100000
00000000
01000000
,
10000000
00000000
00010000
00000000
01000000
00001000
00000000
00000000
,
01000000
00000000
00000000
00001000
00000000
00010000
00001000
00000000
,
MMM12MMM
00000000
00000000
00010000
,
00003000
00000000
00000100
00010000
,
00021000
00000000
00000000
00001000
,
00000000
00030000
00000000
00011000
,
01001000
00000000
00000000
00001000
,
00010000
00000000
00000000
00000000
,
00010100
00000000
00000000
00000000
00010010
00000000
MMM0MM0M
MMM00M0M
,
MMM21MMM
MMM3MMMM
00000000
00000000
00001000
00000000
00010000
00000000
,
00000100
00001000
00000000
00000000
00000100
00000000
00001000
00000000
,
00000010
00001000
00000000
00001000
00000001
00000000
00000100
00000000
,
00000010
00001000
00000000
00000001
00000010
00000000
00000001
00000000
,
00000100
00000010
00000000
00001000
00000100
00000000
00000010
00000000
,
00000001
00001000
00000000
00000100
00010000
00000000
00001000
00000000
,
00010000
00000100
00000000
00010000
00001000
00000000
00010000
00000000
,
00000010
00010000
00000000
00000010
00001000
00000000
00000000
00000100
,
00000000
00010000
00001000
00000000
01000000
00000000
00001000
00010000
,
00001000
00010000
00000000
00001000
01000000
00000000
00010000
00000000
,
00010000
00100000
00000000
00010000
01000000
00000000
00010000
00000000
,
10000000
00010000
00000000
01000000
00010000
00000000
01000000
00000000
,
00100000
01000000
00000000
00100000
10000000
00000000
01000000
00000000
,
10000000
00010000
00000000
10000000
00100000
00000000
01000000
00000000
,
00100000
01000000
00000000
00010000
01000000
00000000
00001000
00000000
,
00010000
00001000
00000000
00000000
00010000
00000000
00000000
00000100
,
00000000
00010000
00001000
00000000
00022000
00000000
00000000
00000000
,
00033000
00000000
00010000
00000100
,
00001000
00000100
00000000
00001000
00000000
00000000
00000100
00000000
,
00001000
00000100
00000000
00000000
00001000
00000000
00000001
00000000
,
00001000
00000000
00000000
00000010
00001000
00000000
00000010
00000000
,
00000100
00000001
00000000
00000000
00000100
00000000
00000000
00000000
,
00000001
00000100
00000000
00000000
00000010
00000000
00000100
00000000
,
00000010
00001000
00000000
00000000
00000001
00000000
00000000
00000010
,
00000000
00000001
00000010
00000000
00000011
00000000
00000001
00000000
,
00000100
00000010
00000100
00000001
,
00000100
00001000
00010000
00100000
,
10000000
00100000
10000000
00010000
,
10000000
00010000
10000000
00000000
00010000
00000000
10000000
00000000
,
01000000
10000000
01000000
00100000
,
01000000
10000000
01000000
00100000
,
00010000
00001000
00000100
00000001
,
00000100
00000001
00000100
00000001
00000100
00000000
00000001
00000000
,
00000100
00000010
00000001
00000100
,
00000010
00000100
00000001
00000100
,
00001000
00010000
00100000
10000000
,
00100000
10000000
00100000
00000000
10000000
00000000
01000000
00000000
,
00100000
10000000
00100000
10000000
,
00100000
00010000
00001000
00000100
,
00000001
00000100
00000010
00000001
,
00001000
00000001
00001000
00000001
00001000
00000000
00000001
00000000
,
00000100
00000010
00000001
00000010
,
00001000
00010000
01000000
10000000
,
01000000
00100000
10000000
01000000
,
10000000
01000000
10000000
00000000
01000000
00000000
00100000
00000000
,
00010000
00001000
00000100
00000001
,
00000100
00000001
00000100
00000010
,
00000001
00001000
00000010
00000100
,
00000010
00000100
00000010
00000100
00000010
00000000
00000100
00000000
,
00000010
00000001
00000010
00000100
,
00001000
00010000
00100000
01000000
,
10000000
01000000
00100000
10000000
,
01000000
10000000
01000000
00000000
10000000
00000000
01000000
00000000
,
00100000
00010000
00001000
00000100
,
00000010
00000001
00000010
00000001
,
00000011
00000001
00000100
00000001
,
00000100
00000001
00000100
00000000
00000101
00000000
00000000
00000000
,
00000000
00000000
00000000
00000000
00001200
00000000
00000000
00000300
,
00021000
00000000
00000000
00030000
00001000
00100000
00000000
00001000
,
01000000
00001000
01001000
00011000
,
02001000
00000000
00000000
03000000
00001000
00010000
00000000
00001000
,
01000000
00000000
00001000
00000000
01002000
00000000
00000000
00003000
,
00201000
00000000
00000000
00300000
00001000
00010000
00001000
00000000
,
00010000
00001000
00010000
00000000
00021000
00000000
00000000
00030000
,
00020100
00000000
00000000
00030000
00010020
00000000
00000000
00000000
,
00020000
00000000
00000000
00000000
,
00030030
00000000
00000000
00000000
,
00000000
00000000
00011000
00000000
01001000
00000000
00000000
00101000
,
00000000
01001000
00011000
00000000
,
00010100
00000000
00000000
00000000
,
00000000
00000000
00000000
00000000
,
00000000
00000000
00010100
00000000
00000100
00010000
00000000
00010000
,
00000100
00010100
00011000
00000000
,
00010010
00000000
00000000
00000000
,
00000000
00000000
00000000
00000000
,
00000000
00000000
00001100
00000000
00010100
00000000
00000000
00001100
,
00000000
00000110
00000110
00000000
,
00000011
00000000
00000000
00000000
,
00000000
00000000
00000001
00000000
,
00000100
00000000
00001000
00000000
,
00010000
00000000
00100000
10000000
,
00100000
10000000
00000000
00000000
00010000
00000000
00100000
00000000
,
00010000
01000000
00000000
00100000
10000000
00000000
01000000
00000000
,
00100000
00010000
00000000
00010000
01000000
00000000
00001000
00000000
,
01000000
00001000
00000000
00010000
00001000
00000000
00100000
00000000
,
00001000
00010000
00000000
00000100
00010000
00000000
00001000
00000000
,
00010000
00000100
00000000
00001000
00000100
00000000
00001000
00000000
,
00000100
00000010
00000000
00000001
00000100
00000000
00000000
00000001
,
00000000
00001000
00000001
00000000
00000100
00000000
00000010
00001000
,
00000010
00001000
00000000
00000010
00001000
00000000
00000100
00000000
,
00010000
00001000
00000000
00010000
00001000
00000000
01000000
00000000
,
00001000
01000000
00000000
00010000
00000000
01000000
00010000
00000000
,
10000000
00010000
00000000
10000000
00100000
00000000
01000000
00000000
,
00100000
10000000
00000000
01000000
10000000
00000000
00010000
00000000
,
00100000
01000000
00000000
00100000
00010000
00000000
01000000
00000000
,
00010000
01000000
00000000
00000000
00001000
00000000
00000000
01000000
,
00000000
00001000
00010000
00000000
00022000
00000000
00000000
00000000
,
00033000
00000000
00010000
00000100
,
00010000
00000100
00000000
00010000
00000100
00000000
00001000
00000000
,
00000100
00001000
00000000
00000000
00000010
00000000
00001000
00000000
,
00000010
00001000
00000000
00000001
00000100
00000000
00000010
00000000
,
00001000
00000100
00000000
00010000
00000100
00000000
00010000
00000000
,
00001000
00010000
00000000
00000100
00010000
00000000
00001000
00000000
,
01000000
00001000
00010000
00000000
00000010
00000000
00000000
00010000
,
00000010
00010000
00000010
00000000
00010000
00000000
00000100
00000000
,
00010000
00000010
00000000
00010000
00001000
00000000
00100000
00000000
,
00001000
01000000
00000000
00001000
00010000
00000000
00000100
00000000
,
00010000
00000010
00000000
00010000
00001000
00000000
00100000
00001000
,
00100000
00000000
00000000
00001000
00100000
00000000
00010000
00000000
,
00100000
00010000
00000000
00100000
01000000
00000000
00100000
00000000
,
00000000
00010000
00000000
10000000
00010000
00000000
01000000
00000000
,
00100000
01000000
00100000
00000000
10000000
00000000
00000000
00010000
,
00000000
00100000
00001000
00000000
00011000
00000000
00100000
00000000
,
00001000
01000000
00001000
00010000
,
00000010
00010000
00000000
00000000
00001000
00000000
00010000
00000000
,
00000100
00001000
00000010
00001000
,
00000001
00001000
00000000
00000010
00001000
00000000
00000100
00000000
,
00000010
00000001
00000000
00000100
00000001
00000000
00001000
00000000
,
00000100
00010000
00000000
00000000
00001000
00000000
00100000
00000000
,
00001000
00000000
01000000
00000000
00001000
00000000
00000000
01000000
,
00001000
01000000
00001000
00000000
M1MM01MM
0000M000
00000000
00000000
;

//---------------dance-double - M. Emirzian----------------
#NOTES:
     dance-double:
     M. Emirzian:
     Challenge:
     12:
     1.000,0.132,0.773,0.112,0.030,715.000,90.000,13.000,35.000,0.000,0.000:


00000000
00000000
00000000
00000000
,
00000000
00000000
00000000
00000000
,
00000000
00000000
00000000
00000000
,
00000000
00000000
00000000
10010000
,
01010000
00000000
00000000
00001000
,
00000000
00000000
00010000
00000000
,
00000110
00000000
00001001
00000000
,
00000100
00000010
00001000
00000001
00000010
00000100
00001000
00000001
,
00000100
00000000
00000010
00000000
00001000
00000001
00000100
00000010
,
00001000
00000000
00000100
00000000
00010000
00001000
00000000
01000000
,
00000000
00100000
01000000
00000000
00010000
00000000
10000000
01000000
,
00100000
00010000
01000000
00000000
00100000
10000000
00000000
10000000
,
01000000
00000000
10010000
00000000
10000000
01000000
00100000
00010000
,
01000000
00000000
01001000
00000000
00001000
00010000
00000000
00010000
,
00000100
00000000
00001100
00000000
00000001
00001000
00000010
00000100
,
00000001
00000010
00000000
00001100
00000000
00010000
00000100
00000000
,
00001000
00000000
00000010
00000000
00001000
00000100
00010000
00000010
,
00010000
00000000
00011000
00000000
01000000
00100000
00000000
01010000
,
00000000
00010000
10000000
00000000
01000000
00000000
00100000
00010000
,
10000000
00000000
01000000
00000000
00100000
00010000
00000000
00010000
,
01000000
00000000
01001000
00000000
00010000
00000100
00000000
00000100
,
00001000
00000000
00001001
00000000
00000010
00000100
00000000
00000100
,
00000001
00000000
00000110
00000000
00001000
00000100
00000010
00000001
,
00000100
00000010
00000000
00001000
00000000
00000010
00010000
00000000
,
00011000
00000000
01000000
00110000
,
00000000
01000000
10000000
00100000
,
01010000
00000000
00100000
01001000
,
00000000
00001000
00010000
00010010
,
00001010
00000000
00000001
00000010
,
00001100
00000000
00000001
00000100
,
00001010
00000000
00000000
00000000
00000000
00000000
00000000
0000M0M0
00000000
00000000
00000000
00000000
01010000
00000000
00000000
00000000
00000000
00000000
00000000
0M0M0000
00000000
00000000
00000000
00000000
,
10100000
00000000
00000000
00000000
00000000
00000000
00000000
M0M00000
00000000
00000000
00000000
00000000
10010000
00000000
00000000
00000000
00000000
00000000
11000000
00000000
00000000
00000000
00000000
00000000
,
00100000
00010000
01000000
00100000
10000000
00000000
10010000
00000000
,
00010000
01000000
00000000
01001000
00000000
00001000
00010000
00000000
,
00000010
00000000
00001000
00000100
00000010
00000000
00000011
00000000
,
00000001
00000100
00000000
00000100
00000010
00000000
00001010
00000000
,
00000100
00000001
00000010
00000100
00001000
00000000
00000010
00000000
,
00010000
00001000
00000000
00001000
01000000
00000000
01010000
00000000
,
00100000
10000000
01000000
00100000
00010000
01000000
00000000
01100000
,
00000000
00100000
10000000
00000000
10010000
00000000
01000000
00000000
,
00100000
10000000
01000000
00100000
00010000
00000000
01010000
00000000
,
00001000
00010000
00000000
00010100
00000000
00010000
00001000
00000000
,
00000100
00000000
00000001
00001000
00000100
00000000
00000011
00000000
,
00000001
00000100
00000000
00000100
00000010
00000000
00001001
00000000
,
00000010
00000100
00000000
00000100
00010000
00000000
00001100
00000000
,
00000001
00000100
00000000
00000100
00000010
00000000
00001010
00000000
,
00001000
00000100
00001000
00000001
00000100
00000010
00000000
00010000
,
00000000
00001000
00010000
00000000
01001000
00000000
00000000
00000000
,
00100000
01010000
00000000
00100000
,
01000000
00000000
10000000
00000000
01000000
00100000
00000000
00010000
,
01000000
00100000
10000000
01010000
,
01001000
00000000
00010000
00000000
,
00000010
00001100
00000000
00000000
,
00000010
00000000
00000001
00000000
00000100
00000010
00001000
00000000
,
00000100
00000010
00000001
00000000
00000100
00000010
00001000
00000100
,
00000010
00000001
00000100
00000000
00000010
00000000
00010000
00000000
,
00100000
00000000
10000000
00000000
00010000
01000000
00100000
10000000
,
01000000
00100000
00001000
00000000
00010000
00000000
00000100
00000000
,
00000010
00000000
00000100
00000000
00001000
00000001
00000100
00000010
,
00001000
00000100
00000010
00000000
00000100
00000000
00010000
00000000
,
00100000
00000000
00010000
00000000
00001000
01000000
00010000
01000000
,
00100000
10000000
01000000
00100000
00010000
01000000
00100000
00000000
,
01000000
00001000
00010000
00000000
00000010
00010000
00001000
00010000
,
00000100
00001000
00000100
00000000
00000010
00000000
00000001
00000000
,
00000100
00000000
00000010
00000000
00001000
00000100
00000010
00000001
,
00000100
00000010
00001000
00000000
00000100
00000000
00010000
00000000
,
00001000
00000000
01000000
00000000
00100000
01000000
00010000
00100000
,
01000000
10000000
01000000
00000000
00100000
00000000
00010000
00000000
,
01000000
00000000
00100000
00000000
10000000
01000000
00100000
00010000
,
00100000
00001000
00010000
00000000
00100000
01000000
00010000
00000000
,
10000000
01000000
00000000
01000000
00100000
00000000
00110000
00000000
,
00100000
00010000
01000000
00000000
00100000
00000000
10000000
01000000
,
00100000
00000000
01000000
00100000
00010000
00000000
01000000
00001000
,
00010000
00000000
00000100
00001000
00000010
00000000
00000100
00000001
,
00000010
00000000
00000100
00001000
00000001
00000000
00000100
00000010
,
00001000
00000100
00000010
00000000
00000001
00000000
00000100
00001000
,
00010000
00000000
00100000
10000000
01000000
00000000
10000000
00010000
,
01000000
00000000
00100000
10000000
01000000
00000000
00010000
00001000
,
01000000
00000000
00100000
01000000
00010000
00100000
01000000
00000000
,
10000000
01000000
00010000
00000000
00000100
00000000
00000010
00000001
,
00000100
00000000
00000010
00001000
00000100
00000000
00000010
00000001
,
00001000
00000000
00000010
00000100
00000001
00000000
00000100
00001000
,
00010000
00000000
01000000
10000000
00100000
00000000
10000000
00100000
,
01000000
00010000
00100000
00000000
01000000
00000000
00100000
00010000
,
01000000
00000000
00100000
10000000
01000000
00000000
00010000
00001000
,
00000100
00000000
00000001
00000010
00000100
00000000
00001000
00000001
,
00000100
00000000
00000010
00001000
00000100
00000010
00000001
00000000
,
00000010
00000100
00001000
00000000
00000010
00000000
00000101
00000000
,
00000010
00000000
00000000
00000000
00000000
00000000
00000100
00000000
00000000
00000000
00000000
00000000
00001001
00000000
00000000
00000000
00000000
00000000
00000000
0000M00M
00000000
00000000
00000000
00000000
,
00011000
00000000
00000000
00000000
00000000
00000000
00000000
000MM000
00000000
00000000
00000000
00000000
00100000
00000000
00000000
01000000
00000000
00000000
00000000
00000000
00000000
01000000
00000000
00000000
,
00010000
10000000
01000000
00110000
,
10010000
00000000
01000000
00000000
00100000
10000000
00000000
10000000
,
01000000
00100000
00110000
00MM0000
,
00001010
00000000
0000M0M0
00000000
00000001
00000010
00000100
00000000
,
00001000
00000001
00000100
00000000
00000010
00001000
00000100
00000010
,
00000001
00000100
00000010
00001000
00000200
00000000
00000000
00000000
,
00020000
00000000
00000000
00000000
00000000
00000000
00000000
00000000
00000300
00000000
00000000
00000000
00000000
00000M00
00000000
00000000
,
00230000
00000000
00000000
00000000
,
00300000
000M0000
00000000
00000000
10000000
00000000
00000000
00000000
01000000
00000000
00000000
00000000
0MM00000
00000000
01100000
00000000
,
00000000
00010000
21000000
0M000000
,
02000000
00000000
30000000
M0000000
,
03020000
0M000000
00000000
00000000
,
00030000
00000000
000M1000
00000000
00010000
00000100
00000000
00000100
,
00001000
00001001
00000102
00000M00
,
00000200
00000000
00000003
0000000M
,
00002300
00000M00
00000000
00000000
,
00003000
00000000
0001M000
00000000
00001000
00000000
0MM00000
01100000
,
00000000
00100000
01020000
0M000000
,
00200000
00000000
00030000
00000000
,
00300000
00000000
MMMM0000
00000000
01000000
10000000
00000000
10000000
,
00010000
00000000
01000000
00100000
10000000
01000000
00100000
00010000
,
01000000
00100000
10000000
01000000
00100000
00000000
00010000
00000000
,
10000000
00010000
01000000
00100000
10000000
00000000
01000000
00000000
,
00100000
00001000
00000000
00001000
00010000
00000000
00001100
00000000
,
00000010
00000000
00000100
00000001
00000010
00000100
00001000
00000000
,
00000001
00000100
00000000
00000100
00000010
00000000
00001010
00000000
,
00000100
00000001
00000010
00000100
00001000
00000000
00000010
00000000
,
00010000
00001000
00000000
00001000
01000000
00000000
01010000
00000000
,
00100000
10000000
01000000
00100000
00010000
01000000
00000000
00100000
,
00000000
10000000
00010000
00000000
11000000
00000000
01000000
00000000
,
00100000
00010000
10000000
01000000
00100000
00000000
00001000
00000000
,
00010000
00000100
00000000
00010000
00000000
00001000
00000100
00000000
,
00000001
00000000
00001000
00000100
00000010
00000001
00000100
00000000
,
00000010
00001000
00000000
00001000
00000100
00000000
00000011
00000000
,
00000100
00000010
00000000
00000010
00010000
00000000
00011000
00000000
,
00001000
01000000
00000000
01000000
00010000
00000000
10010000
00000000
,
00100000
01000000
10000000
00100000
01000000
00010000
00000000
10010000
,
00000000
01000000
00100000
00000000
11000000
00000000
01100000
00000000
,
00010000
00000000
00000000
00011000
00000000
00010000
00000100
00001000
,
00000100
00000010
00000001
00000100
00000010
00000000
00001010
00000000
,
00001001
00000000
00000000
00001010
00000000
00000010
00001000
00000100
,
00010000
00001000
01000000
00010000
10000000
00000000
10100000
00000000
,
10010000
00000000
00000000
01010000
00000000
01000000
00100000
10000000
,
01000000
00100000
00010000
01000000
00001000
00010000
00001000
00000000
,
00100000
00001000
00010000
00000000
00000010
00000100
00000001
00000010
,
00000100
00001000
00000010
00000000
00000100
00000000
00000101
00000000
,
00001001
00000000
00000000
00000101
00000000
00000100
00000010
00001000
,
00000100
00000010
00000001
00000100
00000010
00000000
00001010
00000000
,
00001100
00000000
00000000
00000110
00000000
00000001
00000100
00000010
,
00010000
00001000
01000000
00010000
10000000
00000000
10010000
00000000
,
11000000
00000000
00000000
10010000
00000000
01000000
00100000
10000000
,
01000000
00100000
00010000
00100000
00001000
00010000
00001000
00000000
,
01000000
00001000
00010000
00000000
00000010
00001000
00000100
00000010
,
00000001
00000100
00000010
00000000
00001010
00000000
00000000
00000000
,
00000001
00001100
00000000
00000010
,
00010000
00001000
00011000
00000000
,
01000000
00000000
00100000
00000000
10000000
01000000
00000000
00100000
,
00010000
11000000
10010000
00000000
,
01000000
01001000
00000000
00000000
,
00100000
00000000
10000000
00000000
01000000
00100000
00010000
01000000
,
00100000
10000000
01000000
00100000
00001000
00010000
00001000
00010000
,
00000100
00000010
00000001
00001000
00002002
00000000
00000000
00000000
,
00000000
00000000
00000000
00000000
,
00000000
00000000
00000000
00003003
,
0000M00M
00000000
00000000
00000000
;

//---------------lights-cabinet - ----------------
#NOTES:
     lights-cabinet:
     :
     Easy:
     1:
     1.000,0.000,1.000,0.352,0.000,618.000,455.000,41.000,0.000,436.000,0.000:


00000000
00000000
00000000
00000000
,
00000000
00000000
00000000
00000000
,
00000000
00000000
00000000
00000000
,
00000000
00000000
00000000
00000000
,
00000000
00000000
00000000
00000000
,
00000000
00000000
00000000
00000000
,
11000011
00000000
00110011
00000000
,
10000011
00100000
01000011
00010000
10000011
00100000
01000000
00010000
,
10000011
00100011
01000011
00010011
,
01000011
00100011
10000011
01000011
,
10000011
00100011
01000011
00010011
,
00100011
00010011
01000011
00010011
,
00010011
01000011
00100011
10000011
,
01000011
10000011
00100011
01000011
,
00010011
00100011
00010011
01000011
,
00100011
00000000
10000011
00000000
01000011
10000000
01000000
00000000
,
10000011
00100011
01000011
00010011
,
01000011
00100011
10000011
01000011
,
10000011
00100011
01000011
00010011
,
00100011
00010011
01000011
00010000
,
00010011
01000011
00100011
10000011
,
01000011
10000011
00100011
01000011
,
00010011
00100000
00010000
00000000
01000011
00100000
01000000
00000000
,
00100011
10000000
01000011
00000000
11000011
00000000
00000000
00000000
,
10010011
00000000
00000000
00110011
,
00000000
00000000
10000011
01000011
,
11000011
00000000
00000000
10100011
,
00000000
00000000
00000000
00000000
00010011
00000000
00010011
01000000
,
10010011
00000000
00000000
01010011
,
01010011
00000000
00000000
10000011
,
00100011
01000011
00010011
10000011
,
22220022
33330033
10000011
00010011
,
00010011
01000011
01000011
00010011
,
00010011
00100011
00100011
00010011
,
01000011
00100011
10000011
01000011
,
10000011
01000000
10000000
00000000
00010011
00000000
01000011
00000000
,
01000011
00100011
00100011
01000011
,
00010011
00010011
10000011
10000011
,
00010011
01000011
00100011
10000011
,
01000011
10000000
01000000
00000000
10000011
00000000
00100011
00000000
,
01000011
00010011
01000011
00010011
,
00100011
00010011
10000011
10000011
,
00100011
01000011
00010011
00100011
,
00110011
00000000
00010011
10000011
,
11000011
00000011
00100011
01000011
,
01100011
00000011
10000011
00010000
,
00110011
00010000
01100011
01000011
,
00100011
01000000
00010011
00000000
02000011
00000000
00010000
00000000
,
03100000
20000000
00010000
31000000
,
10000000
00010000
00200011
10000011
,
00310011
02000011
10000011
03100011
,
10000011
01000000
20000011
00000000
,
30100000
02000000
00000000
03100000
,
10000000
00010000
01000011
00100000
,
10000011
00000000
00010011
00000000
10000011
00010000
10000011
00010000
,
10000011
00000000
00010011
00100011
,
00020011
01000011
01030011
00100011
,
20000011
01000011
31000011
10000011
,
00100011
01000011
00020011
00100011
,
00230011
00000011
00310011
01000011
,
00200011
10000011
10300011
01000011
,
20000011
00100011
30100011
01000011
,
00010011
00100011
00010011
10000011
,
11000011
00000000
00100011
01000011
,
00020011
01000011
01030011
00100011
,
20000011
00010011
30010011
01000011
,
00100011
01000011
00020011
00100000
,
00230011
00000000
00310011
01000011
,
00100011
10000011
10100011
00100011
,
01000011
00010011
00110011
00100011
,
00010011
10000011
10010011
01100011
,
10010011
00000000
00000000
00000000
10000011
00010000
01000011
00010000
,
10000011
00100000
01000011
00010000
10000011
00100000
01000011
00100000
,
10000011
00010000
01000011
00100000
10000011
00010000
01000011
00100000
,
10000011
00100000
10000011
00100000
01000011
00100000
10000011
00010000
,
01000011
00010000
10000000
00000000
01000011
00100000
10000011
00010000
,
01000011
00100000
10000011
00100000
01000011
00010000
10000011
00100000
,
01000011
00010000
10000011
00100000
01000011
00100000
10000011
01010000
,
10000011
00010000
01000011
00010000
10000011
00100000
01000011
00010000
,
10000011
00100000
01000000
00000000
10000011
00010000
01000011
00100000
,
10000011
00010000
01000011
00100000
10000011
00100000
10000011
00100000
,
01000011
00100000
10000011
00010000
01000011
00010000
00100011
00010000
,
01000011
00100000
10000011
00010000
01000011
00100000
10000011
00100000
,
01000011
00010000
10000000
00100000
01000011
00000000
10010011
00000000
,
01000011
00000000
10000011
01010000
00100011
00000000
10010011
00000000
,
01000011
00100011
10000011
01010011
,
00100011
10000000
00010011
00000000
00100011
00000000
00010011
00000000
,
01000011
00100000
10000011
00000000
01000011
00000000
10000000
00000000
,
11000011
00000011
00010011
00100000
,
00110011
00000000
10000011
01000000
,
11000011
00100011
01100011
01100011
,
01100011
00000000
00010011
10000000
,
11000011
00000011
00010011
00100000
,
00110011
00000000
10000011
00100000
,
01000011
00000000
00100000
00000000
10000011
01000000
10000011
01000000
,
20000011
00000011
30100011
01000000
,
00020011
00000000
00130000
00010000
,
02000000
00000000
03100000
10000000
,
01000000
00000000
10000011
00000000
11000011
00000000
00000000
01100011
,
00000000
10010011
10000011
01000000
,
00200011
00000000
01300000
00100000
,
00020000
00000000
01030000
00100000
,
10000000
00000000
01000011
00000000
10000011
00010000
01000000
00100000
,
10000011
00000000
00010011
00100000
,
02000011
00000000
03100000
01000000
,
20000000
00000000
30100000
10000000
,
01000000
00000000
10000011
00000000
11000011
00000000
00000000
00110011
,
00000000
11000011
00010011
00000000
,
10000011
00000000
11000000
00000000
,
00100000
00000000
01100011
00000000
,
00010011
00000000
00000000
00000000
00010011
10000000
00100011
01000000
,
00010011
10000000
00010000
00100000
10000011
00000000
00010011
00000000
,
01000011
00100011
10000011
00100011
,
01000011
00010011
00100011
00010011
,
00100011
01000011
10000011
00010011
,
01000011
00100000
01000000
00000000
00010011
00000000
10000011
00000000
,
00100011
01000011
00010011
01000011
,
00100011
00000000
10000000
00000011
01000011
00000000
10000011
00000000
,
01000011
00100011
00010011
01000011
,
00100011
01000000
00100000
00000000
10000011
00000000
00100011
00000000
,
01000011
00010011
01000011
00100011
,
10000011
10000011
00100011
01000011
,
00010011
00100011
00010011
00100011
,
00110011
00000000
10000011
01000011
,
00100011
00010011
00100011
01000011
,
10000011
00100011
01000011
00010011
,
00100011
01000011
10000011
00010011
,
10010011
00000011
10000011
01000011
,
20000011
00000000
30100011
01000011
,
00200011
00000011
01300011
00010011
,
00100011
00000000
00010000
00000011
10000000
00000000
00100011
00000000
,
01000011
00010000
01000011
00000000
00100011
00000000
01000011
00000000
,
00020011
00000000
00000000
00000011
00130000
00000000
00010011
00000000
,
20000011
00000011
30100011
01000000
,
00010011
10000000
01000011
10000011
,
11000011
00000000
00010011
00100011
,
00020011
00000000
00000000
00000011
01030000
00000000
00100011
00000000
,
02000011
00000011
03100011
10000011
,
01000011
00000000
10000000
00000011
00010000
00000000
01000011
00000000
,
00100011
01000000
00100011
00000000
10000011
00000000
00100011
00000000
,
20000011
00000000
00000000
00000011
31000000
00000000
10000011
00000000
,
00020011
00000011
00130011
00010000
,
01000011
00100000
01100011
01100011
,
01100011
00000011
10000011
01000000
,
10000000
00010000
10000000
00100000
,
01000000
00010000
10000000
00100000
,
01000000
00000000
10010000
00000011
01100011
00000000
00000000
00000011
,
11000000
00000011
10000011
01000000
,
10000011
00010000
01000000
00010000
,
10000000
00100000
10000011
00010000
,
10000011
00100000
01100011
00000011
,
00110011
00000011
20020022
00000000
,
30030033
00000000
00000000
00000000
;

//---------------dance-single - M. Puls----------------
#NOTES:
     dance-single:
     M. Puls:
     Beginner:
     1:
     0.082,0.000,0.095,0.000,0.000,56.000,11.000,0.000,0.000,0.000,0.000:



0000
0000
0000
0000
,
0000
0000
0000
0000
,
0000
0000
0000
0000
,
0000
0000
0000
0000
,
0000
0000
0000
0000
,
0000
0000
0000
0000
,
0000
0000
0000
0000
,
0000
0000
0000
0000
,
1000
0000
0000
0000
,
0000
0000
0000
0000
,
0000
0000
0000
0000
,
0000
0000
0000
0000
,
1000
0000
0000
0000
,
0000
0000
0000
0000
,
0000
0000
0000
0000
,
0000
0000
0000
0000
,
0001
0000
0000
0000
,
0000
0000
0000
0000
,
0000
0000
0000
0000
,
0000
0000
0000
0000
,
0001
0000
0000
0000
,
0000
0000
0000
0000
,
0000
0000
0000
0000
,
0000
0000
0000
0000
,
0110
0000
0000
0000
,
0000
0000
0000
0000
,
0000
0000
0000
0000
,
0000
0000
0000
0000
,
0110
0000
0000
0000
,
0000
0000
0000
0000
,
0000
0000
0000
0000
,
0000
0000
1000
0000
,
0000
0000
0000
0000
,
0000
0000
0000
0000
,
0000
0000
0000
0000
,
0000
0000
0001
0000
,
0000
0000
0000
0000
,
0000
0000
0000
0000
,
0000
0000
0000
0000
,
0000
0000
0100
0000
,
0000
0000
0000
0000
,
0000
0000
0000
0000
,
0000
0000
0000
0000
,
0000
0000
0001
0000
,
0000
0000
0000
0000
,
0000
0000
0000
0000
,
0000
0000
1000
0000
,
0000
0000
1001
0000
,
0000
0000
0000
0000
,
0000
0000
0000
0000
,
0001
0000
0000
0000
,
0000
0000
1000
0000
,
0000
0000
0000
0000
,
0000
0000
0000
0000
,
0010
0000
0000
0000
,
0000
0000
1000
0000
,
0000
0000
0000
0000
,
0000
0000
0000
0000
,
0000
0000
0000
0000
,
0000
0000
0001
0000
,
0000
0000
0000
0000
,
0000
0000
0000
0000
,
0000
0000
0000
0000
,
0000
0000
1000
0000
,
0000
0000
0000
0000
,
0000
0000
0000
0000
,
0000
0000
0000
0000
,
0000
0000
0001
0000
,
0000
0000
0000
0000
,
0000
0000
0000
0000
,
0000
0000
0000
0000
,
0000
0000
0001
0000
,
0000
0000
0000
0000
,
0000
0000
1000
0000
,
0000
0000
0000
0000
,
0000
0000
0010
0000
,
0000
0000
0000
0000
,
0000
0000
0100
0000
,
0000
0000
0000
0000
,
0000
0000
0001
0000
,
0000
0000
0000
0000
,
0000
0000
1000
0000
,
0000
0000
0000
0000
,
0000
0000
0100
0000
,
0000
0000
0000
0000
,
0000
0000
1000
0000
,
0000
0000
0000
0000
,
0000
0000
1001
0000
,
0000
0000
0000
0000
,
0000
0000
1001
0000
,
0000
0000
0000
0000
,
0000
0000
1001
0000
,
0000
0000
0000
0000
,
0000
0000
1001
0000
,
0000
0000
0000
0000
,
0000
0000
0001
0000
,
0000
0000
0000
0000
,
0000
0000
0000
0000
,
0000
0000
0000
0000
,
0000
0000
1000
0000
,
0000
0000
0000
0000
,
0000
0000
0000
0000
,
0000
0000
0001
0000
,
0000
0000
0010
0000
,
0000
0000
0000
0000
,
0000
0000
0000
0000
,
0000
0000
0001
0000
,
0000
0000
1000
0000
,
0000
0000
0000
0000
,
0000
0000
0001
0000
,
0000
0000
0000
0000
,
0000
0000
1001
0000
,
0000
0000
0000
0000
,
0000
0000
0000
0000
,
0000
0000
0000
0000
,
0000
0000
0100
0000
,
0000
0000
0000
0000
,
0000
0000
0000
0000
,
0000
0000
0000
0000
,
0000
0000
0010
0000
,
0000
0000
0000
0000
,
0000
0000
0000
0000
,
0000
0000
0000
0000
,
0000
0000
1000
0000
,
0000
0000
0000
0000
,
0000
0000
1000
0000
,
0000
0000
0001
0000
,
0000
0000
1000
0000
,
0000
0000
0000
0000
,
0000
0000
0000
0000
,
0000
0000
0000
0000
,
0000
0000
0001
0000
,
0000
0000
0000
0000
,
0000
0000
0000
0000
,
0000
0000
0001
0000
,
0000
0000
1000
0000
,
0000
0000
0000
0000
,
0000
0000
0000
0000
,
0000
0000
0000
0000
,
0000
0000
0010
0000
,
0000
0000
0000
0000
,
0000
0000
0010
0000
,
0000
0000
0010
0000
,
0000
0000
1001
0000
,
0000
0000
0000
0000
,
0000
0000
0000
0000
,
0000
0000
0000
0000
,
0000
0000
1001
0000
,
0000
0000
0000
0000
,
0000
0000
0001
0000
,
0000
0000
1000
0000
,
0000
0000
1001
0000
;
