#TITLE:Baby Don't You Want Me;
#SUBTITLE:;
#ARTIST:Nina;
#TITLETRANSLIT:;
#SUBTITLETRANSLIT:;
#ARTISTTRANSLIT:;
#GENRE:Dance;
#CREDIT:;
#BANNER:Baby Don't You Want Me-banner.png;
#BACKGROUND:Baby Don't You Want Me-bg.png;
#LYRICSPATH:;
#CDTITLE:;
#MUSIC:Baby Don't You Want Me.ogg;
#OFFSET:-0.425;
#SAMPLESTART:23.040;
#SAMPLELENGTH:9.980;
#SELECTABLE:YES;
#BPMS:0.000=135.000;
#STOPS:15.000=1.340
;
#BGCHANGES:0.000=Baby Don't You Want Me-bg.png=1.000=0=0=1=====,
14.000=Baby Don't You Want Me-bg.png=0.500=0=0=1=StretchNormal====,
15.000=In The Groove 2/761_JumpBack.mpg=0.000=0=0=1===FadeDown==,
16.000=In The Groove 2/761_JumpBack.mpg=1.000=0=0=1=====,
32.000=-random-=1.000=0=0=1=====,
48.000=In The Groove 2/765_JumpBack.mpg=1.000=0=0=1=====,
64.000=In The Groove 2/951_JumpBack.mpg=1.000=0=0=1=====,
80.000=-random-=1.000=0=0=1=====,
96.000=In The Groove 2/972_JumpBack.mpg=1.000=0=0=1=====,
112.000=In The Groove 2/972_JumpBack.mpg=0.300=1=0=1=Kaleidoscope2x2==CrossFade==,
128.000=In The Groove 2/433_JumpBack.mpg=1.000=0=0=1=====,
144.000=In The Groove 2/807_JumpBack.mpg=1.000=0=0=1===FadeLeft==,
160.000=In The Groove 2/983_JumpBack.mpg=1.000=0=0=1=====,
172.000=In The Groove 2/983_JumpBack.mpg=1.000=0=0=1=SongBgWithMovieViz====0.5^0.5^0.5^1,
172.500=In The Groove 2/983_JumpBack.mpg=1.000=0=0=1=====,
173.000=In The Groove 2/983_JumpBack.mpg=1.000=0=0=1=SongBgWithMovieViz====0.5^0.5^0.5^1,
173.500=In The Groove 2/983_JumpBack.mpg=1.000=0=0=1=====,
174.000=In The Groove 2/983_JumpBack.mpg=1.000=0=0=1=SongBgWithMovieViz====0.5^0.5^0.5^1,
174.500=In The Groove 2/983_JumpBack.mpg=1.000=0=0=1=====,
175.000=In The Groove 2/983_JumpBack.mpg=1.000=0=0=1=SongBgWithMovieViz====0.5^0.5^0.5^1,
175.500=In The Groove 2/983_JumpBack.mpg=1.000=0=0=1=====,
176.000=Baby Don't You Want Me-bg.png=1.000=0=0=1=Centered====,
180.000=-random-=1.000=0=0=1=====,
196.000=-random-=1.000=0=0=1=====,
212.000=-random-=1.000=0=0=1=====,
228.000=Baby Don't You Want Me-bg.png=0.500=0=0=1===FadeDown==,
99999=-nosongbg-=1.000=0=0=0 // don't automatically add -songbackground-
;
#BGCHANGES2:32.000=white flash=1.000=0=0=1=====,
48.000=white flash=1.000=0=0=1=====,
64.000=white flash=1.000=0=0=1=====,
80.000=white flash=1.000=0=0=1=====,
96.000=white flash=1.000=0=0=1=====,
128.000=white flash=1.000=0=0=1=====,
160.000=white flash=1.000=0=0=1=====,
176.000=white flash=1.000=0=0=1=====,
180.000=white flash=1.000=0=0=1=====,
196.000=white flash=1.000=0=0=1=====,
212.000=white flash=1.000=0=0=1=====,
;
#KEYSOUNDS:;
// cache tags:
#FIRSTBEAT:15.000;
#LASTBEAT:228.000;
#SONGFILENAME:/Songs/In The Groove 2/Baby Don't You Want Me/Baby Don't You Want Me.sm;
#HASMUSIC:1;
#HASBANNER:1;
#MUSICLENGTH:105.777;
// end cache tags

//---------------dance-single - C. Foy----------------
#NOTES:
     dance-single:
     C. Foy:
     Easy:
     2:
     0.184,0.000,0.132,0.255,0.000,95.000,14.000,27.000,0.000,0.000,0.000:
0000
0000
0000
0000
,
0000
0000
0000
0000
,
0000
0000
0000
0000
,
0000
0000
0000
2002
,
3003
0000
1000
0000
,
0100
0000
0010
0000
,
0001
0000
0010
0000
,
0001
0000
0100
0000
,
1001
0000
0001
0000
,
0010
0000
0001
0000
,
0100
0000
0010
0000
,
2002
0000
0000
0000
,
3003
0000
1000
0000
,
0100
0000
1000
0000
,
0001
1000
0001
0000
,
0100
0000
0010
0000
,
1000
0100
1000
0100
,
1000
0000
0001
0000
,
0200
0000
0000
0000
,
0300
0001
1000
0001
,
2000
0000
0000
0000
,
3000
0000
0000
0000
,
0010
0000
1000
0000
,
0100
0000
0010
0000
,
0002
0000
0200
0003
0000
0300
0000
0020
,
0000
2000
0000
0030
0000
3000
0000
0000
,
0020
0000
0200
0030
0000
0300
0000
0220
,
0000
0000
0000
0330
0000
0000
0000
0000
,
0002
0000
2000
0003
0000
3000
0000
0020
,
0000
0200
0030
0000
0300
0000
0000
0000
,
2002
0000
0000
0000
,
3003
0001
0010
0001
,
0020
0000
0000
0000
,
0030
0000
0000
0000
,
0001
0000
0100
0000
,
0010
0000
0100
0000
,
0001
0000
0010
0000
,
0100
0000
1000
0000
,
0010
0000
1000
0000
,
0100
0000
0010
0000
,
1001
0000
0000
0000
,
1001
0000
0000
0000
,
0110
0000
0000
0000
,
1001
0000
0000
0000
,
1001
0000
0000
0000
,
1000
0001
1000
0001
,
1000
0000
0000
0000
,
0001
0010
0001
0010
,
2002
0000
3003
0000
,
1000
0000
0100
0000
,
1000
0000
0010
0000
,
2002
0000
0000
0000
,
3003
1000
0001
1000
,
2002
0000
0000
0000
,
3003
0000
0000
0000
,
0100
0000
0010
0000
,
0100
0000
0001
0000
,
1001
0000
0000
0000
;

//---------------dance-single - C. Foy----------------
#NOTES:
     dance-single:
     C. Foy:
     Medium:
     5:
     0.319,0.000,0.057,0.501,0.000,177.000,6.000,53.000,8.000,0.000,0.000:
0000
0000
0000
0000
,
0000
0000
0000
0000
,
0000
0000
0000
0000
,
0000
0000
0000
2002
,
3003
0000
0000
0000
1000
0100
1000
0000
,
0001
0100
0001
0000
0100
0000
0100
0000
,
0000
0001
0100
0000
0010
0100
0010
0000
,
1000
0001
1000
0000
0100
0000
0100
0000
,
0000
1000
0100
0000
1000
0010
1000
0000
,
0100
1000
0100
0000
0010
0001
0010
0000
,
0000
0001
0010
0000
0100
0010
0100
0000
,
1000
0100
1000
0000
0001
1000
0001
0000
,
2000
0000
3200
0000
0320
0000
0130
0100
,
0000
2000
0000
0000
3000
0000
0000
0000
,
0020
0000
0230
0000
0302
0000
0103
0200
,
0000
0000
0000
0300
0000
0000
0000
0000
,
0002
0000
2003
0000
3020
0000
0130
0100
,
0000
0002
0000
0000
0003
0000
0010
0000
,
0020
0000
0000
0000
,
0030
0002
0023
0230
,
2300
0000
0000
0000
,
3000
0000
0000
0000
,
0001
0010
0001
0000
1000
0100
1000
0000
,
0010
0100
0010
0000
1000
0000
0100
0000
,
0020
0000
0032
0000
2003
0000
3100
0100
,
0000
0020
0000
0000
0030
0000
0000
0000
,
0002
0000
0203
0000
0320
0000
0130
0200
,
0000
0000
0000
0300
0000
0000
0000
0000
,
0002
0000
0023
0000
0032
0000
0103
0100
,
0000
0002
0000
0000
0003
0000
0010
0000
,
0020
0000
0000
0000
,
0030
0002
0203
0302
,
0023
0000
0000
0000
,
0030
0000
0000
0000
,
0000
0001
0100
0000
0010
1000
0010
0000
,
1000
0001
1000
0000
0010
0000
1000
0000
,
0000
0010
0100
0000
0001
0010
0001
0000
,
1000
0010
1000
0000
0100
0000
0010
0000
,
0000
0100
1000
0000
0010
1000
0010
0000
,
0100
0010
0100
0000
0001
0000
0010
0000
,
0011
0001
0100
0010
,
MMMM
1000
0100
0010
,
MMMM
0001
0100
0010
,
0110
0001
1001
0100
,
1001
0000
0000
0000
,
2000
0000
3002
0000
0023
0000
0130
0100
,
0000
0020
0000
0000
0030
0000
0000
0000
,
0002
0000
0203
0000
0302
0000
0010
0023
,
0000
0000
0000
0030
0000
0000
0000
0000
,
0002
0000
0203
0000
0320
0000
0130
0100
,
0000
0002
0000
0000
0003
0000
0010
0000
,
0020
0000
0000
0000
,
0030
0002
2003
3020
,
0230
0000
0000
0000
,
0300
0000
0000
0000
,
0000
0001
0100
0000
0010
1000
0010
0000
,
0100
0001
0100
0000
0010
0000
0010
0000
,
1001
0000
0000
0000
;

//---------------dance-single - C. Foy----------------
#NOTES:
     dance-single:
     C. Foy:
     Hard:
     7:
     0.359,0.000,0.246,0.520,0.113,185.000,26.000,55.000,8.000,0.000,0.000:
0000
0000
0000
0000
,
0000
0000
0000
0000
,
0000
0000
0000
0000
,
0000
0000
0000
2002
,
3003
0000
1000
0000
0001
0000
0000
0100
0000
0000
0010
0000
1000
0000
0000
0100
,
0000
0000
0010
0000
0100
0000
0000
1000
0000
0000
0100
0000
0100
0000
0000
0000
,
0000
0000
0010
0000
0001
0000
0000
0100
0000
0000
0010
0000
0100
0000
0000
0001
,
0000
0000
1000
0000
0010
0000
0000
1000
0000
0000
0100
0000
0100
0000
0000
0000
,
0000
0000
0010
0000
0001
0000
0000
0100
0000
0000
0010
0000
0100
0000
0000
0001
,
0000
0000
0010
0000
0100
0000
0000
0010
0000
0000
0001
0000
0100
0000
0000
0000
,
0000
0000
0010
0000
1000
0000
0000
0010
0000
0000
0100
0000
0001
0000
0000
0010
,
0000
0000
0100
0000
1000
0000
0000
0010
0000
0000
1000
0000
0100
0000
0000
0000
,
0020
0000
0100
0000
0002
0030
0100
0103
,
0000
0202
0000
0000
0303
0000
0000
0000
,
0200
0000
1000
0000
0002
0300
0010
0023
,
0000
0000
0000
0030
0000
0000
0000
0000
,
0020
0000
0001
0000
0200
0030
1000
1300
,
0000
2002
0000
3003
0010
0000
0100
0000
,
0220
0000
0000
0000
,
0330
0002
0203
2300
,
3200
0000
0000
0000
,
0300
0000
0000
0000
0000
0000
0000
0000
0000
0000
0000
0000
0000
0000
0000
0010
,
0000
0000
1000
0000
0100
0000
0000
0010
0000
0000
0100
0000
0001
0000
0000
0100
,
0000
0010
0100
0000
1000
0000
0001
0000
,
0020
0000
0001
0000
0200
0030
1000
1300
,
0000
2002
0000
0000
3003
0000
0000
0000
,
0002
0000
0203
0000
2300
0000
3100
0002
,
0000
0000
0000
0003
0000
0000
0000
0000
,
0002
0000
0023
0000
0032
0000
0103
0100
,
0000
2002
0000
3003
1001
0000
0010
0000
,
0220
0000
0000
0000
,
0330
2000
3200
0302
,
0203
0000
0000
0000
,
0300
0000
0000
0000
,
0000
0000
0010
0000
1000
0000
0000
0010
0000
0000
0100
0000
0100
0000
0000
0001
,
0000
0010
0010
0000
0001
0000
0100
0000
,
0000
0000
0010
0000
1000
0000
0000
0100
0000
0000
0010
0000
0010
0000
0000
0001
,
0000
0100
0100
0000
0010
0000
1000
0000
,
0000
0000
0100
0000
0010
0000
0000
0001
0000
0000
0010
0000
0010
0000
0000
0100
,
0000
1000
1000
0000
0001
0000
1000
0000
,
1010
0100
0101
0010
,
MMMM
0001
1001
0100
,
MMMM
0010
1001
0100
,
1100
1001
1100
0110
,
1001
0000
0000
0000
,
2001
0000
0000
0000
3020
0000
0000
0030
0110
0000
0000
0000
0100
0000
0100
0000
,
0000
2002
0000
0000
3003
0000
0000
0000
,
1020
0000
0000
0000
2030
0000
0000
3000
1001
0000
0000
0000
0001
0000
0202
0000
,
0000
0000
0000
0303
0000
0000
0000
0000
,
1002
0000
0000
0000
2003
0000
0000
3000
1200
0000
0000
0000
1300
0000
1000
0000
,
0000
0020
0000
0000
0001
0000
1000
0000
,
0230
0000
0000
0000
,
0300
0002
0023
2030
,
3020
0000
0000
0000
,
0030
0000
0000
0000
,
0000
0000
1000
0000
0100
0000
0000
0010
0000
0000
0100
0000
0100
0000
0000
1000
,
0000
0000
0010
0000
0010
0000
0000
0100
0000
0000
0001
0000
0001
0000
0000
0000
,
0011
0000
0000
0000
;

//---------------dance-single - C. Foy----------------
#NOTES:
     dance-single:
     C. Foy:
     Challenge:
     9:
     0.556,0.000,0.057,0.652,0.340,337.000,6.000,69.000,2.000,1.000,0.000:
0000
0000
0000
0000
,
0000
0000
0000
0000
,
0000
0000
0000
0000
,
0000
0000
0000
0000
0000
0000
0000
0000
0000
0000
0000
0000
0000
0000
0000
0000
0000
0000
0000
0000
0000
0000
0000
0000
0000
0000
0000
0000
0000
0000
0000
0000
0000
0000
0000
0000
0000
0000
0000
0000
0000
0000
0000
0000
0000
0000
0000
0000
2002
3003
0000
0000
0000
0000
0000
0000
0000
0000
0000
0000
0000
0000
0000
0000
,
M00M
0000
0010
0000
0010
0000
0000
0100
0001
0000
0010
0000
0100
0000
0000
1000
,
0010
0000
0100
0000
0001
0000
0000
0010
0100
0000
1000
0000
0010
0000
0100
0001
,
0000
0000
0010
0000
0010
0000
0000
0100
0010
0000
0100
0000
1000
0000
0000
0100
,
0010
0000
0001
0000
0010
0000
0000
0001
0100
0000
0010
0000
1000
0000
0001
1000
,
0000
0000
0010
0000
0010
0000
0000
0100
0001
0000
0010
0000
0100
0000
0000
0010
,
0100
0000
1000
0000
0100
0000
0000
0010
0001
0000
0100
0000
0001
0000
0100
0010
,
0000
0000
1000
0000
1000
0000
0000
0001
1000
0000
0100
0000
0010
0000
0000
0100
,
1000
0000
0000
0000
0000
0000
0000
0000
0001
0010
0100
1000
0001
0010
0100
1000
,
0020
0000
0000
0000
0002
0000
0000
0030
2000
0000
0000
0003
0200
0000
3002
0000
,
0000
0300
0020
0000
0000
0003
0000
0000
0100
0000
0000
0000
0100
0000
0000
0000
,
0200
0000
0000
0030
2000
0000
0000
0300
0020
0000
0000
3000
0002
0030
0020
0000
,
0000
0003
1000
0000
1000
0000
1000
0000
,
2000
0000
0030
0000
0200
0000
0000
3000
0002
0000
0000
0300
2000
0003
0020
0000
,
0000
3000
0002
0000
0000
0000
0000
0030
2000
0000
0000
0003
0020
0000
0000
3000
,
0002
0030
0010
0000
0010
0000
0010
0000
,
0010
0000
0000
0003
0002
0000
0000
0000
0020
0000
0000
0003
2000
0000
0000
0030
,
3200
0010
0010
0010
,
0310
0000
0000
0000
0010
0000
0000
0000
0010
0000
0000
0000
0010
0000
0000
0001
,
0010
0000
0100
0000
1000
0000
0000
1000
0100
0000
0010
0000
0001
0000
0000
0001
,
0100
0000
0010
0000
1000
0000
0000
0000
0010
0000
0000
0000
0010
0100
0001
1000
,
0020
0000
0000
0000
0002
0000
0030
0000
2000
0000
0003
0000
0200
3000
0002
0000
,
0300
0020
0003
0000
0000
0000
0000
0000
,
2000
0000
0030
0000
0002
0000
3000
0000
0200
0000
0003
0000
0020
0300
0002
0000
,
0000
0030
0000
0000
0000
0000
0000
0000
,
0200
0000
0003
0000
2000
0000
0300
0000
0002
0000
3000
0000
0020
0003
0002
0000
,
0000
0030
2000
0000
0003
0000
0000
0000
0200
0000
3000
0000
0010
0000
0300
0000
,
0120
0000
0100
0000
0100
0000
0100
0030
,
0010
1000
0010
0100
0010
1000
0010
0100
0001
0100
0001
1000
0001
0100
0001
1000
,
0001
0000
0010
0000
0010
0000
0000
0001
0100
0000
0010
0000
0010
0000
0000
1000
,
0100
0000
0010
0000
0010
0000
0000
0001
0100
0000
0010
0000
0010
0000
1000
0001
,
0000
0000
0100
0000
0100
0000
0000
0001
0010
0000
0100
0000
0100
0000
0000
0010
,
0001
0000
0100
0000
0100
0000
0000
0001
1000
0000
0010
0000
0010
0000
1000
0100
,
0000
0000
0010
0000
0010
0000
0000
0001
0100
0000
0010
0000
0010
0000
0000
1000
,
0100
0000
0010
0000
0010
0000
0000
0001
0100
0000
0010
0000
0010
0000
1000
0001
,
0000
0000
1000
0000
1000
0000
0000
0001
0010
0000
0001
0000
0001
0000
0000
0001
,
0010
0000
0010
0000
0100
0000
0000
0100
1000
0000
1000
0000
0010
0000
0010
0100
,
0010
0000
1000
0000
0000
0001
0010
0100
1000
0100
0010
0001
0010
0000
0100
1000
,
0100
1000
0100
0000
0000
0010
0100
0010
0001
0010
0100
0010
0001
0000
0100
0010
,
0100
0000
0001
0000
0000
1000
0010
1000
0001
1000
0010
1000
0001
0000
1000
0001
,
1001
0000
1000
0001
1000
0000
0001
1000
1001
0000
1000
0001
1000
0000
0001
1000
,
1001
0000
0000
0000
0000
0000
0000
0000
0001
0010
0001
0010
0002
0000
0000
0000
,
0200
0000
0000
0003
2000
0000
0300
0000
0002
0000
0000
3000
2000
0003
0002
0000
,
0000
3000
2000
0000
0000
0003
0000
0000
0001
0000
0000
0000
0100
0000
0000
0000
,
0100
0000
0000
0000
0200
0000
3000
0000
0002
0000
0300
0000
0020
0003
0200
0000
,
0000
0030
0000
0000
0010
0000
0000
0000
0001
0000
0000
0000
0001
0000
0000
0000
,
0002
0000
0000
0300
2000
0000
0000
0003
0002
0000
0000
3000
2000
0003
0002
0000
,
0000
3000
0200
0000
0000
0003
0000
0000
0020
0000
0000
0300
0002
0000
0000
0030
,
0200
0000
0000
0003
0000
0000
0000
0000
0001
0000
0000
0000
0001
0000
0000
0000
,
0001
0000
0000
0000
0002
0000
0300
0000
0020
0000
0003
0000
2000
0000
0000
0030
,
0020
0000
0000
3000
1000
0000
0000
0000
1000
0000
0000
0000
1000
0000
0000
0000
,
1030
1000
0010
0001
,
1000
0000
0001
0000
0100
0000
0000
0100
0010
0000
0010
0000
1000
0000
0000
1000
,
0100
0000
0100
0000
0010
0000
0000
0010
0001
0000
0001
0000
0100
0000
0100
0000
,
1001
0000
0000
0000
;

//---------------dance-single - K. Ward----------------
#NOTES:
     dance-single:
     K. Ward:
     Beginner:
     1:
     0.090,0.000,0.104,0.000,0.000,56.000,11.000,0.000,0.000,0.000,0.000:

0000
0000
0000
0000
,
0000
0000
0000
0000
,
0000
0000
0000
0000
,
0000
0000
0000
1001
,
0000
1000
0000
0000
,
0000
0001
0000
0000
,
0000
0100
0000
0000
,
0000
0010
0000
0000
,
0000
0001
0000
0000
,
0000
0100
0000
0000
,
0000
0001
0000
0000
,
1001
0000
0000
0000
,
1001
0000
0000
0000
,
1000
0000
0000
0000
,
0100
0000
0000
0000
,
1000
0000
0000
0000
,
0001
0000
0010
0000
,
0001
0000
0000
0000
,
0100
0000
0000
0000
,
0000
0000
0000
0000
,
1001
0000
0000
0000
,
0000
0000
0000
0000
,
0010
0000
0000
0000
,
0100
0000
0000
0000
,
0001
0000
0000
0000
,
1000
0000
0000
0000
,
0010
0000
0000
0000
,
0100
0000
0000
0000
,
0001
0000
0000
0000
,
1000
0000
0000
0000
,
1001
0000
0000
0000
,
0000
0000
0000
0001
,
1000
0000
0000
0000
,
0000
0000
0000
0000
,
0010
0000
0000
0000
,
0100
0000
0000
0000
,
0001
0000
0010
0000
,
0001
0000
0000
0000
,
1000
0000
0100
0000
,
1000
0000
0000
0000
,
0110
0000
0000
0000
,
1000
0000
0000
0000
,
0001
0000
0000
0000
,
1001
0000
0000
0000
,
1001
0000
0000
0000
,
1000
0000
0001
0000
,
1000
0000
0000
0000
,
0010
0000
0100
0000
,
0010
0000
0000
0000
,
1000
0000
0000
0000
,
0001
0000
0000
0000
,
1001
0000
0000
0000
,
0000
0000
0000
0000
,
0110
0000
0000
0000
,
0000
0000
0000
0000
,
0100
0000
0010
0000
,
0100
0000
0000
0000
,
1001
0000
0000
0000
;

//---------------dance-double - M.Emirzian----------------
#NOTES:
     dance-double:
     M.Emirzian:
     Hard:
     7:
     0.373,0.000,0.199,0.057,0.165,249.000,21.000,6.000,0.000,0.000,0.000:
00000000
00000000
00000000
00000000
,
00000000
00000000
00000000
00000000
,
00000000
00000000
00000000
00000000
,
00000000
00000000
00000000
00020100
,
00031000
00000000
00000000
00000000
00010000
00000000
00000000
00001000
00000000
00000000
00010000
00000000
01000000
00000000
00000000
00010000
,
00000000
00000000
00001000
00000000
00000100
00000000
00000000
00001000
00000000
00000000
00010000
00000000
00100000
00000000
00000000
10010000
,
00000000
00000000
10000000
00000000
01000000
00000000
00000000
00100000
00000000
00000000
01000000
00000000
10000000
00000000
00000000
01000000
,
00000000
00000000
00010000
00000000
00001000
00000000
00000000
00000010
00000000
00000000
00000001
00000000
00000010
00000000
00000000
00000100
,
00000000
00000000
00000001
00000000
00000100
00000000
00000000
00001000
00000000
00000000
00000010
00000000
00000100
00000000
00000000
00001000
,
00000000
00000000
00010000
00000000
00100000
00000000
00000000
00010000
00000000
00000000
00001000
00000000
00010000
00000000
00000000
01000000
,
00000000
00000000
10000000
00000000
00100000
00000000
00000000
00010000
00000000
00000000
00100000
00000000
10000000
00000000
00000000
00000000
,
20020000
00000000
00000000
30030000
,
10000000
01000000
00100000
00001000
00010000
00001000
01000000
00000000
,
00001000
00010000
00000100
00000000
00001100
00000000
00010100
00000000
,
00000010
00001000
00000100
00000010
00000001
00000100
00000010
00000000
,
00000100
00000001
00001000
00000000
00001100
00000000
00010010
00000000
,
00001000
00000100
00001000
00010000
00100000
00010000
00001000
00000000
,
01000000
00010000
00100000
00000000
10010000
00000000
01100000
00000000
,
00010000
00000000
10000000
00000000
01000000
00100000
00010000
00000000
,
01000000
00000000
00100000
00000000
01000000
00010000
10000000
00000000
,
01000000
00000000
00010000
00000000
00001000
00000100
00001000
00000000
,
00010000
00000000
00100000
00000000
00010000
00001000
01000000
00000000
,
00001000
00000000
00010000
00000000
00000010
00001000
00000100
00000000
,
00000001
00000000
00000100
00000000
00001000
00000001
00000100
00000000
,
00000010
00000000
00010000
00000000
,
01000000
00000000
00000000
00000000
,
00100000
00000000
00001000
00000000
,
00000100
00000000
00000000
00000000
,
00000001
00000000
00010000
00000000
,
10000000
00000000
00000000
00000000
,
10000000
00000000
00010000
00000000
,
00000001
00000010
00000100
00001000
,
00000010
00000000
00000000
00000000
00000100
00000000
00000000
00000001
00000000
00000000
00000010
00000000
00001000
00000000
00000000
00010000
,
00000000
00000000
00100000
00000000
10000000
00000000
00000000
00100000
00000000
00000000
01000000
00000000
10000000
00000000
00000000
01000000
,
00000000
00000000
00010000
00000000
00100000
00000000
00000000
01000000
00000000
00000000
00010000
00000000
00001000
00000000
00000000
00000100
,
00000000
00000000
00001000
00000000
00010000
00000000
00000000
01000000
00000000
00000000
00010000
00000000
00001000
00000000
00000000
00000010
,
00000000
00000000
00000100
00000000
00010000
00000000
00000000
00001000
00000000
00000000
00000100
00000000
00000001
00000000
00000000
00000100
,
00000000
00000000
00001000
00000000
00010000
00000000
00000000
00001000
00000000
00000000
01000000
00000000
00100000
00000000
00000000
10000000
,
00000000
00000000
01000000
00000000
00100000
00000000
00000000
00010000
00000000
00000000
01000000
00000000
00001000
00000000
00000000
00010000
,
00000000
00000000
00000100
00000000
00001000
00000000
00000000
00000010
00000000
00000000
00000100
00000000
00000001
00000000
00000000
00000000
,
00002002
00000000
00000000
00000000
,
00000000
00000000
00000000
00000000
,
00000000
00000000
00000000
00003003
,
00001100
00010010
00011000
01001000
,
00200000
00000000
00000000
10300000
,
01000000
00100000
00010000
01000000
00100000
01000000
00001000
00000000
,
00100000
00010000
01000000
00000000
00110000
00000000
00101000
00000000
,
00001000
00010000
01000000
00010000
00001000
00000100
00001000
00000000
,
00010000
00000100
00001000
00000000
00001010
00000000
00001001
00000000
,
00000010
00000100
00001000
00000010
00001000
00000100
00010000
00000000
,
00001000
00010000
00000100
00000000
00011000
00000000
01001000
00000000
,
00010000
00000000
01000000
00000000
00100000
10000000
01000000
00000000
,
00100000
00000000
00010000
00000000
10000000
01000000
00010000
00000000
,
01000000
00000000
10000000
00000000
00010000
00000000
00000000
01000000
00000000
00000000
00100000
00000000
10000000
00000000
00000000
01000000
,
00000000
00000000
00100000
00000000
00010000
00000000
00000000
01000000
00000000
00000000
00001000
00000000
00010000
00000000
00000000
00000100
,
00000000
00000000
00000001
00000000
00001000
00000000
00000000
00000010
00000000
00000000
00000001
00000000
00000010
00000000
00000000
00001000
,
00000000
00000000
00010000
00000000
00100000
00000000
00000000
10000000
00000000
00000000
01000000
00000000
00100000
00000000
00000000
00000000
,
10010000
00000000
00000000
00000000
;

//---------------dance-double - M.Emirzian----------------
#NOTES:
     dance-double:
     M.Emirzian:
     Challenge:
     9:
     0.628,0.000,0.189,0.019,0.605,443.000,20.000,2.000,0.000,0.000,0.000:
00000000
00000000
00000000
00000000
,
00000000
00000000
00000000
00000000
,
00000000
00000000
00000000
00000000
,
00000000
00000000
00000000
10020000
,
00130000
00000000
01000000
10000000
00100000
00000000
10000000
00010000
01000000
00000000
10000000
01000000
00010000
00000000
10000000
01000000
,
00010000
00000000
00001000
01000000
00010000
00000000
00100000
00001000
00010000
00000000
00000100
00001000
00000001
00000000
00000010
00000100
,
00001000
00000000
00000010
00000100
00000001
00000000
00000010
00001000
00010000
00000000
00000100
00010000
00001000
00000000
00010000
00001000
,
00000010
00000000
00001000
00010000
00000100
00000000
00010000
00001000
01000000
00000000
00001000
00010000
00100000
00000000
00010000
00001000
,
01000000
00000000
00001000
00010000
00100000
00000000
00010000
00001000
01000000
00000000
00010000
01000000
10000000
00000000
00010000
00100000
,
10000000
00000000
00001000
00010000
00000100
00000000
00000010
00000001
00000100
00000000
00000001
00000100
00001000
00000000
00000100
00001000
,
00010000
00000000
00000010
00010000
00001000
00000000
00000100
00001000
00010000
00000000
00000010
00010000
00001000
00000000
00010000
00100000
,
01000000
00010000
01000000
00100000
10000000
01000000
10000000
00010000
01000000
00001000
00010000
00000100
00001000
00000010
00001000
00000100
,
00000010
00000000
00000000
00001001
00000000
00000000
00000010
00000000
00001000
00000000
00000100
00000000
00000010
00000000
00001000
00000000
,
00010000
00000000
00000000
00010100
00000000
00000000
00010000
00000000
00001000
00000000
00000100
00000000
00001000
00000000
00010000
00000000
,
00100000
00000000
00000000
00011000
00000000
00000000
00010000
00000000
01000000
00000000
10000000
00000000
00100000
00000000
10000000
00000000
,
01000000
00000000
00000000
01010000
00000000
00000000
00010000
00000000
00001000
00000000
00000010
00000000
00000001
00000000
00001000
00000000
,
00000010
00000000
00000000
00001001
00000000
00000000
00000010
00000000
00000100
00000000
00001000
00000000
00010000
00000000
00001000
00000000
,
00000100
00000000
00000000
00010010
00000000
00000000
00001000
00000000
00000010
00000000
00001000
00000000
00010000
00000000
00100000
00000000
,
10000000
00000000
00000000
11000000
00000000
00000000
00010000
00000000
01000000
00000000
10000000
00000000
01000000
00000000
00010000
00000000
,
10000000
00000000
00000000
00110000
00000000
00000000
01000000
00000000
00010000
00000000
00001000
00000000
00010000
00000000
01000000
00000000
,
00100000
00000000
00001000
00000000
00010000
00000000
00000000
00001000
00000000
00000000
00000100
00000000
00000001
00000000
00000000
00001000
,
00000000
00000000
00000100
00000000
01000000
00000000
00000000
00100000
00000000
00000000
10000000
00000000
01000000
00000000
00000000
00100000
,
00000000
00000000
00000100
00000000
00000010
00000000
00000000
00000001
00000000
00000000
00001000
00000000
00000010
00000000
00000000
00000000
,
00000100
00000001
00010000
00001000
,
10000000
01000000
00100000
00000100
,
00000010
00000000
00000001
00000000
,
00001000
00000010
10000000
00100000
,
01000000
00000000
00010000
00000000
,
10000000
01000000
00100000
00000100
,
00000010
00000000
00000001
00000000
,
00000100
00000010
00001000
00000100
,
00001000
00000001
00001000
00000100
00001000
00000100
00010000
00000100
00010000
00001000
01000000
00100000
10000000
01000000
00100000
00010000
,
01000000
00000000
00100000
10000000
01000000
00000000
00100000
00010000
10000000
00000000
01000000
00010000
00001000
00000000
00100000
00001000
,
00010000
00000000
01000000
00010000
00001000
00000000
00100000
00001000
00010000
00000000
01000000
00010000
00001000
00000000
00000010
00001000
,
00010000
00000000
00000100
00010000
00001000
00000000
00000010
00001000
00010000
00000000
00000010
00010000
00001000
00000000
00000010
00001000
,
00010000
00000000
00000100
00001000
00000001
00000000
00000010
00000100
00001000
00000000
00000010
00010000
00001000
00000000
01000000
00100000
,
00010000
00000000
00100000
10000000
00010000
00000000
10000000
01000000
00100000
00000000
01000000
00010000
00001000
00000000
00000100
00000010
,
00001000
00000000
00000100
00000010
00000001
00000000
00001000
00000010
00000100
00000000
00000001
00000100
00001000
00000000
00010000
00001000
,
01000000
00000000
00100000
00010000
00001000
00000000
00010000
00001000
01000000
00000000
00100000
00010000
00001000
00000000
00000100
00001000
,
00010000
00000000
00000100
00010000
00001000
00000000
00000100
00001000
00010000
00000000
00000100
00010000
00001000
00000000
00000100
00001000
,
00010000
00000000
00100000
00000000
00000000
10000000
00010000
00000000
00010000
10000000
00000000
10000000
01000000
00100000
00000000
00100000
,
00010000
00000000
01010000
00000000
00000000
01000000
00001000
00000000
00001000
00010000
00000000
00010000
00000100
00001000
00000000
00001000
,
00000010
00000000
00001001
00000000
00000000
00000010
00001000
00000000
00001000
00000100
00000000
00000100
00010000
00001000
00000000
00001000
,
00010000
00000010
00010000
00001000
00010000
01000000
10000000
00010000
01000000
00100000
10000000
00010000
10000000
01000000
00100000
00010000
,
20000000
00000000
00000000
31000000
,
00100000
00000000
00000000
10010000
00000000
00000000
01000000
00000000
00100000
00000000
00001000
00000000
00010000
00000000
01000000
00000000
,
10000000
00000000
00000000
00110000
00000000
00000000
01000000
00000000
00100000
00000000
00001000
00000000
00010000
00000000
00000100
00000000
,
00000010
00000000
00000000
00001001
00000000
00000000
00000010
00000000
00001000
00000000
00000100
00000000
00000010
00000000
00000001
00000000
,
00000100
00000000
00000000
00000110
00000000
00000000
00000010
00000000
00010000
00000000
00001000
00000000
01000000
00000000
00010000
00000000
,
00100000
00000000
00000000
10010000
00000000
00000000
01000000
00000000
00100000
00000000
00010000
00000000
01000000
00000000
00001000
00000000
,
00010000
00000000
00000000
01001000
00000000
00000000
00010000
00000000
00100000
00000000
01000000
00000000
00010000
00000000
00001000
00000000
,
00000100
00000000
00000000
00010010
00000000
00000000
00001000
00000000
00000010
00000000
00000001
00000000
00001000
00000000
00000010
00000000
,
00000100
00000000
00000000
00001001
00000000
00000000
00000010
00000000
00000100
00000000
00010000
00000000
00001000
00000000
01000000
00000000
,
00010000
00000000
10000000
00000000
01000000
00000000
00000000
00100000
00000000
00000000
00010000
00000000
01000000
00000000
00000000
00001000
,
00000000
00000000
00010000
00000000
00100000
00000000
00000000
00010000
00000000
00000000
00000100
00000000
00010000
00000000
00000000
01000000
,
00000000
00000000
00010000
00000000
00001000
00000000
00000000
00000010
00000000
00000000
00000100
00000000
00001000
00000000
00000000
00000001
,
00000000
00000000
00000100
00000000
00001000
00000000
00000000
00010000
00000000
00000000
00100000
00000000
10000000
00000000
00000000
01000000
,
10010000
00000000
00000000
00000000
;

//---------------dance-double - M.Emirzian----------------
#NOTES:
     dance-double:
     M.Emirzian:
     Medium:
     3:
     0.226,0.000,0.038,0.123,0.000,150.000,4.000,13.000,0.000,0.000,0.000:
00000000
00000000
00000000
00000000
,
00000000
00000000
00000000
00000000
,
00000000
00000000
00000000
00000000
,
00000000
00000000
00000000
00021000
,
00030000
00001000
01000000
00000000
00000000
00100000
10000000
00000000
,
00000000
00010000
01000000
00000000
00000000
00001000
00010000
00000000
,
00000000
00000100
00000010
00000000
00000000
00000001
00001000
00000000
,
00000000
00000010
00001000
00000000
00000100
00000000
00010000
00000000
,
00000000
00001000
00000100
00000000
00000000
00001000
00010000
00000000
,
00000000
00100000
00010000
00000000
00000000
00001000
01000000
00000000
,
00000000
00100000
01000000
00000000
00000000
00010000
10000000
00000000
,
00000000
01000000
00100000
00000000
00001000
00000000
00010000
00000000
,
00000100
00010000
00000100
00000000
00001000
00000000
00000010
00000000
,
00000200
00000000
00000000
00000300
,
00000001
00001000
00000100
00000000
00000010
00000000
00000001
00000000
,
00000200
00000000
00000000
00000300
,
00000010
00001000
00000100
00000000
00010000
00000000
00001000
00000000
,
02000000
00000000
00000000
03000000
,
00010000
10000000
01000000
00000000
00100000
00000000
00010000
00000000
,
00200000
00000000
00000000
00300000
,
00001000
00000000
01000000
00000000
,
00100000
00000000
00010000
00000000
,
00001000
00000000
00000010
00000000
,
00000001
00000000
00001000
00000000
,
00000100
00000000
00000000
00000000
,
00000000
00000000
00000000
00000000
,
00010000
00000000
00000000
00000000
,
00000000
00000000
00000000
00000000
,
00001000
00000000
00000000
00000000
,
00000000
00000000
00000000
00000000
,
10000000
01000000
00100000
00000000
,
00000100
00001000
00000010
00000000
,
00000000
00000100
00000001
00000000
00000000
00001000
00000100
00000000
,
00000000
00010000
00001000
00000000
00000000
00000100
00001000
00000000
,
00000000
00100000
00010000
00000000
00000000
00001000
00010000
00000000
,
00000000
00001000
01000000
00000000
00100000
00000000
10000000
00000000
,
00000000
01000000
00100000
00000000
00000000
01000000
10000000
00000000
,
00000000
01000000
00010000
00000000
00000000
00001000
00010000
00000000
,
00000000
00001000
00000100
00000000
00000000
00000001
00001000
00000000
,
00000000
00000100
00000010
00000000
00000001
00000000
00001000
00000000
,
00002002
00000000
00000000
00000000
,
00000000
00000000
00000000
00000000
,
00000000
00000000
00000000
00000000
,
00000000
00000000
00000000
00003003
,
00020200
00000000
00000000
00030300
,
00010000
00001000
01000000
00000000
00010000
00000000
00100000
00000000
,
00020000
00000000
00000000
00030000
,
01000000
00100000
10000000
00000000
01000000
00000000
00100000
00000000
,
00020000
00000000
00000000
00030000
,
10000000
01000000
00010000
00000000
00001000
00000000
00010000
00000000
,
00000200
00000000
00000000
00000300
,
00000001
00000100
00001000
00000000
00000001
00000000
00000100
00000000
,
00002000
00000000
00000000
00003000
,
00010000
00000100
00010000
00001000
,
00000010
00000000
00001000
00000000
00010000
00000000
00100000
01000000
,
00010000
00100000
10000000
00100000
,
00010000
01000000
00001000
00010000
,
00010100
00000000
00000000
00000000
;

//---------------dance-double - M.Emirzian----------------
#NOTES:
     dance-double:
     M.Emirzian:
     Easy:
     2:
     0.163,0.000,0.057,0.028,0.000,112.000,6.000,3.000,0.000,0.000,0.000:
00000000
00000000
00000000
00000000
,
00000000
00000000
00000000
00000000
,
00000000
00000000
00000000
00000000
,
00000000
00000000
00000000
00021000
,
00031000
00000000
01000000
00000000
,
00001000
00000000
00100000
00000000
,
00001000
00000000
00010000
00000000
,
00000100
00000000
00010000
00000000
,
00001000
00000000
01000000
00000000
,
00100000
00000000
10000000
00000000
,
00010000
00000000
00100000
00000000
,
02200000
00000000
00000000
03300000
,
10000000
00000000
00010000
00000000
,
00100000
00000000
00001000
00000000
,
00010000
01000000
00010000
00000000
,
00001000
00000000
00010000
00000000
,
00100000
00010000
00100000
00000000
,
00010000
00000000
00001000
00000000
,
00000010
00000000
00000001
00000000
,
00001000
00000001
00001000
00000000
,
00000010
00000000
00000100
00000000
,
00000001
00000000
00001000
00000000
,
00000100
00000000
00010000
00000000
,
00001000
00000000
01000000
00000000
,
00010000
00000000
10000000
00000000
,
01000000
00000000
00000000
00000000
,
00100000
00000000
00001000
00000000
,
00010000
00000000
00000000
00000000
,
00000100
00000000
00001000
00000000
,
00000001
00000000
00000000
00000000
,
00001010
00000000
00000000
00000000
,
00001000
00000100
00010000
00001000
,
00010000
00000000
00001000
00000000
,
01000000
00010000
01000000
00000000
,
00100000
00000000
10000000
00000000
,
01000000
00100000
01000000
00000000
,
00010000
00000000
00001000
00000000
,
00010000
01000000
00010000
00000000
,
00001000
00000000
00000100
00000000
,
00000001
00001000
00000001
00000000
,
00001100
00000000
00000000
00000000
,
00010000
00000000
00000000
00000000
,
00001000
00000000
00000000
00000000
,
01000000
00000000
00000000
00000000
,
00010000
00000000
00000000
00000000
,
10000000
00000000
01000000
00000000
,
00100000
00000000
00010000
01000000
,
00010000
00000000
00100000
00000000
,
00001000
00000000
00010000
00000100
,
00001000
00000000
00000010
00000000
,
00000100
00000000
00000001
00000000
,
00001000
00000100
00001000
00000000
,
00000100
00010000
00001000
00000000
,
00011000
00000000
01000000
00000000
,
00010000
00000000
10000000
00000000
,
01000000
00100000
01000000
00000000
,
00100000
00000000
00001000
00000000
,
00011000
00000000
00000000
00000000
;
