#TITLE:DJ Party;
#SUBTITLE:;
#ARTIST:BB Hayes;
#TITLETRANSLIT:;
#SUBTITLETRANSLIT:;
#ARTISTTRANSLIT:;
#GENRE:;
#CREDIT:;
#BANNER:DJ Party-banner.png;
#BACKGROUND:DJ Party-bg.png;
#LYRICSPATH:;
#CDTITLE:;
#MUSIC:DJ Party.ogg;
#OFFSET:0.010;
#SAMPLESTART:42.393;
#SAMPLELENGTH:16.000;
#SELECTABLE:YES;
#BPMS:0.000=130.000;
#STOPS:;
#BGCHANGES:0.000=DJ Party-bg.png=1.000=0=0=1=====,
8.000=VOL1-02-NTSC.mpg=1.000=0=0=1=====,
12.000=739_JumpBack.mpg=1.000=0=0=1=====,
16.000=VOL1-20-NTSC.mpg=1.000=0=0=1=====,
24.000=DJ Party-bg.png=1.000=0=0=1=====,
27.000=VOL1-35-NTSC.mpg=1.000=1=0=1===CrossFade==,
44.000=vol3-07-ntsc.mpg=1.000=0=0=1=====,
60.000=VOL1-32-NTSC.mpg=1.000=0=0=1=====,
76.000=VOL1-20-NTSC.mpg=1.000=0=0=1=====,
92.000=EV01453N.mpg=1.000=0=0=1=====,
108.000=708_JumpBack.mpg=1.000=0=0=1=====,
124.000=739_JumpBack.mpg=1.000=0=0=1=====,
140.000=EV01453N.mpg=1.000=0=0=1=====,
156.000=DJ Party-bg.png=1.000=1=0=1===CrossFade==,
159.000=vis_vol3-19-ntsc.mpg=1.000=1=0=1===CrossFade==,
176.000=vis_vol4-18-ntsc.mpg=1.000=1=0=1===CrossFade==,
192.000=EV01453N.mpg=1.000=0=0=1=====,
208.000=739_JumpBack.mpg=1.000=0=0=1=====,
224.000=EV01441N.mpg=1.000=0=0=1=====,
240.000=708_JumpBack.mpg=1.000=0=0=1=====,
256.000=VOL1-49-NTSC.mpg=1.000=0=0=1=====,
264.000=DJ Party-bg.png=1.000=0=0=1=====,
99999=-nosongbg-=1.000=0=0=0 // don't automatically add -songbackground-
;
#KEYSOUNDS:;
// cache tags:
#FIRSTBEAT:8.000;
#LASTBEAT:264.000;
#SONGFILENAME:/Songs/In The Groove/DJ Party/DJ Party.sm;
#HASMUSIC:1;
#HASBANNER:1;
#MUSICLENGTH:124.614;
// end cache tags

//---------------dance-single - K. Ward----------------
#NOTES:
     dance-single:
     K. Ward:
     Hard:
     8:
     0.522,0.000,0.554,0.169,0.297,365.000,69.000,21.000,0.000,0.000,0.000:



0000
0000
0000
0000
,
0000
0000
0000
0000
,
0011
0011
0000
0000
0000
0000
0000
0000
,
0110
0110
0000
0000
0000
0000
0000
1000
,
1100
0110
1100
0011
,
1000
0001
0100
0010
0100
0001
0010
0001
,
1001
0000
0000
0000
,
2000
0000
3010
0000
0100
0001
0011
0000
,
0002
0000
0103
0000
0010
1000
1100
0000
,
0020
0000
0130
0000
0001
0100
0110
0000
,
0100
0000
0010
0000
1000
0010
0100
0001
,
0020
0000
0031
0000
0100
0010
0110
0000
,
2000
0000
3100
0000
1000
0010
0100
0001
,
0011
1100
0011
1100
,
0110
0000
0011
0000
0100
0010
1000
0010
,
0200
0000
0301
0000
0000
0011
0011
0000
,
0200
0000
0310
0000
0000
1100
1100
0000
,
0002
0000
0013
0000
0000
1001
1001
0000
,
0200
0000
0310
0000
1000
0100
1000
0010
,
0200
0000
0301
0000
0000
0011
0011
0000
,
2000
0000
3100
0000
1000
0010
0100
0001
,
0010
0001
0100
0010
,
1000
0000
0100
0000
1000
0010
0100
0001
,
0001
0000
0100
0000
0010
1000
0000
0100
0000
1000
0000
1100
0000
0000
0000
0000
,
0001
0010
0001
0010
0001
0100
0000
0010
0000
1000
0000
1100
0000
0000
0000
0000
,
1000
0000
0010
0000
0100
0001
0000
0010
0000
0001
0000
0011
0000
0000
0000
0000
,
1000
0100
1000
0100
1000
0010
0000
0100
0000
0001
0000
0011
0000
0000
0000
0000
,
0100
0000
0010
0000
1000
0100
0000
1000
0000
0010
0000
0100
0000
0000
0001
0000
,
0001
0000
0010
0000
0001
0100
0000
0001
0000
1000
0000
0100
0000
0000
1000
0000
,
1000
0100
0010
0001
0100
0010
1000
0010
,
0100
0001
0010
0001
0200
0000
0310
0000
,
0001
0000
0011
0000
0001
0010
0011
0000
,
1000
0000
1100
0000
0100
1000
1100
0000
,
2000
0000
3010
0000
0100
0010
0110
0000
,
1000
0000
0010
0000
0100
0010
0000
1000
0000
0100
0000
1100
0000
0000
0000
0000
,
0010
0000
0110
0000
1000
0100
1100
0000
,
0001
0000
0011
0000
0100
0010
0110
0000
,
1000
0100
0100
0000
1000
0010
0010
0000
,
0100
0001
0001
0010
0001
0000
0011
0000
,
1001
0000
0000
0000
,
1001
0000
1100
0000
0000
0110
0000
0000
,
0011
0000
0000
1010
0000
0001
0010
0002
,
0000
0003
0110
0000
0000
1100
0000
0000
,
0101
0000
0000
0011
0000
0001
0100
0010
,
1100
0000
0010
0000
0100
0010
0000
0010
,
0100
0000
0001
0010
0000
0010
0001
0100
,
0010
0100
0010
1000
0100
1000
0010
0100
,
0001
0010
0001
1000
1100
1100
1100
0000
,
1000
0000
0010
0000
0100
0001
0000
0010
0000
0001
0000
0011
0000
0000
0000
0000
,
1000
0100
1000
0100
1000
0010
0000
0100
0000
0001
0000
0011
0000
0000
0000
0000
,
0001
0000
0100
0000
0010
1000
0000
0100
0000
1000
0000
1100
0000
0000
0000
0000
,
0001
0010
0001
0010
0001
0100
0000
0010
0000
1000
0000
1100
0000
0000
0000
0000
,
0010
0000
0100
0000
0001
0010
0000
0001
0000
0100
0000
0020
0000
0000
0000
0000
,
1030
0000
0100
0000
1000
0010
0000
1000
0000
0001
0000
0020
0000
0000
0000
0000
,
0031
0100
0010
1000
0010
0100
0001
0010
,
0001
1000
0100
1000
0010
0100
0002
0000
,
1003
0000
1100
0000
0010
0100
0110
0000
,
1000
0000
0010
0000
0100
0001
0000
0010
0000
0001
0010
0000
0011
0000
0000
0000
,
1000
0100
1100
0000
0001
0010
0011
0000
,
1000
0000
0010
0000
0100
0010
0000
1000
0000
0010
1000
0000
1100
0000
0000
0000
,
0001
0000
0001
0000
1000
0010
0000
0100
0000
0001
0000
0020
0000
0000
0000
0000
,
0031
0000
0100
0000
0010
1000
0000
0100
0000
1000
0000
0200
0000
0000
0000
0000
,
1300
0010
0100
0001
0010
0001
0100
0010
,
1000
0100
1000
0010
0100
0001
0011
0000
,
2002
0000
3003
0000
,
0000
0000
0000
0000
,
1001
0000
0000
0000
;

//---------------dance-single - K. Ward----------------
#NOTES:
     dance-single:
     K. Ward:
     Medium:
     5:
     0.319,0.000,0.273,0.144,0.000,226.000,34.000,18.000,0.000,0.000,0.000:




0000
0000
0000
0000
,
0000
0000
0000
0000
,
2000
0000
0000
0000
,
3002
0000
0000
0000
,
0013
0001
0100
0010
,
1000
0001
1000
0001
1000
0001
1000
0001
,
1001
0000
0000
0000
,
1000
1000
0010
0100
,
0100
0000
0001
0000
0010
0000
0001
0100
,
0010
0010
0100
0100
,
0001
0000
1000
0000
0100
0000
0010
0001
,
1000
0010
0100
0001
,
1000
0000
0010
0000
0100
0000
0001
0010
,
0001
0010
0001
0001
,
0100
0100
0010
1000
,
2000
0000
3200
0000
,
0320
0000
0031
0011
,
0200
0000
0320
0000
,
0230
0000
0301
0011
,
0001
0100
0010
1000
,
1000
0000
0010
0000
0100
0000
0001
0010
,
0001
0001
1000
1000
,
0010
0000
0010
0000
1000
0100
1000
0100
,
1000
0000
0010
0000
0100
0001
0011
0000
,
1000
0000
0010
0000
0100
0010
0110
0000
,
1000
0000
0100
0000
1000
0100
1100
0000
,
0010
0000
0100
0000
0001
0010
0002
0000
,
0103
0110
1000
1100
,
0001
0000
0011
0000
0100
0010
1000
0000
,
1000
0010
0100
0001
,
0010
0001
0100
0100
,
0020
0000
1030
0000
,
0002
0000
0100
0103
,
0020
0000
1030
0000
,
0200
0000
1300
0100
,
1000
1100
0000
0001
,
0010
0011
0000
0001
,
0000
1000
0000
0010
0000
0100
0000
0001
,
0000
0100
0000
0010
0000
1000
0000
0100
,
1000
0000
0000
0000
,
1001
0000
0000
0000
,
1100
0000
0000
0000
,
0011
0000
0000
0000
,
1010
0000
0101
0000
,
1100
0000
0000
0000
,
0011
0000
1100
0000
,
0000
1100
0000
0110
0000
1100
0000
0110
,
0000
0011
0000
0110
0000
2000
0000
0000
,
3001
0000
0100
0000
0010
1000
1100
0000
,
0001
0000
0100
0000
0010
0100
0110
0000
,
0001
0000
0010
0000
0001
0010
0011
0000
,
0100
0000
0010
0000
1000
0100
2000
0000
,
3010
0110
0001
0011
,
1000
0000
1100
0000
0010
0100
0001
0000
,
0001
0100
0010
1000
,
0100
0000
1000
0000
0010
0000
0010
0100
,
0001
0001
0001
0000
0000
0000
0000
0000
,
1000
1000
1000
0000
0000
0000
0010
0000
,
0100
0100
0100
0000
0000
0000
0001
0000
,
0020
0000
0001
0000
0031
0000
0010
0001
,
0010
0011
0000
0100
,
0010
1100
0000
0020
,
0000
1030
0000
0010
0000
0100
0000
0001
,
0000
0100
0000
0010
0000
1000
0000
0100
,
2000
0000
3000
0000
,
0000
0000
0000
0000
,
1001
0000
0000
0000
;

//---------------dance-single - K. Ward----------------
#NOTES:
     dance-single:
     K. Ward:
     Easy:
     2:
     0.142,0.000,0.048,0.000,0.000,118.000,6.000,0.000,0.000,0.000,0.000:




0000
0000
0000
0000
,
0000
0000
0000
0000
,
0001
0000
0000
0000
,
1000
0000
0000
0000
,
0001
0001
1000
1000
,
0010
0010
0100
0000
,
1001
0000
0000
0000
,
0000
0001
0000
0010
,
0000
0001
0000
0100
,
0000
1000
0000
0100
,
0000
0001
0000
0010
,
0000
0001
0000
1000
,
0000
0010
0000
0100
,
0100
0000
0001
0000
,
1000
0000
0010
0010
,
0100
0100
0000
0000
,
0001
0001
0000
0000
,
1000
1000
0000
0000
,
0100
0100
0000
0000
,
1000
1000
0000
0000
,
0010
0010
0010
0000
,
0000
0110
0000
0000
,
0000
0110
0000
0000
,
0001
0000
0000
0000
,
1000
0000
0001
0000
,
0010
0000
0000
0000
,
0100
0000
0010
0000
,
0001
0000
0000
0000
,
1000
0000
0000
0000
,
0010
0000
0100
0000
,
0010
0000
0100
0100
,
0100
0000
0000
0000
,
0001
0000
0000
0000
,
1000
0000
0000
0000
,
0100
0000
0010
0100
,
1000
0000
0000
0000
,
0001
0000
0000
0000
,
0010
0000
0001
0000
,
1000
0000
0001
0000
,
1001
0000
0000
0000
,
1000
1000
0000
0000
,
0001
0001
0000
0000
,
0010
0010
0000
0000
,
0100
0100
0000
0000
,
0010
0000
0001
0000
,
1000
0000
0001
0000
,
0010
0010
0010
0000
,
0100
0100
0100
0000
,
0010
0000
0000
0000
,
0001
0000
0000
0000
,
1000
0000
0000
0000
,
0100
0000
0010
0010
,
0010
0000
0000
0000
,
0100
0000
0000
0000
,
1000
0000
0001
0000
,
0100
0000
0010
0000
,
1000
1000
0000
0000
,
0001
0001
0000
0000
,
0010
0010
0000
0000
,
0100
0100
0100
0000
,
1001
0000
0000
0000
,
1000
0000
0010
0010
,
0100
0000
0001
0000
,
0010
0000
0001
1000
,
0001
0000
0000
0000
,
0000
0000
0000
0000
,
0110
0000
0000
0000
;

//---------------dance-double - M. Emirzian----------------
#NOTES:
     dance-double:
     M. Emirzian:
     Easy:
     1:
     0.081,0.000,0.040,0.048,0.000,60.000,5.000,6.000,0.000,0.000,0.000:



00000000
00000000
00000000
00000000
,
00000000
00000000
00000000
00000000
,
00000000
00000000
00000000
00000000
,
00000000
00000000
00000000
00000000
,
10000000
00000000
00010000
00000000
,
00100000
00000000
00000000
00000000
,
00022000
00000000
00000000
00033000
,
00010000
00000000
00000000
00000000
,
00000100
00000000
00000000
00000000
,
00000010
00000000
00000000
00000000
,
00000001
00000000
00000000
00000000
,
00010000
00000000
00000000
00000000
,
00100000
00000000
00000000
00000000
,
10000000
00000000
00000000
00000000
,
00010000
00000000
00000000
00000000
,
00001000
00000000
00000000
00000000
,
00000010
00000000
00000000
00000000
,
00001000
00000000
00000000
00000000
,
01000000
00000000
00000000
00000000
,
00001000
00000000
00000000
00000000
,
00000001
00000000
00000000
00000000
,
00000100
00000000
00000000
00000000
,
00010000
00000000
00000000
00000000
,
10000000
00000000
00000000
00000000
,
00010000
00000000
00000000
00000000
,
00001000
00000000
00000000
00000000
,
00000010
00000000
00000000
00000000
,
00010000
00000000
00000000
00000000
,
10000000
00000000
00000000
00000000
,
00001000
00000000
00000000
00000000
,
00000100
00000000
00000001
00000000
,
00000110
00000000
00000000
00000000
,
00010000
00000000
00000000
00000000
,
00001000
00000000
00000000
00000000
,
01000000
00000000
00000000
00000000
,
10000000
00000000
00000000
00000000
,
00001000
00000000
00000000
00000000
,
00000100
00000000
00000000
00000000
,
00000001
00000000
00000000
00000000
,
00022000
00000000
00000000
00033000
,
00001000
00000000
00000000
00000000
,
00000000
00000000
00000000
00000000
,
00000001
00000000
00000000
00000000
,
00000000
00000000
00000000
00000000
,
00100000
00000000
00000000
00000000
,
00000000
00000000
00000000
00000000
,
00000100
00000000
00000000
00000000
,
00000000
00000000
00000000
00000000
,
00010000
00000000
00000000
00000000
,
10000000
00000000
00000000
00000000
,
00010000
00000000
00000000
00000000
,
00001000
00000000
00000000
00000000
,
00000010
00000000
00000000
00000000
,
00000100
00000000
00000000
00000000
,
00010000
00000000
00000000
00000000
,
01000000
00000000
00000000
00000000
,
00000010
00000000
00000000
00000000
,
00000001
00000000
00000000
00000000
,
00010000
00000000
00000000
00000000
,
01000000
00000000
00000000
00000000
,
10000000
00000000
00000000
00000000
,
00001000
00000000
00000000
00000000
,
00000100
00000000
00000000
00000000
,
00010000
00000000
00000000
00000000
,
00022000
00000000
00000000
00033000
,
00000000
00000000
00000000
00000000
,
01100000
00000000
00000000
00000000
;

//---------------dance-double - M. Emirzian----------------
#NOTES:
     dance-double:
     M. Emirzian:
     Medium:
     4:
     0.236,0.000,0.048,0.048,0.000,194.000,6.000,6.000,0.000,0.000,0.000:



00000000
00000000
00000000
00000000
,
00000000
00000000
00000000
00000000
,
00000000
00000000
00000000
00000000
,
00000000
00000000
00000000
00000000
,
10000000
00000000
00010000
00000000
,
00000000
00010000
00000000
10000000
00000000
01000000
00000000
00010000
,
00022000
00000000
00000000
00033000
,
00000100
00000000
00000010
00000000
,
00000001
00000000
00000000
00000000
00000100
00000000
00000010
00001000
,
00000010
00000000
00010000
00000000
,
00001000
00000000
00000000
00000000
01000000
00000000
00100000
01000000
,
00100000
00000000
10000000
00000000
,
00010000
00000000
00000000
00000000
00100000
00000000
00001000
00010000
,
00001000
00000000
00010000
00000000
,
00000100
00000000
00000000
00000000
00001000
00000000
00000001
00000100
,
00000001
00000000
00000100
00000000
,
00000010
00000000
00000000
00000000
00010000
00000000
00001000
00010000
,
00001000
00000000
01000000
00000000
,
00010000
00000000
00000000
00000000
00100000
00000000
01000000
10000000
,
01000000
00000000
00100000
00000000
,
00001000
00000000
00000000
00000000
00010000
00000000
00001000
00010000
,
00001000
00000000
00010000
00000000
,
00000100
00000000
00000000
00000000
00000010
00000000
00000001
00001000
,
00000001
00000100
00000010
00001000
,
00000100
00000010
00000001
00000100
,
00001000
00010000
00001000
00010000
,
00100000
10000000
00010000
00100000
,
01000000
10000000
00010000
01000000
,
00001000
00010000
00000010
00001000
,
00000100
00000010
00000001
00001000
,
00000010
00000100
00000001
00001000
,
00000110
00000001
00000010
00001000
,
00010000
00001000
01000000
00010000
,
10000000
00100000
01000000
00010000
,
00100000
01000000
10000000
01000000
,
00010000
00001000
00010000
00000100
,
00001000
00000010
00000100
00000001
,
00000000
00000010
00000000
00000100
00000000
00001000
00000000
00000001
,
00000000
00000100
00000000
00001000
00000000
00010000
00000000
00000100
,
00022000
00000000
00000000
00033000
,
00011000
00000000
00000000
00000000
,
00010000
00000000
00000000
00000000
,
01000000
00000000
00000000
00000000
,
10000000
00000000
00000000
00000000
,
00100000
00000000
00000000
00000000
,
00010000
00000000
00000000
00000000
,
00001000
00000000
00000000
00000000
,
00000010
00000000
00000000
00000000
,
00000001
00000100
00000001
00000010
,
00000100
00001000
00000010
00010000
,
00001000
00010000
00001000
00010000
,
00100000
10000000
00010000
10000000
,
01000000
00100000
01000000
00100000
,
00001000
00010000
00001000
00000100
,
00000000
00000001
00000000
00000010
00000000
00000100
00000000
00001000
,
00000000
00000001
00000000
00000010
00000000
00001000
00000000
00010000
,
00001000
00010000
00000100
00010000
,
00001000
01000000
00010000
00100000
,
01000000
10000000
00100000
01000000
,
00010000
00100000
00001000
00010000
,
00000100
00001000
00000010
00000100
,
00000001
00000010
00000100
00001000
,
00000000
00000001
00000000
00000100
00000000
00001000
00000000
00010000
,
00000000
01000000
00000000
10000000
00000000
01000000
00000000
00010000
,
00022000
00000000
00000000
00033000
,
00000000
00000000
00000000
00000000
,
10010000
00000000
00000000
00000000
;

//---------------dance-double - M. Emirzian----------------
#NOTES:
     dance-double:
     M. Emirzian:
     Hard:
     7:
     0.382,0.000,0.193,0.048,0.000,303.000,24.000,6.000,0.000,0.000,0.000:



00000000
00000000
00000000
00000000
,
00000000
00000000
00000000
00000000
,
00000000
00000000
00000000
00000000
,
00000000
00000000
00000000
00000000
,
00100000
10000000
01000000
00100000
,
00001000
00011000
00000000
00100000
00000000
00010010
00000000
00000001
,
00002002
00000000
00000000
00003003
,
00000100
00000010
00000001
00000100
,
00000010
00000000
00001000
00000000
00000100
00000000
00000010
00000100
,
00001000
00000001
00000100
00001000
,
00010000
00000000
00001000
00000000
01000000
00000000
00010000
00100000
,
01000000
10000000
00100000
01000000
,
00010000
00000000
00100000
00000000
01000000
00000000
10000000
00010000
,
01000000
00001000
00010000
00000010
,
00001000
00000000
00000100
00000000
00000010
00000000
00000001
00001000
,
00000100
00000010
00000001
00000100
,
00000010
00000000
00010000
00000000
00001000
00000000
01000000
00010000
,
10000000
01000000
00010000
00001000
,
00010000
00000000
00000100
00000000
00000010
00000000
00000100
00001000
,
00000001
00000100
00000010
00010000
,
00001000
00000000
01000000
00000000
00100000
00000000
10000000
01000000
,
00100000
00010000
10000000
00100000
,
01000000
00001000
00010000
00011000
,
00000100
00001000
00000001
00000000
00000010
00000100
00001000
00000000
,
00000001
00000100
00000010
00001000
00000100
00000010
00000001
00000000
,
00000001
00000100
00001000
00000000
00010000
01000000
10000000
00000000
,
00010000
01000000
00100000
10000000
01000000
00100000
00010000
00000000
,
10000000
00100000
00010000
00000000
00001000
00000010
00000001
00000000
,
00001000
00000010
00000100
00000001
00000010
00000100
00001000
00000000
,
00000010
00010010
00000000
00001000
00000000
01001000
00000000
00010000
,
00000000
01100000
00000000
10000000
00000000
01010000
00000000
00100000
,
10000000
01000000
00100000
00000000
00010000
01000000
00100000
00000000
,
10000000
01000000
00010000
00001000
00000100
00000001
00000010
00000000
,
00000100
00001000
00000001
00000000
00000100
00000010
00001000
00000000
,
00000100
00000010
00000001
00000100
00000010
00010000
00001000
00000000
,
00010000
00001000
01000000
00000000
00100000
01000000
00010000
00000000
,
00100000
01000000
10000000
00100000
01000000
00010000
00100000
00000000
,
01000000
00110000
00000000
01000000
00000000
01001000
00000000
00010000
,
00000000
00101000
00000000
00010000
00000000
00010010
00000000
00000100
,
00002020
00000000
00000000
00003030
,
00001001
00000000
00001000
00000000
00000000
00000100
00000000
00000000
,
00000010
00000000
00000000
00000001
00000000
00000100
00000000
00000001
,
00000000
00000000
00000100
00000000
00000000
00001000
00000000
00000000
,
00000100
00000000
00000000
00000001
00000000
00000010
00000000
00000100
,
00000000
00000000
00010000
00000000
00000000
00001000
00000000
00000000
,
01000000
00000000
00000000
00100000
00000000
10000000
01000000
10000000
,
00000000
00100000
00000000
10000000
00000000
01000000
00000000
00010000
,
00000000
01000000
00000000
10000000
00000000
00100000
00000000
00010000
,
00001000
00100000
00001000
00000000
00010000
00000100
00001000
00000000
,
00000001
00000100
00000010
00001000
00000100
00000010
00000001
00000000
,
00000100
00000010
00001000
00000000
00000001
00000100
00001000
00000000
,
00010000
00001000
01000000
00010000
00100000
01000000
10000000
00000000
,
10000000
00100000
01000000
00000000
00010000
00100000
01000000
00000000
,
10000000
00100000
00010000
00001000
00010000
00000100
00001000
00000000
,
00000000
00000011
00000000
00000100
00000000
00001010
00000000
00000100
,
00000000
00010010
00000000
00001000
00000000
01001000
00000000
00100000
,
00010000
01000000
00100000
00000000
10000000
00010000
01000000
00000000
,
10000000
01000000
00010000
00100000
01000000
10000000
00010000
00000000
,
10000000
01000000
00010000
00000000
00001000
00000100
00000001
00000000
,
00000010
00000100
00001000
00000010
00000100
00000001
00000010
00000000
,
00000100
00001000
00000001
00000000
00000100
00000010
00010000
00000000
,
00001000
00000100
00001000
00010000
00100000
10000000
01000000
00000000
,
00100000
01010000
00000000
00100000
00000000
01001000
00000000
00010000
,
00000000
00010010
00000000
00001000
00000000
00000110
00000000
00000001
,
00002002
00000000
00000000
00003003
,
00000000
00000000
00000000
00000000
,
10010000
00000000
00000000
00000000
;

//---------------lights-cabinet - ----------------
#NOTES:
     lights-cabinet:
     :
     Easy:
     1:
     1.000,0.000,1.000,0.000,0.000,362.000,306.000,0.000,0.000,247.000,0.000:


00000000
00000000
00000000
00000000
,
00000000
00000000
00000000
00000000
,
10000011
01000011
00000000
00100000
00000000
10000000
00000000
00100000
,
00010011
10000011
00000000
01000000
00000000
00100000
00000000
10000011
,
00100011
10000000
00010011
10000000
01000011
10000000
00100011
00100000
,
10000011
10010011
10000011
10010011
10000011
00010011
10000011
10010011
,
10010011
00000000
00000000
00000000
,
10000011
11100011
00110011
01100011
,
11000011
00000000
00010011
00000000
10100011
00000000
00010011
01000011
,
01100011
10100011
01010011
01000011
,
00110011
00000000
10000011
00000000
01000011
00000000
00110011
00110011
,
10000011
00100011
11000011
00010011
,
10000011
00000000
00100011
00000000
01000011
00000000
00010011
00100011
,
00010011
10100011
00010011
10010011
,
01000011
00000000
11000011
00000000
00110011
00000000
10000011
00000011
,
10100011
01000011
01010011
10000011
,
00100011
00000000
00010011
00000000
01010011
00000000
00110011
00110011
,
11000011
00100011
01100011
00010011
,
11000011
00000000
00100011
00000000
01010011
00000000
01010011
01000011
,
01010011
11000011
00100011
11000011
,
10010011
00000000
10100011
00000000
01100011
00000000
00010011
01100011
,
00010011
10010011
10100011
10010011
,
10100011
00000000
10100011
00000000
11000011
01100000
10000011
01000011
,
10000011
00000000
00100011
00000000
01000011
00010000
00110011
00000000
,
10100011
00000000
01010011
00000000
10100011
01010000
10010011
00000011
,
10000011
01010011
10100011
11000011
,
10100011
00000000
01100011
00000000
10010011
01100000
10010011
00000011
,
11000011
00000000
01100011
00000000
10000011
01000000
11000011
00000000
,
00010011
00000000
11000011
00000000
01010011
00100000
10100011
00000011
,
00000011
11110000
00000011
10100000
00000011
01010000
00000011
10100000
,
00000011
01010000
00000011
10100000
00000011
11010000
10100011
10010011
,
10100011
00000000
01100011
00000000
10000011
10100000
01010011
00000000
,
10010011
00000000
00100011
00000000
01000011
00010000
01000011
00100011
,
10100011
00000000
00010011
00000000
10000011
10100000
00110011
00000000
,
11000011
00000000
00100011
00000000
11000011
00000000
01010011
00100011
,
10000011
00000000
11000011
00000000
11000011
00100000
01010011
00000000
,
10100011
00000000
00110011
00000000
10000011
00010000
10010011
00000000
,
10010011
11100000
00000011
01110000
00000011
11010000
00000011
10110000
,
00000011
01100000
00000011
10110000
00000011
10000000
00100011
01000011
,
10010011
00000000
00000000
00000000
,
10000011
00010000
10110011
00100000
10000000
01010011
00000000
01100000
,
11010011
01000000
10100000
10010011
00000000
01000000
00100011
10000000
,
00110011
01000000
00100011
10000000
00010000
01000011
00100000
10000000
,
10110011
01000000
00100000
10000011
01010000
01000000
00100011
10000000
,
11010011
01000000
00100011
10000000
00010000
01000011
00100000
10000000
,
00110011
01000000
00100000
10000011
11010000
01000000
00100011
10000000
,
00010011
11000000
00100011
11100000
00000011
11110000
00000011
11110000
,
00000011
10110000
00000011
11100000
00000011
11010011
01010011
00000000
,
00010011
00000000
01000011
00000000
00100011
10000000
11000011
00000000
,
00010011
00000000
01000011
00000000
10100011
01010000
10100011
00000011
,
10010011
00000000
10100011
00000000
00010011
01100000
00110011
00000000
,
11000011
00000000
01100011
00000000
10010011
01000000
11000011
00000011
,
00100011
00000000
01100011
00000000
00010011
10000000
10110011
00000000
,
10000011
00000000
11100011
00000000
01100011
01010000
00010011
00000011
,
10010011
00100000
01000011
10110000
00100011
01010000
10000011
10100000
,
01000011
10010000
10000011
01010000
00100011
10100000
10100011
01000011
,
00010011
00010000
00010011
00000000
01000011
01000000
01000011
00000000
,
10000011
10000000
10000011
00000000
01000011
01000000
01100011
00000000
,
01010011
01010000
01110011
00000000
10000011
10000000
11010011
00000000
,
01100011
01000000
00110011
00010000
01010011
00000000
10100011
00010011
,
10100011
10000000
10110011
00000000
00100011
00100000
01100011
00000000
,
10100011
10000000
11000011
00000000
00010011
00010000
00110011
00000011
,
10000011
11000000
00110011
00110000
00000011
01100000
00000011
10010000
,
00000011
01000000
11000011
10110000
00000011
11000000
11000011
01110000
,
11110011
00000000
00000000
00000000
,
00000000
00000000
00000000
00000000
,
11110011
00000000
00000000
00000000
;

//---------------dance-single - K. Ward----------------
#NOTES:
     dance-single:
     K. Ward:
     Beginner:
     1:
     0.104,0.000,0.064,0.000,0.000,83.000,8.000,0.000,0.000,0.000,0.000:




0000
0000
0000
0000
,
0000
0000
0000
0000
,
0001
0000
0000
0000
,
1000
0000
0000
0000
,
0001
0000
1000
0000
,
0100
0000
1000
0000
,
1001
0000
0000
0000
,
0000
0001
0000
0000
,
0000
0001
0000
0000
,
0000
1000
0000
0000
,
0000
1000
0000
0000
,
0000
0010
0000
0000
,
0000
0010
0000
0000
,
0000
1000
0000
0001
,
0000
1000
0000
0010
,
0000
0100
0000
0000
,
0000
0100
0000
0000
,
0000
0001
0000
0000
,
0000
0001
0000
0000
,
0000
0100
0000
0000
,
0000
0010
0000
0000
,
0000
0110
0000
0000
,
0000
1001
0000
0000
,
1000
0000
0000
0000
,
0001
0000
0000
0000
,
1000
0000
0000
0000
,
0010
0000
0100
0000
,
0001
0000
0000
0000
,
1000
0000
0000
0000
,
0100
0000
0010
0000
,
0100
0000
1000
0000
,
1001
0000
0000
0000
,
0001
0000
0000
0000
,
1000
0000
0000
0000
,
0001
0000
0001
0000
,
0010
0000
0000
0000
,
0100
0000
0000
0000
,
0010
0000
1000
0000
,
1000
0000
0001
0000
,
1001
0000
0000
0000
,
1000
1000
0000
0000
,
0000
0000
0000
0000
,
0001
0001
0000
0000
,
0000
0000
0000
0000
,
0100
0100
0000
0000
,
0000
0000
0000
0000
,
0010
0000
1000
0000
,
0001
0000
0010
0000
,
0001
0000
0000
0000
,
1000
0000
0000
0000
,
0100
0000
0000
0000
,
0010
0000
0000
0000
,
0001
0000
0000
0000
,
1000
0000
0000
0000
,
0001
0000
0000
0000
,
0100
0000
0100
0000
,
0001
0001
0000
0000
,
1000
1000
0000
0000
,
0100
0100
0000
0000
,
1000
0000
0001
0000
,
1001
0000
0000
0000
,
1000
0000
0010
0000
,
1000
0000
0000
0000
,
0001
0000
1000
0000
,
1001
0000
0000
0000
,
0000
0000
0000
0000
,
0110
0000
0000
0000
;
