#TITLE:High;
#SUBTITLE:;
#ARTIST:Digital Explosion;
#TITLETRANSLIT:;
#SUBTITLETRANSLIT:;
#ARTISTTRANSLIT:;
#GENRE:Trance;
#CREDIT:;
#BANNER:High-banner.png;
#BACKGROUND:High-bg.png;
#LYRICSPATH:;
#CDTITLE:;
#MUSIC:High.ogg;
#OFFSET:-1.734;
#SAMPLESTART:61.040;
#SAMPLELENGTH:11.960;
#SELECTABLE:YES;
#BPMS:0.000=137.511;
#STOPS:48.750=2.612
,128.000=0.442
;
#BGCHANGES:0.000=High-bg.png=1.000=0=0=1=====,
16.000=In The Groove 2/963_JumpBack.mpg=1.000=0=0=1===FadeLeft==,
32.000=-random-=1.000=0=0=1===FadeRight==,
48.750=In The Groove 2/445_JumpBack.mpg=1.000=0=0=1=SongBgWithMovieViz===0.5^0.5^0.5^1=,
50.000=-random-=1.000=0=0=1=====,
66.000=-random-=1.000=0=0=1===SlideLeft==,
82.000=-random-=1.000=0=0=1===SlideRight==,
98.000=-random-=1.000=0=0=1===SlideUp==,
114.000=-random-=1.000=0=0=1===SlideDown==,
128.000=High-bg.png=1.000=0=0=1=====,
129.000=In The Groove 2/953_JumpBack.mpg=1.000=0=0=1=====,
137.000=In The Groove 2/953_JumpBack.mpg=0.300=0=0=1=Checkerboard1File2x2====,
145.000=In The Groove 2/865_JumpBack.mpg=1.000=0=0=1=====,
153.000=In The Groove 2/865_JumpBack.mpg=0.300=0=0=1=Checkerboard1File2x2====,
161.000=In The Groove 2/751_JumpBack.mpg=1.000=0=0=1=====,
169.000=In The Groove 2/751_JumpBack.mpg=0.300=0=0=1=Checkerboard1File2x2====,
177.000=In The Groove 2/632_JumpBack.mpg=1.000=0=0=1=====,
185.000=In The Groove 2/632_JumpBack.mpg=0.300=0=0=1=Checkerboard1File2x2====,
193.000=In The Groove 2/864_JumpBack.mpg=1.000=0=0=1=====,
201.000=In The Groove 2/864_JumpBack.mpg=0.300=0=0=1=Kaleidoscope2x2====,
209.000=In The Groove 2/445_JumpBack.mpg=1.000=0=0=1=====,
217.000=In The Groove 2/445_JumpBack.mpg=0.300=0=0=1=Kaleidoscope2x2====,
225.000=High-bg.png=1.000=0=0=1===FadeRight==,
99999=-nosongbg-=1.000=0=0=0 // don't automatically add -songbackground-
;
#BGCHANGES2:48.000=white flash=2.000=0=0=1=====,
48.750=white flash=1.000=0=0=1=====,
50.000=white flash=1.000=0=0=1=====,
128.000=white flash=2.000=0=0=1=====,
129.000=white flash=1.000=0=0=1=====,
145.000=yellow flash=1.000=0=0=1=====,
161.000=yellow flash=1.000=0=0=1=====,
177.000=yellow flash=1.000=0=0=1=====,
193.000=yellow flash=1.000=0=0=1=====,
209.000=yellow flash=1.000=0=0=1=====,
225.000=white flash=2.000=0=0=1=====,
;
#KEYSOUNDS:;
// cache tags:
#FIRSTBEAT:12.000;
#LASTBEAT:230.000;
#SONGFILENAME:/Songs/In The Groove 2/High/High.sm;
#HASMUSIC:1;
#HASBANNER:1;
#MUSICLENGTH:105.593;
// end cache tags

//---------------dance-single - K. Ward----------------
#NOTES:
     dance-single:
     K. Ward:
     Easy:
     3:
     0.222,0.000,0.114,0.123,0.000,139.000,12.000,13.000,0.000,0.000,0.000:
0000
0000
0000
0000
,
0000
0000
0000
0000
,
0000
0000
0000
0000
,
1001
0000
0000
0000
,
0010
0001
0010
0100
,
0010
0001
0010
0100
,
1000
0100
0010
0100
,
1000
0010
0100
1001
,
0000
0100
1100
1100
,
0000
0001
0011
0011
,
0000
0100
0010
1001
,
0000
0000
0010
0000
0100
0010
0100
0010
,
0000
0000
2000
0000
,
3000
0000
0002
0000
,
0003
0000
0020
0000
,
0030
0000
0002
0000
,
0003
0000
0000
0000
1000
0000
0000
0001
,
0001
0000
0000
0000
0100
0000
0000
0010
,
0010
0000
0000
0000
1000
0000
0000
0001
,
0001
0000
0010
0001
,
0100
1000
0010
0010
,
0010
0000
0001
0001
,
0100
0100
0010
0010
,
0010
0000
1000
1000
,
0001
0001
0010
0010
,
0010
0000
0001
0001
,
0100
1000
0100
0100
,
0010
0000
0010
0000
,
0001
0000
0100
0100
,
0000
0000
0010
0010
,
1000
1000
0001
0001
,
0000
0000
1001
0000
,
0001
1000
0000
0000
,
0010
0100
0000
0000
,
0000
0001
0000
0000
,
0100
1000
0000
0000
,
0000
0100
0100
0000
,
0001
0010
0000
0000
,
0000
0000
0001
1000
0001
0000
0000
0000
,
0000
0000
0001
1000
0001
0000
0000
0000
,
0000
0100
0200
0000
,
0300
0010
0020
0000
,
0030
1000
2000
0000
,
3000
0001
0002
0000
,
0003
0000
1000
0000
0000
0000
0000
0010
,
0000
0110
0000
0000
,
0000
0000
1000
0001
1000
0000
0000
0000
,
0000
0000
1000
0001
1000
0000
0000
0000
,
0000
0010
0100
0001
,
0001
0010
0002
0000
0000
0000
0003
0000
,
0000
0100
0010
1000
,
1000
0100
2000
0000
0000
0000
3000
0000
,
0000
0000
0010
0000
0100
0000
0001
0010
,
0000
0002
0000
0003
,
0000
0100
0110
0000
,
0000
0001
1001
0000
,
0000
2002
0000
0000
,
0000
0000
3003
0000
;

//---------------dance-single - K. Ward----------------
#NOTES:
     dance-single:
     K. Ward:
     Hard:
     7:
     0.452,0.000,0.189,0.123,0.241,301.000,20.000,13.000,0.000,0.000,0.000:
0000
0000
0000
0000
,
0000
0000
0000
0000
,
0000
0000
0000
0000
,
0110
0000
0001
0011
0000
1000
1001
0000
,
0000
0000
1000
0000
1000
0000
0010
0100
0000
0000
0000
0001
0010
0000
0000
0000
,
0000
0000
0001
0000
0001
0000
1000
0100
0000
0000
0000
0010
0100
0000
0000
0000
,
0000
0000
1000
0000
1000
0000
0010
0100
0000
0000
0000
0001
1000
0000
0000
0000
,
0000
0000
0010
0000
0100
0000
0001
0010
0000
0010
0001
0000
1000
0000
0000
0000
,
1000
0000
0100
0010
0000
0000
0001
0000
1000
0000
0100
0010
0000
0000
0001
0000
,
1000
0000
0001
0010
0000
0000
0001
0000
0001
0000
0100
0000
1010
0000
0000
0000
,
0001
0000
1000
0010
0000
0000
0100
0000
0001
0000
1000
0010
0000
0000
0100
0000
,
0001
0000
1000
0001
0000
0000
0100
0000
0010
0000
0100
0000
0001
0000
0000
0000
,
0011
0000
0000
1100
0000
0000
0000
0000
0001
0000
0000
0010
0000
0000
0001
0000
,
0001
0000
0000
0000
0000
0000
0010
0000
0010
0000
0000
0100
0000
0000
0100
0000
,
0010
0000
0000
0001
0000
0000
1000
0000
0010
0000
0000
0100
0000
0000
0010
0000
,
0010
0000
0000
0000
0000
0000
0100
0000
1000
0000
0000
1000
0000
0000
1000
0000
,
0100
0000
0000
0001
0000
0000
1000
0000
0002
0000
0000
0000
0000
0000
0010
0000
,
0013
0000
0000
0100
0020
0000
0001
0000
,
0100
0000
0000
0000
0031
0000
0000
0000
1000
0000
0000
0010
0000
0000
0100
0000
,
0001
0000
0000
0000
0000
0000
0000
0000
1000
0000
0000
1000
0000
0000
1000
0000
,
0001
0000
0000
0100
0000
0000
0010
0000
1000
0000
0001
0000
0000
0000
1000
0000
,
0100
0000
0000
0010
0100
0010
0000
0001
,
1000
0010
0100
0001
1000
0001
0000
0100
,
0100
0000
0000
0000
0000
0000
0000
0000
0010
0000
1000
0100
0000
0000
0000
0000
,
0010
0000
0001
1000
0000
0000
0000
0000
0010
0000
0100
0000
0002
0000
0010
0000
,
0013
0000
0000
0000
0200
1000
1300
0000
,
0020
0100
0130
0000
1000
0010
0001
0010
,
0001
0000
0000
0010
0100
0010
0002
0000
,
0013
0100
2000
0000
3100
0000
0001
0000
,
0010
0001
1000
1000
,
0001
0000
0001
0000
0100
0010
1000
0000
,
0010
0100
0001
0000
0010
0000
0100
0000
,
1001
0000
0000
0000
1000
0000
0100
1000
0000
0100
1000
0000
0010
0000
0000
0000
,
0100
0000
0000
0000
0001
0000
0010
0001
0000
0010
0001
0000
0010
0000
0000
0000
,
0100
0000
0000
0000
1000
0000
0001
1000
0000
0001
1000
0000
0001
0000
0000
0000
,
0100
0000
0000
0000
0010
0100
0010
0100
0010
0000
0000
0000
0000
0000
0000
0000
,
1100
0000
0000
0000
0001
0000
0001
0000
0001
0000
0000
0000
0010
0000
0100
0010
,
0000
0100
1000
0000
0010
0100
0020
0000
,
0100
0000
0030
0000
0001
0010
0000
0010
0001
0000
0000
0000
0000
0000
0000
0000
,
0110
0000
1000
0100
1100
0000
0000
0000
,
0110
0000
0000
0000
0001
0000
0000
1000
0000
0000
0000
0000
0000
0000
1000
0000
,
0001
0000
0000
0000
0100
0000
0001
0000
0010
0000
0100
1000
0000
1000
0010
0000
,
0100
0000
0100
1000
0100
0000
0000
0001
,
0010
0001
1000
0000
0001
1000
0020
0000
,
0130
0000
0001
0000
1100
0000
0000
1000
,
0000
0010
0100
0000
1001
0000
0000
0010
,
0110
0000
0000
0000
0001
0010
0000
0010
0001
0000
0000
0000
0000
0000
0000
0000
,
0110
0000
0000
0000
0100
1000
0000
1000
0100
0000
0000
0000
0000
0000
0000
0000
,
0011
0000
0000
0000
1000
0000
0001
0010
0000
0000
0000
0000
0000
0000
0100
0000
,
1000
0100
0020
0000
0100
0000
0001
0000
,
0130
0000
1000
0010
0100
0000
0000
0001
,
1000
0010
0200
0000
0001
0000
0010
0000
,
0301
0000
1000
0000
1100
0000
0000
0110
,
0000
0000
0100
0000
1001
0000
0000
0000
0010
0000
0001
0010
0000
0010
0100
0000
,
0001
0000
0000
0000
1000
0000
0100
0000
1000
0000
0010
0100
0000
0100
0001
0000
,
0010
0000
0000
0000
0001
0000
1000
0000
0100
0000
0010
0100
0000
0100
0010
0000
,
0001
2002
0000
0000
,
0000
3003
0000
0000
;

//---------------dance-single - C. Foy----------------
#NOTES:
     dance-single:
     C. Foy:
     Challenge:
     9:
     0.571,0.000,0.275,0.379,0.568,353.000,29.000,40.000,8.000,0.000,0.000:
0000
0000
0000
0000
,
0000
0000
0000
0000
,
0000
0000
0000
0000
,
0000
0000
0000
0000
,
0000
0000
0010
0000
0010
0000
1000
0100
0000
0100
0000
0010
0001
0000
0100
0000
,
0000
0000
0010
0000
0010
0000
0100
0001
0000
0001
0000
0100
0010
0000
1000
0000
,
0000
0000
0100
0000
0100
0000
0010
0100
0000
0100
0000
0010
0001
0000
1000
0000
,
0000
0000
0001
0000
0001
0000
1000
0001
0000
1000
0000
1000
0001
0000
0001
0000
,
0000
0000
0100
0000
0010
0000
0100
0001
0000
0001
0000
0100
0010
0000
0100
0000
,
0000
0000
0010
0000
1000
0000
0100
0010
0000
0001
0000
0010
0100
0000
0100
0000
,
0000
0000
0010
0000
0001
0000
0001
0010
0000
0100
0000
1000
0010
0000
0100
0000
,
0000
0000
0100
0000
0100
0000
0001
0010
0000
0010
0000
0100
0010
0000
0001
0000
,
0101
0000
0000
0000
0000
0000
0000
0000
0000
0000
0000
0000
0220
0330
0000
0000
0000
0000
0000
0000
0000
0000
0000
0000
0000
0000
0000
0000
0000
0000
0000
0000
0002
0000
0000
0000
0000
0000
0000
0000
0000
0000
0000
0000
0010
0000
0000
0000
0000
0000
0000
0000
0000
0000
0000
0000
0103
0000
0000
0000
0000
0000
0000
0000
,
0101
0000
0000
0000
0000
0000
0010
0000
2000
0000
0000
0100
0000
0000
3100
0000
,
0020
0000
0000
0100
0000
0000
0130
0000
2000
0000
0000
0010
0000
0000
3001
0000
,
1001
0000
0000
0000
0000
0000
0100
0000
0020
0000
0000
1000
0000
0000
0130
0000
,
0200
0000
0000
0010
0000
0000
0310
0000
2000
0000
0000
0010
0000
0000
3100
0000
,
1100
0000
0000
0000
0000
0000
0010
0000
0020
0000
0000
0100
0000
0000
0031
0000
,
0200
0000
0000
0001
0000
0000
0310
0000
0020
0000
0000
0100
0000
0000
1030
0000
,
1010
0000
0000
0100
0002
0000
0000
0000
,
2000
0000
0000
0000
0000
0000
3003
0000
0001
0000
0000
0001
0000
0000
0100
0000
,
0020
0000
0000
0000
0030
0000
1000
0000
0001
0010
0001
0010
0001
0000
0100
0000
,
0010
1000
0010
1000
0010
0000
0100
0000
0100
0000
0000
0001
0000
0000
0001
0000
,
0020
0000
0000
0000
0030
0000
0100
0000
1000
0100
1000
0100
1000
0000
0010
0000
,
0100
0001
0100
0001
0100
0000
0010
0000
0100
0000
0100
0010
0000
0000
0010
0000
,
2000
0000
0000
0000
3000
0000
0010
0000
1000
0100
0010
0001
0010
0000
0100
0000
,
1000
0100
0010
0001
0010
0000
0010
0000
0001
0000
0100
0010
0000
0000
0010
0000
,
2000
0000
0000
0000
3000
0000
1000
0000
0001
0010
0100
1000
0100
0000
0010
0000
,
0001
0010
0100
1000
0100
0000
0010
0000
0001
0000
0001
0100
0000
0000
1001
0000
,
2002
0000
0000
0000
3003
0000
0010
0000
1000
0010
0100
0001
0010
0000
0100
0000
,
1000
0010
0100
0001
0100
0000
0010
0000
0010
0000
1000
0100
0000
0000
1100
0000
,
0220
0330
MM11
M11M
,
1MM1
M00M
0000
0000
0000
0000
0000
0000
1000
0000
0000
0001
0000
0001
0000
0000
,
0100
0000
0000
0000
0000
0000
0000
0000
0010
0000
0000
1000
0000
0100
0000
0000
,
0010
0000
0100
0000
0000
0000
0000
0000
1000
0000
0000
0010
0000
0010
0000
0000
,
0100
0000
0000
0000
0000
0000
0000
0000
0010
0000
0000
1000
0000
1000
0000
0000
,
0010
0000
0100
0000
0000
0000
0000
0000
0001
0000
0000
0010
0000
0010
0000
0000
,
0100
0000
0000
0000
0000
0000
0000
0000
0010
0000
0000
0100
0000
1000
0000
0000
,
0010
0100
0010
0000
0000
0000
0000
0000
1000
0000
0000
0100
0000
0100
0000
0000
,
0010
0000
0000
0000
0000
0000
0000
0000
0100
0000
0000
1000
0000
1000
0000
0000
,
0010
1000
0010
0000
0000
0000
0000
0000
0100
0000
0100
0010
0000
0010
0000
0000
,
1000
0000
0000
0000
0000
0000
0000
0000
0100
0000
0100
0010
0000
0010
0000
0000
,
0001
0010
0001
0000
0000
0000
0000
0000
1000
0000
0010
0100
0000
0100
0000
0000
,
0001
0000
0000
0000
0000
0000
0000
0000
0010
0000
0100
1000
0000
1000
0000
0000
,
0010
1000
0100
0000
0000
0000
0000
0000
0010
0000
0001
0100
0000
0100
0000
0000
,
1001
0000
0000
0000
0000
0000
0000
0000
0010
0000
0100
0001
0000
0001
0000
0000
,
0010
0100
1000
0000
0000
0000
0000
0000
0010
0000
1000
0001
0000
0001
0000
0000
,
1001
0000
0000
0000
0000
0000
0000
0000
1000
0000
0100
0010
0000
0010
0000
0000
,
0100
1000
0001
0000
0202
0000
0000
0300
0103
0000
0010
0100
0000
0100
0001
0000
,
0010
0000
0011
0000
2002
0000
0000
0003
3001
0000
0100
0001
0000
0001
0000
0000
,
0010
0001
1000
0000
2020
0000
0000
3000
0130
0000
0001
0010
0000
0010
0001
0000
,
0100
0000
0101
0000
2002
0000
0000
0003
3010
0000
0100
0001
0000
0001
0000
0000
,
0010
0100
1000
0000
2002
0000
0000
3000
1003
0000
0100
0010
0000
0010
0001
0000
,
0100
0000
0110
0000
0202
0000
0000
0300
0103
0000
0001
1000
0000
1000
0000
0000
,
0001
1000
0001
0000
0202
0000
0000
0003
0310
0000
0100
0001
0000
0001
0010
0000
,
0100
0000
1100
0000
2002
0000
0000
3003
0110
0000
0010
1000
0000
1000
0000
0000
,
0100
0010
0001
0000
2002
0000
0000
0000
0000
0000
0000
0000
0000
0000
0000
0000
,
0000
3003
0000
0000
;

//---------------dance-single - K. Ward----------------
#NOTES:
     dance-single:
     K. Ward:
     Medium:
     5:
     0.303,0.000,0.256,0.104,0.014,186.000,27.000,11.000,0.000,0.000,0.000:
0000
0000
0000
0000
,
0000
0000
0000
0000
,
0000
0000
0000
0000
,
1001
0000
0110
0110
,
0000
0001
1000
0000
0000
0001
1000
0000
,
0000
0010
0100
0000
0000
0010
0100
0000
,
0000
1000
0001
0000
0000
1000
0001
0000
,
0000
0100
0010
0100
0010
0000
0110
0000
,
0001
1000
0001
0000
0100
0010
0100
0000
,
0001
0010
0001
0000
0100
1000
0100
0000
,
0000
0001
0001
0000
0000
1000
1000
0000
,
0000
0010
0100
0010
0100
0000
0010
0000
,
1001
0000
0001
0001
,
0001
0000
0000
0000
0000
0000
0000
0000
1000
0000
0000
0100
0000
0000
0010
0000
,
0001
0000
1000
1000
,
1000
0000
0000
0000
0000
0000
0000
0000
0010
0000
0000
0100
0000
0000
0001
0000
,
0010
0000
0001
0001
,
0001
0000
0000
0000
0000
0000
0000
0000
1000
0000
0000
0100
0000
0000
0010
0000
,
0001
0000
1000
1000
,
1000
0000
0000
0000
0110
0000
0000
0001
,
1000
0000
0000
0000
0000
1000
0000
0001
,
0000
0010
0000
0001
0000
1000
0000
0100
,
0000
1000
1000
0000
0000
0010
0000
0100
,
0000
0001
0000
0010
0000
0001
0000
1000
,
0000
0001
0001
0000
0000
1000
0000
0100
,
0000
0010
0000
0100
0000
1000
1000
0000
,
0000
0010
0010
0000
0000
0100
0000
0010
,
0000
0001
0000
0010
0000
0100
0100
0000
,
0000
0001
0001
0000
1000
0000
1000
0000
,
1100
0000
0001
0001
,
0011
0000
0100
0100
,
1100
0000
0000
0000
0010
0100
0010
0000
,
1001
0000
0200
0000
0000
0000
0000
0310
,
0000
1001
0000
0000
,
0000
0000
0020
0000
0000
0000
0000
0130
,
0000
0010
1001
0000
0000
0000
0000
0000
,
0000
0000
0002
0000
0000
0000
0000
0013
,
0000
0110
0000
0000
,
0000
0000
1100
0000
0011
0000
0000
0110
,
0000
1001
1001
0000
,
0100
0000
2000
0000
0000
0000
3000
0100
,
0000
0001
0010
0000
0000
0000
0000
0000
,
0000
0000
0002
0000
0000
0000
0000
1003
,
0000
0010
0100
0000
0000
0000
0000
0000
,
0000
0000
0001
1000
0001
0000
0000
0100
,
0000
0001
0011
0000
0000
0000
0000
0000
,
1100
0000
0110
0000
0110
0000
0000
1001
,
0000
0100
0010
0000
,
0010
2000
0100
0001
,
3100
0020
0100
1000
,
0130
2000
0001
0010
,
3001
0002
0100
0010
,
0103
0000
0001
0010
0100
0000
0100
0000
,
0100
0010
0001
0000
1000
0000
0001
0000
,
1000
0000
0100
0000
1100
0000
0000
0100
,
0000
0010
0001
0000
1000
0000
1100
0000
,
0011
0220
0000
0000
,
0000
0330
0000
0000
;

//---------------dance-double - M.Emirzian----------------
#NOTES:
     dance-double:
     M.Emirzian:
     Easy:
     3:
     0.187,0.000,0.028,0.019,0.000,133.000,3.000,2.000,0.000,0.000,0.000:
00000000
00000000
00000000
00000000
,
00000000
00000000
00000000
00000000
,
00000000
00000000
00000000
00000000
,
00000000
00000000
00000000
00000000
,
00010000
00010000
00000000
10000000
,
00010000
00010000
00000000
10000000
,
00010000
00010000
00000000
00100000
,
00001000
00001000
00000000
00100000
,
00001000
00001000
00000000
00010000
,
00000100
00000100
00000000
00010000
,
00000100
00000100
00000000
00001000
,
00000010
00000010
00000000
00000010
,
00000010
00000000
00000100
00000000
,
00000000
00000000
00010000
00000000
,
00000000
00000000
10000000
00000000
,
00000000
00000000
00010000
00000000
,
00000000
00000000
01000000
00000000
,
00000000
00000000
00000100
00000000
,
00000000
00000000
00001000
00000000
,
00000000
00000000
00000001
00000000
,
00000000
00000000
00001000
00000000
,
00000100
00000000
00010000
00000000
,
00000010
00000000
00010000
00000000
,
00001000
00000000
01000000
00000000
,
00001000
00000000
01000000
00000000
,
00010000
00000000
10000000
00000000
,
00100000
00000000
01000000
00000000
,
00010000
00000000
10000000
00000000
,
01000000
00000000
00100000
00010000
,
00100000
00000000
00001000
01000000
,
00010000
00000000
00100000
00001000
,
00011000
00000000
00000100
00001000
,
00001001
00000010
00000010
00000000
,
00001000
00000010
00000010
00000000
,
01000000
00001000
00001000
00000000
,
00010000
00001000
00001000
00000000
,
00100000
00010000
00010000
00000000
,
10000000
00010000
00010000
00000000
,
00100000
00001000
00001000
00000000
,
00010000
00000100
00000100
00000000
,
00001000
00000001
00000001
00000000
,
00000010
00000100
00000100
00000000
,
00010000
00001000
00001000
00000000
,
01000000
00100000
00100000
00000000
,
10000000
00010000
00010000
00000000
,
01000000
00001000
00001000
00000000
,
00010000
00000010
00000010
00000000
,
00000100
00000001
00000001
00000000
,
00000100
00001000
00001000
00000000
,
00010000
00100000
00100000
00000000
,
10000000
01000000
01000000
00000000
,
00010000
00001000
00001000
00000000
,
00000100
00000001
00000001
00000000
,
00000010
00000100
00001000
00000000
,
00000001
00000100
00000010
00000000
,
00010000
00001000
01000000
00000000
,
20020000
00000000
00000000
00000000
00000000
30030000
00000000
00000000
;

//---------------dance-double - M.Emirzian----------------
#NOTES:
     dance-double:
     M.Emirzian:
     Medium:
     5:
     0.296,0.000,0.038,0.028,0.114,212.000,4.000,3.000,0.000,0.000,0.000:
00000000
00000000
00000000
00000000
,
00000000
00000000
00000000
00000000
,
00000000
00000000
00000000
00000000
,
00000000
00000000
00000000
00000000
,
00000000
10000000
01000000
00000000
00000000
00010000
01000000
00000000
,
00000000
00001000
00010000
00000000
00000000
00000100
00001000
00000000
,
00000000
00000001
00000100
00000000
00000000
00000010
00001000
00000000
,
00000000
00000100
00010000
00000000
00000000
00001000
00010000
00001000
,
00000000
01000000
00010000
00000000
00000000
01000000
00100000
00000000
,
00000000
10000000
01000000
00000000
00000000
00100000
00010000
00000000
,
00000000
00100000
00001000
00000000
00000000
00010000
00001000
00000000
,
00000000
00010000
00000100
00000000
00000000
00000010
00001000
00000100
,
00002200
00000000
00000000
00003300
00000000
00000000
00000000
00000000
00001000
00000000
00000000
00000000
00000100
00000000
00000000
00000000
,
00001000
00000000
00000001
00000100
,
00001000
00010000
00001000
01000000
,
00010000
00000000
10000000
00100000
,
00010000
00001000
00010000
00000100
,
00001000
00000000
00000001
00001000
,
00000100
00000010
00001000
00010000
,
00000100
00000000
00010000
00001000
,
00000100
00000000
00001000
00000000
00010000
00001000
00000000
01000000
,
00000000
00010000
00000000
10000000
00000000
01000000
00000000
00100000
,
00000000
00010000
00000000
01000000
00000000
01010000
00000000
00001000
,
00000000
00010000
00000000
00000100
00000000
00001000
00000000
00000001
,
00000000
00000010
00000000
00001000
00000000
00010000
00000000
00011000
,
00000000
01000000
00000000
00100000
00000000
00010000
00000000
00001000
,
00000000
00010000
00000000
01000000
00000000
10000000
00000000
00100000
,
00000000
01000000
00000000
00010000
00000000
00100000
00000000
00011000
,
00000000
00000100
00000000
00001000
00000010
00000000
00000100
00000001
,
00001000
00000000
00000100
00000000
00000010
00000000
00000001
00001000
,
00000100
00000000
00010000
00000000
00001000
00000000
00000100
00001000
,
00010000
00000000
00000000
00100000
01000000
00000000
00000000
00010000
,
10000000
00000000
00000000
00000000
00000000
00000000
01000000
00000000
00100000
00000000
00000000
00010000
00000000
00000000
00000000
00000000
,
01000000
00000000
00000000
00000000
00000000
00000000
00001000
00000000
00010000
00000000
00000000
00001000
00000000
00000000
00000000
00000000
,
00000100
00000000
00000000
00000000
00000000
00000000
00000001
00000000
00001000
00000000
00000000
00000100
00000000
00000000
00000000
00000000
,
00010000
00000000
00000000
00000000
00000000
00000000
00000100
00000000
00001000
00000000
00000000
00000010
00000000
00000000
00000000
00000000
,
00010000
00000000
00000000
00000000
00000000
00000000
00001000
00000000
01000000
00000000
00000000
00010000
00000000
00000000
00000000
00000000
,
10000000
00000000
00000000
00000000
00000000
00000000
01000000
00000000
00100000
00000000
00000000
00010000
00000000
00000000
00000000
00000000
,
01000000
00000000
00000000
00000000
00000000
00000000
00001000
00000000
00010000
00000000
00000000
00000100
00000000
00000000
00000000
00000000
,
00010000
00000000
00000000
00000000
00000000
00000000
00001000
00000000
00000100
00000000
00000000
00001000
00000000
00000000
00000000
00000000
,
00010000
00000000
00000000
00000000
00000000
00000000
00001000
00000000
00000010
00000000
00000000
00000001
00000000
00000000
00000000
00000000
,
00000100
00000000
00000000
00000000
00000000
00000000
00001000
00000000
00010000
00000000
00000000
01000000
00000000
00000000
00000000
00000000
,
00010000
00000000
00000000
00000000
00000000
00000000
00001000
00000000
01000000
00000000
00000000
00010000
00000000
00000000
00000000
00000000
,
10000000
00000000
00000000
00000000
00000000
00000000
01000000
00000000
00100000
00000000
00000000
00010000
00000000
00000000
00000000
00000000
,
01000000
00000000
00000000
00000000
00000000
00000000
00001000
00000000
00010000
00000000
00000000
00000100
00000000
00000000
00000000
00000000
,
00001000
00000000
00000000
00000000
00000000
00000000
00000001
00000000
00000100
00000000
00000000
00000010
00000000
00000000
00000000
00000000
,
00001000
00000000
00000000
00000000
00000000
00000000
00000100
00000000
00010000
00000000
00000000
00001000
00000000
00000000
00000000
00000000
,
01000000
00000000
00000000
00000000
00000000
00000000
00010000
00000000
10000000
00000000
00000000
01000000
00000000
00000000
00000000
00000000
,
00100000
00000000
00000000
00000000
00000000
00000000
00010000
00000000
01000000
00000000
00000000
00001000
00000000
00000000
00000000
00000000
,
00010000
00000000
00000000
00000000
00000000
00000000
01000000
00000000
00010000
00000000
00000000
00001000
00000000
00000000
00000000
00000000
,
00000010
00000000
00000000
00000000
00000000
00000000
00000001
00000000
00000100
00000000
00000000
00001000
00000000
00000000
00000000
00000000
,
00000100
00000000
00000000
00000000
00000000
00000000
00000001
00000000
00000010
00000000
00000000
00000100
00000000
00000000
00000000
00000000
,
00010000
00000000
00000000
00000000
00000000
00000000
00001000
00000000
00000100
00000000
00000000
00001000
00000000
00000000
00000000
00000000
,
00010000
00000000
00000000
00000000
00000000
00000000
00001000
00000000
01000000
00000000
00000000
00010000
00000000
00000000
00000000
00000000
,
00100000
00000000
00000000
00000000
00000000
00000000
00010000
00000000
01000000
00000000
00000000
00100000
00000000
00000000
00000000
00000000
,
10000000
00000000
00000000
00000000
00000000
00000000
01000000
00000000
00010000
00000000
00000000
00001000
00000000
00000000
00000000
00000000
,
00000010
00000002
00000010
00000000
00000000
00000003
00000000
00000000
;

//---------------dance-double - M.Emirzian----------------
#NOTES:
     dance-double:
     M.Emirzian:
     Challenge:
     9:
     0.613,0.000,0.275,0.038,0.535,420.000,29.000,4.000,0.000,0.000,0.000:
00000000
00000000
00000000
00000000
,
00000000
00000000
00000000
00000000
,
00000000
00000000
00000000
00000000
,
00000000
00000000
00000000
00000000
,
00010000
00000000
01000000
00000000
00100000
00000000
01000000
00010000
00000000
10000000
00000000
01000000
00100000
00000000
00001000
00000000
,
00010000
00000000
01000000
00000000
00010000
00000000
00001000
00010000
00000000
00000100
00000000
00001000
00000010
00000000
00001000
00000000
,
00000100
00000000
00000001
00000000
00000100
00000000
00001000
00000010
00000000
00000100
00000000
00000010
00001000
00000000
00000001
00000000
,
00000010
00000000
00001000
00000000
00010000
00000000
00001000
01000000
00000000
00010000
00000000
00100000
00010000
00000000
10000000
00000000
,
00100000
00000000
00010000
00000000
00100000
00000000
10000000
01000000
00000000
00100000
00000000
00010000
01000000
00000000
00001000
00000000
,
00010000
00000000
00100000
00000000
00010000
00000000
00001000
00010000
00000000
00000010
00000000
00001000
00000100
00000000
00000010
00000000
,
00000001
00000000
00000100
00000000
00001000
00000000
00000100
00000010
00000000
00001000
00000000
00000100
00000010
00000000
00000001
00000000
,
00000010
00000000
00001000
00000000
00010000
00000000
00000100
00010000
00000000
00001000
00000000
01000000
00010000
00000000
10000000
00000000
,
00100000
00000000
00000000
20020000
00000000
30030000
00000000
00000000
10000000
00000000
00000000
00110000
00000000
00000000
01000000
00000000
,
00100000
00000000
00000000
00000000
00000000
00000000
01000000
00000000
00001000
00000000
00000000
00011000
00000000
00000000
00000100
00000000
,
00001000
00000000
00000000
00011000
00000000
00000000
01000000
00000000
00010000
00000000
00000000
00011000
00000000
00000000
00000010
00000000
,
00000001
00000000
00000000
00000000
00000000
00000000
00001000
00000000
00000010
00000000
00000000
00000110
00000000
00000000
00000100
00000000
,
00001000
00000000
00000000
00011000
00000000
00000000
00010000
00000000
00100000
00000000
00000000
01010000
00000000
00000000
00100000
00000000
,
01000000
00000000
00000000
00000000
00000000
00000000
10000000
00000000
00010000
00000000
00000000
01001000
00000000
00000000
00010000
00000000
,
00001000
00000000
00000000
00010010
00000000
00000000
00001000
00000000
00000100
00000000
00000000
00000110
00000000
00000000
00000001
00000000
,
00000100
00000000
00000000
00000000
00000000
00000000
00000010
00000000
00001000
00000000
00000000
00010010
00000000
00000000
00001000
00000000
,
01000000
00000000
00000000
00110000
00000000
00000000
00010000
00000000
10000000
00000000
00000000
01100000
00000000
00000000
00010000
00000000
,
00001000
00000000
00000000
00000000
00000000
00000000
00100000
00000000
00001000
00000000
00000000
01010000
00000000
00000000
00100000
00000000
,
00010000
00000000
00000000
00011000
00000000
00000000
00000010
00000000
00000100
00000000
00000000
00010100
00000000
00000000
00001000
00000000
,
00000100
00000000
00000000
00000000
00000000
00000000
00000001
00000000
00001000
00000000
00000000
00000110
00000000
00000000
00000001
00000000
,
00000100
00000000
00000000
00011000
00000000
00000000
00100000
00000000
10000000
00000000
00000000
11000000
00000000
00000000
00100000
00000000
,
00010000
00000000
00000000
00000000
00000000
00000000
01000000
00000000
00001000
00000000
00000000
00011000
00000000
00000000
00000001
00000000
,
00001000
00000000
00000000
00000110
00000000
00000000
00010000
00000000
00001000
00000000
00000000
01100000
00000000
00000000
00010000
00000000
,
10000000
00000000
00000000
00000000
00000000
00000000
01000000
00000000
00100000
00000000
00000000
00011000
00000000
00000000
00000010
00000000
,
00000100
00000000
00000000
00011000
00000000
00000000
00100000
00000000
10000000
00000000
00000000
00011000
00000000
00000000
00000010
00000000
,
00000001
00001000
00000001
00001000
00000001
00001000
00000100
00000000
00000010
00001000
00000010
00001000
00000100
00010000
00001000
00000000
,
01000000
00010000
01000000
00001000
01000000
00010000
01000000
00000000
00100000
10000000
00100000
01000000
00010000
10000000
01000000
00000000
,
00100000
00010000
00100000
00001000
00010000
00001000
00010000
00000000
00010100
00000000
00000000
00000000
00001010
00000000
00000000
00000000
,
00002001
00000000
00000000
00000000
00003010
00000000
00000100
00000000
00000001
00000000
00001000
00000100
00000000
00000100
00000010
00000000
,
00001000
00000000
00010000
00000000
00100000
00000000
10000000
00000000
01000000
00000000
00100000
00010000
00000000
00010000
01000000
00000000
,
00100000
00000000
00010000
00000000
00001000
00000000
00010000
00000000
00000100
00000000
00010000
00001000
00000000
00001000
00000100
00000000
,
00000001
00000000
00001000
00000000
00000100
00000000
00000010
00000000
00000001
00000000
00000010
00000100
00000000
00000100
00010000
00000000
,
00100000
00000000
00010000
00000000
00001000
00000000
00000100
00000000
00001000
00000000
00010000
01000000
00000000
01000000
10000000
00000000
,
00010000
00000000
01000000
00000000
10000000
00000000
01000000
00000000
00010000
00000000
10000000
01000000
00000000
01000000
00100000
00000000
,
01000000
00000000
10000000
00000000
00010000
00000000
01000000
00000000
00001000
00000000
00010000
00000010
00000000
00000010
00001000
00000000
,
00000100
00000000
00000010
00000000
00000001
00000000
00000100
00000000
00001000
00000000
00000100
00000010
00000000
00000010
00010000
00000000
,
00001000
00000000
00000010
00000000
00001000
00000000
00010000
00000000
00100000
00000000
01000000
00001000
00000000
00001000
00010000
00000000
,
01000000
00000000
10000000
00000000
00100000
00000000
10000000
00000000
01000000
00000000
00010000
01000000
00000000
10000000
01000000
00000000
,
00100000
00000000
00001000
00000000
00010000
00000000
00000100
00000000
00000010
00000000
00000100
00001000
00000000
00000001
00000100
00000000
,
00000010
00000000
00001000
00000000
00000100
00000000
00010000
00000000
00001000
00000000
00000010
00000100
00000000
00010000
00001000
00000000
,
00000100
00000000
00001000
00000000
01000000
00000000
00100000
00000000
01000000
00000000
00001000
00010000
00000000
00010000
00100000
00000000
,
01000000
00000000
00010000
00000000
01000000
00000000
10000000
00000000
00010000
00000000
00100000
10000000
00000000
10000000
00010000
00000000
,
00100000
00000000
00001000
00000000
00010000
00000000
00000100
00000000
00000010
00000000
00000001
00001000
00000000
00001000
00000010
00000000
,
00000100
00000000
00000001
00000000
00000010
00000000
00001000
00000000
00010000
00000000
00000100
00010000
00000000
00010000
01000000
00000000
,
00010000
00000000
00001000
00000000
01000000
00000000
00100000
00000000
10000000
00000000
01000000
00100000
00000000
00100000
00001000
00000000
,
00010000
00000000
00100000
00000000
00010000
00000000
00001000
00000000
01000000
00000000
00010000
00100000
00000000
00100000
00001000
00000000
,
00000010
00000000
00000100
00000000
00001000
00000000
00000100
00000000
00010000
00000000
00100000
00010000
00000000
00010000
00001000
00000000
,
00000100
00000000
00000001
00000000
00001000
00000000
00000100
00000000
00000010
00000000
00000100
00001000
00000000
00001000
00000001
00000000
,
00000100
00000000
00001000
00000000
00010000
00000000
00100000
00000000
10000000
00000000
01000000
00100000
00000000
00100000
00010000
00000000
,
01000000
00000000
00001000
00000000
01000000
00000000
00100000
00000000
00010000
00000000
00001000
00000010
00000000
00000010
00000100
00000000
,
00001000
00000000
00000001
00000000
00000010
00000000
00000100
00000000
00010000
00000000
00001000
00000100
00000000
00000100
00001000
00000000
,
00010000
00000000
00100000
00000000
01000000
00000000
00001000
00000000
00010000
00000000
01000000
10000000
00000000
10000000
00100000
00000000
,
01000000
00020000
01000000
00000000
00000000
00030000
00000000
00000000
;

//---------------dance-double - M.Emirzian----------------
#NOTES:
     dance-double:
     M.Emirzian:
     Hard:
     8:
     0.509,0.000,0.047,0.038,0.431,367.000,5.000,4.000,0.000,0.000,0.000:
00000000
00000000
00000000
00000000
,
00000000
00000000
00000000
00000000
,
00000000
00000000
00000000
00000000
,
00000000
00000000
00000000
00000000
,
00000000
00000000
10000000
00000000
01000000
00000000
00100000
00010000
00000000
00100000
00000000
00000000
00010000
00000000
01000000
00000000
,
00000000
00000000
00100000
00000000
01000000
00000000
00010000
01000000
00000000
00010000
00000000
00000000
00100000
00000000
00001000
00000000
,
00000000
00000000
00010000
00000000
00000100
00000000
00001000
00000100
00000000
00001000
00000000
00000000
00000010
00000000
00001000
00000000
,
00000000
00000000
00000001
00000000
00000010
00000000
00000100
00001000
00000000
00000100
00000000
00000000
00001000
00000000
00000001
00000000
,
00000000
00000000
00000100
00000000
00000010
00000000
00001000
00000010
00000000
00001000
00000000
00000000
00000100
00000000
00010000
00000000
,
00000000
00000000
00001000
00000000
00100000
00000000
00010000
10000000
00000000
00010000
00000000
00000000
01000000
00000000
00100000
00000000
,
00000000
00000000
01000000
00000000
00010000
00000000
10000000
01000000
00000000
10000000
00000000
00000000
00010000
00000000
00100000
00000000
,
00000000
00000000
00001000
00000000
00010000
00000000
00000100
00001000
00000000
00000100
00000000
00000000
00000010
00000000
00000001
00000000
,
00000100
00000000
00000000
00002020
00000000
00003030
00000000
00000000
00000001
00000000
00000000
00001000
00000000
00000000
00000100
00000000
,
00000010
00000000
00000000
00000000
00000000
00000000
00000100
00000000
00010000
00000000
00000000
00001000
00000000
00000000
00000100
00000000
,
00001000
00000000
00000000
00010000
00000000
00000000
00100000
00000000
10000000
00000000
00000000
01000000
00000000
00000000
00100000
00000000
,
00010000
00000000
00000000
00000000
00000000
00000000
00010000
00000000
10000000
00000000
00000000
00100000
00000000
00000000
01000000
00000000
,
00010000
00000000
00000000
10000000
00000000
00000000
01000000
00000000
00100000
00000000
00000000
00001000
00000000
00000000
00010000
00000000
,
00000100
00000000
00000000
00000000
00000000
00000000
00000010
00000000
00000100
00000000
00000000
00001000
00000000
00000000
00000001
00000000
,
00000100
00000000
00000000
00001000
00000000
00000000
00010000
00000000
00100000
00000000
00000000
00010000
00000000
00000000
00001000
00000000
,
00000010
00000000
00000000
00000000
00000000
00000000
00001000
00000000
00010000
00000000
00000000
01000000
00000000
00000000
00010000
00000000
,
00001000
00000000
00000000
00000100
00000000
00000000
00001000
00000000
00010000
00000000
00000000
00100000
00000000
00000000
10000000
00000000
,
00010000
00000000
00000000
00000000
00000000
00000000
00100000
00000000
01000000
00000000
00000000
10000000
00000000
00000000
00010000
00000000
,
01000000
00000000
00000000
00001000
00000000
00000000
00010000
00000000
00000100
00000000
00000000
00001000
00000000
00000000
00000010
00000000
,
00000100
00000000
00000000
00000000
00000000
00000000
00000001
00000000
00000100
00000000
00000000
00000010
00000000
00000000
00000100
00000000
,
00000001
00000000
00000000
00001000
00000000
00000000
00000100
00000000
00010000
00000000
00000000
00001000
00000000
00000000
00100000
00000000
,
00010000
00000000
00000000
00000000
00000000
00000000
00100000
00000000
01000000
00000000
00000000
10000000
00000000
00000000
00010000
00000000
,
01000000
00000000
00000000
00100000
00000000
00000000
10000000
00000000
01000000
00000000
00000000
00100000
00000000
00000000
00010000
00000000
,
01000000
00000000
00000000
00000000
00000000
00000000
00001000
00000000
00010000
00000000
00000000
00011000
00000000
00000000
00010000
00000000
,
00000100
00000000
00000000
00001000
00000000
00000000
00000010
00000000
00000100
00000000
00000000
00001001
00000000
00000000
00000100
00000000
,
00000010
00000001
00001000
00000010
00000100
00000001
00001000
00000100
,
00010000
00001000
00100000
00001000
00010000
01000000
10000000
00100000
,
10000000
00010000
10000000
00000000
01000000
00000000
00100000
00000000
00010000
00000000
00000000
00000000
01010000
00000000
00000000
00000000
,
10200000
00000000
00000000
00000000
10300000
00000000
01000000
00000000
00100000
00000000
00010000
01000000
00000000
00010000
01000000
00000000
,
00010000
00000000
01000000
00000000
00000000
00000000
00100000
00000000
10000000
00000000
00010000
10000000
00000000
00010000
10000000
00000000
,
01000000
00000000
00100000
00000000
00000000
00000000
00010000
00000000
01000000
00000000
00001000
00010000
00000000
00001000
00010000
00000000
,
00000100
00000000
00001000
00000000
00000000
00000000
00000001
00000000
00000010
00000000
00000100
00001000
00000000
00000100
00001000
00000000
,
00000010
00000000
00000100
00000000
00000000
00000000
00000001
00000000
00000010
00000000
00000100
00000010
00000000
00000100
00000010
00000000
,
00000100
00000000
00001000
00000000
00000000
00000000
00000010
00000000
00010000
00000000
00001000
00010000
00000000
00001000
00010000
00000000
,
00100000
00000000
01000000
00000000
00000000
00000000
00010000
00000000
10000000
00000000
01000000
00100000
00000000
01000000
00100000
00000000
,
00010000
00000000
01000000
00000000
00000000
00000000
00100000
00000000
10000000
00000000
00010000
01000000
00000000
00010000
01000000
00000000
,
00100000
00000000
10000000
00000000
00000000
00000000
01000000
00000000
00100000
00000000
00010000
10000000
00000000
00010000
10000000
00000000
,
00100000
00000000
01000000
00000000
00000000
00000000
00001000
00000000
00010000
00000000
00000100
00001000
00000000
00001000
00000100
00000000
,
00000010
00000000
00000001
00000000
00000000
00000000
00001000
00000000
00000010
00000000
00000100
00000001
00000000
00000001
00000100
00000000
,
00000010
00000000
00001000
00000000
00000000
00000000
00000100
00000000
00010000
00000000
00001000
00010000
00000000
00010000
00001000
00000000
,
01000000
00000000
00010000
00000000
00000000
00000000
00100000
00000000
01000000
00000000
10000000
00010000
00000000
00010000
01000000
00000000
,
00100000
00000000
10000000
00000000
00000000
00000000
01000000
00000000
00100000
00000000
00010000
00100000
00000000
00100000
00001000
00000000
,
00010000
00000000
00000100
00000000
00000000
00000000
00001000
00000000
00000001
00000000
00000010
00000100
00000000
00000100
00001000
00000000
,
00000010
00000000
00000100
00000000
00000000
00000000
00000001
00000000
00001000
00000000
00000100
00001000
00000000
00001000
00000001
00000000
,
00000100
00000000
00001000
00000000
00000000
00000000
00010000
00000000
00001000
00000000
01000000
00010000
00000000
00010000
10000000
00000000
,
01000000
00000000
00100000
00000000
00000000
00000000
00010000
00000000
10000000
00000000
01000000
00100000
00000000
00100000
00010000
00000000
,
01000000
00000000
00001000
00000000
00000000
00000000
00010000
00000000
00000100
00000000
00001000
00000001
00000000
00000001
00000100
00000000
,
00000010
00000000
00001000
00000000
00000000
00000000
00000100
00000000
00000010
00000000
00000100
00001000
00000000
00001000
00000001
00000000
,
00000010
00000000
00001000
00000000
00000000
00000000
00010000
00000000
00000100
00000000
00010000
00001000
00000000
00001000
01000000
00000000
,
00010000
00000000
10000000
00000000
00000000
00000000
01000000
00000000
00100000
00000000
00010000
01000000
00000000
01000000
00001000
00000000
,
00010000
00000000
00000010
00000000
00000000
00000000
00001000
00000000
00000100
00000000
00000010
00000100
00000000
00000100
00001000
00000000
,
00000001
00000000
00000100
00000000
00000000
00000000
00000010
00000000
00001000
00000000
00000100
00010000
00000000
00010000
00001000
00000000
,
01000000
00020000
01000000
00000000
00000000
00030000
00000000
00000000
;

//---------------dance-single - K. Ward----------------
#NOTES:
     dance-single:
     K. Ward:
     Beginner:
     1:
     0.083,0.000,0.000,0.000,0.000,61.000,0.000,0.000,0.000,0.000,0.000:

0000
0000
0000
0000
,
0000
0000
0000
0000
,
0000
0000
0000
0000
,
0000
0000
0000
0000
,
0100
0000
0000
0000
,
0100
0000
0000
0000
,
0100
0000
0000
0000
,
0010
0000
0010
0000
,
1000
0000
0000
0000
,
0001
0000
0000
0000
,
1000
0000
0000
0000
,
0010
0000
0010
0000
,
0100
0000
0001
0000
,
0000
0000
0001
0000
,
1000
0000
0001
0000
,
0000
0000
0001
0000
,
1000
0000
1000
0000
,
0000
0000
0001
0000
,
1000
0000
0001
0000
,
0000
0000
0100
0000
,
0010
0000
1000
0000
,
0000
0000
1000
0000
,
0000
0000
0001
0000
,
0000
0000
0010
0000
,
0000
0000
0100
0000
,
0000
0000
1000
0000
,
0000
0000
0001
0000
,
0000
0000
1000
0000
,
0001
0000
0100
0000
,
0000
0000
0100
0000
,
0000
0000
1000
0000
,
0000
0000
1000
0000
,
0000
0001
0000
0000
,
0000
1000
0000
0000
,
0000
0001
0000
0000
,
0000
1000
0000
0000
,
0000
0010
0000
0000
,
0000
0100
0000
0000
,
0000
0100
0000
0000
,
0000
0010
0000
0000
,
0000
0001
0000
0000
,
0000
0001
0000
0000
,
0000
1000
0000
0000
,
0000
1000
0000
0000
,
0000
0010
0000
0000
,
0000
0100
0000
0000
,
0000
1000
0000
0000
,
0000
0010
0000
0000
,
0000
0001
0000
0000
,
0000
0010
0000
0000
,
0000
0001
0000
0000
,
0000
1000
0000
0000
,
0000
0100
0000
0000
,
0000
0100
0000
0000
,
0000
1000
0000
0000
,
0000
0001
0000
0000
,
0000
1000
0000
0000
;
