#TITLE:Da Roots;
#SUBTITLE:(Folk Mix);
#ARTIST:Mind Reflection;
#TITLETRANSLIT:;
#SUBTITLETRANSLIT:;
#ARTISTTRANSLIT:;
#GENRE:;
#CREDIT:;
#BANNER:Da Roots-banner.png;
#BACKGROUND:Da Roots-bg.png;
#LYRICSPATH:;
#CDTITLE:;
#MUSIC:Mind Reflection - Da Roots.ogg;
#OFFSET:-0.291;
#SAMPLESTART:44.050;
#SAMPLELENGTH:14.360;
#SELECTABLE:YES;
#BPMS:0.000=128.160,0.000=128.160,4.000=128.780,4.000=128.780,8.000=129.520,8.000=129.520,12.000=125.400,12.000=125.400,15.000=133.140,15.000=133.140,16.000=122.480,16.000=122.480,18.000=132.340,18.000=132.340,24.000=128.020,24.000=128.020,28.000=131.100,28.000=131.100,30.000=134.080,30.000=134.080,31.000=132.780,31.000=132.800,48.000=132.700,52.000=132.660,52.000=132.660,96.000=132.620,96.000=132.620,112.000=132.420,112.000=132.420,120.000=132.880,120.000=132.880,128.000=132.700,128.000=132.700,168.000=132.580,168.000=132.560,191.000=133.860,191.000=133.860,196.000=132.260,196.000=132.260,206.500=133.260,206.500=133.260,207.500=132.720,207.500=132.720,224.000=132.560,224.000=132.560,232.000=133.320,232.000=133.300,240.000=132.260,252.000=133.020,256.000=132.580,257.000=126.080,258.000=122.960,259.000=116.540,260.000=104.100,261.000=102.780,262.000=95.520,263.000=91.500,264.000=89.080;
#STOPS:;
#BGCHANGES:0.000=Da Roots-bg.png=1.000=0=0=1=====,
16.000=VOL1-11-NTSC.mpg=1.000=0=0=1=====,
32.000=VOL1-24-NTSC.mpg=1.000=0=0=1=====,
48.000=VOL1-48-NTSC.mpg=1.000=0=0=1=====,
64.000=675_JumpBack.mpg=1.000=0=0=1=====,
80.000=vol3-24-ntsc.mpg=1.000=0=0=1=====,
96.000=VOL1-24-NTSC.mpg=1.000=0=0=1=====,
112.000=VOL1-48-NTSC.mpg=1.000=0=0=1=====,
128.000=vol3-15-ntsc.mpg=1.000=0=0=1=====,
144.000=vol3-24-ntsc.mpg=1.000=0=0=1=====,
152.000=VOL1-16-NTSC.mpg=1.000=0=0=1=====,
160.000=VOL1-17-NTSC.mpg=1.000=0=0=1=====,
176.000=VOL1-11-NTSC.mpg=1.000=0=0=1=====,
192.000=VOL1-41-NTSC.mpg=1.000=0=0=1=====,
208.000=VOL1-06-NTSC.mpg=1.000=0=0=1=====,
224.000=VOL1-24-NTSC.mpg=1.000=0=0=1=====,
240.000=VOL1-48-NTSC.mpg=1.000=0=0=1=====,
256.000=vol3-24-ntsc.mpg=1.000=0=0=1=====,
263.500=Da Roots-bg.png=0.300=1=0=1===CrossFade==,
268.000=Da Roots-bg.png=1.000=0=0=1=====,
99999=-nosongbg-=1.000=0=0=0 // don't automatically add -songbackground-
;
#KEYSOUNDS:;
// cache tags:
#FIRSTBEAT:16.000;
#LASTBEAT:268.000;
#SONGFILENAME:/Songs/In The Groove/Da Roots/Da Roots.sm;
#HASMUSIC:1;
#HASBANNER:1;
#MUSICLENGTH:127.294;
// end cache tags

//---------------dance-single - K. Ward----------------
#NOTES:
     dance-single:
     K. Ward:
     Easy:
     2:
     0.176,0.000,0.047,0.000,0.000,151.000,6.000,0.000,0.000,0.000,0.000:


0000
0000
0000
0000
,
0000
0000
0000
0000
,
0000
0000
0000
0000
,
0000
0000
0000
0000
,
1000
0000
0010
0000
,
0100
0000
0010
0010
,
1000
0000
0001
0000
,
0100
0001
0100
0001
,
1000
0000
0001
0000
,
0100
0000
0010
0010
,
1000
0000
0001
0000
,
0100
0000
0001
0001
,
1000
0000
0010
0000
,
1000
0000
0100
0100
,
1000
0000
0010
0000
,
0100
0000
0001
0001
,
1000
0000
0001
0000
,
0100
0100
0100
0000
,
0001
0000
0001
0000
,
1000
1000
1000
0000
,
0001
0000
0100
0000
,
0010
0000
0100
0000
,
0001
0000
0001
0000
,
1000
1000
1000
0000
,
0010
0000
0010
0000
,
1000
0000
1000
1000
,
0010
0000
0100
0000
,
0001
0000
0001
0001
,
1000
0000
0010
0000
,
1000
0000
0001
0001
,
1000
0000
0010
0000
,
1000
0000
0010
1000
,
1001
0000
0000
0000
,
0001
0000
0010
0001
,
1001
0000
0000
0000
,
0100
0000
0010
1000
,
1001
0000
0000
0000
,
0001
0000
0100
0001
,
1001
0000
0000
0000
,
0100
0000
0110
0000
,
1000
0000
0010
0000
,
0100
0000
0010
0100
,
1000
0000
0001
0000
,
0100
0001
0100
0001
,
0010
0000
0100
0000
,
1000
0000
0010
0010
,
0100
0000
0010
0000
,
1000
0000
0001
0001
,
1000
0100
1000
0100
,
1000
0000
0010
0000
,
0100
0001
0100
0001
,
0100
0000
0001
0000
,
1000
0100
1000
0000
,
0001
0010
0001
0000
,
1000
0000
0010
0000
,
1000
0001
0001
0000
,
0100
0000
0001
0000
,
1000
0000
0001
0001
,
1000
0000
0010
0000
,
1000
0100
1000
0010
,
0100
0000
0001
0000
,
1000
0000
0010
0010
,
1000
0000
0010
0000
,
0100
0000
0001
0001
,
1001
0000
0000
0000
;

//---------------dance-single - K. Ward----------------
#NOTES:
     dance-single:
     K. Ward:
     Medium:
     4:
     0.288,0.000,0.016,0.055,0.000,248.000,2.000,7.000,0.000,0.000,0.000:


0000
0000
0000
0000
,
0000
0000
0000
0000
,
0000
0000
0000
0000
,
0000
0000
0000
0000
,
1000
0000
0001
0000
0000
0010
0000
0001
,
1000
0010
0000
0100
,
0100
0000
0001
0000
0000
0100
0000
0100
,
0001
0010
0000
0001
,
0001
1000
0100
1000
,
1000
0100
1000
0100
,
1000
0010
1000
1000
,
0010
0000
0010
0000
0100
0010
0100
0000
,
0001
1000
0100
1000
,
1000
0010
0100
0001
,
1000
0010
1000
1000
,
0010
0000
0010
0000
0100
0010
0100
0000
,
0001
0001
0001
0010
,
0020
0000
0000
0030
0001
0000
0000
0000
,
0001
0001
0001
0010
,
0020
0000
0000
0030
0001
0000
0100
0000
,
0010
0100
0000
0010
1000
0000
1000
0000
,
1000
0100
0000
0100
1000
0000
0010
0000
,
0100
0001
0000
0001
0100
0000
0100
0010
,
0100
0010
0200
0000
,
0301
1000
0100
1000
,
1000
0100
1000
0100
,
1000
0010
0100
0001
,
0100
0000
0010
0000
0100
0010
0100
0000
,
0001
1000
0100
1000
,
1000
0100
1000
0010
,
1000
0010
0100
0001
,
0100
0000
0010
0000
0100
0010
0100
0000
,
0001
0100
0001
0100
,
0001
0001
0001
0000
,
1000
0001
1000
0001
,
1000
0000
0010
0000
0100
0001
0001
0000
,
1000
0010
1000
0010
,
1000
0000
1000
0000
1000
0000
0000
0100
,
1000
0010
0100
0001
,
1001
0000
0110
0000
,
0100
0000
0001
0000
0000
0010
0000
0001
,
1000
0010
0010
0100
,
0100
0000
0001
0000
0000
0010
0000
0001
,
0100
0010
0010
0100
,
0100
0000
0001
0000
0000
0010
0000
0001
,
0001
0010
0010
0001
,
1000
0000
0001
0000
0000
0100
0000
0010
,
1000
0010
0010
1000
,
0001
0001
0001
0010
,
0020
0000
0000
0030
0001
0000
0001
0000
,
1000
1000
1000
0010
,
0020
0000
0000
0030
0100
0000
0001
0000
,
0001
0100
0000
0001
0100
0000
0100
0000
,
0010
0100
0000
0100
0010
0000
1000
0000
,
0001
0100
0000
0001
0100
0000
0100
0010
,
0100
0000
0010
0000
0100
0010
0100
0000
,
0001
1000
0100
1000
,
1000
0010
0100
0010
,
0010
0100
0010
1000
,
0001
0000
0100
0000
0010
0100
0010
0000
,
1000
0001
0100
0010
,
1000
0100
1000
0100
,
0010
0100
1000
0001
,
1000
0000
0010
0000
0100
0010
0100
0000
,
0002
0000
0003
0000
,
0200
0000
0000
0000
0000
0000
0000
0301
;

//---------------dance-single - K. Ward----------------
#NOTES:
     dance-single:
     K. Ward:
     Hard:
     7:
     0.461,0.000,0.134,0.126,0.283,378.000,17.000,16.000,0.000,0.000,0.000:


0000
0000
0000
0000
,
0000
0000
0000
0000
,
0000
0000
0000
0000
,
0000
0000
0000
0000
,
0001
0000
1000
0000
0000
0010
0000
0100
,
0001
0000
1000
0010
0000
0100
0001
0000
,
1000
0000
0001
0000
0000
0100
0010
0000
,
1000
0000
0000
1000
0000
0010
1000
0000
,
0001
0000
0000
0001
0100
0000
0000
0100
0010
0000
0000
0010
1000
0000
0000
1000
,
0100
0000
0000
0100
0010
0000
0000
0010
0100
0000
0000
0000
0110
0000
0000
0000
,
1000
0000
0000
1000
0010
0000
0000
0010
0100
0000
0000
0100
0001
0000
0000
0001
,
0010
0000
0000
0010
0100
0000
0000
0100
0010
0000
0001
0000
0011
0000
0000
0000
,
0001
0000
0000
0001
0100
0000
0000
0100
0010
0000
0000
0010
1000
0000
0000
1000
,
0100
0000
0000
0100
0010
0000
0000
0010
0100
0000
0000
0000
0110
0000
0000
0000
,
1000
0000
0000
1000
0010
0000
0000
0010
0100
0000
0000
0100
0001
0000
0000
0001
,
0010
0000
0000
0010
0100
0000
0000
0100
0010
0000
0001
0000
0011
0000
0000
0000
,
1000
0100
1000
0010
2000
0000
3100
0000
,
0100
1000
0100
1000
0020
0000
0130
0000
,
0001
0100
0010
1000
0002
0000
1003
0000
,
0010
0100
0001
0100
0010
1000
0001
0000
,
2000
0000
0010
0000
0001
0010
3001
0000
,
0002
0000
0100
0000
1000
0100
1003
0000
,
1000
0100
0010
0100
1000
0100
0010
0100
,
0010
0100
1000
0100
1000
0010
0200
0000
,
0301
0000
0000
0001
0100
0000
0000
0100
0010
0000
0000
0010
1000
0000
0000
1000
,
0100
0000
0000
0100
1000
0000
0000
1000
0010
0000
0000
0000
0110
0000
0000
0000
,
0001
0000
0000
0001
0010
0000
0000
0010
0100
0000
0000
0100
1000
0000
0000
1000
,
0010
0000
0000
0010
0100
0000
0000
0100
0001
0000
0010
0000
0001
0000
0000
0000
,
1000
0000
0000
1000
0010
0000
0000
0010
0100
0000
0000
0100
0001
0000
0000
0001
,
0010
0000
0000
0010
0001
0000
0000
0001
0200
0000
0000
0000
0310
0000
0000
0000
,
1000
0000
0000
1000
0010
0000
0000
0010
0100
0000
0000
0100
0001
0000
0000
0001
,
0010
0001
0010
0001
1000
0010
1100
0000
,
1000
0000
0010
0000
0100
0001
1000
0000
,
0010
0000
0100
0000
0001
1000
0010
0100
,
0001
0000
1000
0000
0010
0100
0010
0000
,
1000
0100
0010
0100
2000
0000
3010
0000
,
1001
0000
0001
0000
0100
0010
1000
0000
,
0010
0000
0100
0000
0001
0100
0200
0000
,
0301
0000
1000
0000
0100
0010
0100
0010
,
0001
0000
0100
0000
0010
0000
0100
0000
0001
0000
0000
1000
0001
0000
0000
0000
,
1000
0000
0010
0000
0000
0100
0000
0010
,
1000
0000
0001
0100
0000
0010
1000
0000
,
0001
0000
0001
0000
0000
0010
0001
0000
,
0001
0000
0000
0100
0000
0010
0110
0000
,
1001
0000
1000
0000
0000
0010
0000
0100
,
0001
0000
1000
0010
0000
1000
1000
0000
,
0010
0000
0100
0000
0000
0001
1000
0000
,
0001
0000
0000
0100
0000
0010
0110
0000
,
1000
0100
1000
0010
1000
0100
0100
0000
,
1000
0010
0100
0001
0010
0001
0001
0000
,
0010
0001
0100
0010
1000
0100
0100
0000
,
1000
0010
0100
0001
1000
0000
0110
0000
,
0002
0000
0100
0000
1000
0100
1003
0000
,
2000
0000
0010
0000
0001
0010
3001
0000
,
1000
0100
0010
0100
1000
0100
0010
0100
,
0010
0100
1000
0100
1000
0010
0110
0000
,
1000
0000
0000
1000
0010
0000
0000
0010
0100
0000
0000
0100
0001
0000
0000
0001
,
0010
0000
0000
0010
0100
0000
0000
0100
0010
0000
0000
0000
0110
0000
0000
0000
,
0001
0000
0000
0001
0100
0000
0000
0100
0010
0000
0000
0010
1000
0000
0000
1000
,
0100
0000
0000
0100
0010
0000
0000
0010
0100
0000
1000
0000
1100
0000
0000
0000
,
1000
0000
0000
1000
0010
0000
0000
0010
0100
0000
0000
0100
0001
0000
0000
0001
,
0010
0000
0000
0010
0100
0000
0000
0100
0010
0000
0000
0000
0110
0000
0000
0000
,
0001
0000
0000
0001
0100
0000
0000
0100
0010
0000
0000
0010
1000
0000
0000
1000
,
0100
0000
0000
0100
0010
0000
0000
0010
0100
0000
1000
0000
1010
0000
0000
0000
,
2000
0000
3002
0000
,
0203
0000
0000
0000
0010
0000
0000
0000
0300
0010
0000
0000
0000
0000
2002
0000
,
0000
0000
3003
0000
;

//---------------dance-single - M. Puls----------------
#NOTES:
     dance-single:
     M. Puls:
     Challenge:
     9:
     0.563,0.000,0.071,0.031,0.310,489.000,9.000,4.000,0.000,0.000,0.000:


0000
0000
0000
0000
,
0000
0000
0000
0000
,
0000
0000
0000
0000
,
0000
0000
0000
0000
,
0001
0000
1000
0000
0000
0100
0000
0010
,
0100
0000
1000
0001
0000
1000
1100
0000
,
0010
0000
0100
0100
0000
0001
0101
0000
,
0001
0000
0000
0000
0100
0000
0010
0000
0000
0000
1000
0001
1000
0000
0000
0000
,
1000
0000
0000
0000
0001
0000
0000
1000
0010
0000
1000
0000
0001
0000
0000
0000
,
1000
0000
0010
0000
1000
0000
0001
0000
1000
0000
0000
0010
1000
0000
0000
0000
,
0001
0000
0000
0000
0100
0000
0000
0001
1000
0000
0001
0000
1000
0000
0000
0000
,
0001
0000
0100
0000
0001
0000
1000
0000
0001
0000
0100
0001
0100
0000
0001
0000
,
0010
0000
0000
0000
0001
0000
0000
1000
0010
0000
1000
0000
0001
0000
0000
0000
,
1000
0000
0010
0000
1000
0000
0001
0000
1000
0000
0000
0010
1000
0000
0000
0000
,
0001
0000
0000
0000
0100
0000
0000
0001
0010
0000
0001
0000
1000
0000
0000
0000
,
0010
0000
0100
0000
0010
0000
1000
0000
0100
0000
0100
1000
0100
0000
1000
0000
,
0010
0000
1000
0001
1000
0000
0100
1000
0100
0000
1000
0000
0001
0000
1000
0000
,
0010
0000
1000
0001
0010
0000
0100
0000
1000
0000
0010
0000
1000
0000
1000
0000
,
0001
0000
0001
1000
0001
0000
0001
0010
0001
0000
0100
0000
0100
0000
0010
0000
,
1000
0000
0001
0010
0001
0000
1000
0000
0001
0000
1000
0100
0010
0000
0001
0000
,
1000
0000
0010
0100
0010
0000
1000
0000
0001
0000
0001
0000
1000
0000
0000
0000
,
0010
0000
0100
0001
0100
0000
0010
0000
1000
0000
0001
0000
0001
0000
0000
0000
,
1000
0000
0100
1000
0100
0000
0010
0001
0010
0000
0001
0000
0100
0000
0001
0000
,
1000
0000
0010
1000
0010
0000
1000
0100
1000
0000
0001
0000
0100
0000
0010
0000
,
1001
0000
0000
0000
1000
0000
0000
0001
0010
0000
0001
0000
1000
0000
0000
0000
,
0001
0000
0100
0000
0001
0000
1000
0000
0001
0000
0000
0100
0001
0000
0000
0000
,
1000
0000
0000
0000
0001
0000
0000
1000
0010
0000
1000
0000
0001
0000
0000
0000
,
1000
0000
0010
0000
1000
0000
0001
0000
1000
0000
0010
1000
0010
0000
1000
0000
,
0100
0000
0000
0000
1000
0000
0000
0001
0100
0000
0001
0000
1000
0000
0000
0000
,
0001
0000
0010
0000
0001
0000
1000
0000
0001
0000
0000
0100
0001
0000
0000
0000
,
1000
0000
0000
0000
0010
0000
0000
1000
0010
0000
1000
0000
0001
0000
0000
0000
,
1000
0000
0010
0000
1000
0000
0001
0000
0010
0000
0010
0001
0100
0000
0001
0000
,
1000
0000
1000
0000
0010
0000
1000
0000
0001
1000
0001
1000
0100
0000
0010
0000
,
0001
0000
0100
0000
0001
0000
1000
0001
1000
0001
0100
0000
0100
0000
0001
0000
,
1000
0000
1000
0000
0010
0000
1000
0001
1000
0001
1000
0001
0100
0000
0010
0000
,
1000
0000
0010
0000
1000
0000
0001
1000
0001
1000
0100
0000
0100
0000
1000
0000
,
1001
0000
0010
0000
0010
0000
0100
0001
1000
0000
0001
0000
0100
0000
0001
1000
,
0001
0000
0001
0000
1001
0000
0001
0000
0001
0010
0100
0000
1000
0000
1000
0000
,
1001
0000
1000
0000
1000
0000
0100
0010
0001
0000
0001
0000
1001
0000
0001
0000
,
0010
0001
0010
0000
1000
0100
1000
0000
0001
0010
0100
1000
0100
0010
0001
0010
,
0001
0000
0000
0000
1000
0000
0000
0001
0100
0000
0001
0000
1000
0000
0000
0000
,
0001
0000
0100
0000
0001
0000
1000
0000
0010
0000
0000
0100
0001
0000
0000
0000
,
1000
0000
0000
0000
1000
0000
0000
0001
0100
0000
0001
0000
1000
0000
0000
0000
,
0001
0000
0100
0000
0001
0000
1000
0000
0001
0000
0100
0001
0100
0000
0001
0000
,
0010
0000
0000
0000
0001
0000
0000
0100
0010
0000
1000
0000
0001
0000
0000
0000
,
1000
0000
0010
0000
1000
0000
0001
0000
1000
0000
0000
0010
1000
0000
0000
0000
,
0010
0000
0000
0000
0100
0000
0000
0001
0010
0000
0001
0000
0100
0000
0000
0000
,
0010
0000
0100
0000
0010
0000
1000
0000
1000
0000
0001
0010
0001
0000
1000
0000
,
0010
0000
1000
0001
1000
0000
0100
1000
0100
0000
0010
0000
0001
0000
1000
0000
,
0010
0000
1000
0001
0010
0000
0100
0000
1000
0000
0010
0000
1000
0000
0010
0000
,
0100
0000
0010
0100
0010
0000
1000
0100
1000
0000
0010
0000
0100
0000
0001
0000
,
1000
0000
0001
1000
0010
0000
0100
0000
0001
0000
1000
0100
0010
0000
0001
0000
,
1000
0100
0010
0001
1000
0001
1000
0000
,
0010
0000
0100
0001
0100
0000
0010
0000
1000
0000
0001
0000
1000
0000
1000
0000
,
0001
0000
0100
0010
0100
0000
0001
0100
0001
0000
1000
0000
0010
0000
0100
0000
,
0002
0100
0103
0001
1000
0010
1000
0000
,
1001
0000
0000
0000
1000
0000
0000
0001
0010
0000
0001
0000
1000
0000
1000
0000
,
0010
0000
0100
0000
0001
0000
0100
0000
0001
0000
0000
0100
0001
0000
1000
0000
,
1000
0000
0000
0000
0010
0000
0000
1000
0010
0000
1000
0000
0001
0000
0001
0000
,
0100
0000
0001
0000
0100
0000
0010
0000
1000
0000
0100
1000
0100
0000
1000
0000
,
0010
0000
0000
0000
0100
0000
0000
0001
0100
0000
0001
0000
1000
0000
0000
0000
,
0010
0000
0100
0000
0001
0000
1000
0000
0010
0000
0000
0100
0001
0000
0000
0000
,
1000
0000
0000
0000
0001
0000
0000
1000
0010
0000
1000
0000
0001
0000
0001
0000
,
1000
0000
0010
0000
1000
0000
0001
0000
1000
0000
0001
0100
0001
0000
1000
0000
,
0002
0000
0000
0000
0103
0000
0000
0001
0100
0000
0010
0000
2000
0000
0000
0000
,
0100
0000
0000
0000
0000
0000
3000
0000
0000
0200
0000
0000
0000
0000
0000
0000
0000
0000
0010
0000
0300
0000
0000
0001
0000
0000
0000
0000
1001
0000
0000
0000
;

//---------------dance-couple - By Matt P.----------------
#NOTES:
     dance-couple:
     By Matt P.:
     Medium:
     8:
     0.733,0.000,1.000,0.141,0.283,359.000,246.000,18.000,0.000,27.000,0.000:


00000000
00000000
00000000
00000000
,
00000000
00000000
00000000
00000000
,
00000000
00000000
00000000
00000000
,
00000000
00000000
00000000
00000000
,
00011000
00000000
10000001
00000000
00000000
00100100
00000000
01000010
,
00011000
00000000
10000001
00100100
00000000
01000010
10000001
00000000
,
00011000
00000000
01000100
00000000
00010001
00000000
10000000
00010001
,
00000000
00000000
00000000
01000010
00000000
00100100
10000001
00000000
,
00010001
00000000
00000000
00010000
01000000
00000000
00000000
00000100
00000010
00000000
00000000
00100000
10000000
00000000
00000000
00001000
,
00000100
00000000
00000000
01000000
00100000
00000000
00000000
00000010
00000100
00000000
00000000
00000000
01011100
00000000
00000000
00000000
,
10001000
00000000
00000000
10000000
00100010
00000000
00000000
00100000
01000100
00000000
00000000
01000000
00010001
00000000
00000000
00010000
,
00100010
00000000
00000000
00100000
01000100
00000000
00000000
01000000
00100001
00000000
00000000
00000000
01100110
00000000
00000000
00000000
,
00010001
00000000
00000000
00000001
01000100
00000000
00000000
00000100
00100010
00000000
00000000
00000010
10001000
00000000
00000000
00001000
,
01000100
00000000
00000000
00000100
00100010
00000000
00000000
00000010
01000100
00000000
00000000
00000000
01100110
00000000
00000000
00000000
,
10000001
00000000
00000000
10000001
00100100
00000000
00000000
00100100
01000010
00000000
00000000
01000010
00011000
00000000
00000000
00011000
,
00100100
00000000
00000000
00100100
01000010
00000000
00000000
01000010
00100100
00000000
00000000
00000000
01100110
00000000
00000000
00000000
,
10000000
01000000
10000000
00100000
10000000
00000000
01000100
00000000
,
00000100
00001000
00000100
00000001
00000100
00000000
10000000
00000000
,
10000000
01000000
10000000
00100000
10000000
00000000
01000100
00000000
,
01000100
10001000
01000100
00010001
01000100
00000000
10000001
00000000
,
20000002
01000100
01000100
30100013
,
00022000
01000100
01000100
00133010
,
10000001
01000010
00100100
01000010
10000001
01000010
00100100
01000010
,
00100100
01000010
10000001
01000010
00100100
10000001
00100100
00000000
,
10000001
00000000
00000000
00000000
00010001
00000000
00000000
00010000
01000000
00000000
00000000
00000100
00000010
00000000
00000000
00100000
,
10000000
00000000
00000000
00001000
00000100
00000000
00000000
01000000
00100000
00000000
00000000
00000010
00000100
00000000
00000000
00000000
,
01011100
00000000
00000000
00000000
10001000
00000000
00000000
10000000
00100010
00000000
00000000
00100000
01000100
00000000
00000000
01000000
,
00010001
00000000
00000000
00010000
00100010
00000000
00000000
00100000
01000100
00000000
00000000
01000000
00100001
00000000
00000000
00000000
,
01100110
00000000
00000000
00000000
00010001
00000000
00000000
00000001
01000100
00000000
00000000
00000100
00100010
00000000
00000000
00000010
,
10001000
00000000
00000000
00001000
01000100
00000000
00000000
00000100
00100010
00000000
00000000
00000010
01000100
00000000
00000000
00000000
,
01100110
00000000
00000000
00000000
10000001
00000000
00000000
10000001
00100100
00000000
00000000
00100100
01000010
00000000
00000000
01000010
,
00011000
00000000
00000000
00011000
00100100
00000000
00000000
00100100
01000010
00000000
00000000
01000010
00100100
00000000
00000000
00000000
,
01100110
00100010
01000100
00010001
,
10001000
00010001
01000100
00100010
,
10001000
00010001
01000100
00100010
,
10000001
01000010
00100100
01000010
10000001
00000000
00011000
00000000
,
10000001
00000000
00100010
00000000
01000100
00010000
00010001
00000000
,
10001000
00001000
00010000
00000000
01000000
00100000
00100000
00000000
,
10001000
00000000
00010001
00000000
01000100
01000100
00000000
00000000
,
10000001
01000010
00100100
01000010
10000001
00000000
00011000
00000000
,
00011000
00000000
10000001
00000000
00000000
00100010
00000000
01000100
,
00010001
00000000
10001000
00100010
00000000
01000100
10000001
00000000
,
00011000
00000000
10000001
00000000
00000000
00101000
01000001
00000000
,
00010010
00000000
00000000
01100110
00000000
10000001
01000010
00000000
,
00011000
00000000
10000001
00000000
00000000
00100010
00000000
01000100
,
00010001
00000000
10000100
00100010
00000000
01000100
10001000
00000000
,
00010001
00000000
10000100
00000000
00000000
00010010
10000100
00000000
,
01000001
00000000
00000000
01000010
00000000
00100100
10000001
00000000
,
10000001
01000000
10000001
00100000
10000001
00000000
01001000
00000000
,
01001000
00000100
01001000
00000001
01001000
00000000
10000000
00000000
,
10000000
01000000
10000000
00100000
10000000
00000000
01000001
00000000
,
01000001
00000100
01000001
00000010
01000001
00000000
10011001
00000000
,
20000002
00000020
01000000
30100033
,
20000002
02000000
00000100
33000013
,
10000001
01000010
00100100
01000010
10000001
01000010
00100100
01000010
,
00100100
01000010
10000001
01000010
00100100
10000001
00100100
00000000
,
10000001
00000000
00000000
00000000
00010001
00000000
00000000
00010000
01000000
00000000
00000000
00000100
00000010
00000000
00000000
00100000
,
10000000
00000000
00000000
00001000
00000100
00000000
00000000
01000000
00100000
00000000
00000000
00000010
00000100
00000000
00000000
00000000
,
01011100
00000000
00000000
00000000
10001000
00000000
00000000
10000000
00100010
00000000
00000000
00100000
01000100
00000000
00000000
01000000
,
00010001
00000000
00000000
00010000
00100010
00000000
00000000
00100000
01000100
00000000
00000000
01000000
00100001
00000000
00000000
00000000
,
01100110
00000000
00000000
00000000
00010001
00000000
00000000
00000001
01000100
00000000
00000000
00000100
00100010
00000000
00000000
00000010
,
10001000
00000000
00000000
00001000
01000100
00000000
00000000
00000100
00100010
00000000
00000000
00000010
01000100
00000000
00000000
00000000
,
01100110
00000000
00000000
00000000
10000001
00000000
00000000
10000001
00100100
00000000
00000000
00100100
01000010
00000000
00000000
01000010
,
00011000
00000000
00000000
00011000
00100100
00000000
00000000
00100100
01000010
00000000
00000000
01000010
00100100
00000000
00000000
00000000
,
22000022
00000000
00000000
33000033
,
00100010
10000001
00011000
00000000
10000001
00000000
00011000
00000000
,
20022002
00000000
00000000
30033003
,
;

//---------------dance-couple - By Matt P.----------------
#NOTES:
     dance-couple:
     By Matt P.:
     Hard:
     9:
     1.000,0.000,1.000,0.330,0.330,489.000,394.000,42.000,0.000,41.000,0.000:


00000000
00000000
00000000
00000000
,
00000000
00000000
00000000
00000000
,
00000000
00000000
00000000
00000000
,
00000000
00000000
00000000
00000000
,
00011000
00000000
00000000
00000000
10000001
00000000
00000000
00000000
00000000
01000100
00000000
00000000
00000000
00100010
00000000
01000100
,
00000000
00000000
00011000
00011000
00000000
10000001
10000001
00000000
,
00100010
00000000
01000100
01000100
00000000
00011000
00000000
01000100
,
10000001
00000000
00000000
00000000
00011000
00000000
00100100
00000000
00000000
00000000
10000001
00011000
10000001
00000000
00000000
00000000
,
10000001
00000000
00000000
00000000
00010000
00000000
00000000
10000000
00100010
00000000
20000001
00000100
30011000
00000000
00000000
00000000
,
10000001
00000000
00000100
00000000
10000001
00000000
00010000
00000000
10000001
00000000
00000000
00100010
10000001
00000000
00000000
00000000
,
00011000
00000000
00000000
00000000
10000001
00000000
00000010
00010000
01000100
00000000
00012000
01000000
10003001
00000000
00000000
00000000
,
00011000
00000000
01000010
00000000
00011000
00000000
10000001
00000000
00011000
00000000
01000010
00011000
01000010
00000000
00010000
00000000
,
00100010
00000000
00000000
00000000
10000000
00001000
01000000
00000000
00100100
00000000
00021000
00000100
10030001
00000000
00000000
00000000
,
10000001
00000000
00100010
00000000
10000001
00000000
00011000
00000000
10000001
00000000
00000000
00100010
10000001
00000000
00000000
00000000
,
00011000
00000000
00000000
00000000
10000001
00000000
00000000
00011000
01000100
00000000
00022000
00000000
10033001
00000000
00000000
00000000
,
00010001
00000000
01000100
00000000
00010001
00000000
10001000
00000000
00010001
00000000
01000010
10000001
01000010
00000000
10000001
00000000
,
00100100
00000000
10001000
00010000
10001000
00000000
01000010
10000001
01000010
00000000
00011000
00000000
10001000
00000000
00011000
00000000
,
01000010
00000000
10001000
00010000
00100100
00000000
01000010
00000000
10000001
00000000
00200020
00000000
10300031
00000000
00000000
00000000
,
00100010
00000000
00011000
00000001
00011000
00000000
00100100
00010000
00100100
00000000
10000001
00000000
10001000
00000000
10000001
00000000
,
01000010
00000000
00011000
00000001
01000010
00000000
00100100
00000000
00010001
00000000
10001000
01000100
00100010
00000000
00000000
00000000
,
10001000
01000100
00010001
00100010
10000001
00011000
10000001
00000000
,
00100010
00000000
01000100
00010001
01000100
00000000
00100010
00000000
10001000
00000000
00010001
00000000
10001000
00000000
01000100
00000000
,
10000001
00000000
01000100
10000001
01000100
00000000
00100010
00011000
00100010
00000000
00000000
00000000
10000001
00000000
00011000
00000000
,
10001000
00000000
00010001
10001000
00010001
00000000
00100010
01000100
00100010
00000000
01000100
00000000
01000100
00000000
00000000
00000000
,
10011001
00000000
00000000
00000000
10000001
00000000
00000000
00011000
00100010
00000000
00022000
00000000
10033001
00000000
00000000
00000000
,
00011000
00000000
01001000
00000000
00011000
00000000
10001000
00000000
00011000
00000000
00000001
01001000
00010001
00000000
00000000
00000000
,
10000002
00000000
00000000
00000000
00011000
00000000
00000000
10000000
00100100
00000000
20000000
00000000
30010013
00000000
00000000
00000000
,
10000001
00000000
00100010
00000000
10000001
00000000
00011000
00000000
10000001
00000000
00100100
10000001
00100100
00000000
00011000
00000000
,
20000010
00000000
00000000
00000000
00010001
00000000
00000000
00001000
00100100
00000000
00002000
00000000
31003001
00000000
00000000
00000000
,
00011000
00000000
00010100
00000000
00011000
00000000
00010001
00000000
00011000
00000000
00010000
10000100
00010001
00000000
00000000
00000000
,
10001000
00000000
00000000
00000000
00011000
00000000
00000000
10000001
00100010
00000000
20000002
00000000
30011003
00000000
00000000
00000000
,
10001000
00000000
00100010
00000000
10001000
00000000
00010001
00000000
10001000
00000000
00100010
00010001
01000100
00000000
00010001
00000000
,
10000000
00000000
10000000
00000000
00100000
00000000
10000000
00000000
00010000
10000000
00010000
10000000
01000000
00000000
00010000
00000000
,
10000000
00000000
01000000
00000000
10000000
00000000
00010000
10000000
00010000
10000000
01000000
00000000
01000000
00000000
00000000
00000000
,
00001000
00000000
00001000
00000000
00000010
00000000
00001000
00000000
00000001
00001000
00000001
00001000
00000100
00000000
00000001
00000000
,
00001000
00000000
00000100
00000000
00001000
00000000
00000001
00001000
00000001
00001000
00000010
00000000
00000010
00000000
00000000
00000000
,
10011001
00000000
00000000
00000000
01000100
00000000
01000100
00011000
10000001
00000000
01000100
00000000
00100010
00000000
10000001
00011000
,
10000001
00000000
10000000
00000000
10011001
00000000
10000000
00000000
10001100
01000000
00100000
00000000
00010011
00000000
00010000
00000000
,
10011001
00000000
00001000
00000000
00111000
00000000
00000100
00000010
11000001
00000000
00000001
00000000
10011001
00000000
10000001
00000000
,
01000010
10000001
01000010
00000000
00011000
00100100
00011000
00000000
10000001
01000010
00100100
00011000
00100100
01000010
10000001
01000010
,
00100100
00000000
00000000
00000000
00010000
00000000
00000000
10000000
00100010
00000000
20000001
00000100
30011000
00000000
00000000
00000000
,
10000001
00000000
00000100
00000000
10000001
00000000
00010000
00000000
10000001
00000000
00000000
00100010
10000001
00000000
00000000
00000000
,
00011000
00000000
00000000
00000000
10000001
00000000
00000010
00010000
01000100
00000000
00012000
01000000
10003001
00000000
00000000
00000000
,
00011000
00000000
01000010
00000000
00011000
00000000
10000001
00000000
00011000
00000000
01000010
00011000
01000010
00000000
00010000
00000000
,
00100010
00000000
00000000
00000000
10000000
00001000
01000000
00000000
00100100
00000000
00021000
00000100
10030001
00000000
00000000
00000000
,
10000001
00000000
00100010
00000000
10000001
00000000
00011000
00000000
10000001
00000000
00000000
00100010
10000001
00000000
00000000
00000000
,
00011000
00000000
00000000
00000000
10000001
00000000
00000000
00011000
01000100
00000000
00022000
00000000
10033001
00000000
00000000
00000000
,
00010001
00000000
01000100
00000000
00010001
00000000
10001000
00000000
00010001
00000000
01000010
10000001
01000010
00000000
10000001
00000000
,
00100100
00000000
10001000
00010000
10001000
00000000
01000010
10000001
01000010
00000000
00011000
00000000
10001000
00000000
00011000
00000000
,
01000010
00000000
10001000
00010000
00100100
00000000
01000010
00000000
10000001
00000000
00200020
00000000
10300031
00000000
00000000
00000000
,
00100010
00000000
00011000
00000001
00011000
00000000
00100100
00010000
00100100
00000000
10000001
00000000
10001000
00000000
10000001
00000000
,
01000010
00000000
00011000
00000001
01000010
00000000
00100100
00000000
00010001
00000000
10001000
01000100
00100010
00000000
00000000
00000000
,
10001000
01000100
00010001
00100010
10000001
00011000
10000001
00000000
,
00100010
00000000
01000100
00010001
01000100
00000000
00100010
00000000
10001000
00000000
00010001
00000000
10001000
00000000
01000100
00000000
,
10000001
00000000
01000100
10000001
01000100
00000000
00100010
00011000
00100010
00000000
00000000
00000000
10000001
00000000
00011000
00000000
,
10001000
00000000
00010001
10001000
00010001
00000000
00100010
01000100
00100010
00000000
01000100
00000000
01000100
00000000
00000000
00000000
,
10011001
00000000
00000000
00000000
10000001
00000000
00000000
00011000
00100010
00000000
00022000
00000000
10033001
00000000
00000000
00000000
,
00011000
00000000
01001000
00000000
00011000
00000000
10001000
00000000
00011000
00000000
00000001
01001000
00010001
00000000
00000000
00000000
,
10000002
00000000
00000000
00000000
00011000
00000000
00000000
10000000
00100100
00000000
20000000
00000000
30010013
00000000
00000000
00000000
,
10000001
00000000
00100010
00000000
10000001
00000000
00011000
00000000
10000001
00000000
00100100
10000001
00100100
00000000
00011000
00000000
,
20000010
00000000
00000000
00000000
00010001
00000000
00000000
00001000
00100100
00000000
00002000
00000000
31003001
00000000
00000000
00000000
,
00011000
00000000
00010100
00000000
00011000
00000000
00010001
00000000
00011000
00000000
00010000
10000100
00010001
00000000
00000000
00000000
,
10001000
00000000
00000000
00000000
00011000
00000000
00000000
10000001
00100010
00000000
20000002
00000000
30011003
00000000
00000000
00000000
,
10001000
00000000
00100010
00000000
10001000
00000000
00010001
00000000
10000001
00000000
00100010
10000001
01000100
00000000
00011000
00000000
,
20000002
00000000
32000203
03000300
,
00200020
10001000
00320032
01030103
00100010
01000100
00020002
00000000
,
00230023
00000000
00000000
00000000
,
00300030
00000000
00000000
00000000
,
;

//---------------dance-double - M. Emirzian----------------
#NOTES:
     dance-double:
     M. Emirzian:
     Easy:
     4:
     0.226,0.000,0.031,0.031,0.008,193.000,4.000,4.000,0.000,0.000,0.000:


00000000
00000000
00000000
00000000
,
00000000
00000000
00000000
00000000
,
00000000
00000000
00000000
00000000
,
00000000
00000000
00000000
00000000
,
01000000
00000000
00100000
00000000
00010000
00000000
00000000
01000000
,
00001000
00010000
00000100
00000010
,
00000000
00000001
00000100
00000000
,
00000010
00010000
00001000
00000000
01000000
00000000
00100000
00000000
,
10000000
01000000
00010000
00000000
,
00010000
00001000
00000010
00000000
,
00001000
00010000
00001000
00000100
,
00000000
00000001
00000010
00000100
,
00010000
00000000
00001000
00000000
,
00100000
00000000
01000000
10000000
,
00100000
00000000
01000000
00000000
,
00001000
00010000
00001000
00010000
,
00010100
00000000
00010000
00001000
,
00000010
00000000
00000001
00000100
,
00000010
00000000
00010000
00001000
,
00000010
00001000
00010000
00000000
,
01000000
10000000
00100000
00000000
,
01000000
00001000
00010000
00000000
,
01000000
10000000
00100000
00000000
,
00010000
00000000
00001000
00000000
00000010
00000000
00000000
00000001
,
00000100
00000010
00010000
00001000
,
00010000
00001000
00010000
00100000
,
10000000
01000000
00010000
00000000
,
00010000
00001000
01000000
00001000
,
00010000
00000100
00000010
00000000
,
00000001
00000100
00001000
00000000
,
00010000
00001000
00000100
00000000
,
00001000
00010000
01000000
00100000
,
01000000
00000000
00010000
00000000
,
00001000
00000000
00000001
00000000
,
00000100
00000000
00001000
00000000
,
01000000
00000000
10000000
00100000
,
01000000
00000000
00010000
00000000
,
00000010
00000000
00000001
00000000
,
00000100
00000000
00001000
00000000
,
00100000
00010000
01000000
00100000
,
10000000
00000000
10010000
00000000
,
01000000
00001000
00010000
00000000
,
00001000
00000010
00000001
00000100
,
00000000
00000001
00000100
00001000
,
00000000
00000100
00000001
00000010
,
00000000
00001000
00010000
00100000
,
00010000
00000000
00001000
00000000
,
01000000
00010000
00100000
01000000
,
10010000
00000000
10000000
01000000
,
00010000
00000000
00001000
00000010
,
00000001
00000000
00000001
00000010
,
00001000
00000000
00000000
00000000
00010000
00001000
00000010
00000000
,
00000001
00000100
00001000
00010000
,
00100000
10000000
01000000
00100000
,
00000000
00010000
00000000
01000000
,
00000000
00001000
00010000
00001000
,
00010010
00000000
00001000
00000000
,
00000001
00000100
00000010
00000000
,
00010000
00000000
00001000
00000000
,
00010000
01000000
00100000
00010000
,
01000000
00100000
00010000
00001000
,
01000000
00001000
00010000
00000100
,
00001000
00000010
00000100
00000001
,
00000000
00000000
00000010
00000100
00010000
00000000
00001000
00000000
,
00002000
00000000
02003000
00000000
,
03200000
00000000
00000000
00000000
00000000
00000000
00000000
00000000
00000000
00000000
00000000
00000000
00000000
00000000
00000000
00000000
00000000
00000000
00000000
00000000
00000000
00000000
00000000
00000000
00000000
00000000
00000000
00000000
00000000
00000000
00000000
00000000
00300000
00000000
00000000
00000000
00000000
00000000
10000000
00000000
00000000
00000000
00000000
00000000
00000000
00000000
00000000
00000000
00000000
00000000
00000000
00000000
00000000
00000000
00000000
00000000
00000000
00000000
00000000
02000000
00000000
00000000
00000000
00000000
,
00000000
00000000
00000000
00000000
00000000
00000000
00000000
03000000
00000000
00000000
00000000
00000000
00000000
00000000
00000000
00000000
;

//---------------dance-double - M. Emirzian----------------
#NOTES:
     dance-double:
     M. Emirzian:
     Medium:
     6:
     0.376,0.000,0.008,0.008,0.016,333.000,1.000,1.000,0.000,0.000,0.000:


00000000
00000000
00000000
00000000
,
00000000
00000000
00000000
00000000
,
00000000
00000000
00000000
00000000
,
00000000
00000000
00000000
00000000
,
00010000
00000000
00001000
00000000
00010000
00001000
00000000
00001000
,
00010000
00000000
00010000
00001000
00000000
00001000
01000000
00010000
,
01000000
00000000
01000000
00100000
00000000
00100000
10000000
01000000
,
00100000
00000000
00100000
00010000
00000000
00010000
01000000
00000000
,
00001000
00000000
00010000
00000000
00001000
00010000
00001000
00010000
,
00001000
00000000
00010000
00000000
00000100
00001000
00000100
00001000
,
00000100
00000000
00000010
00000000
00000001
00001000
00000001
00001000
,
00000001
00000000
00000100
00000010
00000000
00000010
00001000
00000100
,
00000010
00000000
00000100
00000000
00010000
00001000
00010000
00001000
,
00010000
00000000
00010000
01000000
00000000
01000000
10000000
00000000
,
00100000
00000000
01000000
00010000
00000000
00010000
01000000
00100000
,
10000000
00000000
10000000
01000000
00000000
01000000
00100000
00000000
,
00010000
00000000
01000000
00000000
00001000
00010000
00001000
00000000
,
00010000
00000000
00000100
00000000
00001000
00000010
00001000
00000000
,
00000100
00000000
00000010
00000001
00000010
00000001
00000010
00000000
,
00000100
00001000
00000010
00010000
,
00001000
00000000
01000000
00000000
00100000
10000000
00100000
00000000
,
01000000
00000000
00010000
00000000
00100000
01000000
00100000
00000000
,
00001000
00000000
00010000
00000000
00000010
00001000
00000010
00001000
,
00000010
00000000
00000100
00000000
00000001
00001000
00000001
00001000
,
00000001
00000000
00000010
00000000
00000100
00001000
00000100
00001000
,
00000100
00000000
00010000
00000000
00001000
00010000
00001000
00010000
,
00001000
00000000
01000000
00000000
00010000
10000000
00010000
10000000
,
00010000
00000000
00100000
01000000
00000000
01000000
10000000
00000000
,
10000000
00000000
00100000
00000000
01000000
00010000
01000000
00010000
,
01000000
00000000
00001000
00010000
00000000
00010000
00000100
00001000
,
00000100
00000000
00000100
00000010
00000000
00000010
00000001
00000100
,
00000010
00000000
00000010
00001000
00000000
00001000
00000100
00000000
,
00010000
00001000
01000000
00010000
,
00100000
00000000
01000000
00000000
10000000
00010000
10000000
00000000
,
00100000
01000000
00010000
00100000
,
00001000
00000000
00010000
00000000
00000100
00001000
00000100
00000000
,
00000010
00000001
00001000
00001000
,
00000001
00000001
00000100
00001000
,
00010000
00000000
00001000
00000000
01000000
00010000
01000000
00000000
,
00100000
10000000
00100000
00000000
01000000
00000000
10010000
00000000
,
00100000
00000000
01000000
00000000
01000000
10000000
00000000
10000000
,
00100000
00000000
00010000
00000000
00001000
00010000
00001000
00010000
,
00001000
00000000
00000100
00000000
00000001
00001000
00000001
00001000
,
00000001
00000000
00000010
00000100
00000000
00000100
00001000
00000000
,
00000010
00000000
00000100
00000000
00000001
00000100
00000001
00000100
,
00000001
00000000
00000010
00000100
00000000
00000100
00010000
00001000
,
01000000
00000000
01000000
00010000
00000000
00010000
01000000
00100000
,
10000000
00000000
10000000
00100000
00000000
00100000
01000000
00000000
,
00010000
00000000
00100000
00000000
00001000
00010000
00001000
00010000
,
00001000
00000000
00000010
00000000
00000001
00001000
00000001
00000000
,
00000100
00000000
00000010
00000000
00001000
00000100
00001000
00000100
,
00001000
00000000
00000010
00010000
00000000
00010000
00001000
01000000
,
00010000
00000000
00100000
00000000
01000000
10000000
01000000
10000000
,
01000000
00000000
00100000
00010000
00000000
00010000
01000000
00100000
,
10000000
00000000
10000000
00010000
00000000
00010000
00100000
00001000
,
00010000
00000000
00010000
00000100
00000000
00000100
00000010
00000000
,
00000001
00000100
00001000
00010000
,
01000000
00000000
10000000
00000000
00100000
10000000
00100000
10000000
,
00100000
00000000
01000000
00000000
00001000
00100000
00001000
00100000
,
00001000
00000000
00010000
00001000
00000000
00001000
00000010
00000000
,
00000001
00000010
00001000
00010000
,
00100000
00000000
10000000
00010000
00000000
00010000
01000000
00100000
,
10000000
00000000
01000000
00100000
00000000
00100000
00001000
00010000
,
00000010
00000000
00001000
00000100
00000000
00000100
00000010
00000000
,
00000001
00000100
00000010
00000000
,
00010000
00000000
00000000
00000000
00000000
00000000
00000000
00000000
00000000
00000000
00000000
00000000
00000000
00000000
00000000
00000000
00000000
00000000
00001000
00000000
00000000
00000000
00000000
00000000
00000000
00000000
00000000
00000000
00000000
00000000
00000000
00000000
00000000
00000000
00000000
00000000
01000000
00000000
00000000
00000000
00000000
00000000
00000000
00000000
00000000
00000000
00010000
00000000
00000000
00000000
00000000
00000000
00000000
00000000
00000000
00000000
00000000
00000000
00000000
00200000
00000000
00000000
00000000
00000000
,
00000000
00000000
00000000
00000000
00000000
00000000
00000000
00300000
00000000
00000000
00000000
00000000
00000000
00000000
00000000
00000000
;

//---------------dance-double - M. Emirzian----------------
#NOTES:
     dance-double:
     M. Emirzian:
     Hard:
     9:
     0.542,0.000,0.110,0.008,0.326,468.000,14.000,1.000,3.000,0.000,0.000:


00000000
00000000
00000000
00000000
,
00000000
00000000
00000000
00000000
,
00000000
00000000
00000000
00000000
,
00000000
00000000
00000000
00000000
,
00010000
00000000
00000000
00000000
00001000
00000000
00000000
00010000
00001000
00000000
00010000
00000000
00010000
00000000
00100000
00000000
,
10000000
00000000
01000000
00000000
00100000
00000000
00010000
00000000
10000000
00000000
00010000
00100000
00010000
00000000
10000000
00000000
,
00100000
00000000
00000000
00000000
01000000
00000000
00000000
00010000
10000000
00000000
00100000
00000000
00100000
00000000
00010000
00000000
,
00001000
00000000
00001000
00000000
00000010
00000000
00000010
00000000
00000001
00000100
00000001
00000000
00001001
00000000
00000000
00000000
,
00000010
00000000
00000000
00000000
00000100
00000000
00000000
00001000
00010000
00000000
00001000
00000000
00001000
00000000
00000100
00000000
,
00000001
00000000
00000001
00000000
00000010
00000000
00000010
00000000
00000100
00000000
00010000
00001000
00010000
00000000
00000100
00000000
,
00010000
00000000
00000000
00000000
00001000
00000000
00000000
00010000
00100000
00000000
10000000
00000000
10000000
00000000
01000000
00000000
,
00100000
00000000
00100000
00000000
00001000
00000000
00001000
00000000
00010000
00001000
00010000
00000000
00010100
00000000
00000000
00000000
,
00000010
00000000
00000001
00000000
00000100
00000000
00000000
00000010
00001000
00000000
00000100
00000000
00000100
00000000
00010000
00000000
,
00100000
00000000
00100000
00000000
10000000
00000000
10000000
00000000
01000000
00000000
00100000
00010000
00100000
00000000
01000000
00000000
,
00010000
00000000
00001000
00000000
00000010
00000000
00000000
00000001
00000100
00000000
00000100
00000000
00000010
00000000
00000100
00000000
,
00000001
00000000
00000001
00000000
00001000
00000000
00001000
00000000
00000100
00010000
00000100
00000000
00011000
00000000
00000000
00000000
,
00100000
00000000
00000000
00100000
10000000
00000000
00000000
10000000
01000000
00000000
00000000
01000000
00100000
00000000
00100000
00000000
,
01000000
00000000
00000000
01000000
00010000
00000000
00000000
00010000
00001000
00000000
00000000
00001000
00000010
00000000
00000010
00000000
,
00000100
00000000
00000000
00000100
00001000
00000000
00000000
00001000
00000010
00000000
00000000
00000010
00000100
00000000
00000100
00000000
,
00000001
00000001
00000100
00000100
00001000
00010000
01000000
10000000
,
00100000
00000000
00000000
00100000
00010000
00000000
00000000
00010000
00001000
00000000
00000000
00001000
00000010
00000000
00000010
00000000
,
00001000
00000000
00000000
00001000
00010000
00000000
00000000
00010000
00100000
00000000
00000000
00100000
10000000
00000000
10000000
00000000
,
01000000
00000000
00000000
01000000
00010000
00000000
00000000
00010000
00001000
00000000
00000010
00000000
00000100
00000000
00001000
00000000
,
00000001
00000000
00000100
00000000
00000010
00000000
00001000
00000010
00001000
00000000
00000001
00000000
00000100
00000000
00001000
00000000
,
00010000
00000000
00000000
00000000
00001000
00000000
00000000
00000100
00001000
00000000
00010000
00000000
00010000
00000000
01000000
00000000
,
10000000
00000000
10000000
00000000
00100000
00000000
00100000
00000000
01000000
00000000
00010000
10000000
00010000
00000000
00100000
00000000
,
01000000
00000000
00000000
00000000
10000000
00000000
00000000
00100000
01000000
00000000
00010000
00000000
00010000
00000000
00100000
00000000
,
00001000
00001000
00010000
00010000
01000000
00010000
00001000
00000000
,
00000010
00000000
00000001
00000000
00000100
00000000
00000000
00001000
00000100
00000000
00000001
00000000
00000001
00000000
00000010
00000000
,
00000100
00000100
00010000
00010000
00000100
00000010
00001000
00010000
,
00100000
00000000
01000000
00000000
00010000
00000000
00000000
10000000
01000000
00000000
00100000
00000000
00100000
00000000
00001000
00000000
,
01000000
00000000
01000000
00000000
00100000
00000000
00100000
00000000
00010000
00001000
00010000
00000000
01001000
00000000
00000000
00000000
,
00010000
00000000
00000000
00010000
01000000
00000000
00000000
00000000
01000000
00000000
00000000
01000000
00100000
00000000
00000000
00000000
,
10000000
00000000
00000000
01000000
00000000
00000000
00010000
00000000
00000000
00001000
00000000
00000000
00000100
00000000
00000000
00000000
,
00000001
00000000
00000000
00000001
00000010
00000000
00000000
00000000
00000010
00000000
00000000
00000010
00000100
00000000
00000000
00000000
,
00001000
00000000
00000000
00000001
00000000
00000000
00000100
00000000
00000000
00001000
00000000
00000000
00010000
00000000
00001000
00000000
,
00011000
01000000
10000000
00100000
,
01000000
00001000
00000010
00001000
,
00010000
00000100
00000001
00000100
,
00010000
00000000
00100000
00000000
10000000
00010000
01000000
00000000
,
10100000
00000000
00000000
00000000
M1000000
00000000
00000000
00100000
00010000
00000000
01000000
00000000
01000000
00000000
00100000
00000000
,
00010000
00000000
00010000
00000000
00001000
00000000
00001000
00000000
00000100
00000000
00000010
00000100
00000010
00000000
00001000
00000000
,
00001001
00000000
00000000
00000000
0000M010
00000000
00000000
00000100
00001000
00000000
00000010
00000000
00000010
00000000
00000100
00000000
,
00001000
00000000
00001000
00000000
00010000
00000000
00010000
00000000
01000000
00100000
01000000
00000000
10010000
00000000
00000000
00000000
,
0M010000
00000000
00000000
00000000
01000000
00000000
00000000
00010000
00100000
00000000
01000000
00000000
01000000
00000000
10000000
00000000
,
00100000
00000000
00100000
00000000
00010000
00000000
00010000
00000000
00001000
00000000
00000010
00000100
00000010
00000000
00000001
00000000
,
00001001
00000000
00000000
00000000
00000110
00000000
00000000
00001000
00000100
00000000
00000010
00000000
00000010
00000000
00000001
00000000
,
00000100
00000000
00000100
00000000
00000010
00000000
00000010
00000000
00001000
00000010
00001000
00000000
00010010
00000000
00000000
00000000
,
00010000
00000000
00000000
00010000
01000000
00000000
00000000
01000000
10000000
00000000
00000000
10000000
00100000
00000000
00100000
00000000
,
00010000
00000000
00000000
00010000
00001000
00000000
00000000
00001000
00000010
00000000
00000000
00000010
00000001
00000000
00000001
00000000
,
00000010
00000000
00000000
00000010
00000100
00000000
00000000
00000100
00001000
00000000
00000000
00001000
00000010
00000000
00000010
00000000
,
00000100
00000100
00000001
00000001
00000100
00001000
00010000
00000010
,
00010000
00000000
00000000
00010000
00001000
00000000
00000000
00001000
00010000
00000000
00000000
00010000
00100000
00000000
00100000
00000000
,
10000000
00000000
00000000
10000000
01000000
00000000
00000000
01000000
00100000
00000000
00000000
00100000
00001000
00000000
00001000
00000000
,
00000100
00001000
00010000
00000000
00000010
00010000
00001000
00000000
,
00000100
00000010
00001000
00000100
00000010
00000001
00000100
00000010
,
00001001
00000000
00000000
00000000
00001100
00000000
00000000
00010000
00001000
00000000
01000000
00000000
01000000
00000000
00100000
00000000
,
10000000
00000000
10000000
00000000
01000000
00000000
01000000
00000000
00100000
00000000
00010000
10000000
00010000
00000000
10000000
00000000
,
01000000
00000000
00010000
00000000
00001000
00000000
00000000
00100000
00001000
00000000
00010000
00000000
00010000
00000000
00000100
00000000
,
00000010
00000000
00000010
00000000
00000001
00000000
00000001
00000000
00000100
00000010
00000100
00000000
00001001
00000000
00000000
00000000
,
00000001
00000000
00000010
00000000
00000100
00000000
00010000
00000000
00001000
00000000
00010000
00001000
00010000
00000000
01000000
00000000
,
10000000
00000000
00100000
00000000
01000000
00000000
00001000
00000000
00010000
00001000
00010000
00000000
01000000
00000000
00010000
00000000
,
00001000
00000000
00000100
00000000
00000001
00000000
00000010
00000000
00000100
00000000
00001000
00000010
00001000
00000000
00000100
00000000
,
00000010
00000001
00000010
00000000
00000001
00000000
00000100
00000000
00001000
00000000
00010000
00000000
00100000
00000000
00000000
00000000
,
10000000
00000000
00000000
10000000
01000000
00000000
00000000
01000000
00010000
00000000
00001000
00000000
00001000
00000000
00010000
00000000
,
00000000
00001000
00000000
00000000
00000000
00000000
00000000
00000000
00000000
00000000
00000000
00000100
00000000
00000000
00000000
00000000
00000000
00000000
00000000
00000001
00000000
00000000
00000000
00000000
00000000
00000000
00000000
00000000
00000100
00000000
00000000
00000000
00000000
00000000
00000000
00000000
00000000
00000000
00001000
00000000
00000000
00000000
00000000
00000000
00000000
00000000
00000000
00010000
00000000
00000000
00000000
00000000
00000000
00000000
00000000
00000000
00200000
00000000
00000000
00000000
00000000
00000000
00000000
00000000
,
00000000
00000000
00000000
00000000
00000000
00000000
00000000
00300000
00000000
00000000
00000000
00000000
00000000
00000000
00000000
00000000
;

//---------------dance-double - M. Emirzian----------------
#NOTES:
     dance-double:
     M. Emirzian:
     Challenge:
     9:
     0.636,0.000,0.338,0.008,0.361,523.000,43.000,1.000,24.000,0.000,0.000:


00000000
00000000
00000000
00000000
,
00000000
00000000
00000000
00000000
,
00000000
00000000
00000000
00000000
,
00000000
00000000
00000000
00000000
,
00001001
00000000
00000000
00000000
00000110
00000000
00000000
00000010
00000001
00000000
00000100
00000000
00000010
00000000
00000100
00000000
,
00000001
00000000
00000010
00000000
00000100
00000000
00010000
00000000
00100000
00000000
01000000
00010000
01000000
00000000
00100000
00000000
,
10010000
00000000
00000000
00000000
01100000
00000000
00000000
00100000
00001000
00000000
00010000
00000000
00100000
00000000
01000000
00000000
,
00100000
00010000
00001000
00100000
01000000
10000000
01100000
00000000
,
10010000
00000000
M00M0000
00000000
00011000
00000000
00000000
00000100
00000001
00000000
00000010
00000000
00000100
00000000
00001000
00000000
,
00000010
00000000
00001000
00000000
00000001
00000000
00000100
00000000
00001000
00000000
00010000
00001000
00010000
00000000
00000100
00000000
,
00001001
00000000
0000M00M
00000000
00011000
00000000
00000000
01000000
10000000
00000000
00010000
00000000
01000000
00000000
00100000
00000000
,
01000000
00000000
00001000
00000000
00010000
00000000
01000000
00000000
10000000
00100000
01000000
00000000
01100000
00000000
00000000
00000000
,
10010000
00000000
M00M0000
00000000
00011000
00000000
00000000
00000010
00000100
00000000
00000001
00000000
00000100
00000000
00000010
00000000
,
00001000
00000000
00000100
00000000
00000010
00000000
00001000
00000000
00010000
00000000
00000100
00001000
00000010
00000000
00000100
00000000
,
00001001
00000000
0000M00M
00000000
00011000
00000000
00000000
00100000
10000000
00000000
00100000
00000000
01000000
00000000
00010000
00000000
,
00100000
00000000
00010000
00000000
10000000
00000000
01000000
00000000
00010000
00001000
00010000
00000000
00011000
00000000
00000000
00000000
,
01000000
00000000
00100000
00010000
01000000
00000000
00100000
10000000
01000000
00000000
00100000
00000000
00010000
00000000
00100000
00000000
,
00001000
00000000
00010000
00000010
00010000
00000000
00001000
00000000
00010000
00000000
00001000
00000000
00000100
00000000
00000001
00000000
,
00000010
00000000
00000100
00001000
00000010
00000000
00000100
00000001
00000010
00000000
00000100
00000000
00010000
00000000
00001000
00000000
,
00000100
00000000
00001000
00010000
00001000
00000000
01000000
00000000
00100000
00000000
00010000
00001000
00010000
00000000
01000000
00000000
,
10000000
00000000
00100000
10000000
01000000
00000000
00100000
00000000
00010000
00000000
01000000
00000000
00001000
00000000
00010000
00000000
,
00000100
00000000
00000010
00000001
00000100
00000000
00000010
00000000
00000100
00000000
00000001
00000000
00000010
00000000
00000100
00000000
,
00001000
00000000
00000010
00000100
00000010
00000000
00010000
00001000
00010000
00000000
00001000
00000000
00000100
00000000
00001000
00000000
,
00010000
00000000
01000000
10000000
00100000
00000000
01000000
00010000
00100000
00000000
01000000
00000000
10000000
00000000
00100000
00000000
,
10010000
00000000
M00M0000
00000000
00011000
00000000
00000000
00000010
00000001
00000000
00000100
00000000
00000010
00000000
00000100
00000000
,
00001000
00000000
00010000
00000000
00000100
00000000
00000010
00000000
00000001
00000000
00001000
00000100
00000010
00000000
00000001
00000000
,
00001001
00000000
0000M00M
00000000
00011000
00000000
00000000
01000000
10000000
00000000
00100000
00000000
01000000
00000000
00001000
00000000
,
00010000
00000000
00100000
00000000
01000000
00000000
00100000
00000000
10000000
01000000
00100000
00000000
00110000
00000000
00000000
00000000
,
10010000
00000000
M00M0000
00000000
00011000
00000000
00000000
00000010
00000001
00000000
00000010
00000000
00000100
00000000
00010000
00000000
,
00001000
00000000
00010000
00000000
00000010
00000000
00000100
00000000
00000001
00000000
00000010
00000100
00001000
00000000
00000001
00000000
,
00001001
00000000
0000M00M
00000000
00011000
00000000
00000000
00100000
10000000
00000000
00010000
00000000
10000000
00000000
01000000
00000000
,
00100000
00000000
00010000
00000000
01000000
00000000
00001000
00000000
00010000
00000010
00001000
00000000
00010010
00000000
00000000
00000000
,
00001000
00000000
00010000
00000000
00000010
00000000
00001000
00000000
00000000
00000100
00000010
00000000
00000001
00000000
00000100
00000000
,
00000010
00000000
00000100
00000000
00001000
00010000
00000000
00000100
00000000
00010000
00001000
00000000
01000000
00000000
00000000
00000000
,
00010000
00000000
00100000
00000000
00001000
00010000
00000000
00000010
00000000
00010000
00001000
00000000
00000100
00000000
00000001
00000000
,
00001000
00000000
00000100
00000000
00010000
00001000
00000000
00100000
00000000
00001000
00010000
00000000
01000000
00000000
10000000
00000000
,
00010000
00000000
01000000
00000000
00100000
10000000
01000000
00000000
00100000
00000000
00010000
01000000
00000000
01000000
00001000
00000000
,
00010000
00000000
00001000
00000000
00100000
00000000
00001000
00010000
00000000
00010000
00000100
00000000
00001000
00000010
00000100
00000001
,
00000100
00000000
00000010
00001000
00000100
00000000
00000010
00000001
00000100
00000000
00000010
00010000
00000100
00001000
00000010
00000000
,
00000100
00001000
00010000
00000000
00000100
00010000
00001000
01000000
00100000
00000000
10000000
00000000
01000000
00100000
00010000
00000000
,
01100000
00000000
00000000
00000000
10010000
00000000
00000000
10000000
01000000
00000000
00100000
00000000
00010000
00000000
00100000
00000000
,
01000000
00000000
10000000
00000000
00010000
00000000
00100000
00000000
00001000
00000000
00010000
00001000
00010000
00000000
00000100
00000000
,
00000110
00000000
00000000
00000000
00001001
00000000
00000000
00000100
00000010
00000000
00000100
00000000
00000001
00000000
00001000
00000000
,
00000100
00000010
00000100
00010000
00001000
01000000
00100000
00000000
,
10010000
00000000
00000000
00000000
01100000
00000000
00000000
01000000
10000000
00000000
00100000
00000000
10000000
00000000
01000000
00000000
,
00100000
00000000
00001000
00000000
00010000
00000000
00001000
00000000
00000100
00000000
00000001
00001000
00000001
00000000
00000010
00000000
,
00001001
00000000
00000000
00000000
00000110
00000000
00000000
00001000
00000100
00000000
00000010
00000000
00000001
00000000
00001000
00000000
,
00000010
00000100
00001000
00010000
00100000
00010000
00001000
00000000
,
00010000
00000000
00001000
01000000
00010000
00000000
00100000
01000000
10000000
00000000
01000000
00000000
00010000
00000000
01000000
00000000
,
10000000
00000000
00010000
01000000
00100000
00000000
10000000
00000000
01000000
00000000
00100000
00000000
00001000
00000000
00010000
00000000
,
00000010
00000000
00001000
00000100
00000010
00000000
00000100
00010000
00001000
00000000
00000100
00000000
00000001
00000000
00001000
00000000
,
00000100
00000000
00000010
00000001
00000100
00000000
00000010
00000000
00001000
00000000
00000100
00010000
00001000
00000000
00000100
00000000
,
00001000
00000000
00010000
00001000
00010000
00000000
01000000
00000000
00100000
00000000
01000000
00000000
10000000
00000000
00100000
00000000
,
01000000
00000000
00100000
10000000
01000000
00000000
00100000
00000000
00001000
00000000
00010000
00000000
01000000
00000000
00010000
00000000
,
00001000
00000000
00010000
00000100
00001000
00000000
00000010
00001000
00000100
00000000
00000010
00000000
00000001
00000000
00000100
00000000
,
00000010
00000000
00010000
00001000
00100000
00000000
01000000
10000000
00100000
00000000
01000000
00000000
00010000
00000000
00100000
00000000
,
10010000
00000000
M00M0000
00000000
00011000
00000000
00000000
00000010
00000001
00000000
00000100
00000000
00000010
00000000
00010000
00000000
,
00000010
00000000
00000100
00000000
00000001
00000000
00000010
00000000
00001000
00000000
00010000
00001000
00010000
00000000
00000100
00000000
,
00001001
00000000
0000M00M
00000000
00011000
00000000
00000000
01000000
10000000
00000000
00010000
00000000
01000000
00000000
00100000
00000000
,
01000000
00000000
00001000
00000000
00010000
00000000
00100000
00000000
10000000
00010000
00100000
00000000
01100000
00000000
00000000
00000000
,
10010000
00000000
M00M0000
00000000
00011000
00000000
00000000
00000010
00000001
00000000
00000010
00000000
00001000
00000000
00000100
00000000
,
00000010
00000000
00000001
00000000
00001000
00000000
00000010
00000000
00010000
00000000
00000100
00000010
00000100
00000000
00001000
00000000
,
00001001
00000000
0000M00M
00000000
00011000
00000000
00000000
01000000
10000000
00000000
01000000
00000000
00010000
00000000
00100000
00000000
,
01000000
00000000
10000000
00000000
00010000
00000000
00100000
00000000
00001000
00010000
00000100
00000000
01001000
00000000
00000000
00000000
,
00100000
00000000
00000000
00000000
00000000
00000000
00000000
00000000
00000000
00000000
00000000
00000000
00000000
00000000
00000000
00000000
01000000
00000000
00000000
00000000
00000000
00000000
00000000
00000000
00000000
00000000
00000000
00000000
10000000
00000000
00000000
00000000
00100000
00000000
00000000
00000000
00000000
00000000
00000000
00000000
00010000
00000000
00000000
00000000
00000000
00000000
00000000
00000000
00001000
00000000
00000000
00000000
00000000
00000000
00000000
00000000
00000000
00000010
00000000
00000000
00000000
00000000
00000000
00000000
,
00000000
00000000
00000001
00000000
00000000
00000000
00000000
00000000
00000000
00000000
00000000
00000010
00000000
00000000
00000000
00000000
00000000
00000000
00000000
00001000
00000000
00000000
00000000
00000000
00000000
00000000
00000000
00000000
00010000
00000000
00000000
00000000
00000000
00000000
00000000
00000000
00000000
00000000
00100000
00000000
00000000
00000000
00000000
00000000
00000000
00000000
00000000
10000000
00000000
00000000
00000000
00000000
00000000
00000000
00000000
00000000
02000000
00000000
00000000
00000000
00000000
00000000
00000000
00000000
,
00000000
00000000
00000000
00000000
00000000
00000000
00000000
03000000
00000000
00000000
00000000
00000000
00000000
00000000
00000000
00000000
;

//---------------lights-cabinet - ----------------
#NOTES:
     lights-cabinet:
     :
     Easy:
     1:
     1.000,0.000,1.000,0.110,0.008,409.000,305.000,14.000,0.000,206.000,0.000:


00000000
00000000
00000000
00000000
,
00000000
00000000
00000000
00000000
,
10000000
00000000
00110000
00000000
,
10000000
00010000
01000000
10100000
,
00010011
00000000
10000000
00000000
00000011
00100000
00000000
01000000
,
00010011
00000000
10000000
00100000
00000011
01000000
00010000
00000000
,
10000011
00000000
00010000
00000000
00000011
01000000
00100000
00000000
,
10000011
00000000
00000000
10000000
00000011
00100000
10000011
00000000
,
00000011
11110000
00000011
11110000
00000011
11110000
00000011
11110000
,
00000011
11110000
00000011
11110000
00000011
11110000
00000011
11110000
,
00000011
11110000
00000011
11110000
00000011
11110000
00000011
11110000
,
00000011
11110000
00000011
11110000
00000011
11110011
10110011
11110000
,
00000011
11110000
00000011
11110000
00000011
11110000
00000011
11110000
,
00000011
11110000
00000011
11110000
00000011
11110000
00000011
11110000
,
00000011
11110000
00000011
11110000
00000011
11110000
00000011
11110000
,
00000011
11110000
00000011
11110000
00000011
11110011
11110011
00000000
,
10000011
01000000
00100011
10000000
00000011
00010000
00100011
01000000
,
01100011
10000000
10010011
00000000
01100011
00000000
10000011
00200000
,
01300011
00000000
00010011
00000000
01000011
10100000
01000011
00000000
,
00010011
10000000
00100011
01000000
00200011
10300000
00010011
00000011
,
20000011
00000000
00100011
00000000
00010011
00100000
30010011
00000000
,
00020011
00000000
01000011
00000000
10000011
01000000
10030011
00000000
,
10000011
01000000
00100011
01000000
10000011
01000000
00100011
01000000
,
00100011
01000000
10000000
01000000
10000011
00100011
02000011
00000011
,
03000011
11110000
00000011
11110000
00000011
11110000
00000011
11110000
,
00000011
11110000
00000011
11110000
00000011
11110000
00000011
11110000
,
00000011
11110000
00000011
11110000
00000011
11110000
00000011
11110000
,
00000011
11110000
00000011
11110000
10100011
01010011
11110011
11010011
,
00000011
11110000
00000011
11110000
00000011
11110000
00000011
11110000
,
00000011
11110000
00000011
11110000
00000011
11110000
00000011
11110000
,
00000011
11110000
00000011
11110000
00000011
11110000
00000011
11110000
,
00000011
11110000
00000011
11110000
11110011
10010011
01100011
00000000
,
10000011
00000000
00100000
00000000
01000011
00010000
10000000
00000000
,
00100011
00000000
01000000
00000000
00010011
10000000
00100011
01000000
,
00010011
00000000
10000000
00000000
00100011
01000000
00100000
00000000
,
10000011
01000011
00100011
01000011
20000011
00000000
30100011
00000000
,
10010011
00000000
00010000
00000000
01000011
00100000
10000000
00000000
,
00100011
00000000
01000000
00000000
00010011
01000011
02000011
00000000
,
03010011
00000000
10000000
00000000
01000011
00100000
01000011
00100000
,
00010011
00000000
01000000
00000000
00100000
00000000
01000000
00000000
00010011
00000000
00000000
10000000
00010011
00000000
00000000
00000000
,
10000011
00000000
00100000
00000000
00000000
01000000
00000000
00100000
,
10000000
00000000
00010000
01000000
00000000
00100000
10000000
00000000
,
00010011
00000000
00010000
00000000
00000000
00100000
00010000
00000000
,
00010011
00000000
00000000
01000000
00000011
00100000
01100011
00000000
,
10010011
00000000
10000000
00000000
00000000
00100000
00000000
01000000
,
00010000
00000000
10000000
00100000
00000000
10000000
10000000
00000000
,
00100011
00000000
01000000
00000000
00000000
00010000
10000000
00000000
,
00010011
00000000
00000000
01000000
00000011
00100000
01100011
00000000
,
10000011
01000000
10000011
00100000
10000011
01000000
01000011
00000000
,
10000011
00100000
01000011
00010000
00100011
00010000
00010011
00000000
,
00100011
00010000
01000011
00100000
10000011
01000000
01000011
00000000
,
10000011
00100000
01000011
00010000
10000011
00000000
01100011
00000011
,
00020011
00000000
01000011
00000000
10000011
01000000
10030011
00000000
,
20000011
00000000
00100011
00000000
00010011
00100000
30010011
00000000
,
10000011
01000000
00100011
01000000
10000011
01000000
00100011
01000000
,
00100011
01000000
10000011
01000000
10000011
00100000
01100011
00000011
,
00000011
11110000
00000011
11110000
00000011
11110000
00000011
11110000
,
00000011
11110000
00000011
11110000
00000011
11110000
00000011
11110000
,
00000011
11110000
00000011
11110000
00000011
11110000
00000011
11110000
,
00000011
11110000
00000011
11110000
11110011
01010011
10100011
00000000
,
00000011
11110000
00000011
11110000
00000011
11110000
00000011
11110000
,
00000011
11110000
00000011
11110000
00000011
11110000
00000011
11110000
,
00000011
11110000
00000011
11110000
00000011
11110000
00000011
11110000
,
00000011
11110000
00000011
10110000
11100011
01010011
10100011
00000000
,
20000011
00000000
30020000
00000000
,
02030000
00000000
00000000
00000000
00100000
00000000
00000000
00000000
03000000
00100000
00000000
00000000
00000000
00000000
20020000
00000000
,
00000000
00000000
30030000
00000000
;

//---------------dance-single - M. Puls----------------
#NOTES:
     dance-single:
     M. Puls:
     Beginner:
     1:
     0.072,0.000,0.039,0.000,0.000,59.000,5.000,0.000,0.000,0.000,0.000:


0000
0000
0000
0000
,
0000
0000
0000
0000
,
0000
0000
0000
0000
,
0000
0000
0000
0000
,
1000
0000
0000
0000
,
0001
0000
0000
0000
,
1000
0000
0000
0000
,
0001
0000
0000
0000
,
0100
0000
0000
0000
,
0100
0000
0000
0000
,
0010
0000
0000
0000
,
0010
0000
0000
0000
,
1000
0000
0000
0000
,
0001
0000
0000
0000
,
1000
0000
0000
0000
,
0001
0000
0000
0000
,
1000
0000
0000
0000
,
0100
0000
0000
0000
,
0010
0000
0000
0000
,
0001
0000
0000
0000
,
0010
0000
0000
0000
,
0100
0000
0000
0000
,
1000
0000
0000
0000
,
0001
0000
0000
0000
,
1000
0000
0000
0000
,
0001
0000
0000
0000
,
0001
0000
0000
0000
,
0001
0000
0000
0000
,
1000
0000
0000
0000
,
1000
0000
0000
0000
,
1000
0000
0000
0000
,
0000
0000
0000
0000
,
1001
0000
0000
0000
,
0000
0000
0000
0000
,
1001
0000
0000
0000
,
0000
0000
0000
0000
,
1001
0000
0000
0000
,
0000
0000
0000
0000
,
1001
0000
0000
0000
,
0100
0000
0000
0000
,
1000
0000
0000
0000
,
0100
0000
0000
0000
,
1000
0000
0000
0000
,
0001
0000
0000
0000
,
0010
0000
0000
0000
,
0001
0000
0000
0000
,
1000
0000
0000
0000
,
0100
0000
0000
0000
,
1000
0000
0000
0000
,
0100
0000
0000
0000
,
0010
0000
0000
0000
,
0100
0000
0000
0000
,
1000
0000
1000
0000
,
0001
0000
0001
0000
,
1000
0000
0000
0000
,
0001
0000
0000
0000
,
1000
0000
0000
0000
,
0001
0000
0000
0000
,
1000
0000
0000
0000
,
0001
0000
0000
0000
,
0100
0000
0000
0000
,
0100
0000
0000
0000
,
0010
0000
0000
0000
,
0010
0000
0000
0000
,
1001
0000
0000
0000
;
