#TITLE:Why Me;
#SUBTITLE:;
#ARTIST:Desire;
#TITLETRANSLIT:;
#SUBTITLETRANSLIT:;
#ARTISTTRANSLIT:;
#GENRE:;
#CREDIT:;
#BANNER:Why Me-banner.png;
#BACKGROUND:Why Me-bg.png;
#LYRICSPATH:;
#CDTITLE:;
#MUSIC:Desire - WhyMe.ogg;
#OFFSET:-1.184;
#SAMPLESTART:53.893;
#SAMPLELENGTH:13.960;
#SELECTABLE:YES;
#BPMS:0.000=126.110;
#STOPS:;
#BGCHANGES:0.000=Why Me-bg.png=1.000=0=0=1=====,
16.000=jb_052.mpg=1.000=1=0=1===CrossFade==,
32.000=VOL1-29-NTSC.mpg=1.000=1=0=1===CrossFade==,
48.000=VOL1-32-NTSC.mpg=1.000=1=0=1===CrossFade==,
64.000=vol3-08-ntsc.mpg=1.000=1=0=1===CrossFade==,
80.000=VOL1-22-NTSC.mpg=1.000=0=0=1=====,
96.000=jb_072.mpg=1.000=0=0=1=====,
112.000=jb_052.mpg=1.000=1=0=1===CrossFade==,
144.000=708_JumpBack.mpg=1.000=0=0=1=====,
160.000=vol3-19-ntsc.mpg=1.000=0=0=1=====,
176.000=VOL1-32-NTSC.mpg=1.000=0=0=1=====,
192.000=vol3-24-ntsc.mpg=1.000=0=0=1=====,
208.000=jb_052.mpg=1.000=1=0=1===CrossFade==,
224.000=vol3-08-ntsc.mpg=1.000=0=0=1=====,
240.000=jb_072.mpg=1.000=0=0=1=====,
256.000=Why Me-bg.png=1.000=0=0=1=====,
99999=-nosongbg-=1.000=0=0=0 // don't automatically add -songbackground-
;
#KEYSOUNDS:;
// cache tags:
#FIRSTBEAT:16.000;
#LASTBEAT:258.000;
#SONGFILENAME:/Songs/In The Groove/Why Me/Desire - Why me.sm;
#HASMUSIC:1;
#HASBANNER:1;
#MUSICLENGTH:126.753;
// end cache tags

//---------------dance-double - M. Emirzian----------------
#NOTES:
     dance-double:
     M. Emirzian:
     Easy:
     1:
     0.064,0.000,0.000,0.008,0.000,56.000,0.000,1.000,0.000,0.000,0.000:
00000000
00000000
00000000
00000000
,
00000000
00000000
00000000
00000000
,
00000000
00000000
00000000
00000000
,
00000000
00000000
00000000
00000000
,
01000000
00000000
00000000
00000000
,
00100000
00000000
00000000
00000000
,
00001000
00000000
00000000
00000000
,
00010000
00000000
00000000
00000000
,
00001000
00000000
00000000
00000000
,
00000000
00000000
00000000
00000000
,
00000001
00000000
00000000
00000000
,
00000000
00000000
00000000
00000000
,
10000000
00000000
00000000
00000000
,
01000000
00000000
00000000
00000000
,
00100000
00000000
00000000
00000000
,
00000100
00000000
00000000
00000000
,
00000001
00000000
00000000
00000000
,
00001000
00000000
00000000
00000000
,
01000000
00000000
00000000
00000000
,
10000000
00000000
00000000
00000000
,
00010000
00000000
00000000
00000000
,
00100000
00000000
00000000
00000000
,
00000010
00000000
00000000
00000000
,
00000100
00000000
00000000
00000000
,
00000001
00000000
00000000
00000000
,
00010000
00000000
00000000
00000000
,
01000000
00000000
00000000
00000000
,
00010000
00000000
00000000
00000000
,
00001000
00000000
00000000
00000000
,
01000000
00000000
00000000
00000000
,
00001000
00000000
00000000
00000000
,
00000001
00000000
00000000
00000000
,
00010000
00000000
00000000
00000000
,
10000000
00000000
00000000
00000000
,
00001000
00000000
00000000
00000000
,
00010000
00000000
00000000
00000000
,
00000100
00000000
00000000
00000000
,
00000000
00000000
00000000
00000000
,
00010000
00000000
00000000
00000000
,
00000000
00000000
00000000
00000000
,
00001000
00000000
00000000
00000000
,
00000000
00000000
00000000
00000000
,
10000000
00000000
00000000
00000000
,
00000000
00000000
00000000
00000000
,
00000001
00000000
00000000
00000000
,
00001000
00000000
00000000
00000000
,
00000010
00000000
00000000
00000000
,
01000000
00000000
00000000
00000000
,
00010000
00000000
00000000
00000000
,
10000000
00000000
00000000
00000000
,
00100000
00000000
00000000
00000000
,
00000100
00000000
00000000
00000000
,
00000001
00000000
00000000
00000000
,
00001000
00000000
00000000
00000000
,
00000010
00000000
00000000
00000000
,
00010000
00000000
00000000
00000000
,
01000000
00000000
00000000
00000000
,
10000000
00000000
00000000
00000000
,
00001000
00000000
00000000
00000000
,
00010000
00000000
00000000
00000000
,
00000010
00000000
00000000
00000000
,
00000001
00000000
00000000
00000000
,
00000100
00000000
00000000
00000000
,
00010000
00000000
00000000
00100000
,
20000000
00000000
30000000
00000000
;

//---------------dance-double - M. Emirzian----------------
#NOTES:
     dance-double:
     M. Emirzian:
     Medium:
     3:
     0.233,0.000,0.110,0.205,0.000,167.000,14.000,26.000,0.000,0.000,0.000:
00000000
00000000
00000000
00000000
,
00000000
00000000
00000000
00000000
,
00000000
00000000
00000000
00000000
,
00000000
00000000
00000000
00000000
,
10000000
00010000
01000000
00000000
,
00001000
00010000
00000010
00000000
,
00000100
00000001
00001000
00000000
,
00000100
00010000
00001000
00000000
,
00022000
00000000
00033000
00000000
,
02002000
00000000
03003000
00000000
,
20200000
00000000
30300000
00000000
,
02002000
00000000
03003000
00000000
,
00010000
00000100
00001000
00000010
,
00000100
00000001
00001000
00000000
,
00000100
00001000
00000100
00010000
,
00001000
00000000
00000000
00000000
,
00001000
01000000
00001000
00100000
,
00010000
10000000
00010000
00000000
,
01000000
00001000
01000000
00010000
,
00100000
00000000
00000000
00000000
,
00001000
00010000
00000100
00001000
,
00000010
00000100
00000001
00000000
,
00001000
00000010
00001000
00000100
,
00001000
00000001
00000100
00000000
,
00000010
00010000
00001000
01000000
,
00010000
10000000
01000000
00100000
,
00000000
00010000
00010000
01000000
,
01001000
00000000
00000000
00000000
,
00010000
00001000
00000010
00000000
,
00000001
00001000
00000100
00000000
,
00000010
00000001
00001000
00000100
,
00010000
00001000
01000000
00000000
,
00100000
10000000
00010000
00000000
,
01000000
00100000
10000000
00000000
,
00010000
01000000
00001000
00010000
,
00000010
00001000
00000100
00000000
,
00002002
00000000
00003003
00000000
,
00020200
00000000
00030300
00000000
,
02002000
00000000
03003000
00000000
,
00220000
00000000
00330000
00000000
,
20020000
00000000
30030000
00000000
,
00020200
00000000
00030300
00000000
,
00002002
00000000
00003003
00000000
,
00022000
00000000
00033000
00000000
,
00010000
00001000
01000000
00010000
,
01000000
00100000
10000000
00000000
,
00010000
01000000
00001000
00010000
,
00001000
00000000
00000010
00000000
,
00000001
00001000
00000100
00000010
,
00000100
00001000
00000010
00000100
,
00000010
00010000
00001000
01000000
,
00100000
00000000
00000000
00000000
,
10000000
00100000
01000000
00000000
,
00001000
00010000
00000010
00000000
,
00001000
00000100
00000010
00000001
,
00001000
00000010
00000100
00000000
,
00000010
00010000
00001000
00000000
,
01000000
00010000
10000000
00000000
,
01000000
00100000
00001000
00010000
,
00000100
00001000
00000010
00000000
,
00000100
00000001
00000010
00000000
,
00000100
00001000
00000001
00000000
,
00001000
00000100
00010000
00001000
,
01000000
01000000
00100000
00100000
,
20020000
00000000
30030000
00000000
;

//---------------dance-double - M. Emirzian----------------
#NOTES:
     dance-double:
     M. Emirzian:
     Hard:
     6:
     0.355,0.000,0.008,0.142,0.020,296.000,1.000,18.000,0.000,0.000,0.000:
00000000
00000000
00000000
00000000
,
00000000
00000000
00000000
00000000
,
00000000
00000000
00000000
00000000
,
00000000
00000000
00000000
00000000
,
10000000
00000000
00010000
00000000
01000000
00100000
10000000
00000000
,
00010000
00000000
00100000
00000000
00001000
00010000
00000010
00000000
,
00010000
00000000
00000100
00000000
00001000
00000010
00000100
00000000
,
00000001
00000100
00000010
00000000
00001000
00000100
00000010
00000000
,
00000002
00000100
00000100
00000103
,
00002000
00010000
00010000
00013000
,
02000000
10000000
10000000
13000000
,
00010000
00000000
00010000
00000000
00000000
01000000
00000000
01000000
,
01000000
00100000
10000000
00010000
,
00100000
01000000
00100000
00010000
20000000
00000000
00100000
00000000
,
30100000
00000000
00010000
00000000
00001000
00010000
00000010
00001000
,
00000010
00000100
00000002
00000100
,
00000103
00001000
00000100
00000001
,
00000010
00000100
00000010
00000100
00020000
00000000
00001000
00000000
,
00031000
00000000
01000000
00000000
00100000
10000000
01000000
00100000
,
00002000
00010000
00000000
00010000
,
00013000
00000000
00001000
00000000
00010000
00000010
00001000
00000010
,
00000100
00000001
00001000
00000200
,
00000000
00000000
00000310
00000000
00000001
00000100
00000010
00010000
,
00001000
00000000
00010000
00000000
00001000
01000000
00010000
00000000
,
10000000
00000000
00100000
00000000
01000000
00010000
10000000
00000000
,
01000000
00100000
00010000
00100000
01000000
00010000
00001000
00000000
,
00010000
00000100
00001000
00000001
,
00000200
00000000
00000000
00000000
,
00000310
00000000
00001000
00000000
00000100
00010000
00001000
00000000
,
00010000
00000000
00001000
00000000
01000000
00010000
10000000
00000000
,
00100000
00000000
10000000
00000000
01000000
00100000
00010000
00000000
,
10000000
00010000
01000000
00000000
00100000
01000000
00001000
00000000
,
00010000
00000000
00000010
00000000
00001000
00000001
00000010
00000000
,
00000100
00000000
00000010
00000000
00000001
00000100
00000010
00000000
,
00000100
00000000
00000010
00000000
00010000
00001000
01000000
00000000
,
00100000
10000000
00010000
00000000
01000000
00100000
10000000
00000000
,
01000000
00000000
00000000
00000000
01000000
00000000
00000000
00000000
01000000
00000000
00000000
00100000
00000000
00000000
00020000
00000000
,
00000000
00000000
00100000
00000000
00130000
00000000
00000000
00000000
00001000
00000000
00000000
00010000
00000000
00000000
00000020
00000000
,
00000000
00000000
00001000
00000000
00001030
00000000
00000000
00000000
00000100
00000000
00000000
00000010
00000000
00000000
00000002
00000000
,
00000000
00000000
00000100
00000000
00000103
00000000
00000000
00000000
00000010
00000000
00000000
00001000
00000000
00000000
00000100
00000000
,
00010000
00000000
00000000
00000000
00001000
00000000
00000000
00000000
01000000
00000000
00000000
00010000
00000000
00000000
10000000
00000000
,
00100000
10000000
00010000
00110000
,
00100000
00000000
00001000
00000000
00010000
00000000
00000100
00001000
,
00000010
00000100
00000002
00000000
,
00000103
00000010
00001000
00000100
,
00010000
00001000
01000000
00010000
01000000
00000000
00200000
00000000
,
10000000
00000000
10300000
00000000
00100000
01000000
00100000
01000000
,
00001000
00010000
00000200
00000010
,
00000310
00000001
00000100
00000010
,
00001000
00000100
00010000
00001000
00020000
00000000
00100000
00000000
,
00130000
00000000
10000000
00000000
00010000
01000000
00100000
10000000
,
02000000
00000000
00000000
00000000
,
03100000
00000000
00001000
00000000
00010000
00001000
00010000
00000000
,
00000010
00000000
00001000
00000000
00000001
00000100
00000010
00000000
,
00001000
00000010
00000100
00000000
00000010
00001000
00000100
00000000
,
00010000
00001000
01000000
00000000
00010000
00000000
01000000
00000000
,
00100000
00000000
10000000
00000000
01000000
00100000
00010000
00000000
,
00100000
00000000
00001000
00000000
00010000
00000010
00001000
00000000
,
00000100
00000000
00001000
00000000
00000010
00000100
00000001
00000000
,
00001000
00000100
00000010
00000000
00000001
00000100
00000010
00000000
,
00010000
00000000
00001000
00000000
01000000
00100000
10000000
00000000
,
00100000
00000000
10000000
00000000
01000000
00100000
00001000
00010000
,
00000010
00000000
00000100
00000001
00000010
00000100
00001000
00000000
,
00000001
00000000
00000100
00000010
00010000
00001000
01000000
00100000
,
20000000
00000000
30000000
00000000
;

//---------------dance-single - K. Ward----------------
#NOTES:
     dance-single:
     K. Ward:
     Easy:
     2:
     0.156,0.000,0.055,0.000,0.000,131.000,7.000,0.000,0.000,0.000,0.000:
0000
0000
0000
0000
,
0000
0000
0000
0000
,
0000
0000
0000
0000
,
0000
0000
0000
0000
,
1000
1000
1000
0000
,
0001
0001
0001
0000
,
1000
1000
0010
0000
,
0100
0100
0001
0000
,
1001
0000
0000
0000
,
1100
0000
0000
0000
,
0011
0000
0000
0000
,
1001
0000
0000
0000
,
1000
0000
0100
0000
,
0100
0000
0010
0000
,
0010
0000
0100
0000
,
0100
0000
1000
1000
,
0001
0000
0001
0000
,
1000
0000
1000
0000
,
0100
0000
0100
0000
,
1000
1000
0000
0000
,
0001
0010
0001
0000
,
0010
0100
0010
0000
,
0100
1000
0100
0000
,
1000
0000
0001
0001
,
0100
0000
0001
0001
,
1000
0000
0100
0100
,
0010
0000
0100
0000
,
1001
0000
0000
0000
,
0100
0000
0100
0000
,
0010
0000
0010
0000
,
1000
0000
1000
0000
,
0001
0000
0010
0010
,
0001
0000
0100
0000
,
0010
0000
1000
1000
,
0100
0000
0010
0000
,
0100
0100
0100
0000
,
0001
0000
0000
0000
,
1000
0000
0000
0000
,
0010
0000
0000
0000
,
0100
0000
0000
0000
,
1000
0000
0000
0000
,
0001
0000
0000
0000
,
0010
0000
0000
0000
,
0001
0000
1001
0000
,
0100
0100
0000
0000
,
0010
0010
0000
0000
,
1000
1000
0000
0000
,
0001
0001
0000
0000
,
0100
0100
0100
0000
,
0010
0010
0010
0000
,
1000
1000
1000
0000
,
0001
0001
0000
0000
,
0100
0000
0010
0000
,
1000
0000
0010
0000
,
0100
0000
0010
0000
,
1000
1000
1000
0001
,
0010
0000
0001
0000
,
0010
0000
0100
0000
,
0010
0000
0001
0000
,
1000
0000
0001
0001
,
0100
0000
0100
0000
,
0010
0000
0010
0000
,
1000
1000
1000
0000
,
0001
0001
0001
0000
,
1001
0000
0000
0000
;

//---------------dance-single - K. Ward----------------
#NOTES:
     dance-single:
     K. Ward:
     Medium:
     4:
     0.228,0.000,0.110,0.016,0.000,186.000,14.000,2.000,0.000,0.000,0.000:
0000
0000
0000
0000
,
0000
0000
0000
0000
,
0000
0000
0000
0000
,
0000
0000
0000
0000
,
1000
0001
0100
0000
,
1000
0001
0010
0000
,
0100
0001
1000
0000
,
0100
0001
1000
0000
,
1001
0000
0000
0000
,
1100
0000
0000
0000
,
1010
0000
0000
0000
,
1100
0000
0000
0000
,
0001
0100
1000
0010
,
0100
0001
1000
0000
,
0100
0000
1000
0000
0100
0000
1000
0001
,
0000
0000
1000
0001
,
1000
0100
1000
0010
,
0001
0000
1000
0001
1000
0000
0000
0000
,
0100
1000
0100
1000
,
0001
0000
0000
0000
,
1000
0001
0100
1000
,
0010
0100
0001
0001
,
1000
0010
1000
0100
,
1000
0000
0010
0010
,
1000
0001
1000
0100
,
1000
0000
1000
0010
1000
0000
1000
0000
,
0001
0001
0001
0100
,
1100
0000
0000
0000
,
0001
1000
0010
0000
,
0001
1000
0100
0000
,
0010
0001
1000
0100
,
1000
1000
0100
0010
,
0001
1000
0001
0001
,
0100
0010
1000
1000
,
0001
0000
1000
0000
1000
0100
1000
0100
,
0000
1000
0100
1000
,
1001
0000
0000
0000
,
0101
0000
0000
0000
,
1100
0000
0000
0000
,
0011
0000
0100
0010
,
1001
0000
0000
0000
,
0101
0000
0000
0000
,
1001
0000
0000
0000
,
1001
0000
0000
0000
,
0001
1000
0100
0001
,
0100
0010
1000
0000
,
0001
0000
0100
0000
1000
0000
0001
1000
,
0000
0000
0010
0100
,
0001
1000
0100
1000
,
0010
1000
0010
0100
,
0010
1000
1000
0100
,
0010
0000
0000
0000
,
1000
0010
0100
0001
,
1000
0001
0010
0001
,
1000
0100
0010
0001
,
1000
0000
0010
0010
,
1000
0001
1000
1000
,
0100
1000
1000
0001
,
0100
0010
1000
0001
,
0100
0000
0010
0010
,
0100
0001
0010
0002
,
2003
0001
3001
0000
,
1000
0100
1000
0010
,
0100
0100
0010
0010
,
1001
0000
0000
0000
;

//---------------dance-single - K. Ward----------------
#NOTES:
     dance-single:
     K. Ward:
     Hard:
     6:
     0.339,0.000,0.016,0.095,0.024,287.000,2.000,12.000,0.000,0.000,0.000:
0000
0000
0000
0000
,
0000
0000
0000
0000
,
0000
0000
0000
0000
,
0000
0000
0000
0000
,
1000
0000
0001
0000
0100
0010
0100
0000
,
0001
0000
0010
0000
1000
0001
1000
0000
,
0001
0000
0100
0000
0010
0100
0001
0000
,
0001
0100
0010
0000
1000
0100
0010
0000
,
0002
0010
0010
0013
,
2000
0100
0100
3100
,
0020
1000
1000
1030
,
1100
1001
0000
0000
,
0100
0010
1000
0001
,
0010
0100
0010
0001
2000
0000
0000
0000
,
3010
0000
0100
0000
0001
0010
0001
0100
,
0010
1000
2000
0000
,
3100
1000
0100
0001
,
0010
0100
0010
0001
2000
0000
0000
0000
,
3010
0000
0100
0000
0010
1000
0100
0010
,
0002
0000
0003
0000
,
1000
0000
1000
0000
0001
0010
0001
0100
,
0010
1000
1000
0200
,
0000
0000
0310
0000
0001
0100
0010
1000
,
0001
0000
0001
0000
1000
0010
0100
0000
,
0001
0000
0010
0000
0001
0100
0010
0000
,
0100
0010
1000
0010
0100
0001
1000
0000
,
0001
0100
0010
1000
,
0200
0000
0000
0000
,
0310
0000
1000
0000
0100
1000
0100
0000
,
1000
0000
0010
0000
0100
0001
0100
0000
,
0010
0000
1000
0000
0100
0010
0100
0000
,
1000
0001
0100
0000
0010
0100
0001
0000
,
1000
0000
0010
0000
0100
0001
1000
0000
,
0100
0000
0010
0000
0001
0100
0001
0000
,
0100
0000
0010
0000
1000
0001
1000
0000
,
0010
1000
0001
0000
0100
0010
1000
0000
,
0100
0000
0000
0000
0100
0000
0000
0000
0100
0000
0000
0010
0000
0000
0001
0000
,
1000
0000
0000
0000
0010
0000
0000
0000
1000
0000
0000
0001
0000
0000
0010
0000
,
0001
0000
0000
0000
0100
0000
0000
0000
0010
0000
0000
0100
0000
0000
0001
0000
,
1000
0000
1000
0000
0001
0010
0001
0000
,
1000
0000
0000
0000
0010
0000
0000
0000
0100
0000
0000
0010
0000
0000
1000
0000
,
0001
0000
0000
0000
0010
0000
0000
0000
0001
0000
0000
0100
0000
0000
0010
0000
,
1000
0000
0000
0000
1000
0000
0000
0000
0001
0000
0000
0100
0000
0000
0010
0000
,
1000
1000
0002
0000
,
0103
0010
1000
0100
,
1000
0010
0100
0001
0100
0000
0010
0000
,
0010
0000
1000
0000
0010
0100
0010
1000
,
0001
0001
0200
0000
,
0310
1000
0010
0100
,
0001
0010
0001
0100
0001
0000
0100
0000
,
0010
0000
1000
0000
0010
0000
1000
0001
,
0200
0000
0310
0000
,
0010
0000
1000
0000
0001
1000
0001
0000
,
0010
0000
0001
0000
0100
0010
0100
0000
,
0001
0010
0001
0000
1000
0100
1000
0000
,
0010
0000
0100
0000
0001
0010
0001
0000
,
1000
0000
0100
0000
1000
0010
0100
0000
,
0001
0000
0100
0000
0010
0100
0001
0000
,
0100
0000
0010
0000
1000
0100
1000
0010
,
0100
0000
0100
0000
0100
0010
1000
0000
,
0010
0000
1000
0000
0100
1000
0010
0000
,
0100
0000
0001
0000
0010
0001
0100
0010
,
1000
0000
0010
0000
0100
0001
0010
0000
,
0001
0000
0100
0000
0010
1000
0100
1000
,
0001
0000
0000
0000
;

//---------------lights-cabinet - ----------------
#NOTES:
     lights-cabinet:
     :
     Easy:
     1:
     0.860,0.000,1.000,0.047,0.024,303.000,230.000,6.000,0.000,212.000,0.000:

00000000
00000000
00000000
00000000
,
00000000
00000000
00000000
00000000
,
00000000
00000000
00000000
00000000
,
00000000
00000000
00000000
00000000
,
10000011
00000000
00010011
00000000
01000011
00100000
01000011
00000000
,
00010011
00000000
00100011
00000000
10000011
00010000
10000011
00000000
,
00010011
00000000
01000011
00000000
00100011
01000000
00010011
00000000
,
00010011
01000000
00100011
00000000
10000011
01000000
00100011
00000000
,
00010011
00100000
00100011
00100000
,
10000011
01000000
01000011
01000000
,
00100011
10000000
10000011
10000000
,
11000011
00000000
10010000
00000000
00000000
00000011
00000000
00000011
,
01000011
00100011
10000011
00010011
,
00100011
01000000
00100011
00010000
10000011
00000000
00000011
00000000
,
00100011
00000000
01000011
00000000
00010011
00100000
00010011
01000000
,
00100011
10000011
10000011
00000011
,
01000011
10000011
01000011
00010011
,
00100011
01000000
00100011
00010000
10000011
00000000
00000011
00000000
,
00100011
00000000
01000011
00000000
00100011
10000000
01000011
00100000
,
00010011
00000000
00000011
00000000
00000000
00000000
00000000
00000011
,
10000011
00000000
10000011
00000000
00010011
00100000
00010011
01000000
,
00100011
10000011
10000011
01000011
,
00000011
00000000
00100011
00000000
00010011
01000000
00100011
10000000
,
00010011
00000000
00010011
00000000
10000011
00100000
01000011
00000000
,
00010011
00000000
00100011
00000000
00010011
01000000
00100011
00000000
,
01000011
00100000
10000011
00100000
01000011
00010000
10000011
00000000
,
00010011
01000011
00100011
10000011
,
22220022
00000000
33330033
00000000
,
00100011
00000000
10000011
00000000
01000011
10000000
01000011
00000000
,
10000011
00000000
00100011
00000000
01000011
00010000
01000011
00000000
,
00100011
00000000
10000011
00000000
01000011
00100000
01000011
00000000
,
10000011
00010000
01000011
00000000
00100011
01000000
00010011
00000000
,
10000011
00000000
00100011
00000000
01000011
00010000
10000011
00000000
,
01000011
00000000
00100011
00000000
00010011
01000000
00010011
00000000
,
01000011
00000000
00100011
00000000
10000011
00010000
10000011
00000000
,
00100011
10000000
00010011
00000000
01000011
00100000
10000011
00000000
,
01000011
00000000
00000000
00000000
01000011
00000000
00000000
00000000
01000011
00000000
00000000
00100000
00000011
00000000
00010000
00000000
,
10000011
00000000
00000000
00000000
00100011
00000000
00000000
00000000
10000011
00000000
00000000
00010000
00000011
00000000
00100000
00000000
,
00010011
00000000
00000000
00000000
01000011
00000000
00000000
00000000
00100011
00000000
00000000
01000000
00000011
00000000
00010000
00000000
,
10000011
00000000
10000011
00000000
00010011
00100000
00010011
00000000
,
10000011
00000000
00000000
00000000
00100011
00000000
00000000
00000000
01000011
00000000
00000000
00100000
00000011
00000000
10000000
00000000
,
00010011
00000000
00000000
00000000
00100011
00000000
00000000
00000000
00010011
00000000
00000000
01000000
00000011
00000000
00100000
00000000
,
10000011
00000000
00000000
00000000
10000011
00000000
00000000
00000000
00010011
00000000
00000000
01000000
00000011
00000000
00100000
00000000
,
10000011
01100011
11110011
00000000
,
01000011
00100011
10000011
01000011
,
10000011
00100000
01000011
00010000
01000011
00000000
00100011
00000000
,
00100011
00000000
10000011
00000000
00100011
01000000
00100011
10000000
,
00010011
00000000
00010011
00000000
01000011
00000011
00000011
00000000
,
00100011
10000011
00100011
01000011
,
00010011
00100000
00010011
01000000
00010011
00000000
01000011
00000000
,
00100011
00000000
10000011
00000000
00100011
00000000
10000011
00010000
,
01000011
00000011
00100011
00000000
,
00100011
00000000
10000011
00000000
00010011
10000000
00010011
00000000
,
00100011
00000000
00010011
00000000
01000011
00100000
01000011
00000000
,
00010011
00100000
00010011
00000000
10000011
01000000
10000011
00000000
,
00100011
00000000
01000011
00000000
00010011
00100000
00010011
00000000
,
10000011
00000000
01000011
00000000
10000011
00100000
01000011
00000000
,
00010011
00000000
01000011
00000000
00100011
01000000
00010011
00000000
,
01000011
00000000
00100011
00000000
10000011
01000000
10000011
00100000
,
01000011
00000000
01000011
00000000
01000011
00100000
10000011
00000000
,
00100011
00000000
10000011
00000000
01000011
10000000
00100011
00000000
,
01000011
00000000
00010011
00000000
00100011
00010000
01000011
00100000
,
10000011
00000000
00100011
00000000
01000011
00010000
00100011
00000000
,
00010011
00000000
01000011
00000000
00100011
10000000
01100011
00000000
,
11110011
00000000
00000000
00000000
;

//---------------dance-single - K. Ward----------------
#NOTES:
     dance-single:
     K. Ward:
     Challenge:
     9:
     0.532,0.000,0.221,0.166,0.158,423.000,28.000,21.000,20.000,0.000,0.000:
0000
0000
0000
0000
,
0000
0000
0000
0000
,
0000
0000
0000
0000
,
0000
0000
0000
0000
,
1000
0100
0010
0001
1000
0100
0010
0001
,
0010
0001
0100
1000
0100
0001
0100
0001
,
0010
0100
0010
0100
1000
0010
0001
0010
,
0100
0000
0001
0100
1100
0000
0100
0010
,
0021
0001
0100
0031
,
0002
0010
0100
0013
,
0200
1000
0010
1300
,
1001
0001
M00M
0MM0
0000
0011
0000
1100
,
0010
0100
0011
0000
0100
1000
1100
0000
,
0010
0100
1001
0000
0100
0010
0011
0000
,
1000
0100
0010
0001
0001
0010
0100
1000
,
1000
0000
0010
0001
0010
0100
0100
1000
,
0200
0310
0002
0013
,
1000
1000
0100
0010
0200
0000
0310
00M0
,
0001
0100
2000
0000
3100
0001
0020
0000
,
0130
0010
0001
1000
2000
0100
3100
M000
,
0001
0010
0000
0000
0100
1000
0000
0000
0010
0100
0000
0000
0001
0010
0000
0000
,
0001
1000
0000
0000
1000
0001
0000
0000
0010
0001
0000
0000
0100
0000
1000
0000
,
0200
0301
0020
0130
,
0010
0000
0001
0000
0100
0000
1000
0000
0100
0000
0001
0000
0010
0000
0100
0010
,
0002
0013
0200
1300
,
0010
0100
0000
0000
0010
0001
0000
0000
0010
0000
0100
0000
1000
0000
0100
0000
,
0001
0010
0001
0010
0100
0001
0010
0001
,
2000
0100
0010
3001
,
1000
0100
1000
0000
0010
0000
0001
0000
0010
0000
0100
0000
0001
0000
0010
0000
,
0001
0010
0001
0000
0100
0000
1000
0000
0100
0000
0010
0000
0100
0000
0001
0000
,
0010
0100
0010
0000
0100
0000
1000
0000
0100
0010
0100
0000
0010
0000
0001
0000
,
1000
1000
0001
0001
0100
0100
0110
0000
,
1000
0010
0100
0000
0001
0000
0010
0000
0001
0000
0100
0000
1001
0000
0000
0000
,
0010
0100
0010
0000
0001
0000
0010
0000
0100
0000
0010
0000
1100
0000
0000
0000
,
0010
0001
0100
1000
0100
0001
0010
0011
,
0000
0000
00MM
0000
1000
0100
0000
0000
0100
0010
0000
0000
0010
0001
0000
0000
,
2000
0000
0010
0100
0010
0100
3010
M0M0
,
0002
0000
0010
0100
0010
0100
0013
00MM
,
1000
1000
0100
0001
0100
1000
0010
0100
,
0002
0000
1003
0000
0011
0110
0011
0000
,
1000
0100
1000
0000
0100
0000
0010
0000
0100
0000
0100
0010
0000
0010
0001
0000
,
0100
0010
0100
0000
0001
0000
0001
0000
0010
0000
0010
0100
0000
0100
1000
0000
,
1000
0010
0001
0010
1000
0001
0010
0100
,
0010
0100
0010
0000
0001
0010
0001
0000
0100
0000
1001
0000
0000
0000
MMMM
0000
,
0001
0001
0010
0100
1000
1000
0100
0010
,
0001
0001
0100
1000
0100
0001
0010
0001
,
1000
1000
0100
0010
0100
0100
0010
0001
,
1000
1000
0010
0010
0100
0001
0011
0000
,
0200
1300
0200
0301
,
0020
0000
0130
0000
0200
1000
1300
0100
,
0010
0001
0010
0100
1000
0100
0010
0001
,
0010
0000
0000
0000
0100
0000
0000
0000
1001
0000
1100
0000
0000
MMMM
0000
0000
,
0001
0100
0010
0000
0100
0000
1000
0000
0100
0000
0001
0000
0010
0000
0001
0000
,
1000
0100
0010
0000
0100
0000
1000
0000
0010
0000
0100
0000
1000
0000
0100
0000
,
0001
0001
0010
0100
1000
1000
0001
0010
,
0100
0000
0010
0000
0001
0000
0100
0000
1000
0100
0010
0000
0100
0001
0010
0000
,
0100
0000
0100
0000
0100
0000
0000
0000
0010
0000
0000
1100
0000
0000
0011
0000
,
0100
0000
0100
0000
0100
0000
0000
0000
0011
0000
0000
1100
0000
0000
0010
0000
,
0100
0000
0100
0000
0100
0000
0000
0000
1100
0000
0000
0011
0000
0000
1100
0000
,
0010
0000
0010
0000
0010
0000
0000
0000
0010
0100
0010
0000
1000
0100
1000
0000
,
0001
0000
0001
0000
0001
0000
0000
0000
0010
0000
0000
0100
1000
0000
0010
0000
,
0100
0000
0100
0000
0100
0000
0000
0000
0001
0000
0000
0010
0001
0000
0100
0000
,
1000
0000
0100
0000
0001
0000
0010
0000
0100
0010
0100
0000
0010
0000
0001
0000
,
0100
0100
1000
1000
0100
0100
0010
0100
,
1001
0000
0000
0000
;

//---------------dance-single - K. Ward----------------
#NOTES:
     dance-single:
     K. Ward:
     Beginner:
     1:
     0.063,0.000,0.000,0.000,0.000,56.000,0.000,0.000,0.000,0.000,0.000:
0000
0000
0000
0000
,
0000
0000
0000
0000
,
0000
0000
0000
0000
,
0000
0000
0000
0000
,
0100
0000
0000
0000
,
0010
0000
0000
0000
,
1000
0000
0000
0000
,
0001
0000
0000
0000
,
1000
0000
0000
0000
,
0000
0000
0000
0000
,
0001
0000
0000
0000
,
0000
0000
0000
0000
,
1000
0000
0000
0000
,
0100
0000
0000
0000
,
0010
0000
0000
0000
,
0100
0000
0000
0000
,
0001
0000
0000
0000
,
1000
0000
0000
0000
,
0100
0000
0000
0000
,
1000
0000
0000
0000
,
0001
0000
0000
0000
,
0010
0000
0000
0000
,
0010
0000
0000
0000
,
0100
0000
0000
0000
,
0001
0000
0000
0000
,
0001
0000
0000
0000
,
0100
0000
0000
0000
,
0001
0000
0000
0000
,
1000
0000
0000
0000
,
0100
0000
0000
0000
,
1000
0000
0000
0000
,
0001
0000
0000
0000
,
0001
0000
0000
0000
,
1000
0000
0000
0000
,
1000
0000
0000
0000
,
0001
0000
0000
0000
,
0100
0000
0000
0000
,
0000
0000
0000
0000
,
0001
0000
0000
0000
,
0000
0000
0000
0000
,
1000
0000
0000
0000
,
0000
0000
0000
0000
,
1000
0000
0000
0000
,
0000
0000
0000
0000
,
0001
0000
0000
0000
,
1000
0000
0000
0000
,
0010
0000
0000
0000
,
0100
0000
0000
0000
,
0001
0000
0000
0000
,
1000
0000
0000
0000
,
0010
0000
0000
0000
,
0100
0000
0000
0000
,
0001
0000
0000
0000
,
1000
0000
0000
0000
,
0010
0000
0000
0000
,
0001
0000
0000
0000
,
0100
0000
0000
0000
,
1000
0000
0000
0000
,
1000
0000
0000
0000
,
0001
0000
0000
0000
,
0010
0000
0000
0000
,
0001
0000
0000
0000
,
0100
0000
0000
0000
,
0001
0000
0000
0010
,
1000
0000
0000
0000
;

//---------------dance-double - J.Casarino----------------
#NOTES:
     dance-double:
     J.Casarino:
     Challenge:
     9:
     0.577,0.000,0.213,0.087,0.142,474.000,27.000,11.000,6.000,3.000,0.000:

00000000
00000000
00000000
00000000
,
00000000
00000000
00000000
00000000
,
00000000
00000000
00000000
00000000
,
00000000
00000000
00000000
00000000
,
00010000
00000010
00001000
00000001
00010000
00000100
00001000
00000001
,
00010000
00000100
00001000
00000010
00010000
00001000
01000000
00010000
,
10000000
00100000
01000000
00010000
00100000
00001000
10000000
00010000
,
10000000
00001000
01000000
00100000
10000000
01000000
00100000
00010000
,
00210000
00000000
00001000
00000000
00000010
00000000
00301000
00M0M000
,
01002000
00000000
00000100
00000000
00010000
00000000
00103000
00M0M000
,
00010020
00000000
00000001
00000000
00000100
00000000
00001030
0000M0M0
,
00010200
00000000
00000001
00000000
00001000
00000000
01000300
01000000
,
01000100
00001000
00010000
00001000
01000000
00010000
00100000
10000000
,
10100000
00100000
00010000
01000000
00100000
00010000
00001000
00000010
,
00001010
00001000
00010000
00000100
00001000
00000001
00000100
00001000
,
00001100
00000100
00000010
00010000
00001000
00100000
00110000
00000000
,
10010000
01000000
00100000
01000000
00010000
00001000
00010000
00000100
,
00001001
00000100
00000010
00000100
00000001
00000010
00001000
00010000
,
00010100
00001000
01000000
00100000
00010000
00100000
01000000
00001000
,
00110000
10000000
00010000
00100000
00001000
00000010
00000110
00000000
,
00001000
00000000
00000001
00000100
00000001
00000000
00000010
00000000
00001000
00000000
00010000
00000000
00001000
00000000
01000000
00000000
,
00010000
00000000
10000000
00100000
10000000
00000000
01000000
00000000
00010000
00000000
00001000
00000000
00000100
00000000
00001000
00000000
,
00010000
00000000
00001000
00100000
00001000
00000000
01000000
00000000
00010000
00000000
00100000
00000000
00000010
00000000
00001000
00000000
,
00000100
00000000
00010000
00000010
00010000
00000000
00001000
00000000
00000100
00000000
00000100
00000000
00000100
00000000
00000100
00000000
,
00001000
00000000
00010000
00001000
00100000
00000000
00010000
00000000
01000000
00000000
00100000
00000000
10000000
00000000
00010000
00000000
,
01000000
00000000
00001000
00010000
00000010
00000000
00001000
00000000
00000001
00000000
00000010
00000000
00001000
00000000
00010000
00000000
,
00000001
00000000
00001000
00000010
00000100
00000000
00001000
00000000
00010000
00000000
01000000
00000000
00010000
00000000
00001000
00000000
,
00022000
00000000
00000000
00000000
00133010
00000000
00011000
00010100
,
00001000
00000000
00000010
00000000
00000100
00000000
00000001
00000000
00001000
00000010
00000100
00000000
00000010
00000000
00001000
00000000
,
00000100
00000000
00010000
00000000
00001000
00000000
01000000
00000000
00010000
00100000
01000000
00000000
10000000
00000000
00010000
00000000
,
10000000
00000000
00100000
00000000
01000000
00000000
00010000
00000000
10000000
01000000
00100000
00000000
10000000
00000000
00100000
00000000
,
00001000
00000000
00010000
00000000
00000010
00000000
00010000
00000000
00000100
00001000
00000010
00000000
00010010
00000000
00011000
00000000
,
01000000
00000000
00001000
00000000
01000000
00000000
00010000
00000000
01000000
00100000
01000000
00000000
10000000
00000000
01000000
00000000
,
00100000
00000000
00010000
00000000
00001000
00000000
00000100
00000000
00000010
00000001
00000010
00000000
00000100
00000000
00000010
00000000
,
00001000
00000000
00000010
00000000
00010000
00000000
00000010
00000000
00100000
00001000
00010000
00000000
00000100
00000000
00010000
00000000
,
00001000
01000000
00100000
01000000
10000000
00010000
00100000
01000000
,
20000000
00100000
00001000
31000000
,
10000000
01000000
00100000
00010000
01000000
00100000
00010000
00001000
,
00020000
00100000
00000010
00030100
,
00010000
00000010
00001000
00000001
00000100
00000010
00010000
00000100
,
00020000
00100000
00000100
00030010
,
00000100
00001000
00000001
00000010
00001000
00010000
01000000
10000000
,
02020000
00000000
00001000
13031000
,
01100000
00000000
10010000
00000000
00011000
00000000
00000000
00010000
,
10000000
10000000
00100000
00100000
00010000
00010000
00001000
00001000
,
10000000
00100000
00010000
00001000
10000000
01000000
00010000
00001000
,
00010000
00010000
00001000
00001000
00000100
00000100
00000001
00000001
,
00010000
00001000
00000100
00000001
00010000
00001000
00000010
00000001
,
00000100
00000100
00001000
00001000
00010000
00010000
01000000
01000000
,
10000000
00001000
00010000
01000000
10000000
00010000
00100000
10000000
,
00100000
00100000
00001000
00001000
00010000
00010000
00000010
00000010
,
00001000
00000100
00000001
00001000
00000010
00000100
00000110
00000000
,
00000010
00000000
00001000
00000000
00000001
00000000
00000010
00000000
00000100
00010000
00001000
00000000
00010000
00001000
01000000
00000000
,
00010000
00000000
00100000
00000000
01000000
00000000
10000000
00000000
00100000
01000000
00010000
00000000
01000000
00010000
00100000
00000000
,
00001000
00000000
00010000
00000000
01000000
00000000
00010000
00000000
00001000
00010000
00000100
00000000
00010000
00000100
00001000
00000000
,
00000010
00000000
00000001
00000000
00000010
00000000
00001000
00000000
00000100
00010000
00001000
00000000
00010000
00001000
00100000
00000000
,
00010000
00000000
10000000
00000000
00001000
00000000
00010000
00000000
00000100
00001000
00000010
00000000
00001000
00000100
00000010
00000000
,
00000001
00000000
00010000
00000000
00001000
00000000
00100000
00000000
00010000
01000000
00100000
00000000
01000000
00010000
00100000
00000000
,
01000000
00000000
00010000
00000000
00000010
00000000
00001000
00000000
00000001
00000100
00000010
00000000
00000100
00000001
00000010
00000000
,
00001000
00000000
01000000
00000000
00010000
00000000
10000000
00000000
00100000
10000000
01000000
00000000
10000000
00100000
01000000
00000000
,
10000000
00000000
01000000
00000000
00010000
00000000
00100000
00000000
01000000
10000000
01000000
00000000
01000000
00100000
01000000
00000000
,
00100000
00000000
00001000
00000000
00010000
00000000
00000100
00000000
00000010
00000001
00000010
00000000
00000010
00000100
00000010
00000000
,
00000001
00000000
00001000
00000000
00000010
00000000
00010000
00000000
00001000
00100000
00001000
00000000
00001000
00010000
00001000
00000000
,
00000100
00000010
00010000
00001000
01000000
00100000
10000000
00010000
,
01100000
00000000
00000000
00000000
;
