#TITLE:Bumble Bee;
#SUBTITLE:;
#ARTIST:Bambee;
#TITLETRANSLIT:;
#SUBTITLETRANSLIT:;
#ARTISTTRANSLIT:;
#GENRE:Bubblegum Dance;
#CREDIT:;
#BANNER:Bumble Bee-banner.png;
#BACKGROUND:Bumble Bee-bg.png;
#LYRICSPATH:;
#CDTITLE:;
#MUSIC:Bumble Bee.ogg;
#OFFSET:-1.942;
#SAMPLESTART:15.720;
#SAMPLELENGTH:11.800;
#SELECTABLE:YES;
#BPMS:0.000=138.000;
#STOPS:;
#BGCHANGES:0.000=Bumble Bee-bg.png=1.000=0=0=1=====,
16.000=In The Groove 2/949_JumpBack.mpg=1.000=0=0=1=====,
28.000=In The Groove 2/949_JumpBack.mpg=1.000=0=0=1===FadeUp=1^1^0^1=,
32.000=In The Groove 2/906_JumpBack.mpg=1.000=0=0=1=====,
48.000=In The Groove 2/930_JumpBack.mpg=1.000=0=0=1=====,
64.000=Bumble Bee-bg.png=1.000=0=0=1=====,
68.000=-random-=1.000=0=0=1=====,
84.000=-random-=1.000=0=0=1=====,
100.000=-random-=1.000=0=0=1=====,
116.000=-random-=1.000=0=0=1=====,
128.000=Bumble Bee-bg.png=1.000=0=0=1===FadeUp==,
132.000=In The Groove 2/906_JumpBack.mpg=1.000=0=0=1=====,
148.000=In The Groove 2/930_JumpBack.mpg=1.000=0=0=1=====,
164.000=-random-=1.000=0=0=1=====,
180.000=-random-=1.000=0=0=1=====,
196.000=-random-=1.000=0=0=1=====,
212.000=-random-=1.000=0=0=1=====,
228.000=Bumble Bee-bg.png=1.000=0=0=1===FadeUp==,
99999=-nosongbg-=1.000=0=0=0 // don't automatically add -songbackground-
;
#BGCHANGES2:16.000=white flash=1.000=0=0=1=====,
64.000=white flash=1.000=0=0=1=====,
84.000=white flash=1.000=0=0=1=====,
132.000=white flash=1.000=0=0=1=====,
148.000=white flash=1.000=0=0=1=====,
180.000=white flash=1.000=0=0=1=====,
196.000=white flash=1.000=0=0=1=====,
224.000=yellow flash=1.000=0=0=1=====,
;
#KEYSOUNDS:;
// cache tags:
#FIRSTBEAT:16.000;
#LASTBEAT:230.000;
#SONGFILENAME:/Songs/In The Groove 2/Bumble Bee/Bumble Bee.sm;
#HASMUSIC:1;
#HASBANNER:1;
#MUSICLENGTH:103.913;
// end cache tags

//---------------dance-single - C. Foy----------------
#NOTES:
     dance-single:
     C. Foy:
     Easy:
     3:
     0.169,0.000,0.164,0.000,0.000,106.000,17.000,0.000,0.000,0.000,0.000:
0000
0000
0000
0000
,
0000
0000
0000
0000
,
0000
0000
0000
0000
,
0000
0000
0000
0000
,
1001
0000
0000
0000
,
1001
0000
0000
0000
,
0000
0000
0000
0000
,
0110
0000
0000
0000
,
1000
0000
0001
0000
,
1000
1000
1000
0000
,
0001
0000
0010
0000
,
0001
0000
0010
0000
,
1001
0000
1000
0000
,
0001
0000
0100
0000
,
0010
0000
0100
0000
,
0001
0000
1000
0001
,
1001
0000
0000
0000
,
1000
0000
0001
0000
,
0100
0000
0001
0000
,
1000
1000
1000
0000
,
0001
0001
0001
0000
,
1001
0000
0000
0000
,
0110
0000
0000
0000
,
1000
0001
1000
0000
,
0010
0100
0010
0000
,
1001
0000
0000
0000
,
0110
0000
0000
0000
,
1000
0000
0100
0000
,
0010
0000
0001
0000
,
0001
0000
0100
0000
,
1000
0000
0100
0000
,
0001
0000
0010
0000
,
1001
0000
0000
0000
,
0001
0000
0100
0000
,
0001
0000
1000
0000
,
0001
0000
1000
0000
,
0010
0000
0100
0000
,
0001
0000
0010
0000
,
0001
0000
1000
0001
,
1001
0000
0100
0000
,
0110
0000
0010
0000
,
1000
0000
0100
0000
,
0010
0000
0001
0000
,
1000
1000
1000
0000
,
0001
0001
0001
0000
,
0001
0000
0010
0000
,
0100
0000
1000
0000
,
1000
1000
1000
0000
,
0001
0001
0001
0000
,
1001
0000
0000
0000
,
0000
0000
0000
0000
,
0010
0010
0010
0000
,
0100
0100
0100
0000
,
0110
0000
0000
0000
,
0010
0000
0000
0000
,
1000
0001
1001
0000
,
0001
1000
1001
0000
,
1001
0000
0000
0000
;

//---------------dance-single - C. Foy----------------
#NOTES:
     dance-single:
     C. Foy:
     Medium:
     4:
     0.307,0.000,0.260,0.472,0.000,147.000,27.000,49.000,0.000,0.000,0.000:
0000
0000
0000
0000
,
0000
0000
0000
0000
,
0000
0000
0000
0000
,
0000
0000
0000
0000
,
2000
3200
0320
0032
,
2003
0000
3200
0020
0300
0032
0000
0003
,
0000
0000
0000
0000
,
1001
0000
0000
0000
,
1000
1000
0001
0001
,
0100
0100
0010
0010
,
1000
1000
0020
0130
,
0001
0001
2000
3001
,
1001
0000
1100
0000
,
1001
0000
0011
0000
,
1000
1000
0002
1003
,
0100
0100
0020
0130
,
1001
0000
0000
0000
,
1000
0000
0100
0000
,
0010
0000
0001
0000
,
2000
3002
2003
3000
,
0010
0010
0010
0000
,
1001
0000
0110
0000
,
1100
0000
1001
0000
,
1000
0001
0100
0000
,
0001
1000
0100
0000
,
1001
0000
0000
0000
,
0011
0000
0000
0000
,
1000
0100
1000
0100
,
1000
0100
0010
0000
,
0001
0000
0100
0000
,
1000
0000
0100
0000
,
0001
1000
0010
0100
,
2002
0000
0000
3003
,
0001
0001
0100
0100
,
1000
1000
0100
0100
,
1001
0000
0220
0330
,
1001
0000
2200
3300
,
1000
1000
0100
0100
,
0010
0010
0100
0100
,
1001
0000
0220
0330
,
0011
0000
2200
3300
,
2000
3200
0320
0032
,
2003
3200
0320
0030
,
0001
0001
0200
0300
,
0010
0010
2000
3000
,
0002
0023
0230
2300
,
3200
0320
0032
0003
,
1000
0100
2000
3000
,
0001
0010
0002
0003
,
1001
0000
0000
0000
,
0101
0000
0000
0000
,
0001
0001
0200
0300
,
0010
0010
2000
3000
,
1001
0000
1000
0000
,
0010
0000
0100
0000
,
0001
0001
1002
1003
,
1000
1000
2001
3001
,
2002
0000
3003
0000
;

//---------------dance-single - C. Foy - KW edit----------------
#NOTES:
     dance-single:
     C. Foy - KW edit:
     Hard:
     7:
     0.466,0.000,0.173,0.414,0.164,278.000,18.000,43.000,0.000,0.000,0.000:
0000
0000
0000
0000
,
0000
0000
0000
0000
,
0000
0000
0000
0000
,
0000
0000
0000
0000
,
1000
0000
0000
0000
0001
0000
0000
0010
0000
0000
0001
0000
0000
0000
0100
0000
,
1000
0000
0000
0000
0100
0000
0000
0001
0000
0000
0010
0000
0001
0000
0000
0000
,
0010
0001
0100
1000
,
2002
0000
0000
3003
,
2000
0000
3001
0010
0001
1000
0020
0000
,
0130
0001
0010
0100
1000
0010
2000
0000
,
3001
0000
1000
0100
0000
1000
0100
0000
0020
0000
0000
0000
0031
0000
0000
0000
,
1000
0000
0001
0010
0000
0001
0010
0000
0200
0000
0000
0000
1300
0000
0000
0000
,
1001
0000
1000
0100
1000
0001
1000
0000
,
1000
0001
0100
0001
1000
0100
1000
0000
,
0010
0000
0100
0010
0000
0100
0010
0000
2000
0000
0000
0000
3100
0000
0000
0000
,
0100
0000
0010
0100
0000
0010
0100
0000
2000
0000
0000
0000
3001
0000
0000
0000
,
1001
0000
0000
0000
0000
0000
0000
1000
,
0100
0000
0010
0100
0010
0000
0001
0100
,
0010
0100
0010
1000
0000
0000
0000
0000
,
1100
0101
1100
0000
,
0011
1010
0011
0000
,
0020
0130
0200
0310
,
0001
0010
0001
0110
0000
0000
0000
0010
,
1000
0001
1000
0100
1000
0000
0010
0000
,
0010
0000
0100
0100
0000
0000
0000
0000
,
1001
0000
0010
1000
0100
0000
0010
0001
,
0100
0000
0010
0010
0000
0000
0000
1000
,
0100
0000
0100
0000
0010
0000
0100
2000
,
0000
0020
0000
0000
3030
0000
0000
0000
,
1000
0000
1000
0010
0100
0000
0001
0010
,
0100
0000
0010
0001
0000
0000
0000
0000
,
0100
1000
0100
0001
,
2002
0000
0000
3003
,
1100
0000
1000
0100
1000
0100
0010
0000
,
0011
0001
0010
0001
0010
0100
1000
0000
,
0001
0000
1000
0010
0000
1000
0010
0000
2000
0000
0000
0000
3010
0000
0000
0000
,
0100
0000
0010
1000
0000
0010
1000
0000
0200
0000
0000
0000
0310
0000
0000
0000
,
1001
0000
1000
0100
0010
0001
0010
0000
,
0001
0010
0100
1000
0100
0010
0001
0000
,
0001
0000
0100
0001
0000
0100
0001
0000
0200
0000
0000
0000
0310
0000
0000
0000
,
0100
0000
0001
0100
0000
0001
0100
0000
0020
0000
0000
0000
1030
0000
0000
0000
,
2000
3002
0203
0320
,
2030
0000
3200
0020
0300
0130
0000
0000
,
1000
0000
0100
1000
0000
0100
1000
0000
0020
0000
0000
0000
0130
0000
0000
0000
,
0001
0000
0100
0001
0000
0100
0001
0000
0020
0000
0000
0000
0130
0000
0000
0000
,
2000
3002
0203
0320
,
2030
0000
3002
0200
0003
0310
0000
0000
,
0100
0000
0010
0100
0000
0010
0100
0000
0002
0000
0000
0000
0013
0000
0000
0000
,
0100
0000
1000
0100
0000
1000
0100
0000
0020
0000
0000
0000
0031
0000
0000
0000
,
1001
1000
0100
0001
,
0100
1000
0010
0001
,
0010
0000
1000
0010
0000
1000
0010
0000
0200
0000
0000
0000
0301
0000
0000
0000
,
0010
0000
0001
1000
0000
0001
1000
0000
0020
0000
0000
0000
0130
0000
0000
0000
,
1001
0001
0010
1000
,
0010
0100
1000
0100
,
0001
0000
0010
0001
0000
0010
0001
0000
2000
0000
0000
0000
3100
0000
0000
0000
,
0010
0000
0100
0010
0000
0100
0010
0000
0200
0000
0000
0000
1300
0000
0000
0000
,
0022
0000
0033
0000
;

//---------------dance-single - Copied from C. Foy----------------
#NOTES:
     dance-single:
     Copied from C. Foy:
     Challenge:
     9:
     0.652,0.000,0.443,0.308,0.447,396.000,46.000,32.000,0.000,0.000,0.000:
0000
0000
0000
0000
,
0000
0000
0000
0000
,
0000
0000
0000
0000
,
0000
0000
0000
0000
,
0001
0000
0000
1000
0100
0000
0100
0010
0000
0000
0001
0000
0000
0000
0100
0000
,
0100
0000
0010
1000
0010
0000
1000
0100
0000
0000
1000
0010
1000
0000
0001
0000
,
0100
0000
0000
0000
0010
0000
0000
0010
0000
0000
0010
0000
0000
0000
1000
0000
,
2002
0000
0000
3003
,
2001
0000
3010
0010
0010
1000
2100
0000
,
3100
1000
0010
0100
0001
0010
1200
0000
,
1300
0000
0001
0100
0000
0010
1000
0000
1020
0000
0000
0000
0130
0000
0000
0000
,
0001
0000
0001
0100
0000
0010
1000
0000
2100
0000
0000
0000
3001
0000
0000
0000
,
1001
0000
1000
0001
0100
0010
1000
0000
,
0100
0010
0100
1000
0001
0001
0001
0000
,
0010
0000
0010
0001
0000
0001
0100
0000
0120
0000
0000
0000
1030
0000
0000
0000
,
0001
0000
0001
0100
0000
0100
0010
0000
0102
0000
0000
0000
1003
0000
0000
0000
,
1001
0000
0000
0000
0000
0000
1000
0100
0010
0000
0100
0010
0001
0000
0010
0001
,
1000
0000
0000
0000
0010
0000
0000
0010
0000
0000
0010
0000
0000
0000
1000
0000
,
0100
0000
0000
0000
0010
0000
0000
0010
0100
0000
1000
0000
0001
0000
0100
0000
,
1010
0101
0110
0000
,
0101
0110
1010
0000
,
0011
0000
0000
0000
0010
0000
0000
0001
0000
0000
0100
0000
0000
0000
0010
0000
,
0010
0000
0000
0000
1000
0000
0000
1000
0100
0000
0010
0000
0100
0000
1000
0000
,
0001
0000
0000
0000
0100
0000
0100
0010
0000
0000
0010
0000
0000
0000
1000
0000
,
0001
0000
0000
0000
0100
0000
0000
0100
0010
0000
1000
0000
0000
0000
0100
0000
,
0011
0000
0000
0000
0001
0000
1000
0100
0010
0000
0100
0010
0001
0000
0010
0001
,
1000
0000
0001
1000
0100
0000
1000
0100
1000
0000
0001
0100
0001
0000
1000
0010
,
1000
0000
0001
0100
0001
0000
0100
0010
0100
0000
0001
1000
0001
0000
0010
0100
,
0010
0000
0100
1000
0001
0000
0100
0001
1000
0000
0001
1000
0010
0000
1000
0001
,
0010
0000
0001
0100
0010
0000
1000
0001
0010
0000
0001
1000
0100
0000
1000
0001
,
0100
0000
0010
1000
0001
0000
0100
0010
1000
0000
0100
0010
0001
0000
0100
0010
,
1000
0000
0001
0100
0010
0000
1000
0001
0100
0000
0010
1000
0001
0000
1000
0010
,
0100
0000
0010
0100
0010
0000
1000
0100
0010
0001
1000
0100
0010
0001
1000
0100
,
0010
0000
0011
0001
0100
0010
1000
0000
,
1100
0001
0100
0010
0100
0001
0001
0000
,
1100
0000
0010
0001
0000
0001
0100
0000
0020
0000
0000
0000
0130
0000
0000
0000
,
0001
0000
0001
0100
0000
0100
0010
0000
0102
0000
0000
0000
1003
0000
0000
0000
,
1010
0000
0010
0100
0001
1000
0100
0000
,
0010
0001
0100
0010
1000
0100
0010
0000
,
0100
0000
0100
1000
0000
0001
0100
0000
1020
0000
0000
0000
0130
0000
0000
0000
,
0001
0000
0001
0100
0000
0100
0010
0000
0201
0000
0000
0000
0301
0000
0000
0000
,
1100
0000
0000
0000
0100
0000
0000
1000
0000
0000
0010
0000
0000
0000
0100
0000
,
0100
0000
0000
0000
0001
0000
0000
0001
0010
0000
0100
0000
0010
0000
0001
0000
,
0101
0000
0001
0010
0000
0010
0100
0000
0120
0000
0000
0000
0031
0000
0000
0000
,
1000
0000
0010
0100
0000
0100
0001
0000
0120
0000
0000
0000
1030
0000
0000
0000
,
2001
0000
0000
3000
0012
0000
0000
0003
1200
0000
0000
0300
0120
0000
0000
0030
,
0012
0000
0000
0003
1010
0000
0022
0000
0000
0033
2002
0000
0000
0000
3003
0000
,
0101
0000
0001
0100
0000
0100
0010
0000
0210
0000
0000
0000
0301
0000
0000
0000
,
0010
0000
0010
0100
0000
0100
1000
0000
1020
0000
0000
0000
0130
0000
0000
0000
,
1001
0000
1000
0100
1000
0000
0001
0010
0001
0000
0100
0010
0100
0000
0001
0100
,
0001
0000
1000
0010
1000
0000
0100
0010
0100
0000
1000
0001
1000
0000
0010
0100
,
0010
0000
1000
0010
0000
1000
0010
0000
0200
0000
0000
0000
0301
0000
0000
0000
,
0010
0000
0001
1000
0000
0001
1000
0000
0020
0000
0000
0000
0130
0000
0000
0000
,
1001
0000
0001
0000
0100
0000
0100
0010
0000
0000
0010
0100
0010
0000
1000
0000
,
0010
0000
0100
0000
0001
0000
0001
0010
0000
0000
0100
0000
0010
0000
0001
0000
,
0101
0000
0010
0100
0000
0001
0010
0000
2100
0000
0000
0000
3010
0000
0000
0000
,
0010
0000
0010
1000
0000
0001
0100
0000
2010
0000
0000
0000
3001
0000
0000
0000
,
2002
0000
3003
0000
;

//---------------dance-double - M.Emirzian----------------
#NOTES:
     dance-double:
     M.Emirzian:
     Easy:
     3:
     0.213,0.000,0.115,0.058,0.000,137.000,12.000,6.000,0.000,0.000,0.000:
00000000
00000000
00000000
00000000
,
00000000
00000000
00000000
00000000
,
00000000
00000000
00000000
00000000
,
00000000
00000000
00000000
00000000
,
00100000
00000000
00000000
00000000
,
00000100
00000000
00000000
00000000
,
00000001
00000000
00001000
00000000
,
00002200
00000000
00000000
00003300
,
00000010
00000000
00010000
00000000
,
00001000
01000000
00010000
00000000
,
10000000
01000000
10010000
00000000
,
00010000
01000000
10010000
00000000
,
00100000
00000000
00001000
00000000
,
00010000
00000100
00001000
00000000
,
00000010
00001000
00000110
00000000
,
00000100
00000001
00000110
00000000
,
00002002
00000000
00000000
00003003
,
00000100
00000000
00000010
00000000
,
00010000
00001000
00100000
00000000
,
00010000
00000000
01000000
00000000
,
00100000
10000000
00100000
00000000
,
01000000
00010000
10000000
00000000
,
01000000
00100000
00010000
00000000
,
01000000
00001000
01000000
00001000
,
00010000
00000100
00001000
00000000
,
00000010
00000000
00000100
00000000
,
00000001
00001000
00000001
00000000
,
00000010
00000000
00000100
00000000
,
00001000
00000010
00001000
00000000
,
00000100
00000000
00010000
00000000
,
00001000
01000000
00010000
00000000
,
00100000
01000000
10000000
00010000
,
20020000
00000000
00000000
30030000
,
01000000
00000000
00100000
00000000
,
00010000
01000000
00001000
00000000
,
00010000
00000100
00010100
00000000
,
00001000
00010000
00010010
00000000
,
00000001
00000000
00000010
00000000
,
00000100
00001000
00000010
00000000
,
00010000
00001000
01001000
00000000
,
00001000
00010000
00101000
00000000
,
00010000
00000000
01000000
00000000
,
00100000
10000000
00100000
00000000
,
01000000
00010000
10000000
00000000
,
01000000
00100000
00010000
00000000
,
01000000
00000000
00001000
00000000
,
00010000
00001000
00010000
00000000
,
00000100
00001000
00000100
00000000
,
00000010
00000001
00001000
00000000
,
00000010
00000000
00000100
00000000
,
00000001
00001000
00000001
00000000
,
00000010
00000000
00000100
00000000
,
00010000
00001000
00010000
00000000
,
01000000
00000000
10000000
00000000
,
00010000
01000000
00010000
00000000
,
10000000
00000000
01000000
00000000
,
00100000
00010000
10000000
00010000
,
10010000
00000000
00000000
00000000
;

//---------------dance-double - M.Emirzian----------------
#NOTES:
     dance-double:
     M.Emirzian:
     Medium:
     6:
     0.355,0.000,0.462,0.058,0.000,204.000,48.000,6.000,0.000,0.000,0.000:
00000000
00000000
00000000
00000000
,
00000000
00000000
00000000
00000000
,
00000000
00000000
00000000
00000000
,
00000000
00000000
00000000
00000000
,
10000000
00010000
01000000
00000000
,
00100000
00000000
00000000
10000000
00000000
00010000
00000000
00000000
,
10000000
00000000
01000000
00000000
00100000
00000000
00010000
01000000
,
20020000
00000000
00000000
30030000
,
10000000
00000000
01000000
00000000
00100000
00010000
00100000
00000000
,
00001000
00000000
00010000
00000000
00000100
00001000
00000100
00000000
,
00000010
00000001
00000101
00000011
,
00000100
00001000
00001010
00001100
,
00000010
00000000
00000100
00000000
00000001
00001000
00000001
00000000
,
00000010
00000000
00000100
00000000
00010000
00001000
00010000
00000000
,
00001000
01000000
00110000
01010000
,
00100000
10000000
11000000
10100000
,
20020000
00000000
00000000
30030000
,
00100000
00000000
01000000
00010000
01000000
00000000
00100000
00000000
,
10000000
01000000
00100000
00010000
,
10000000
10010000
10010000
01000000
,
00100000
00011000
00001001
00000010
,
00000100
00000001
00000010
00000100
,
00001000
00000001
00000110
00000000
,
00000001
00000100
00000010
00001000
,
00000100
00010000
00000100
00000000
00011000
00000000
00000000
00000000
,
00001000
00000000
01000000
00010000
10000000
00000000
01000000
00000000
,
00100000
00010000
10000000
00000000
,
00100000
01000000
00010000
10010000
,
01100000
00000000
00010000
00000000
,
01000000
00000000
00001000
00010000
00000100
00000000
00001000
00000000
,
00000010
00000100
00000001
00000000
,
00000010
00000100
00001010
00001100
,
00002002
00000000
00000000
00003003
,
00000010
00000000
00001000
00000000
00000100
00010000
00000100
00000000
,
00010000
00000000
00001000
00000000
01000000
00010000
01000000
00000000
,
00100000
10000000
11000000
10100000
,
00010000
00100000
01010000
00110000
,
00001000
00000000
00010000
00000000
00001000
01000000
00001000
00000000
,
00010000
00000000
00000100
00000000
00001000
00000010
00001000
00000000
,
00000100
00000010
00001001
00000110
,
00000001
00001000
00000110
00001001
,
00000010
00010000
00001000
01000000
,
00010000
00000000
01000000
00100000
00000000
10000000
00000000
00000000
,
01000000
00010000
11000000
01010000
,
00100000
00010000
10100000
00110000
,
01000000
00001000
00010000
00000100
,
00001000
00000000
00000010
00000100
00000000
00000001
00000000
00000000
,
00000010
00001000
00000011
00001010
,
00000100
00001000
00000101
00001100
,
00000010
00000000
00000100
00000000
,
00000001
00001000
00000100
00000000
00001100
00000000
00000000
00000000
,
00001000
01000000
01001000
00011000
,
00010000
00000010
00010010
00011000
,
01000000
00000000
00010000
00000000
,
00100000
00010000
01010000
00000000
,
00100000
10000000
11000000
10100000
,
01000000
00100000
01010000
00110000
,
10010000
00000000
00000000
00000000
;

//---------------dance-double - M.Emirzian----------------
#NOTES:
     dance-double:
     M.Emirzian:
     Hard:
     8:
     0.492,0.000,0.452,0.077,0.164,303.000,47.000,8.000,0.000,1.000,0.000:
00000000
00000000
00000000
00000000
,
00000000
00000000
00000000
00000000
,
00000000
00000000
00000000
00000000
,
00000000
00000000
00000000
00000000
,
00100000
01000000
00001000
00010000
,
00000010
00000000
00000100
00000001
00000000
00001000
00000000
00000000
,
00000100
00000000
00000000
00000000
00000010
00000000
00000000
00000001
00000000
00000000
00001000
00000000
00000000
00000000
00000010
00000000
,
00000202
00000000
00000000
00000000
00000000
00000000
00000000
00001000
00000000
00000000
00000000
00000000
00000303
00000000
00000000
00000000
,
00001000
00000000
00000100
00001000
00000010
00001000
00000100
00000000
,
00010000
00001000
01000000
00001000
00010000
00100000
10000000
00000000
,
01000000
00000000
00100000
00010000
00000000
00010000
01000000
00000000
00100000
00000000
00000000
00000000
10010000
00000000
00000000
00000000
,
01000000
00000000
00100000
10000000
00000000
10000000
00010000
00000000
01000000
00000000
00000000
00000000
11000000
00000000
00000000
00000000
,
00100000
00000000
00010000
01000000
00010000
00100000
00010000
00000000
,
10000000
01000000
00100000
00010000
01000000
00001000
00010000
00000000
,
00000010
00000000
00001000
00000100
00000000
00000100
00000010
00000000
00000001
00000000
00000000
00000000
00000011
00000000
00000000
00000000
,
00000001
00000000
00000100
00000010
00000000
00000010
00001000
00000000
00000100
00000000
00000000
00000000
00001100
00000000
00000000
00000000
,
00002002
00000000
00000000
00003003
,
00000001
00000000
00000100
00000010
00001000
00000000
00000100
00000000
,
00000001
00000100
00010000
00001000
01000000
00000000
00010000
00100000
,
10010000
00000000
01100000
00000000
10010000
00000000
00100000
10000000
,
10010000
00000000
00011000
00000000
00001001
00000000
00000010
00000100
,
00001001
00000110
00011000
01100000
,
10010000
00100000
01000000
00010000
00100000
01000000
10000000
00000000
,
00100000
00010000
00100000
10000000
01000000
00100000
00001000
00000000
,
00010000
00000100
00001000
00000010
00000100
00000001
00001000
00000000
,
00000100
00000000
00000010
00000001
00000100
00000000
00000010
00001000
,
00000010
00000100
00001001
00000110
,
00000100
00001000
00000010
00000001
00000010
00010000
00001000
00000000
,
00000100
00001000
00010000
01000000
00100000
00010000
00100000
00000000
,
01000000
00000000
10000000
00100000
00010000
00000000
00100000
10000000
,
00100000
11000000
10100000
01000000
,
10010000
01100000
00011000
00000110
,
00002002
00000000
00000000
00003003
,
00000010
00000000
00001000
00000100
00001000
00000010
00001000
00000000
,
00000100
00000010
00000001
00000100
00000010
00010000
00001000
00000000
,
01000000
00000000
00010000
01000000
00000000
01000000
00100000
00000000
10000000
00000000
00000000
00000000
01100000
00000000
00000000
00000000
,
01000000
00000000
00100000
00010000
00000000
00010000
01000000
00000000
00100000
00000000
00000000
00000000
10010000
00000000
00000000
00000000
,
01000000
00000000
10000000
00100000
10000000
01000000
00100000
00000000
,
00010000
01000000
00001000
00010000
00001000
01000000
00001000
00000000
,
00010000
00000000
00000100
00001000
00000000
00001000
00000001
00000000
00000010
00000000
00000000
00000000
00000110
00000000
00000000
00000000
,
00000001
00000000
00000100
00000010
00000000
00000010
00001000
00000000
00000100
00000000
00000000
00000000
00001001
00000000
00000000
00000000
,
00000100
00000110
00011000
00010100
,
01001000
00000000
00010000
01000000
00000000
00200000
00000000
00000000
,
10300000
00000000
01000000
00100000
00000000
00100000
00010000
00000000
01000000
00000000
00000000
00000000
10010000
00000000
00000000
00000000
,
00010000
00000000
01000000
00001000
00000000
00001000
00010000
00000000
00000100
00000000
00000000
00000000
00010010
00000000
00000000
00000000
,
00001000
01001000
00011000
00000110
,
00001001
00000000
00000010
00000100
00000000
00002000
00000000
00000000
,
00003001
00000000
00000100
00000010
00000000
00000010
00001000
00000000
00000100
00000000
00000000
00000000
00001010
00000000
00000000
00000000
,
00010000
00000000
00001000
01000000
00000000
01000000
00010000
00000000
00100000
00000000
00000000
00000000
01010000
00000000
00000000
00000000
,
00100000
00000000
10000000
00000000
01000000
00100000
00010000
00000000
,
00100000
00000000
01000000
00000000
10000000
01000000
00100000
00000000
,
00010000
00000000
01000000
00001000
00000000
00001000
00010000
00000000
00000100
00000000
00000000
00000000
00001010
00000000
00000000
00000000
,
00000100
00000000
00000001
00000010
00000000
00000010
00000001
00000000
00001000
00000000
00000000
00000000
00000101
00000000
00000000
00000000
,
00000100
00000000
00001000
00000000
00010000
00000100
00010000
00000000
,
00001000
00000000
01000000
00000000
00010000
10000000
01000000
00000000
,
00100000
00000000
00010000
01000000
00000000
01000000
00100000
00000000
10000000
00000000
00000000
00000000
11000000
00000000
00000000
00000000
,
00100000
00000000
00010000
01000000
00000000
01000000
00001000
00000000
00010000
00000000
00000000
00000000
00010100
00000000
00000000
00000000
,
00000110
00000000
00000000
00000000
;

//---------------dance-double - M.Emirzian----------------
#NOTES:
     dance-double:
     M.Emirzian:
     Challenge:
     9:
     0.609,0.000,0.289,0.115,0.375,401.000,30.000,12.000,2.000,7.000,0.000:
00000000
00000000
00000000
00000000
,
00000000
00000000
00000000
00000000
,
00000000
00000000
00000000
00000000
,
00000000
00000000
00000000
00000000
,
10000000
00000000
00000000
00000000
00100000
00000000
00000000
01000000
00000000
00000000
00000100
00000000
00000000
00000000
00001000
00000000
,
00000010
00000000
00000000
00000000
00000100
00000000
00000000
00000001
00000000
00000000
00000010
00000000
00000100
00000000
00001000
00000000
,
00000001
00000000
00000000
00000000
00000100
00000000
00000000
00000010
00000000
00000000
00100000
00000000
00000000
00000000
00010000
00000000
,
01000000
00000000
00000000
00000000
00100000
00000000
00000000
10000000
00000000
00000000
01000000
00000000
00100000
00000000
00010000
00000000
,
10000000
00000000
00100000
00000000
01000000
00000000
00001000
01000000
00000000
00000000
00010000
00000000
01000000
00000000
00100000
00000000
,
10000000
00000000
01000000
00000000
00100000
00000000
00010000
01000000
00000000
00000000
00001000
00000000
00010000
00000000
00000010
00000000
,
00001000
00000000
00000100
00000010
00000000
00000010
00000001
00000000
00000100
00000000
00001000
00000000
00000100
00000000
00000001
00000000
,
00000010
00000000
00000100
00010000
00000000
00010000
00001000
00000000
01000000
00000000
10000000
00000000
01000000
00000000
00010000
00000000
,
00100000
00000000
00010000
00000000
01000000
00000000
00001000
00010000
00000000
00000000
00100000
00000000
10000000
00000000
00100000
00000000
,
00010000
00000000
00001000
00000000
00100000
00000000
00001000
00010000
00000000
00000000
00000100
00000000
00000010
00000000
00000001
00000000
,
00000010
00000000
00000100
00001000
00000000
00001000
00000001
00000000
00000100
00000000
00000010
00000000
00010000
00000000
01000000
00000000
,
00010000
00000000
00000100
00010000
00000000
00010000
00001000
00000000
00010000
00000000
00100000
00000000
10000000
00000000
01000000
00000000
,
20020000
00000000
00000000
30030000
,
10000000
00100000
01000000
00001000
00000100
00001000
01000000
00000000
,
00001000
00010000
00000100
00001000
00001001
00000000
00000010
00000100
,
00001001
00000000
00000110
00000000
00001001
00000000
00000100
00000010
,
00000101
00000000
00011000
00000000
11000000
00000000
00100000
10000000
,
02000000
00000000
00000000
00000000
00200000
00000000
00000000
00000000
00010000
03300000
00000000
00000000
01010000
00000000
00000000
00000000
,
10100000
01000000
00100000
00010000
00000000
10000000
00100000
00010000
,
00001000
01000000
00001000
00000100
00000010
00001000
00000200
00000000
,
00000020
00000000
00000000
00000000
00000001
00000000
00000000
00000000
00001000
00000330
00000000
00000000
00000001
00000000
00000000
00000000
,
00000100
00000000
00000010
00001000
00000010
00000000
00000100
00000001
00000100
00000000
00001000
00000100
00001000
00000000
00010000
00001000
,
00010000
00000000
00001000
01000000
00001000
00000000
01000000
00100000
01000000
00000000
00010000
01000000
00010000
00000000
10000000
00100000
,
10000000
00000000
01000000
10000000
01000000
00000000
00100000
00010000
00100000
00000000
00001000
00100000
00001000
00000000
00010000
00000100
,
00010000
00000000
00001000
01000000
00001000
00000000
00010000
00000010
00010000
00000000
00000010
00001000
00000010
00000000
00000100
00000001
,
00000100
00000000
00000010
00001000
00000010
00000000
00000100
00000010
00000100
00000000
00000001
00001000
00000001
00000000
00000100
00010000
,
00000100
00000000
01000000
00010000
01000000
00000000
00100000
10000000
00100000
00000000
01000000
00001000
01000000
00000000
00001000
00010000
,
00001000
00000000
00000010
00000100
00000010
00000000
00001000
00000010
00001000
00000000
00010000
00100000
00010000
00000000
00100000
01000000
,
20020000
00000000
00000000
00000000
00000000
00000000
30030000
M00M0000
,
00010000
00000000
01000000
00000000
00100000
00000000
10000000
01000000
00000000
00000000
00100000
00000000
00000010
00000000
00001000
00000000
,
00000100
00000000
00000010
00000000
00000001
00000000
00000100
00000010
00000000
00000000
00001000
00000000
00000001
00000000
00000010
00000000
,
00000100
00000000
00001000
00000010
00000000
00000010
00010000
00000000
00001000
00000000
01000000
00000000
10000000
00000000
01000000
00000000
,
00010000
00000000
00100000
01000000
00000000
01000000
00010000
00000000
00001000
00000000
01000000
00000000
00001000
00000000
00000010
00000000
,
00000001
00000000
00000010
00000000
00000100
00000000
00001000
00000001
00000000
00000000
00000100
00000000
00000010
00000000
00001000
00000000
,
00000100
00000000
00100000
00000000
00010000
00000000
01000000
00100000
00000000
00000000
10000000
00000000
01000000
00000000
00100000
00000000
,
00010000
00000000
01000000
00100000
00000000
00100000
10000000
00000000
01000000
00000000
00010000
00000000
00000100
00000000
00001000
00000000
,
00000010
00000000
00000100
00000001
00000000
00000001
00001000
00000000
00000100
00000000
00000010
00000000
00000001
00000000
00000000
00000000
,
00000200
00000000
00000000
00000000
00000020
00000000
00000000
00000000
00001000
00000000
00000000
00000000
00000001
00000330
00000000
00000000
,
00000100
00000000
00000010
00001010
00000000
01010000
00000000
00100000
,
10000000
00000000
01000000
00100000
00000000
00010000
01000000
00000000
10010000
00000000
00000000
00000000
00011000
00000000
00000000
00000000
,
00100000
00000000
01000000
10000000
00000000
00100000
01000000
00000000
01010000
00000000
00000000
00000000
00001100
00000000
00000000
00000000
,
00020000
00000000
00000000
00000000
00002000
00000000
00000000
00000000
00000010
00000000
00000000
00000000
00000100
00033000
00000000
00000000
,
00001000
00000000
00001000
00001001
00000000
00001100
00000000
00000001
,
00000100
00000000
00000010
00001000
00000000
00000100
00010000
00000000
00001100
00000000
00000000
00000000
01010000
00000000
00000000
00000000
,
00100000
00000000
10000000
01000000
00000000
00100000
00010000
00000000
01100000
00000000
00000000
00000000
00011000
00000000
00000000
00000000
,
00010000
00000100
00000010
00000001
00000010
00000100
00001000
00000000
,
00000001
00000100
00100000
01000000
00001000
00010000
01000000
00000000
,
10000000
00000000
01000000
00100000
00000000
00010000
01000000
00000000
00110000
00000000
00000000
00000000
00001010
00000000
00000000
00000000
,
00010000
00000000
00001000
01000000
00000000
00010000
01000000
00000000
11000000
00000000
00000000
00000000
00110000
00000000
00000000
00000000
,
10000000
01000000
00100000
00010000
01000000
00001000
00000100
00000000
,
00000010
00001000
00000100
00000010
00000001
00000100
00001000
00000000
,
00000100
00000000
00000001
00001000
00000000
00000100
00000010
00000000
00000011
00000000
00000000
00000000
00001100
00000000
00000000
00000000
,
00000010
00001000
00000010
00000100
00000010
00001000
00000100
00010000
00001000
00010000
00001000
01000000
00010000
01000000
00100000
10000000
,
10100000
00000000
00000000
00000000
;

//---------------dance-single - K. Ward----------------
#NOTES:
     dance-single:
     K. Ward:
     Beginner:
     1:
     0.082,0.000,0.038,0.000,0.000,56.000,4.000,0.000,0.000,0.000,0.000:

0000
0000
0000
0000
,
0000
0000
0000
0000
,
0000
0000
0000
0000
,
0000
0000
0000
0000
,
1000
0000
0000
0000
,
0001
0000
0000
0000
,
0010
0000
0000
0000
,
0001
0000
0000
0000
,
1000
0000
0000
0000
,
0001
0000
0000
0000
,
0100
0000
0000
0000
,
0010
0000
0000
0000
,
1000
0000
0000
0000
,
0010
0000
0000
0000
,
0100
0000
0000
0000
,
0001
0000
0000
0000
,
1001
0000
0000
0000
,
0100
0000
0000
0000
,
0010
0000
0000
0000
,
1000
0000
0000
0000
,
0001
0000
0000
0000
,
0010
0000
0010
0000
,
0000
0000
0000
0000
,
0100
0000
0100
0000
,
0000
0000
0000
0000
,
0001
0000
0000
0000
,
1000
0000
0000
0000
,
0100
0000
0000
0000
,
1000
0000
0000
0000
,
0010
0000
0000
0000
,
0001
0000
0000
0000
,
0010
0000
0000
0000
,
1001
0000
0000
0000
,
0100
0000
0000
0000
,
0010
0000
0000
0000
,
1000
0000
0000
0000
,
0001
0000
0000
0000
,
0010
0000
0000
0000
,
0100
0000
0000
0000
,
0010
0000
0000
0000
,
0001
0000
0000
0000
,
1000
0000
0000
0000
,
0100
0000
0000
0000
,
0010
0000
0000
0000
,
0001
0000
0000
0000
,
0001
0000
0000
0000
,
0010
0000
0000
0000
,
0100
0000
0000
0000
,
1000
0000
0000
0000
,
1001
0000
0000
0000
,
0010
0000
0000
0000
,
0100
0000
0100
0000
,
0001
0000
0001
0000
,
0010
0000
0000
0000
,
0100
0000
0000
0000
,
1000
0000
0000
0000
,
0001
0000
0000
0000
,
1001
0000
0000
0000
;
