// MilkShape 3D ASCII

Frames: 30
Frame: 1

Meshes: 1
"center" 0 0
45
0 -16.0    0.0  -1.0 0 0.75 0
0 -11.31 -11.31 -1.0 0 0.75 0
0   0.0  -16.0  -1.0 0 0.75 0
0  11.31 -11.31 -1.0 0 0.75 0
0  16.0    0.0  -1.0 0 0.75 0
0  11.31  11.31 -1.0 0 0.75 0
0  -0.0   16.0  -1.0 0 0.75 0
0 -11.31  11.31 -1.0 0 0.75 0
3 29.422066 0.009519 -0.944 0.999500 0.25 0
3 25.401829 14.852878 -0.944 0.931249 0.1240015 0
3 14.843359 25.411350 -0.944 0.751997 0.0343755 0
3 -0.000001 29.431583 -0.944 0.500000 0.00025 0
3 -14.843361 25.411348 -0.944 0.248003 0.0343755 0
3 -25.401833 14.852878 -0.944 0.068751 0.1240015 0
3 -29.422066 0.009516 -0.944 0.000500 0.25 0
3 -25.401827 -14.833844 -0.944 0.068751 0.3759985 0
3 -14.843357 -25.392317 -0.944 0.248003 0.4656245 0
3 0.000004 -29.412546 -0.944 0.500000 0.49975 0
3 14.843363 -25.392307 -0.944 0.751997 0.4656245 0
3 25.401833 -14.833840 -0.944 0.931249 0.3759985 0
3 19.921448 0.009518 7.02167 0.838208 0.25 0
3 17.189407 10.096646 7.02167 0.791826 0.164375 0
3 10.087127 17.198929 7.02167 0.671250 0.104087 0
3 -0.000000 19.930965 7.02167 0.500000 0.080896 0
3 -10.087129 17.198925 7.02167 0.328750 0.104087 0
3 -17.189411 10.096646 7.02167 0.208174 0.164375 0
3 -19.921448 0.009518 7.02167 0.161792 0.25 0
3 -17.189405 -10.077612 7.02167 0.208174 0.335625 0
3 -10.087127 -17.179895 7.02167 0.328750 0.395913 0
3 0.000001 -19.911928 7.02167 0.500000 0.419104 0
3 10.087130 -17.179886 7.02167 0.671250 0.395913 0
3 17.189411 -10.077609 7.02167 0.791826 0.335625 0
3 10.420829 0.009516 -0.944 0.676915 0.25 0
3 8.976986 5.340415 -0.944 0.652403 0.2047485 0
3 5.330894 8.986506 -0.944 0.590503 0.1737985 0
3 0.000001 10.430347 -0.944 0.500000 0.1615425 0
3 -5.330897 8.986505 -0.944 0.409497 0.1737985 0
3 -8.976989 5.340414 -0.944 0.347597 0.2047485 0
3 -10.420829 0.009520 -0.944 0.323085 0.25 0
3 -8.976985 -5.321381 -0.944 0.347597 0.2952515 0
3 -5.330895 -8.967473 -0.944 0.409497 0.3262015 0
3 -0.000003 -10.411310 -0.944 0.500000 0.3384575 0
3 5.330898 -8.967464 -0.944 0.590503 0.3262015 0
3 8.976988 -5.321376 -0.944 0.652403 0.2952515 0
0 0 0 -1.0 0.5 0.75 0
46
0.000000 0.000000 0.000000
-0.000000 0.000000 1.000000
-0.000000 0.000000 1.000000
-0.000000 0.000000 1.000000
-0.000000 0.000000 1.000000
-0.000000 0.000000 1.000000
-0.000000 0.000000 1.000000
-0.000000 0.000000 1.000000
-0.000000 0.000000 1.000000
0.000000 0.000000 0.000000
0.568474 -0.051323 0.821099
0.517639 0.241388 0.820842
0.328856 0.466982 0.820842
0.051323 0.568474 0.821099
-0.241388 0.517639 0.820842
-0.466982 0.328856 0.820842
-0.568474 0.051322 0.821099
-0.517639 -0.241388 0.820842
-0.328856 -0.466982 0.820842
-0.051322 -0.568474 0.821099
0.241388 -0.517639 0.820842
0.466982 -0.328856 0.820842
0.000000 0.062383 0.998052
-0.030799 0.053179 0.998110
-0.053179 0.030799 0.998110
-0.062383 -0.000000 0.998052
-0.053179 -0.030799 0.998110
-0.030799 -0.053179 0.998110
0.000000 -0.062383 0.998052
0.030799 -0.053179 0.998110
0.053179 -0.030799 0.998110
0.062383 0.000000 0.998052
0.053179 0.030799 0.998110
0.030799 0.053179 0.998110
-0.568474 -0.051323 0.821099
-0.466982 -0.328856 0.820842
-0.241388 -0.517639 0.820842
0.051323 -0.568474 0.821099
0.328856 -0.466982 0.820842
0.517639 -0.241388 0.820842
0.568474 0.051323 0.821099
0.466982 0.328856 0.820842
0.241388 0.517639 0.820842
-0.051323 0.568474 0.821099
-0.328856 0.466982 0.820842
-0.517639 0.241388 0.820842
56
0 44 0 1 1 2 3 5
0 44 1 2 1 2 3 5
0 44 2 3 1 2 3 5
0 44 3 4 1 2 3 5
0 44 4 5 1 3 4 5
0 44 5 6 1 4 5 5
0 44 6 7 1 5 6 5
0 44 7 0 1 6 7 5
0 8 9 20 10 11 22 1
0 9 21 20 11 23 22 1
0 9 10 21 11 12 23 1
0 10 22 21 12 24 23 1
0 10 11 22 12 13 24 1
0 11 23 22 13 25 24 1
0 11 12 23 13 14 25 1
0 12 24 23 14 26 25 1
0 12 13 24 14 15 26 1
0 13 25 24 15 27 26 1
0 13 14 25 15 16 27 1
0 14 26 25 16 28 27 1
0 14 15 26 16 17 28 1
0 15 27 26 17 29 28 1
0 15 16 27 17 18 29 1
0 16 28 27 18 30 29 1
0 16 17 28 18 19 30 1
0 17 29 28 19 31 30 1
0 17 18 29 19 20 31 1
0 18 30 29 20 32 31 1
0 18 19 30 20 21 32 1
0 19 31 30 21 33 32 1
0 19 8 31 21 10 33 1
0 8 20 31 10 22 33 1
0 20 21 32 22 23 34 1
0 21 33 32 23 35 34 1
0 21 22 33 23 24 35 1
0 22 34 33 24 36 35 1
0 22 23 34 24 25 36 1
0 23 35 34 25 37 36 1
0 23 24 35 25 26 37 1
0 24 36 35 26 38 37 1
0 24 25 36 26 27 38 1
0 25 37 36 27 39 38 1
0 25 26 37 27 28 39 1
0 26 38 37 28 40 39 1
0 26 27 38 28 29 40 1
0 27 39 38 29 41 40 1
0 27 28 39 29 30 41 1
0 28 40 39 30 42 41 1
0 28 29 40 30 31 42 1
0 29 41 40 31 43 42 1
0 29 30 41 31 32 43 1
0 30 42 41 32 44 43 1
0 30 31 42 32 33 44 1
0 31 43 42 33 45 44 1
0 31 20 43 33 22 45 1
0 20 32 43 22 34 45 1
