// MilkShape 3D ASCII

Frames: 30
Frame: 1

Meshes: 1
"Rectangle0" 0 0
240
0 32.218529 -41.867287 2.887675 0.571376 1.015655 -1
0 32.218529 -41.184860 2.887679 0.571137 1.015655 -1
0 30.968939 -41.184860 2.887679 0.571137 1.015655 -1
0 -30.087505 -41.184856 2.887677 0.571137 1.015655 -1
0 -30.087505 -41.867287 2.887677 0.571376 1.015655 -1
0 -29.595922 -42.100628 -0.139789 0.541977 1.014615 -1
0 31.666067 -42.108688 -0.139789 0.541974 1.014615 -1
0 31.666059 -42.108688 0.137634 0.541974 1.014712 -1
0 -29.595922 -42.100628 0.137631 0.541977 1.014712 -1
0 32.247536 -41.184856 0.138219 0.571137 1.014693 -1
0 32.249863 -41.831306 0.138217 0.571363 1.014693 -1
0 32.249863 -41.831306 -0.140090 0.571363 1.014596 -1
0 32.247536 -41.184856 -0.140089 0.571137 1.014596 -1
0 -30.362242 41.884251 2.594746 0.571376 1.015572 -1
0 -30.362242 41.884251 -2.596828 0.571376 1.013755 -1
0 -30.362253 41.056076 -2.596829 0.571086 1.013755 -1
0 -30.362253 41.056076 2.594745 0.571086 1.015572 -1
0 31.666067 42.125652 -0.139793 0.571460 1.014615 -1
0 -29.595922 42.117569 -0.139793 0.571457 1.014615 -1
0 -29.595922 42.117569 0.137629 0.571457 1.014712 -1
0 31.666059 42.125652 0.137630 0.571460 1.014712 -1
0 -30.087502 -41.867287 -2.889758 0.571376 1.013633 -1
0 -30.087502 -41.184856 -2.889758 0.571137 1.013633 -1
0 30.897413 -41.184856 -2.889759 0.571137 1.013633 -1
0 32.218529 -41.867287 -2.889758 0.571376 1.013633 -1
0 32.218529 -41.184856 -2.889758 0.571137 1.013633 -1
0 32.017323 -42.213310 2.683801 0.571497 1.015584 -1
0 -29.886290 -42.213310 2.683802 0.571497 1.015584 -1
0 -29.230446 -42.359184 2.070630 0.571548 1.015369 -1
0 31.361475 -42.359184 2.070630 0.571548 1.015369 -1
0 -29.886290 42.230267 2.683802 0.541937 1.015584 -1
0 32.017323 42.230267 2.683801 0.541937 1.015584 -1
0 31.361475 42.376137 2.070630 0.541886 1.015369 -1
0 -29.230448 42.376137 2.070630 0.541886 1.015369 -1
0 31.361475 -42.359184 -2.072714 0.571548 1.013919 -1
0 -29.230446 -42.359184 -2.072714 0.571548 1.013919 -1
0 -29.886290 -42.213310 -2.685884 0.571497 1.013704 -1
0 32.017323 -42.213310 -2.685884 0.571497 1.013704 -1
0 32.109859 -42.051487 0.138071 0.571440 1.014693 -1
0 31.666059 -42.108688 0.137634 0.571460 1.014693 -1
0 31.666067 -42.108688 -0.139789 0.571460 1.014596 -1
0 32.109871 -42.051476 -0.140015 0.571440 1.014596 -1
0 -29.595922 -42.359184 0.137631 0.541886 1.014712 -1
0 -29.595922 -42.359184 1.680963 0.541886 1.015252 -1
0 -30.171026 -42.213310 2.380221 0.541937 1.015497 -1
0 -29.595922 -42.359184 -0.139789 0.541886 1.014615 -1
0 -30.171026 -42.213310 -2.382303 0.541937 1.013830 -1
0 -29.595922 -42.359184 -1.683045 0.541886 1.014075 -1
0 31.666059 42.125652 0.137630 0.541974 1.014693 -1
0 32.109859 42.068443 0.138067 0.541994 1.014693 -1
0 32.109871 42.068439 -0.140019 0.541994 1.014596 -1
0 31.666067 42.125652 -0.139793 0.541974 1.014596 -1
0 -29.595922 42.376137 0.137629 0.571548 1.014712 -1
0 -30.171026 42.230267 2.380220 0.571497 1.015497 -1
0 -29.595922 42.376137 1.680963 0.571548 1.015252 -1
0 -30.171026 42.230255 -2.382303 0.571497 1.013830 -1
0 -29.595922 42.376137 -0.139793 0.571548 1.014615 -1
0 -29.595922 42.376144 -1.683045 0.571548 1.014075 -1
0 -29.230446 42.376144 -2.072712 0.541886 1.013919 -1
0 31.361475 42.376144 -2.072714 0.541886 1.013919 -1
0 32.017323 42.230255 -2.685884 0.541937 1.013704 -1
0 -29.886293 42.230255 -2.685884 0.541937 1.013704 -1
0 -30.087502 41.884251 2.887677 0.542059 1.015655 -1
0 32.218529 41.884251 2.887675 0.542059 1.015655 -1
0 32.249863 41.848251 0.138213 0.542071 1.014693 -1
0 32.249863 41.848251 -0.140094 0.542071 1.014596 -1
0 -30.362242 -41.867287 2.594746 0.542059 1.015572 -1
0 -30.362242 -41.867287 -2.596829 0.542059 1.013755 -1
0 32.218529 41.884251 -2.889758 0.542059 1.013633 -1
0 -30.087502 41.884251 -2.889758 0.542059 1.013633 -1
0 -30.087502 41.056076 2.887675 0.542349 1.015655 -1
0 30.968939 41.056076 2.887679 0.542349 1.015655 -1
0 32.218529 41.056076 2.887675 0.542349 1.015655 -1
0 32.247536 41.056076 0.138216 0.542349 1.014693 -1
0 32.247536 41.056076 -0.140092 0.542349 1.014596 -1
0 -30.362253 41.056076 2.594745 0.524942 0.010000 -1
0 -30.362253 41.056076 -2.596829 0.469412 0.010000 -1
0 -30.362253 -41.184856 -2.596829 0.469412 0.990000 -1
0 -30.362253 -41.184856 2.594747 0.524942 0.990000 -1
0 30.897413 41.056076 -2.889758 0.542349 1.013633 -1
0 32.218529 41.056076 -2.889758 0.542349 1.013633 -1
0 -30.087502 41.056076 -2.889758 0.542349 1.013633 -1
0 32.319511 18.930395 0.138218 0.550094 1.014693 -1
0 32.319508 18.930399 -0.140089 0.550094 1.014596 -1
0 30.897413 41.056076 -2.889758 0.014934 0.010000 -1
0 30.897413 -41.184856 -2.889759 0.014934 0.990000 -1
0 -30.087502 -41.184856 -2.889758 0.467315 0.990000 -1
0 -30.087502 41.056076 -2.889758 0.467315 0.010000 -1
0 -30.362253 -41.184856 2.594747 0.542297 1.015572 -1
0 -30.362253 -41.184856 -2.596829 0.542297 1.013755 -1
0 -30.087502 41.056076 2.887675 0.527031 0.010000 -1
0 -30.087505 -41.184856 2.887677 0.527031 0.990000 -1
0 30.968939 -41.184860 2.887679 0.995064 0.990000 -1
0 30.968939 41.056076 2.887679 0.995064 0.010000 -1
0 31.726954 -42.359184 -1.683044 0.571548 1.014055 -1
0 31.726954 -42.359184 -0.139788 0.571548 1.014596 -1
0 -29.595922 -42.359184 -0.139789 0.571548 1.014596 -1
0 -29.595922 -42.359184 -1.683045 0.571548 1.014055 -1
0 -29.595922 -42.359184 1.680963 0.571548 1.015233 -1
0 -29.595922 -42.359184 0.137631 0.571548 1.014693 -1
0 31.726954 -42.359184 0.137633 0.571548 1.014693 -1
0 31.726954 -42.359184 1.680961 0.571548 1.015233 -1
0 32.493275 -41.184860 2.594746 0.571137 1.015553 -1
0 32.493275 -41.867287 2.594746 0.571376 1.015553 -1
0 32.493275 -41.867290 0.138218 0.571376 1.014693 -1
0 32.493275 -41.184856 0.138218 0.571137 1.014693 -1
0 32.493275 -41.867287 -2.596829 0.571376 1.013736 -1
0 32.493275 -41.184856 -2.596829 0.571137 1.013736 -1
0 32.493275 -41.184856 -0.140091 0.571137 1.014596 -1
0 32.493275 -41.867290 -0.140091 0.571376 1.014596 -1
0 -29.595922 42.376137 -0.139793 0.541886 1.014596 -1
0 31.726954 42.376144 -0.139792 0.541886 1.014596 -1
0 31.726954 42.376144 -1.683043 0.541886 1.014055 -1
0 31.726954 42.376137 0.137629 0.541886 1.014693 -1
0 -29.595922 42.376137 0.137629 0.541886 1.014693 -1
0 -29.595922 42.376137 1.680963 0.541886 1.015233 -1
0 32.302059 -42.213310 0.138073 0.571497 1.014693 -1
0 32.302059 -42.213310 2.380223 0.571497 1.015478 -1
0 32.302059 -42.213310 -2.382305 0.571497 1.013811 -1
0 32.302059 -42.213310 -0.140014 0.571497 1.014596 -1
0 31.726954 42.376137 1.680961 0.541886 1.015233 -1
0 32.302059 42.230267 2.380222 0.541937 1.015478 -1
0 32.302059 42.230267 0.138069 0.541937 1.014693 -1
0 32.302059 42.230263 -0.140018 0.541937 1.014596 -1
0 32.302059 42.230255 -2.382301 0.541937 1.013811 -1
0 32.493275 41.884251 2.594747 0.542059 1.015553 -1
0 32.493275 41.884251 0.138214 0.542059 1.014693 -1
0 32.493275 41.884251 -0.140095 0.542059 1.014596 -1
0 32.493275 41.884251 -2.596828 0.542059 1.013736 -1
0 32.493275 41.056076 2.594747 0.542349 1.015553 -1
0 32.493275 41.056076 0.138214 0.542349 1.014693 -1
0 32.493275 41.056076 -2.596828 0.542349 1.013736 -1
0 32.493275 41.056076 -0.140094 0.542349 1.014596 -1
0 32.493275 18.745134 2.594748 0.550158 1.015553 -1
0 32.493275 18.745134 1.219804 0.550158 1.015072 -1
0 32.493275 18.745131 0.138215 0.550158 1.014693 -1
0 32.493275 18.745131 -2.596626 0.550158 1.013736 -1
0 32.493275 18.745134 -0.140093 0.550158 1.014596 -1
0 32.493275 -19.304796 0.138216 0.563478 1.014693 -1
0 32.493275 -19.304796 1.219805 0.563478 1.015072 -1
0 32.493275 -19.304796 2.594745 0.563478 1.015553 -1
0 32.319508 -19.490061 -0.140092 0.563543 1.014596 -1
0 32.319508 -19.490061 0.138216 0.563543 1.014693 -1
0 32.493275 -19.304794 -0.140092 0.563478 1.014596 -1
0 32.493275 -19.304794 -2.596625 0.563478 1.013736 -1
0 31.254833 -18.642923 0.138218 0.563246 1.014693 -1
0 31.254833 18.083250 0.138214 0.550390 1.014693 -1
0 31.254833 18.083254 1.653361 0.550390 1.015223 -1
0 31.254833 -18.642921 1.653361 0.563246 1.015223 -1
0 31.009274 -18.642923 0.138219 0.563246 1.014693 -1
0 31.009274 -18.642923 -0.140092 0.563246 1.014596 -1
0 31.009274 18.083254 -0.140093 0.550390 1.014596 -1
0 31.009274 18.083250 0.138215 0.550390 1.014693 -1
0 31.254833 -19.304796 1.219804 0.563478 1.015072 -1
0 31.254833 -19.304796 0.138219 0.563478 1.014693 -1
0 31.254833 18.745131 0.138218 0.550158 1.014693 -1
0 31.254833 18.745134 1.219803 0.550158 1.015072 -1
0 31.009274 -19.490063 0.138216 0.563543 1.014693 -1
0 31.009274 -19.490059 -0.140092 0.563543 1.014596 -1
0 31.009279 18.930399 -0.140091 0.550094 1.014596 -1
0 31.009277 18.930395 0.138218 0.550094 1.014693 -1
0 32.493275 18.083258 2.594748 0.550390 1.015553 -1
0 32.493275 18.083256 1.653361 0.550390 1.015223 -1
0 32.493275 -18.642920 2.594748 0.563246 1.015553 -1
0 32.493275 -18.642921 1.653362 0.563246 1.015223 -1
0 31.254833 -18.642923 -0.140093 0.563246 1.014596 -1
0 31.254833 -18.642920 -1.655038 0.563246 1.014065 -1
0 31.254833 18.083258 -1.655039 0.550390 1.014065 -1
0 31.254833 18.083254 -0.140094 0.550390 1.014596 -1
0 31.254833 -19.304794 -1.221478 0.563478 1.014217 -1
0 31.254833 -19.304794 -0.140093 0.563478 1.014596 -1
0 31.254833 18.745138 -1.221478 0.550158 1.014217 -1
0 31.254833 18.745134 -0.140094 0.550158 1.014596 -1
0 32.493275 18.745138 -1.221477 0.550158 1.014217 -1
0 32.493275 18.083258 -1.655038 0.550390 1.014065 -1
0 32.493275 18.083258 -2.596626 0.550390 1.013736 -1
0 32.493275 -18.642920 -1.655038 0.563246 1.014065 -1
0 32.493275 -18.642920 -2.596625 0.563246 1.013736 -1
0 32.493275 -19.304794 -1.221480 0.563478 1.014217 -1
0 30.968939 18.414194 2.887676 0.550274 1.015655 -1
0 32.218529 18.685488 2.887676 0.550179 1.015655 -1
0 30.897413 18.414192 -2.889556 0.550274 1.013633 -1
0 32.218529 18.688158 -2.889555 0.550178 1.013633 -1
0 30.968939 -18.973860 2.887677 0.563362 1.015655 -1
0 32.218529 -19.245150 2.887678 0.563457 1.015655 -1
0 30.897413 -18.973858 -2.889555 0.563362 1.013633 -1
0 32.218529 -19.247820 -2.889555 0.563458 1.013633 -1
0 32.218529 18.142906 2.887676 0.550369 1.015655 -1
0 32.218529 -18.702568 2.887678 0.563267 1.015655 -1
0 32.218529 18.140234 -2.889555 0.550370 1.013633 -1
0 32.218529 -18.699894 -2.889555 0.563266 1.013633 -1
0 31.009277 18.930395 0.138218 0.570448 1.013716 -1
0 31.009279 18.930399 -0.140091 0.570350 1.013716 -1
0 32.319508 18.930399 -0.140089 0.570350 1.014205 -1
0 31.009274 -19.490059 -0.140092 0.570557 1.014270 -1
0 31.009274 -19.490063 0.138216 0.570655 1.014270 -1
0 32.319508 -19.490061 0.138216 0.570655 1.013781 -1
0 -29.595922 42.376144 -1.683045 0.541886 1.014055 -1
0 -30.087505 -41.867287 2.887677 0.542059 1.015674 -1
0 -30.087505 -41.184856 2.887677 0.542297 1.015674 -1
0 -30.087502 41.884251 -2.889758 0.571376 1.013652 -1
0 -30.087502 41.056076 -2.889758 0.571086 1.013652 -1
0 -30.087502 41.884251 2.887677 0.571376 1.015674 -1
0 -30.087502 41.056076 2.887675 0.571086 1.015674 -1
0 -30.087502 -41.867287 -2.889758 0.542059 1.013652 -1
0 -30.087502 -41.184856 -2.889758 0.542297 1.013652 -1
0 -29.230446 -42.359184 2.070630 0.541886 1.015388 -1
0 -29.886290 -42.213310 2.683802 0.541937 1.015603 -1
0 -29.230448 42.376137 2.070630 0.571548 1.015388 -1
0 -29.886290 42.230267 2.683802 0.571497 1.015603 -1
0 -29.230446 -42.359184 -2.072714 0.541886 1.013938 -1
0 -29.886290 -42.213310 -2.685884 0.541937 1.013723 -1
0 -29.230446 42.376144 -2.072712 0.571548 1.013938 -1
0 -29.886293 42.230255 -2.685884 0.571497 1.013723 -1
0 -30.362253 41.056076 -2.596829 0.469353 0.010000 -1
0 -30.362253 -41.184856 -2.596829 0.469353 0.990000 -1
0 -30.362253 41.056076 2.594745 0.524925 0.010000 -1
0 -30.362253 -41.184856 2.594747 0.524925 0.990000 -1
0 -29.595922 -42.100628 -0.139789 0.571457 1.014596 -1
0 -29.595922 -42.100628 0.137631 0.571457 1.014693 -1
0 32.247536 -41.184856 -0.140089 0.570350 1.014178 -1
0 32.249863 -41.831306 -0.140090 0.570350 1.014179 -1
0 32.493275 -41.867290 -0.140091 0.570350 1.014270 -1
0 -29.595922 42.117569 -0.139793 0.541977 1.014596 -1
0 -29.595922 42.117569 0.137629 0.541977 1.014693 -1
0 32.493275 41.056076 -0.140094 0.570557 1.013716 -1
0 32.493275 41.884251 -0.140095 0.570557 1.013716 -1
0 32.249863 41.848251 -0.140094 0.570557 1.013807 -1
0 32.493275 41.056076 0.138214 0.570655 1.013716 -1
0 32.493275 18.745131 0.138215 0.570655 1.013716 -1
0 32.319511 18.930395 0.138218 0.570655 1.013781 -1
0 32.493275 -41.184856 -0.140091 0.570557 1.013716 -1
0 32.493275 -19.304794 -0.140092 0.570557 1.013716 -1
0 32.319508 -19.490061 -0.140092 0.570557 1.013781 -1
0 31.009274 18.083250 0.138215 0.570655 1.014270 -1
0 31.009277 18.930395 0.138218 0.570655 1.014270 -1
0 31.254833 18.745131 0.138218 0.570655 1.014178 -1
0 31.009274 -18.642923 -0.140092 0.570350 1.013716 -1
0 31.009274 -19.490059 -0.140092 0.570350 1.013716 -1
0 31.254833 -19.304794 -0.140093 0.570350 1.013808 -1
264
0.260991 -0.322476 0.909886
0.397427 -0.000002 0.917634
-0.000000 -0.000003 1.000000
-0.000000 -0.000003 1.000000
0.000000 -0.263084 0.964773
-0.000132 -1.000000 -0.000000
-0.000132 -1.000000 -0.000000
-0.000132 -1.000000 0.000000
1.000000 0.000141 0.000000
0.929137 -0.369735 0.000004
0.983113 -0.182999 0.000000
-0.912000 0.208833 0.353050
-0.851331 0.414619 -0.321444
-0.929888 0.000010 -0.367843
-0.929886 0.000013 0.367848
-0.000132 1.000000 -0.000000
-0.000132 1.000000 0.000000
-0.000132 1.000000 -0.000000
-0.000000 -0.263084 -0.964773
-0.000000 0.000000 -1.000000
0.000001 0.000004 -1.000000
0.381736 -0.216300 -0.898605
0.475131 0.000005 -0.879915
0.143948 -0.915969 0.374540
0.000000 -0.713094 0.701069
0.000000 -0.987878 0.155234
0.023521 -0.997367 0.068601
0.000000 0.879960 0.475048
0.229156 0.784780 0.575854
0.039227 0.992659 0.114408
0.000000 0.998308 0.058156
0.047048 -0.989423 -0.137218
-0.000000 -0.998307 -0.058157
0.000000 -0.879956 -0.475055
0.229159 -0.784774 -0.575861
0.399895 -0.916561 -0.000007
0.127833 -0.991796 0.000004
0.127857 -0.991793 -0.000036
0.660309 -0.750994 -0.000008
-0.245862 -0.969305 0.000000
-0.182077 -0.981742 0.055055
-0.369943 -0.921952 0.114656
-0.549419 -0.815126 -0.183596
-0.160452 -0.984312 -0.073376
0.127849 0.991794 -0.000008
0.660323 0.750981 0.000007
0.399915 0.916552 0.000008
0.127857 0.991793 0.000004
-0.245865 0.969304 -0.000001
-0.549413 0.815132 0.183592
-0.160448 0.984313 0.073374
-0.369948 0.921950 -0.114656
-0.245883 0.969299 0.000002
-0.182098 0.981738 -0.055058
0.000001 0.993188 -0.116524
0.023524 0.997366 -0.068607
0.143950 0.915966 -0.374545
0.000000 0.713100 -0.701062
0.000000 0.349344 0.936995
0.325523 0.184452 0.927369
0.983031 0.183438 0.000000
0.929067 0.369913 0.000009
-0.851336 -0.414607 0.321445
-0.870566 -0.250505 -0.423512
0.298674 0.369051 -0.880111
0.000000 0.174677 -0.984626
-0.000000 0.000001 1.000000
0.000001 0.000001 1.000000
0.475131 0.000000 0.879915
1.000000 0.000158 0.000000
1.000000 0.000158 -0.000003
-1.000000 0.000000 0.000000
0.000000 -0.000002 -1.000000
0.397426 -0.000004 -0.917634
-0.000000 -0.000000 -1.000000
0.895589 -0.444883 -0.000012
0.708256 -0.705956 -0.000019
-0.000000 0.000000 -1.000000
-0.000000 0.000000 -1.000000
-1.000000 -0.000017 0.000000
-1.000000 -0.000017 0.000000
-0.000000 0.000000 1.000000
-0.000000 0.000000 1.000000
0.122613 -0.992208 -0.022099
0.061822 -0.998087 0.000000
0.000000 -1.000000 0.000000
0.123885 -0.992297 0.000000
0.121733 -0.991880 0.036808
0.961575 0.000000 0.274542
0.870567 -0.250500 0.423514
0.968310 -0.249751 0.000000
1.000000 0.000000 0.000000
0.886159 -0.329535 -0.325774
0.929888 0.000001 -0.367844
0.943358 -0.331777 -0.000000
0.000000 1.000000 0.000004
0.082523 0.996589 0.000000
0.145995 0.988300 -0.044146
0.061821 0.998087 0.000000
0.000000 1.000000 0.000000
0.491472 -0.870893 0.000000
0.596426 -0.773493 0.214442
0.518163 -0.843987 -0.138536
0.153162 0.987815 0.027605
0.518158 0.843991 0.138534
0.491467 0.870896 0.000000
0.491480 0.870889 -0.000002
0.596420 0.773498 -0.214438
0.886158 0.329540 0.325773
0.943356 0.331782 0.000000
0.968308 0.249759 -0.000000
0.870564 0.250510 -0.423513
0.949160 0.000000 0.314793
0.929888 -0.000002 -0.367843
0.929887 0.000000 0.367844
0.949161 -0.000001 -0.314792
0.929888 -0.000001 0.367842
0.895612 0.444837 0.000000
0.708279 0.705932 0.000000
0.929888 0.000002 -0.367843
0.720313 -0.263129 -0.641804
0.569202 0.155947 -0.807273
1.000000 -0.000002 -0.000000
1.000000 -0.000004 0.000002
0.597833 0.626500 -0.500094
0.447214 0.894427 0.000000
0.707107 -0.707107 0.000002
0.597834 -0.761625 -0.250045
0.707107 0.707106 0.000000
1.000000 -0.000006 0.000003
0.707105 -0.707108 -0.000005
0.929887 0.000000 0.367844
0.897979 -0.000001 0.440037
0.569202 0.311896 0.760743
0.720312 -0.131565 0.681058
0.597833 0.761625 0.250046
0.707107 0.707107 0.000000
0.597833 -0.626500 0.500093
0.447214 -0.894427 -0.000003
0.929888 -0.000000 -0.367844
0.897979 -0.000000 -0.440037
-0.000000 -0.000000 1.000000
0.397425 -0.000000 0.917635
0.000001 -0.000005 -1.000000
0.475132 -0.000005 -0.879915
-0.000000 0.000000 1.000000
0.475134 0.000000 0.879914
0.000001 0.000002 -1.000000
0.397426 0.000004 -0.917634
0.475131 0.000000 0.879915
0.397426 -0.000001 0.917634
0.397425 -0.000000 -0.917634
0.475131 -0.000000 -0.879915
0.000000 -1.000000 -0.000014
0.000000 -1.000000 0.000004
0.000001 -0.781541 -0.623854
0.000000 0.950106 -0.311927
-0.000001 1.000000 0.000014
0.000001 -0.189670 -0.981848
0.000000 0.379342 -0.925256
-0.000000 0.189671 0.981848
-0.000001 -0.379342 0.925256
0.000000 0.781542 0.623852
-0.000000 -0.950107 0.311924
0.000000 -1.000000 -0.000004
0.000005 1.000000 0.000005
-0.729395 -0.000013 0.684092
-0.729380 0.000000 0.684109
-0.729390 0.000010 -0.684098
-0.729375 -0.000000 -0.684114
-0.729391 -0.000001 0.684097
-0.729376 0.000010 0.684114
-0.729389 0.000000 -0.684099
-0.729374 -0.000013 -0.684115
-0.116971 -0.987057 0.109710
-0.116971 -0.987057 0.109710
-0.116969 0.987058 0.109707
-0.116968 0.987058 0.109707
-0.116972 -0.987057 -0.109710
-0.116971 -0.987057 -0.109710
-0.116983 0.987054 -0.109721
-0.116983 0.987054 -0.109720
-0.562025 -0.637397 0.527118
-0.562021 -0.637387 0.527134
-0.562013 0.637401 0.527125
-0.562023 0.637395 0.527122
-0.562017 -0.637393 -0.527131
-0.562027 -0.637386 -0.527128
-0.562012 0.637407 -0.527119
-0.562013 0.637410 -0.527114
-0.729375 0.000000 -0.684114
-0.729374 0.000000 -0.684115
-0.729376 0.000000 0.684114
-0.729380 0.000000 0.684109
-0.000000 1.000000 0.000000
-0.000000 0.000005 1.000000
0.000265 0.000165 1.000000
-0.000000 0.000000 1.000000
0.000240 0.000062 -1.000000
0.000000 0.000000 -1.000000
0.000000 0.000005 -1.000000
-0.000004 0.000001 -1.000000
0.000113 0.000296 -1.000000
0.000028 0.000203 -1.000000
-0.000003 0.000001 -1.000000
0.000020 0.000102 1.000000
0.000009 0.000000 1.000000
0.000001 -0.000003 1.000000
0.000123 -0.000033 1.000000
-0.000000 0.000001 1.000000
-0.000000 -0.000005 1.000000
-0.000000 -0.000005 -1.000000
0.000515 -0.000311 -1.000000
0.000000 0.000000 -1.000000
0.000607 0.000489 -1.000000
0.000719 0.000180 -1.000000
0.000855 0.001006 -0.999999
0.000397 0.000631 -1.000000
0.000172 0.000265 1.000000
0.000326 0.000238 1.000000
0.000494 0.000125 1.000000
0.000339 -0.000502 -1.000000
0.000638 -0.000452 -1.000000
0.000954 -0.000237 -1.000000
0.000312 -0.000259 1.000000
0.000370 -0.000094 1.000000
0.000442 -0.000530 1.000000
0.000204 -0.000331 1.000000
0.000018 -0.000130 -1.000000
0.000144 -0.000273 -1.000000
0.000085 -0.000232 1.000000
0.000028 -0.000154 1.000000
0.000107 0.000214 1.000000
-0.000007 -0.000000 -1.000000
-0.000004 -0.000001 -1.000000
0.000001 0.000000 1.000000
0.000013 0.000001 1.000000
0.000008 0.000001 1.000000
-0.000016 -0.000000 -1.000000
-0.000004 0.000007 -1.000000
0.000010 -0.000007 1.000000
0.000006 -0.000013 1.000000
-0.000002 0.000001 -1.000000
0.000000 0.000007 -1.000000
0.000001 0.000000 1.000000
0.000005 0.000001 1.000000
-0.000002 0.000002 -1.000000
0.000002 0.000001 -1.000000
-0.000002 0.000001 -1.000000
-0.000002 0.000003 -1.000000
0.000003 0.000000 1.000000
0.000007 -0.000001 1.000000
0.000004 -0.000001 1.000000
0.000003 0.000000 1.000000
0.000003 0.000007 -1.000000
0.000003 0.000007 -1.000000
-0.000002 0.000001 -1.000000
0.000003 0.000004 -1.000000
0.000001 0.000002 1.000000
0.000002 0.000000 1.000000
0.000003 -0.000013 1.000000
0.000005 -0.000007 1.000000
-0.000001 0.000006 -1.000000
-0.000000 0.000002 1.000000
326
0 0 1 2 0 1 2 4
0 0 2 3 0 2 3 4
0 0 3 4 0 3 4 4
0 5 6 7 5 6 5 3
0 7 8 5 5 7 5 3
0 9 10 11 8 9 10 3
0 11 12 9 10 8 8 3
0 13 14 15 11 12 13 4
0 15 16 13 13 14 11 4
0 17 18 19 15 16 15 3
0 19 20 17 15 17 15 3
0 21 22 23 18 19 20 4
0 24 23 25 21 20 22 4
0 21 23 24 18 20 21 4
0 26 27 28 23 24 25 4
0 28 29 26 25 26 23 4
0 30 31 32 27 28 29 4
0 32 33 30 29 30 27 4
0 34 35 36 31 32 33 4
0 36 37 34 33 34 31 4
0 38 39 40 35 36 36 3
0 40 41 38 37 38 35 3
0 42 43 44 39 40 41 4
0 45 42 44 39 39 41 4
0 46 45 44 42 39 41 4
0 47 45 46 43 39 42 4
0 48 49 50 44 45 46 3
0 50 51 48 46 47 47 3
0 52 53 54 48 49 50 4
0 55 53 52 51 49 48 4
0 55 52 56 51 48 52 4
0 55 56 57 51 52 53 4
0 58 59 60 54 55 56 4
0 60 61 58 56 57 54 4
0 0 4 27 0 4 24 4
0 27 26 0 24 23 0 4
0 62 63 31 58 59 28 4
0 31 30 62 28 27 58 4
0 49 64 65 45 60 61 3
0 65 50 49 61 46 45 3
0 10 38 41 9 35 38 3
0 41 11 10 38 10 9 3
0 46 44 66 42 41 62 4
0 66 67 46 62 63 42 4
0 53 55 14 49 51 12 4
0 14 13 53 12 11 49 4
0 21 24 37 18 21 34 4
0 37 36 21 34 33 18 4
0 61 60 68 57 56 64 4
0 68 69 61 64 65 57 4
0 63 62 70 59 58 66 4
0 63 70 71 59 66 67 4
0 63 71 72 59 67 68 4
0 64 73 74 60 69 70 3
0 74 65 64 70 61 60 3
0 75 76 77 71 71 71 1
0 77 78 75 71 71 71 1
0 79 68 80 72 64 73 4
0 69 68 79 65 64 72 4
0 69 79 81 65 72 74 4
0 74 73 82 70 69 75 3
0 82 83 74 75 76 70 3
0 84 85 86 77 77 77 1
0 86 87 84 78 78 78 1
0 88 89 67 79 79 79 2
0 67 66 88 63 62 80 4
0 90 91 92 81 81 81 1
0 92 93 90 82 82 82 1
0 35 94 95 32 83 84 4
0 95 96 97 84 85 85 4
0 29 98 99 26 85 85 4
0 99 100 101 85 86 87 4
0 102 103 104 88 89 90 4
0 104 105 102 90 91 88 4
0 106 107 108 92 93 91 4
0 108 109 106 91 94 92 4
0 59 58 110 55 54 95 4
0 59 111 112 55 96 97 4
0 33 32 113 30 29 98 4
0 33 114 115 30 99 99 4
0 116 117 101 100 101 87 4
0 101 100 116 87 86 100 4
0 94 118 119 83 102 100 4
0 119 95 94 100 84 83 4
0 120 121 122 103 104 105 4
0 122 113 120 105 98 103 4
0 123 124 112 106 107 97 4
0 112 111 123 97 96 106 4
0 121 125 126 104 108 109 4
0 126 122 121 109 105 104 4
0 127 128 124 110 111 107 4
0 124 123 127 107 106 110 4
0 104 103 117 90 89 101 4
0 117 116 104 101 100 90 4
0 118 106 109 102 92 94 4
0 109 119 118 94 100 102 4
0 125 129 130 108 112 91 4
0 130 126 125 91 109 108 4
0 131 128 127 113 111 110 4
0 127 132 131 110 91 113 4
0 129 133 134 112 114 91 4
0 129 134 135 112 91 91 4
0 130 129 135 91 112 91 4
0 136 131 132 115 113 91 4
0 132 137 136 91 91 115 4
0 102 105 138 88 91 91 4
0 102 138 139 88 91 91 4
0 140 102 139 116 88 91 4
0 9 12 141 8 8 117 3
0 141 142 9 117 118 8 3
0 143 108 107 91 91 93 4
0 107 144 143 93 119 91 4
0 145 146 147 91 91 120 2
0 147 148 145 120 121 91 2
0 149 150 151 91 91 122 3
0 151 152 149 122 123 91 3
0 153 154 145 124 125 91 2
0 145 148 153 91 121 124 2
0 146 155 156 91 126 127 2
0 156 147 146 127 120 91 2
0 157 158 150 91 128 91 3
0 150 149 157 91 91 91 3
0 159 160 152 129 130 123 3
0 152 151 159 123 122 129 3
0 133 161 162 114 131 91 4
0 162 134 133 91 91 114 4
0 161 163 164 131 132 91 4
0 164 162 161 91 91 131 4
0 164 163 140 91 132 116 4
0 140 139 164 116 91 91 4
0 165 166 167 91 133 134 2
0 167 168 165 134 91 91 2
0 169 166 165 135 133 91 2
0 165 170 169 91 136 135 2
0 168 167 171 91 134 137 2
0 171 172 168 137 138 91 2
0 136 173 174 115 91 91 4
0 174 175 136 91 139 115 4
0 175 174 176 139 91 91 4
0 176 177 175 91 140 139 4
0 176 178 144 91 91 119 4
0 144 177 176 119 140 91 4
0 71 179 180 67 141 142 4
0 180 72 71 142 68 67 4
0 181 79 80 143 72 73 4
0 80 182 181 73 144 143 4
0 183 2 1 145 2 1 4
0 1 184 183 1 146 145 4
0 23 185 186 20 147 148 4
0 186 25 23 148 22 20 4
0 187 180 179 149 142 141 4
0 179 183 188 141 145 150 4
0 188 187 179 150 149 141 4
0 184 188 183 146 150 145 4
0 182 189 181 144 151 143 4
0 185 181 189 147 143 151 4
0 189 190 185 151 152 147 4
0 190 186 185 152 148 147 4
0 83 82 160 76 75 130 3
0 191 192 193 153 153 153 3
0 135 134 156 154 155 127 2
0 156 155 135 127 126 154 2
0 139 138 154 156 99 125 2
0 154 153 139 125 124 156 2
0 142 141 158 118 117 128 3
0 194 195 196 157 157 157 3
0 162 164 148 158 159 121 2
0 148 147 162 121 120 158 2
0 164 139 153 159 156 124 2
0 153 148 164 124 121 159 2
0 134 162 147 155 158 120 2
0 147 156 134 120 127 155 2
0 176 174 167 160 161 134 2
0 167 166 176 134 133 160 2
0 178 176 166 162 160 133 2
0 166 169 178 133 135 162 2
0 143 178 169 99 162 135 2
0 169 170 143 135 136 99 2
0 174 173 171 161 163 137 2
0 171 167 174 137 134 161 2
0 173 137 172 163 164 138 2
0 172 171 173 138 137 163 2
0 35 34 94 32 31 83 4
0 29 28 98 26 25 85 4
0 110 58 197 165 54 165 4
0 113 32 120 98 29 103 4
0 0 103 1 0 89 1 4
0 102 1 103 88 1 89 4
0 66 198 88 62 166 166 4
0 199 88 198 167 167 167 4
0 14 200 15 12 168 13 4
0 201 15 200 169 13 169 4
0 202 13 203 170 11 170 4
0 16 203 13 14 171 11 4
0 204 67 205 172 63 172 4
0 89 205 67 173 173 63 4
0 106 24 107 92 21 93 4
0 25 107 24 22 93 21 4
0 43 206 44 40 174 41 4
0 207 44 206 175 41 175 4
0 29 101 26 26 87 23 4
0 117 26 101 101 23 87 4
0 120 32 121 103 29 104 4
0 31 121 32 28 104 29 4
0 208 54 209 176 50 176 4
0 53 209 54 49 177 50 4
0 210 47 211 178 43 178 4
0 46 211 47 42 179 43 4
0 37 118 34 34 102 31 4
0 94 34 118 83 31 102 4
0 57 212 55 53 180 51 4
0 213 55 212 181 51 181 4
0 59 112 60 55 97 56 4
0 124 60 112 107 56 97 4
0 198 66 207 182 62 182 4
0 44 207 66 41 183 62 4
0 26 117 0 23 101 0 4
0 103 0 117 89 0 101 4
0 121 31 125 104 28 108 4
0 63 125 31 59 108 28 4
0 209 53 202 184 49 184 4
0 13 202 53 11 185 49 4
0 211 46 204 186 42 186 4
0 67 204 46 63 187 42 4
0 55 213 14 51 188 12 4
0 200 14 213 189 12 189 4
0 118 37 106 102 34 92 4
0 24 106 37 21 92 34 4
0 60 124 68 56 107 64 4
0 128 68 124 111 64 107 4
0 125 63 129 108 59 112 4
0 72 129 63 68 112 59 4
0 214 87 215 190 190 190 1
0 86 215 87 191 191 191 1
0 90 216 91 192 192 192 1
0 217 91 216 193 193 193 1
0 68 128 80 64 111 73 4
0 131 80 128 113 73 111 4
0 95 97 35 84 85 32 4
0 99 101 29 85 87 26 4
0 110 111 59 194 96 55 4
0 113 114 33 98 99 30 4
0 129 72 133 112 68 114 4
0 180 133 72 142 114 68 4
0 80 131 182 73 113 144 4
0 136 182 131 115 144 113 4
0 1 102 184 1 88 146 4
0 140 184 102 116 146 88 4
0 107 25 144 93 22 119 4
0 186 144 25 148 119 22 4
0 133 180 161 114 142 131 4
0 187 161 180 149 131 142 4
0 161 187 163 131 149 132 4
0 188 163 187 150 132 149 4
0 184 140 188 146 116 150 4
0 163 188 140 132 150 116 4
0 182 136 189 144 115 151 4
0 175 189 136 139 151 115 4
0 177 190 175 140 152 139 4
0 189 175 190 151 139 152 4
0 144 186 177 119 148 140 4
0 190 177 186 152 140 148 4
0 96 95 40 195 196 195 1
0 40 218 96 197 197 197 1
0 100 99 219 198 199 199 1
0 219 39 100 200 200 198 1
0 99 96 218 91 91 91 4
0 218 219 99 91 91 91 4
0 105 104 10 201 202 203 1
0 10 9 105 203 204 201 1
0 109 108 12 205 206 206 1
0 220 221 222 207 207 207 1
0 111 110 223 208 209 209 1
0 223 51 111 210 210 208 1
0 110 114 224 91 91 91 4
0 224 223 110 91 91 91 4
0 114 113 48 211 212 211 1
0 48 224 114 213 213 213 1
0 116 100 39 214 198 215 1
0 39 38 116 216 217 214 1
0 95 119 41 196 218 219 1
0 41 40 95 219 220 196 1
0 113 122 49 212 221 222 1
0 49 48 113 222 223 212 1
0 123 111 51 224 208 225 1
0 51 50 123 226 227 224 1
0 122 126 64 221 228 229 1
0 64 49 122 229 222 221 1
0 127 123 50 230 224 227 1
0 50 65 127 227 231 230 1
0 104 116 38 202 214 217 1
0 38 10 104 217 203 202 1
0 119 109 11 218 205 232 1
0 11 41 119 232 219 218 1
0 126 130 73 228 233 234 1
0 73 64 126 234 229 228 1
0 225 226 227 235 235 235 1
0 65 74 132 231 236 237 1
0 228 229 230 238 238 238 1
0 82 73 130 239 234 233 1
0 137 132 74 240 237 236 1
0 74 83 137 236 241 240 1
0 138 105 9 242 201 204 1
0 9 142 138 204 243 242 1
0 231 232 233 244 244 244 1
0 141 12 108 245 206 206 1
0 146 145 149 246 247 248 1
0 149 152 146 248 249 246 1
0 165 168 151 250 251 252 1
0 151 150 165 252 253 250 1
0 145 154 157 247 254 255 1
0 157 149 145 255 248 247 1
0 155 146 152 256 246 249 1
0 234 235 236 257 257 257 1
0 170 165 150 258 250 253 1
0 237 238 239 259 259 259 1
0 168 172 159 251 260 261 1
0 159 151 168 261 252 251 1
0 135 155 160 262 256 262 1
0 160 82 135 262 239 262 1
0 172 137 83 260 240 241 1
0 83 159 172 241 261 260 1
0 154 138 142 254 242 243 1
0 142 157 154 243 255 254 1
0 143 170 158 263 258 263 1
0 158 141 143 263 245 263 1

Materials: 1
"1 - Default"
0.588235 0.588235 0.588235 1.000000
0.588235 0.588235 0.588235 1.000000
0.898039 0.898039 0.898039 1.000000
0.000000 0.000000 0.000000 1.000000
19.000000
1.000000
"cover (nomipmaps).png"
"cover sphere add (nomipmaps).png"

Bones: 0
