#TITLE:Let My Love Go Blind;
#SUBTITLE:;
#ARTIST:Nina;
#TITLETRANSLIT:;
#SUBTITLETRANSLIT:;
#ARTISTTRANSLIT:;
#GENRE:;
#CREDIT:;
#BANNER:Let My Love Go Blind-banner.png;
#BACKGROUND:Let My Love Go Blind-bg.png;
#LYRICSPATH:;
#CDTITLE:;
#MUSIC:Nina - Letmylovegoblind.ogg;
#OFFSET:-0.425;
#SAMPLESTART:49.820;
#SAMPLELENGTH:9.980;
#SELECTABLE:YES;
#BPMS:0.000=160.000;
#STOPS:;
#BGCHANGES:16.000=VOL1-39-NTSC.mpg=1.000=0=0=1=====,
32.000=VOL1-17-NTSC.mpg=1.000=0=0=1=====,
36.000=736_JumpBack.mpg=1.000=0=0=1=====,
52.000=jb_072.mpg=1.000=0=0=1=====,
68.000=VOL1-32-NTSC.mpg=1.000=0=0=1=====,
84.000=VOL1-08-NTSC.mpg=1.000=0=0=1=====,
100.000=vol4-21-ntsc.mpg=1.000=0=0=1=====,
116.000=EV01453N.mpg=1.000=0=0=1=====,
132.000=vol3-18-ntsc.mpg=1.000=0=0=1=====,
148.000=VOL1-15-NTSC.mpg=1.000=0=0=1=====,
152.000=736_JumpBack.mpg=1.000=0=0=1=====,
168.000=jb_072.mpg=1.000=0=0=1=====,
184.000=jb_043.mpg=1.000=0=0=1=====,
200.000=vol3-10-ntsc.mpg=1.000=0=0=1=====,
216.000=675_JumpBack.mpg=1.000=0=0=1=====,
232.000=708_JumpBack.mpg=1.000=0=0=1=====,
248.000=VOL1-15-NTSC.mpg=1.000=0=0=1=====,
256.000=736_JumpBack.mpg=1.000=0=0=1=====,
272.000=jb_072.mpg=1.000=0=0=1=====,
288.000=VOL1-16-NTSC.mpg=1.000=0=0=1=====,
304.000=EV01453N.mpg=1.000=0=0=1=====,
320.000=Let My Love Go Blind-bg.png=1.000=0=0=1=====,
324.500=Let My Love Go Blind-bg.png=1.000=0=0=1=====,
99999=-nosongbg-=1.000=0=0=0 // don't automatically add -songbackground-
;
#KEYSOUNDS:;
// cache tags:
#FIRSTBEAT:16.000;
#LASTBEAT:324.500;
#SONGFILENAME:/Songs/In The Groove/Let My Love Go Blind/letmylovegoblind.sm;
#HASMUSIC:1;
#HASBANNER:1;
#MUSICLENGTH:126.223;
// end cache tags

//---------------dance-single - R. McKanna----------------
#NOTES:
     dance-single:
     R. McKanna:
     Hard:
     7:
     0.413,0.000,0.071,0.151,0.166,337.000,9.000,19.000,0.000,0.000,0.000:


0000
0000
0000
0000
,
0000
0000
0000
0000
,
0000
0000
0000
0000
,
0000
0000
0000
0000
,
1000
0000
0000
0100
0000
0000
1000
0000
0000
0000
0001
0000
0010
0000
0000
0000
,
0001
0000
0000
0100
0000
0000
0001
0000
0000
0000
1000
0000
0010
0000
0000
0000
,
1000
0000
0000
0100
0000
0000
1000
0000
0000
0000
0001
0000
0010
0000
0000
0000
,
0100
0100
1000
0001
,
0200
0000
0001
0301
,
0010
0000
0000
1000
0000
0000
0100
0000
0000
0000
1000
0000
0010
0000
0000
0000
,
0100
0000
0000
0001
0000
0000
0010
0000
0000
0000
0001
0000
0100
0000
0000
0000
,
1000
0000
0000
0100
0000
0000
0001
0000
0000
0000
0100
0000
1000
0000
0000
0000
,
1000
0100
0010
0100
,
0010
0000
0000
0001
0000
0000
0100
0000
0000
0000
0001
0000
0010
0000
0000
0000
,
0100
0000
0000
1000
0000
0000
0010
0000
0000
0000
1000
0000
0100
0000
0000
0000
,
0001
0000
0000
0100
0000
0000
1000
0000
0000
0000
0100
0000
0001
0000
0000
0000
,
0001
0010
0100
0010
,
1000
0100
0000
0010
0000
0100
0000
0001
,
0000
1000
0000
0010
0000
0100
0000
0001
,
0000
1000
0000
0100
0000
0010
0000
1000
,
0000
0100
0000
0010
0000
1000
0000
0001
,
0100
0000
1000
0000
1000
0000
0100
0001
,
1000
0010
0010
0100
,
0101
1000
0001
1000
,
0100
0010
0000
0001
0000
1000
0000
0001
,
0010
0000
0100
0000
0100
0000
0010
1000
,
0100
0010
1000
0100
,
1100
0010
0001
0100
,
0010
0100
0000
1000
0000
0100
0000
0001
,
0020
0000
0000
0000
0000
0000
0001
0000
0000
0000
0001
0000
0000
0001
0000
0000
,
0032
0000
0000
0000
0000
0000
0100
0000
0000
0000
0100
0000
0000
0100
0000
0000
,
0203
0000
0000
0000
0000
0000
1000
0000
0000
0000
1000
0000
0000
1000
0000
0000
,
2300
0000
0000
0000
0000
0000
0010
0000
0000
0000
0010
0000
0000
0010
0000
0000
,
3020
0000
0000
0000
0000
0000
1000
0000
0000
0000
1000
0000
0000
1000
0000
0000
,
2030
0000
0000
0000
0000
0000
0100
0000
0000
0000
0100
0000
0000
0100
0000
0000
,
3200
0000
0000
0000
0000
0000
0001
0000
0000
0000
0001
0000
0000
0001
0000
0000
,
0302
0000
0000
0000
0000
0000
0010
0000
0000
0000
0010
0000
0000
0010
0000
0000
,
0023
0000
0000
0000
0000
0000
0001
0000
0000
0000
0001
0000
0000
0001
0000
0000
,
0031
0000
0000
0100
0000
0000
0001
0000
0000
0000
1000
0000
0001
0000
0000
0000
,
1000
0000
0000
0100
0000
0000
1000
0000
0000
0000
0001
0000
1000
0000
0000
0000
,
0010
0000
0000
0100
0000
0000
0010
0000
0000
0000
0001
0000
0010
0000
0000
0000
,
0100
0001
0100
0010
,
1000
0000
0000
0010
0000
0000
1000
0000
0000
0000
0001
0000
1000
0000
0000
0000
,
0001
0000
0000
0010
0000
0000
0001
0000
0000
0000
1000
0000
0001
0000
0000
0000
,
0100
0000
0000
0010
0000
0000
0100
0000
0000
0000
1000
0000
0100
0000
0000
0000
,
0010
1000
0010
0100
,
0010
0000
0000
1000
0000
0000
0010
0000
0000
0000
0100
0000
0001
0000
0001
0000
,
0010
0000
0000
0001
0000
0000
0010
0000
0000
0000
0100
0000
1000
0000
1000
0000
,
0010
0000
0000
1000
0000
0000
0010
0000
0000
0000
1000
0000
0001
0000
0000
0000
,
1001
0000
0100
0100
,
0010
0000
0000
0100
0000
0000
0001
0000
0000
0000
0010
0000
0100
0000
1000
0000
,
0010
0000
0000
1000
0000
0000
0001
0000
0000
0000
0010
0000
0100
0000
1000
0000
,
0001
0000
0000
1000
0000
0000
0010
0000
0000
0000
1000
0000
0100
0000
0010
0000
,
1001
0100
1000
0100
,
2000
0000
0000
0001
,
3020
0000
0100
1000
,
0230
0010
0001
0010
,
0302
0000
0000
0000
,
2003
0000
0000
0001
,
3200
0000
0010
1000
,
0320
0100
0001
0100
,
0032
0000
0000
1000
,
0203
0000
0000
0000
,
0310
0100
1001
0100
,
1000
0000
0000
0010
0000
0000
1000
0000
0000
0000
0001
0000
1000
0000
0000
0000
,
0001
0000
0000
0010
0000
0000
0001
0000
0000
0000
1000
0000
0001
0000
0000
0000
,
0100
0000
0000
0010
0000
0000
0100
0000
0000
0000
1000
0000
0100
0000
0000
0000
,
0010
1000
0010
0100
,
0001
0000
0000
0100
0000
0000
0001
0000
0000
0000
1000
0000
0001
0000
0000
0000
,
1000
0000
0000
0100
0000
0000
1000
0000
0000
0000
0001
0000
1000
0000
0000
0000
,
0010
0000
0000
0100
0000
0000
0010
0000
0000
0000
0001
0000
0010
0000
0000
0000
,
0100
0001
0100
0010
,
0100
0000
0000
0001
0000
0000
0100
0000
0000
0000
0010
0000
1000
0000
1000
0000
,
0100
0000
0000
1000
0000
0000
0100
0000
0000
0000
0010
0000
0001
0000
0001
0000
,
0100
0000
0000
0001
0000
0000
0100
0000
0000
0000
0001
0000
1000
0000
0000
0000
,
1001
0000
0010
0010
,
0100
0000
0000
0010
0000
0000
1000
0000
0000
0000
0100
0000
0010
0000
0001
0000
,
0100
0000
0000
0001
0000
0000
1000
0000
0000
0000
0100
0000
0010
0000
0001
0000
,
1000
0000
0000
0001
0000
0000
0100
0000
0000
0000
0001
0000
0010
0000
0100
0000
,
1001
0010
0100
0001
,
1010
0000
0000
0000
,
0101
0000
0000
0000
;

//---------------dance-single - M. Puls----------------
#NOTES:
     dance-single:
     M. Puls:
     Medium:
     6:
     0.384,0.000,0.135,0.190,0.032,298.000,17.000,24.000,0.000,0.000,0.000:


0000
0000
0000
0000
,
0000
0000
0000
0000
,
0000
0000
0000
0000
,
0000
0000
0000
0000
,
0200
0000
0300
1000
0000
0001
0010
0000
,
0200
0000
0300
0001
0000
1000
0010
0000
,
0200
0000
0300
1000
0000
0001
0010
0000
,
0100
0100
1000
0001
,
0110
0000
1001
1001
,
0020
0000
0030
0100
0000
1000
0010
0000
,
0200
0000
0300
0010
0000
0001
0100
0000
,
2000
0000
3000
0001
0000
0100
1000
0000
,
1000
0100
0010
0100
,
0020
0000
0030
0100
0000
0001
0010
0000
,
0200
0000
0300
0010
0000
1000
0100
0000
,
0002
0000
0003
1000
0000
0100
0001
0000
,
0001
0010
0100
0010
,
1000
0100
0000
0000
0001
0100
0000
0000
,
0001
1000
0000
0000
0010
0100
0000
0000
,
0001
1000
0000
0000
0100
0010
0000
0000
,
1000
0100
0000
0000
0010
1000
0000
0001
,
0100
0000
1000
0000
0001
0000
0100
0001
,
1000
0010
0001
0100
,
0001
1000
0001
1000
,
0100
0001
0000
0001
,
0010
0000
1000
0000
0100
0000
0010
1000
,
0100
0010
1000
0100
,
1000
0010
0001
0100
,
0010
0100
1000
1000
0000
0000
0100
0000
,
0010
0000
0000
0100
0000
1000
0000
0000
,
0001
0000
0000
1000
0000
0100
0000
0000
,
0100
0000
0000
0001
0000
0010
0000
0000
,
1000
0000
0000
0001
0000
0100
0000
0000
,
0010
0000
0000
0100
0000
0001
0000
0000
,
1000
0000
0000
0010
0000
0001
0000
0000
,
0100
0000
0000
1000
0000
0001
0000
0000
,
0001
0000
0000
0100
0000
0010
0000
0000
,
0010
0000
0000
0100
0000
1000
0000
0000
,
0200
0000
0300
0001
0000
1000
0001
0000
,
0200
0000
0300
1000
0000
0001
1000
0000
,
0200
0000
0300
0010
0000
0001
0010
0000
,
0100
0001
0100
0010
,
1020
0000
0030
1000
0000
0001
1000
0000
,
0021
0000
0030
0001
0000
1000
0001
0000
,
0120
0000
0030
0100
0000
1000
0100
0000
,
0010
1000
0010
0100
,
2010
0000
3000
0010
0000
0100
0010
0100
,
0010
0000
0000
0010
0000
0100
0010
0100
,
0010
0000
0000
0010
0000
1000
0001
0000
,
1001
0000
0100
0100
,
0010
0000
0000
1000
0000
0100
0010
0001
,
1000
0000
0000
0001
0000
0010
0100
1000
,
0001
0000
0000
0010
0000
1000
0100
0010
,
1001
0100
0001
0100
,
1000
0000
0000
0001
,
0010
0000
0100
1000
,
0100
0010
0001
0010
,
0100
0000
0000
0000
,
1000
0000
0000
0001
,
0100
0000
0010
1000
,
0010
0100
0001
0100
,
0001
0000
0000
1000
,
0100
0000
0000
0010
0000
0000
0000
0000
,
0010
0100
1001
0100
,
1020
0000
0030
1000
0000
0001
1000
0000
,
0001
0000
0000
0001
0000
0000
0001
0000
0000
0000
1000
0000
0001
0000
0000
0000
,
0120
0000
0030
0100
0000
1000
0100
0000
,
0010
1000
0010
0100
,
0201
0000
0300
0001
0000
1000
0001
0000
,
1000
0000
0000
1000
0000
0000
1000
0000
0000
0000
0001
0000
1000
0000
0000
0000
,
0120
0000
0030
0010
0000
0001
0010
0000
,
0100
0001
0100
0010
,
0100
0000
0000
0100
0000
0000
0100
0000
0000
0000
0010
0000
1000
0000
1000
0000
,
0100
0000
0000
0100
0000
0000
0100
0000
0000
0000
0010
0000
0001
0000
0001
0000
,
0100
0000
0000
0100
0000
0000
0100
0000
0000
0000
0001
0000
1000
0000
0000
0000
,
1001
0000
0010
0010
,
0002
0000
0000
0010
0003
0000
0000
0000
0000
0000
0100
0000
0010
0000
0001
0000
,
0200
0000
0000
0010
0300
0000
0000
0000
0000
0000
0100
0000
0010
0000
0001
0000
,
2000
0000
0000
0100
3000
0000
0000
0000
0000
0000
0001
0000
0010
0000
0000
0000
,
1001
0010
0100
0001
,
0120
0000
0000
0000
,
1030
0000
0000
0000
;

//---------------dance-single - M. Puls----------------
#NOTES:
     dance-single:
     M. Puls:
     Easy:
     4:
     0.246,0.000,0.095,0.190,0.000,181.000,12.000,24.000,0.000,0.000,0.000:


0000
0000
0000
0000
,
0000
0000
0000
0000
,
0000
0000
0000
0000
,
0000
0000
0000
0000
,
0200
0300
0000
0010
,
0200
0300
0000
0010
,
0200
0300
0000
0010
,
0100
0100
1000
0001
,
0100
0000
1000
1000
,
0020
0030
0000
0010
,
0200
0300
0000
0100
,
2000
3000
0000
1000
,
1000
0100
0010
0100
,
0020
0030
0000
0010
,
0200
0300
0000
0100
,
0002
0003
0000
0001
,
0001
0010
0100
0010
,
1000
0000
0001
0000
,
0001
0000
0010
0000
,
0001
0000
0100
0000
,
1000
0000
0010
0000
,
0100
1000
0001
0100
,
1000
0010
0001
0100
,
0001
1000
0001
1000
,
0100
0001
0000
0001
,
0010
1000
0100
0010
,
0100
0010
1000
0100
,
1000
0010
0001
0100
,
0010
1000
0000
0100
,
0010
0000
0000
0000
,
0001
0000
0000
0000
,
0100
0000
0000
0000
,
1000
0000
0000
0000
,
0010
0000
0000
0000
,
1000
0000
0000
0000
,
0100
0000
0000
0000
,
0001
0000
0000
0000
,
0010
0000
0000
0000
,
0200
0300
0000
0001
,
0200
0300
0000
1000
,
0200
0300
0000
0010
,
0100
0001
0100
0010
,
1020
0030
0000
1000
,
0021
0030
0000
0001
,
0120
0030
0000
0100
,
0010
1000
0010
0100
,
2010
3000
0000
0010
,
0010
0000
0000
0010
,
0010
0000
0000
0000
,
1001
0000
0100
0100
,
0010
0000
0000
0010
,
1000
0000
0000
0100
,
0001
0000
0000
0000
,
1001
0000
0001
0000
,
1000
0000
0000
0001
,
0010
0000
0000
1000
,
0100
0010
0001
0000
,
0100
0000
0000
0000
,
1000
0000
0000
0001
,
0100
0000
0000
1000
,
0010
0100
0001
0100
,
0001
0000
0000
0000
,
0100
0000
0000
0000
,
0010
0100
0001
0100
,
1020
0030
0000
1000
,
0001
0000
0000
0001
0000
0000
0001
0000
,
0120
0030
0000
0100
,
0010
1000
0010
0100
,
0201
0300
0000
0001
,
1000
0000
0000
1000
0000
0000
1000
0000
,
0120
0030
0000
0010
,
0100
0001
0100
0010
,
0100
0000
0000
0100
0000
0000
1000
0000
,
0100
0000
0000
0100
0000
0000
0001
0000
,
0100
0000
0000
0100
0000
0000
0000
0000
,
1001
0000
0010
0010
,
0002
0003
0000
0010
,
0200
0300
0000
0010
,
2000
3000
0000
0010
,
1001
0010
0100
0001
,
2000
0000
0000
0000
,
3000
0000
0000
0000
;

//---------------dance-single - K. Ward----------------
#NOTES:
     dance-single:
     K. Ward:
     Challenge:
     9:
     0.736,0.000,0.325,0.349,0.246,565.000,41.000,44.000,22.000,10.000,0.000:


0000
0000
0000
0000
,
0000
0000
0000
0000
,
0000
0000
0000
0000
,
0000
0000
0000
0000
,
0010
1000
0100
2000
0000
3010
1010
0000
,
0100
0001
0010
0002
0000
0103
0011
0000
,
0001
0100
0010
1000
1100
0100
1000
0001
,
0011
0000
0001
0000
0100
0000
0010
0000
1000
0010
0100
0000
1010
0000
0100
0000
,
2200
0000
0000
0000
0010
0000
0010
3300
,
0001
0010
0100
1000
0010
0100
0001
0010
,
0001
0100
0010
1000
0100
1000
0010
0100
,
0001
0010
0001
0100
0010
1000
0001
0100
,
0011
0000
0000
0000
0101
0000
0000
0000
0010
0001
0100
0010
2000
0000
0010
0000
,
3010
0100
0001
0100
0010
1000
0001
0010
,
0001
0100
0010
1000
0100
1000
0010
0100
,
0001
0010
0001
0100
0010
1000
0010
0100
,
0101
0000
0000
0000
0011
0000
0000
0000
0100
0001
0010
0001
0100
0000
0010
0000
,
2000
0010
3020
M000
0032
01M0
0203
000M
,
2300
0M10
3020
M000
0230
0001
0302
0M10
,
0023
0001
0032
0000
0203
0010
0320
0000
,
2030
0000
0000
0000
3100
0000
0000
0000
1100
0000
0000
0110
0000
0000
0011
0000
,
0001
0100
0010
1000
0010
0100
0001
0010
,
0001
0100
0010
1000
0100
1000
0010
0100
,
0001
0010
0010
0001
0002
0100
0103
0010
,
1000
0010
0100
0001
0010
0000
0110
0000
,
1000
0000
0010
0000
0100
0000
0001
0000
0010
0000
0001
0000
0100
0010
0100
0000
,
0010
0000
1000
0000
0010
0000
0100
0000
0001
0000
0010
0000
0001
0010
0001
0000
,
0100
0010
1000
0010
0200
0001
0301
0010
,
0001
0010
0001
0000
0100
0000
0010
0000
1000
0100
1000
0000
0020
0000
1000
0000
,
1030
0000
0100
0000
0010
0000
0011
0000
0000
0000
0110
0000
0000
1100
0000
0000
,
0010
0000
0100
0000
0010
0000
1100
0000
0000
0000
0110
0000
0000
0011
0000
0000
,
0001
0100
0010
1000
0010
0100
0001
0010
,
0002
0000
0000
0000
0000
0000
0203
0000
0000
0000
0320
0000
0000
1000
0030
0000
,
0001
0000
0100
0000
0010
0000
1000
0000
0000
0000
0101
0000
0000
1010
0000
0000
,
0010
0000
0100
0000
0001
0000
0010
0000
0000
0000
1100
0000
0000
0101
0000
0000
,
1000
0001
0010
0100
1000
0010
0100
0001
,
0010
0100
1000
0001
0010
0001
0100
0010
,
1000
0000
0010
0000
0100
0000
0001
0010
0000
0010
0001
0000
0100
0010
1000
0000
,
0001
0010
0100
0010
0001
0010
0100
1000
,
0100
1000
0010
1000
0100
1000
0010
0100
,
0001
0010
0100
0010
0001
0010
0100
0010
,
0011
0000
0000
0000
1001
0000
0000
0000
0010
0100
0010
0100
0010
0000
1000
0000
,
0100
1000
0010
0100
0010
0100
0001
0010
,
0001
0100
0010
1000
0010
1000
0100
0010
,
0001
0010
0100
0010
0001
0010
0100
0010
,
1001
0000
0000
0000
0110
0000
0000
0000
1000
0100
1000
0100
1000
0000
0010
0000
,
1000
0100
0010
0100
1000
0M00
0010
0001
,
0010
0100
0010
1000
00M0
1000
0100
0010
,
0001
0100
00M0
0100
0010
1000
0010
0000
,
0110
0000
0000
0000
M00M
0000
0000
0000
0100
1000
0100
1000
0100
0000
100M
0000
,
0010
1000
0100
0010
0100
0010
M000
0100
,
1000
0010
0100
0001
00M0
0001
0010
0100
,
1000
0100
0010
0M00
1000
0100
0010
0000
,
1100
0000
0000
0000
0000
0000
0000
0000
0000
0000
0000
0000
0000
0000
0000
0000
0000
0000
0000
0000
0000
0000
0000
0000
0000
0000
0000
0000
0000
0000
0000
0000
MM00
0000
0000
0000
0000
0000
0000
0000
0000
0000
0000
0000
0000
0000
0000
0000
0011
0000
0000
0000
0000
0000
0000
0000
0000
0000
0000
0000
0000
0000
0000
0000
0000
0000
0000
0000
0000
0000
0000
0000
0000
0000
0000
0000
0000
0000
0M00
0000
000M
0000
0000
0000
0000
0000
0000
0000
0000
0000
0000
0000
0000
0000
0000
0000
0110
0000
0000
0000
0000
0000
0000
0000
0000
0000
0000
0000
0000
0000
0000
0000
0000
0000
0000
0000
0000
0000
0000
0000
0000
0000
0000
0000
0000
0000
00M0
0000
0000
0000
0000
0000
0M00
0000
0000
0000
0000
0000
0000
0000
0000
0000
0000
0000
0012
0000
0000
0000
0000
0000
0000
0000
0000
0000
0000
0000
0000
0000
0000
0000
0000
0000
0000
0000
0000
0000
0000
0000
0000
0000
0000
0000
0000
0000
0000
0000
00M0
0000
0000
0000
0000
0000
0000
0000
0000
0000
0000
0000
0000
0000
0000
0000
,
0203
0000
0010
0000
1000
0300
0001
0000
,
0020
0001
0100
0032
,
0103
0010
0002
0000
0013
0100
0002
0000
,
0013
0001
0100
0010
1000
0010
0100
0010
,
2200
0000
0000
0000
0001
0000
0000
0000
0002
3300
0000
0000
0000
0000
0000
0000
,
0220
0003
0000
0000
0001
0000
0000
0000
0002
0330
0000
0000
0000
0000
0003
0000
,
2000
0000
0000
0200
0000
0020
0000
0000
,
0002
0000
3333
0000
,
1000
0100
1100
0000
0001
0010
0011
0000
,
0001
0000
0010
0000
0001
0000
0100
0000
0020
0000
0000
0000
1030
0100
1000
0100
,
1000
0100
0010
0100
1000
0100
0010
0001
,
0010
0001
0100
0001
0010
0001
0100
0010
,
1000
0100
0010
0100
1000
0100
0010
0001
,
0001
0010
0001
0100
0010
0000
1100
0000
,
1000
0100
0010
0100
1000
0100
0010
0001
,
0010
0001
0100
0001
0010
0001
0100
0010
,
1000
0100
0010
0100
1000
0100
0010
0001
,
0001
0010
0100
0010
0001
0010
0002
0000
,
1003
0100
1000
0000
0010
0100
0010
0000
0001
0010
0001
0000
0010
0100
0010
0000
,
1000
0100
1000
0000
0010
0100
0010
0000
0001
0010
0001
0000
0010
0100
0010
0000
,
0001
0010
0001
0000
0010
0100
0010
0000
0001
0010
0001
0000
0010
0100
0010
0000
,
1000
0100
1000
0000
0010
0100
0010
0000
0001
0010
0001
0000
0110
0000
0000
0000
,
0001
0010
0001
0000
0100
0010
0100
0000
1000
0100
1000
0000
0100
0010
0100
0000
,
0001
0010
0001
0000
0100
0010
0100
0000
1000
0100
1000
0000
0100
0010
0100
0000
,
1000
0100
1000
0000
0100
0010
0100
0000
1000
0100
1000
0000
0100
0010
0100
0000
,
0001
0010
0001
0000
0100
0010
0100
0000
1000
0100
1000
0000
0110
0000
0000
0000
,
2200
0000
0000
0000
,
0010
3300
0000
0000
0000
0000
0000
0000
;

//---------------dance-double - M. Emirzian----------------
#NOTES:
     dance-double:
     M. Emirzian:
     Easy:
     3:
     0.231,0.000,0.000,0.166,0.000,183.000,0.000,21.000,0.000,0.000,0.000:


00000000
00000000
00000000
00000000
,
00000000
00000000
00000000
00000000
,
00000000
00000000
00000000
00000000
,
00000000
00000000
00000000
00000000
,
20000000
00000000
00000000
01000000
,
32000000
00000000
00000000
00010000
,
03010000
00000000
00001000
00000000
,
00010000
00000100
00001000
00000001
,
00000200
00000000
00000000
00000000
,
00000310
00000000
00000010
00001000
,
00000100
00000000
00000100
00010000
,
00001000
00000000
00001000
01000000
,
00020000
00000000
00000000
00000000
,
10030000
00000000
01000000
10000000
,
00100000
00000000
00100000
01000000
,
00001000
00000000
00001000
00010000
,
00000200
00000000
00000000
00000000
,
00001300
00000000
00000010
00000000
,
00000100
00000000
00000000
00000000
,
00000001
00000000
00000000
00000000
,
00000100
00000000
00000000
00000000
,
00000010
00000000
00000000
00010000
,
00001000
00000000
00000000
00000000
,
00010000
00000000
00000000
01000000
,
10000000
00000000
00100000
00000000
,
01000000
00000000
00000000
00010000
,
10000000
00000000
01000000
00000000
,
00010000
00000000
00000000
00001000
,
00010000
00000000
00000010
00001000
,
00000200
00000000
00000320
00000000
,
00000031
00000000
00000200
00000000
,
00000320
00000000
00010030
00000000
,
00002000
00000000
00023000
00000000
,
00130000
00000000
20000000
00000000
,
32000000
00000000
03100000
00000000
,
00020000
00000000
02030000
00000000
,
03001000
00000000
00010000
00010000
,
00001000
00000000
00010000
00000100
,
00000010
00000000
00000001
00000100
,
00000010
00000000
00000010
00000100
,
00001000
00000000
00001000
00010000
,
00000200
00000000
00000000
00000000
,
00010300
00000000
00001000
01000000
,
00010000
00000000
00010000
10000000
,
01000000
00000000
01000000
00010000
,
00002000
00000000
00000000
00000000
,
00003010
00000000
00000001
00000100
,
00000010
00000000
00000010
00000100
,
00000001
00000000
00000001
00000100
,
00002000
00000000
00000000
00000000
,
00013000
00000000
00001000
01000000
,
00100000
00000000
00100000
10000000
,
00010000
00000000
00010000
00100000
,
02000000
00000000
00000000
00000000
,
13000000
00000000
00100000
01000000
,
00001000
00000000
00010000
00000000
,
00000100
00001000
00000000
00000010
,
00000100
00000000
00000001
00000000
,
00000100
00000010
00000000
00000100
,
00000001
00000000
00000100
00000000
,
00000010
00010000
00001000
01000000
,
00100000
00000000
10000000
00000000
,
10000000
01000000
00000000
00000000
,
01000000
00100000
00000000
00000000
,
00001000
00010000
00000100
00000000
,
00001000
00000001
00000100
00000000
,
00000100
00000010
00010000
00000000
,
00020000
00000000
00000000
00000000
,
00031000
00000000
01000000
00100000
,
10000000
00000000
10000000
01000000
,
00010000
00000000
00001000
00000000
,
00010000
00000000
00000100
00001000
,
00000010
00000000
00000100
00000001
,
00000100
00000000
00000010
00010000
,
00001000
00000000
01000000
00000000
,
00100000
01000000
00010000
10000000
,
01000000
00010000
00001000
00000000
,
00001000
00010000
00000100
00000000
,
00000100
00000010
00000001
00000000
,
00000100
00000000
00000100
00000010
,
00002000
00000000
00000000
00000000
,
00003000
00000000
00000000
00000000
;

//---------------dance-double - M. Emirzian----------------
#NOTES:
     dance-double:
     M. Emirzian:
     Medium:
     6:
     0.433,0.000,0.103,0.238,0.000,340.000,13.000,30.000,0.000,0.000,0.000:


00000000
00000000
00000000
00000000
,
00000000
00000000
00000000
00000000
,
00000000
00000000
00000000
00000000
,
00000000
00000000
00000000
00000000
,
00002000
00000000
00000000
00013000
00000000
00000000
00000010
00000000
,
00002000
00000000
00000000
00003100
00000000
00000000
00000010
00000000
,
00000002
00000000
00000000
00001003
00000000
00000000
00000100
00000000
,
00010000
00000000
00001000
00000000
00010000
00001000
01000000
00000000
,
02010000
00000000
00000000
00000000
,
03200000
00000000
00300000
10000000
01000000
00000000
00100000
00000000
,
00020000
00000000
00030000
01000000
00001000
00000000
00010000
00000000
,
00002000
00000000
00003000
00010000
00000010
00000000
00001000
00000000
,
00000100
00000000
00000100
00000000
00000010
00000001
00000100
00000000
,
00000120
00000000
00000030
00000100
00000001
00000000
00000100
00000000
,
00002000
00000000
00003000
00010000
00001000
00000000
01000000
00000000
,
00020000
00000000
00030000
10000000
01000000
00000000
00010000
00000000
,
01000000
00100000
00010000
01000000
,
00001000
00000000
00010000
00000000
,
00000100
00000000
00001000
00000000
,
00000010
00000000
00000100
00000000
,
00001001
00000000
00000110
00001100
,
00000101
00000000
00000100
00000000
00000010
00000000
00000100
00010000
,
00001000
01000000
00000000
00100000
10000000
00010000
01000000
00000000
,
00100000
00000000
10000000
01000000
00010000
00000000
01000000
00000000
,
00010000
00010000
00001000
00001000
,
00010000
00000000
00000010
00000000
00000010
00000000
00000100
00000001
,
00000010
00000100
00000000
00001000
00000010
00000100
00001000
00000000
,
00010000
00000000
00000100
00010000
00001000
00000000
01000000
00000000
,
00010000
00010000
00100000
00100000
,
01000000
00000000
01000000
10000000
00000000
10000000
01000000
00000000
,
01000000
00000000
00100000
00010000
00000000
00010000
00100000
00000000
,
00001000
00000000
00010000
00001000
00000000
00001000
00010000
00000000
,
00000100
00000000
00001000
00000010
00000100
00000001
00001000
00000000
,
00000100
00000000
00000100
00000010
00000000
00000010
00000100
00000000
,
00000010
00000000
00000001
00001000
00000000
00001000
00000001
00000000
,
00000100
00001000
00001000
00010000
,
00001000
00000000
01000000
00100000
00000000
00100000
01000000
00000000
,
00010000
00000000
10000000
00010000
00000000
00100000
01000000
00100000
,
00002000
00000000
00003000
00010000
00000100
00000000
00001000
00000000
,
00000020
00000000
00000030
00000100
00000001
00000000
00000010
00000000
,
00000200
00000000
00000300
00001000
00000010
00000000
00010000
00000000
,
00001000
00000000
00001000
00000000
01000000
00010000
10000000
00000000
,
02010000
00000000
03000000
00100000
10000000
00000000
01000000
00000000
,
00200000
00000000
00300000
00001000
00010000
00000000
00000010
00000000
,
00000200
00000000
00000300
00000001
00000100
00000000
00000010
00000000
,
00001000
00000000
00001000
00000000
00000100
00010000
00001000
00000000
,
01002000
00000000
00003000
00100000
00010000
00000000
01000000
00000000
,
00200000
00000000
00300000
10000000
01000000
00000000
00010000
00000000
,
00002000
00000000
00003000
00010000
00000100
00000000
00001000
00000000
,
00000010
00000000
00000010
00000000
00000100
00000001
00000010
00000000
,
00001002
00000000
00000003
00000100
00000010
00000000
00000100
00000000
,
00000001
00000000
00000000
00000100
00000010
00000000
00010000
00000000
,
00002000
00000000
00003000
01000000
00010000
00000000
00100000
00000000
,
01000000
10000000
00100000
01000000
,
00010000
00000000
01000000
00001000
00000000
00001000
01000000
00000000
,
00010000
00000000
00100000
01000000
00000000
01000000
00100000
00000000
,
00001000
00000000
00010000
00001000
00000000
00001000
00010000
00000000
,
00000100
00000000
00001000
00000010
00000000
00000010
00001000
00000000
,
00000100
00000000
00000010
00000001
00000000
00000001
00000010
00000000
,
00000100
00000000
00010000
00001000
00000000
00001000
00010000
00000000
,
00001000
00000000
01000000
00010000
00000000
00010000
01000000
00000000
,
00100000
10000000
00010000
01000000
,
00001000
00000000
00010000
00000000
00001000
00010000
00000010
00000000
,
00000100
00000000
00000100
00000000
00000100
00000001
00001000
00000000
,
00000102
00000000
00000103
00000000
00000100
00000010
00001000
00000000
,
00000200
00000000
00010300
00001000
01000000
00000000
00010000
00000000
,
02010000
00000000
03100000
00000000
00100000
10000000
01000000
00000000
,
00200000
00000000
00301000
00010000
00000100
00000000
00000100
00000000
,
00001020
00000000
00000130
00000000
00000100
00000001
00000010
00000000
,
00000200
00000000
00010300
00001000
01000000
00000000
00010000
00000000
,
00120000
00000000
01030000
00000000
01000000
00100000
10000000
00000000
,
00020000
00000000
01030000
00001000
00010000
00000000
00000100
00000000
,
00001000
00000000
00000010
00000000
00000100
00000010
00001000
00000000
,
00000100
00000000
00000010
00000000
00000001
00000100
00000010
00000000
,
00001000
00000100
00010000
00001000
,
01000000
00100000
10000000
00000000
00010000
10000000
01000000
00000000
,
00010000
00010000
00001000
00001000
,
00000010
00000000
00000001
00000000
00001000
00000001
00000100
00000000
,
00000010
00000100
00001000
00010000
,
00001000
01000000
00010000
00000000
01000000
00100000
10000000
00010000
,
02000000
00000000
00000000
00000000
,
03000000
00000000
00000000
00000000
;

//---------------dance-double - M. Emirzian----------------
#NOTES:
     dance-double:
     M. Emirzian:
     Hard:
     8:
     0.509,0.000,0.182,0.285,0.119,391.000,23.000,36.000,4.000,0.000,0.000:


00000000
00000000
00000000
00000000
,
00000000
00000000
00000000
00000000
,
00000000
00000000
00000000
00000000
,
00000000
00000000
00000000
00000000
,
20000000
00000000
00000000
30100000
00000000
00000000
01010000
00000000
,
00200000
00000000
00000000
00301000
00000000
00000000
00011000
00000000
,
00010100
00000000
00000000
00001000
00000000
00000000
00000010
00000000
00000000
00000000
00000100
00000000
00000001
00000000
00000010
00000000
,
00000100
00000000
00001000
00000000
00000001
00000100
00000010
00001000
,
00001002
00000000
00000010
00000010
,
00000013
00000000
00000000
00000100
00000000
00000000
00002000
00000000
00000000
00000000
00000010
00000000
00003010
00000000
00000000
00000000
,
00010000
00000000
00000000
00001000
00000000
00000000
02000000
00000000
00000000
00000000
00100000
00000000
03100000
00000000
00000000
00000000
,
10000000
00000000
00000000
01000000
00000000
00000000
00200000
00000000
00000000
00000000
00010000
00000000
00310000
00000000
00000000
00000000
,
10000000
00000000
00100000
00000000
01000000
00100000
00010000
00001000
,
00010000
00000000
00000000
00000100
00000000
00000000
00000020
00000000
00000000
00000000
00000001
00000000
00000031
00000000
00000000
00000000
,
00001000
00000000
00000000
00000001
00000000
00000000
00000200
00000000
00000000
00000000
00001000
00000000
00001300
00000000
00000000
00000000
,
00010000
00000000
00000000
00001000
00000000
00000000
00200000
00000000
00000000
00000000
01000000
00000000
01300000
00000000
00000000
00000000
,
10000000
00000000
00100000
00000000
01000000
00010000
00100000
01000000
,
20000000
00000000
30020000
M0000000
,
00230000
000M0000
00302000
00M00000
,
00003010
0000M001
00001000
00000010
,
00000100
00000000
00000001
00000000
00000010
00000000
00000100
00000000
00001000
00000000
00000000
00000010
00000000
00000000
00010000
00000000
,
00001000
00000000
01000000
00000000
00100000
00000000
10000000
00010000
,
01000000
00100000
00010000
00000000
00001000
00000000
00010000
01000000
,
00100000
00000000
00010000
00000000
10000000
00100000
00010000
00000000
,
00001000
00010000
00000100
00000010
00000100
00001000
00000001
00000000
,
00000101
00000000
00000010
00000100
00001000
00000000
00000010
00000100
,
00001000
00010000
00001000
00000000
01000000
00000000
00100000
00000000
,
00010000
00001000
00100000
01000000
,
10000000
01000000
00100000
01000000
00010000
00001000
00000100
00000010
,
00001000
00000000
00000000
00000000
00000000
00000000
00000100
00000000
00000000
00000000
00000010
00000000
00000000
00000001
00000000
00000000
,
00001100
00000000
00000000
00000000
00000000
00000000
00000010
00000000
00000000
00000000
00010000
00000000
00000000
00001000
00000000
00000000
,
00101000
00000000
00000000
00000000
00000000
00000000
01000000
00000000
00000000
00000000
00100000
00000000
00000000
10000000
00000000
00000000
,
01010000
00000000
00000000
00000000
00000000
00000000
00100000
00000000
00000000
00000000
00010000
00000000
00000000
01000000
00000000
00000000
,
01001000
00000000
00000000
00000000
00000000
00000000
00001000
00000000
00000000
00000000
00010000
00000000
00000000
00000010
00000000
00000000
,
00011000
00000000
00000000
00000000
00000000
00000000
00001000
00000000
00000000
00000000
00000010
00000000
00000000
00000001
00000000
00000000
,
00001001
00000000
00000000
00000000
00000000
00000000
00000100
00000000
00000000
00000000
00000010
00000000
00000000
00000001
00000000
00000000
,
00001100
00000000
00000000
00000000
00000000
00000000
00000010
00000000
00000000
00000000
00010000
00000000
00000000
00001000
00000000
00000000
,
01000000
00000000
00100000
00000000
10000000
00000000
01000000
00100000
00000000
00010000
10000000
00000000
01000000
00000000
01000000
00000000
,
00100000
00000000
00000000
00001000
00000000
00000000
00020000
00000000
00000000
00000000
00001000
00000000
00031000
00000000
00000000
00000000
,
00000100
00000000
00000000
00000001
00000000
00000000
00000020
00000000
00000000
00000000
00000100
00000000
00000130
00000000
00000000
00000000
,
00001000
00000000
00000000
00000010
00000000
00000000
00020000
00000000
00000000
00000000
00001000
00000000
00031000
00000000
00000000
00000000
,
01000000
00000000
00010000
00000000
00100000
01000000
10000000
00010000
,
01000000
00000000
00000000
00100000
00000000
00000000
20000000
00000000
00000000
00000000
01000000
00000000
31000000
00000000
00000000
00000000
,
00010000
00000000
00000000
00001000
00000000
00000000
00020000
00000000
00000000
00000000
00000100
00000000
00030100
00000000
00000000
00000000
,
00000010
00000000
00000000
00000001
00000000
00000000
00000200
00000000
00000000
00000000
00001000
00000000
00001300
00000000
00000000
00000000
,
00000100
00000000
00000001
00000000
00000010
00000100
00001000
00000010
,
00000100
00000000
00000000
00001000
00000000
00000000
00020000
00000000
00000000
00000000
01000000
00000000
01030000
00000000
00000000
00000000
,
00100000
00000000
00000000
00010000
00000000
00000000
20000000
00000000
00000000
00000000
00100000
00000000
30100000
00000000
00000000
00000000
,
01000000
00000000
00000000
00010000
00000000
00000000
20000000
00000000
00000000
00000000
01000000
00000000
31000000
00000000
00000000
00000000
,
00010000
00000000
00001000
00000000
00010000
00001000
00000010
00000100
,
00001000
00000000
00000000
00000001
00000000
00000000
00000200
00000000
00000000
00000000
00000010
00000000
00000310
00000000
00000000
00000000
,
00010000
00000000
00000000
00001000
00000000
00000000
00000200
00000000
00000000
00000000
00001000
00000000
00001300
00000000
00000000
00000000
,
00010000
00000000
00000000
00100000
00000000
00000000
02000000
00000000
00000000
00000000
00010000
00000000
03010000
00000000
00000000
00000000
,
00100000
00000000
01000000
00000000
10000000
00010000
00100000
01000000
,
10000000
00000000
02000000
00000000
03100000
01000000
00010000
00001000
,
00000100
00000000
00000002
00000000
00000013
00000100
00001000
00000100
,
00000010
00000000
00000002
00000000
00000103
00000010
00000100
00001000
,
00010000
00001000
00100000
01000000
10000000
00100000
10010000
00000000
,
20000000
00000000
31000000
00100000
01000000
10000000
00010000
00000000
,
02000000
00000000
03100000
00010000
00001000
00010000
00000100
00000000
,
00000010
00000000
00000001
00000100
00000010
00000000
00000100
00001000
,
00010000
00001000
00000200
00000000
00000300
00000001
00000200
00000000
,
00000300
00001000
00020000
00000000
00030000
00100000
20000000
00000000
,
30000000
00100000
00020000
00000000
00031000
00000000
00101000
00000000
,
00011000
00000000
00010000
01000000
10000000
00000000
00100000
01000000
,
00100000
00000000
10000000
00100000
00010000
00000000
00100000
01000000
,
00001000
00100000
01000000
00010000
,
00011000
00000000
00010010
00000000
00000100
00001000
00000010
00000000
,
00000100
00000000
00000001
00000010
00001000
00000000
00000010
00000100
,
00000010
00000000
00000001
00000100
00001000
00000000
00000100
00000010
,
00010000
00001000
00100000
01000000
,
10010000
00000000
01100000
00000000
00001000
00010000
00000100
00000000
,
00001000
00000000
00000010
00001000
00000100
00000000
00000001
00000100
,
00000001
00000000
00000100
00001000
00000010
00000000
00010000
00001000
,
01000000
00100000
10000000
00010000
,
00110000
00000000
00101000
00000000
00010000
01000000
10000000
00000000
,
00100000
00000000
00010000
00001000
00000100
00000000
00001000
00010000
,
00001000
00000000
00000010
00001000
00010000
00000000
00000100
00000010
,
00000001
00000100
00000010
00010000
,
00010100
00000000
00011000
00000000
01000000
10000000
00100000
01000000
,
00020000
00000000
00000000
00000000
,
00030000
00000000
00000000
00000000
;

//---------------dance-double - M. Emirzian----------------
#NOTES:
     dance-double:
     M. Emirzian:
     Challenge:
     9:
     0.675,0.000,0.436,0.158,0.091,521.000,55.000,20.000,12.000,0.000,0.000:


00000000
00000000
00000000
00000000
,
00000000
00000000
00000000
00000000
,
00000000
00000000
00000000
00000000
,
00000000
00000000
00000000
00000000
,
00100000
00001000
00010000
00010100
00000000
00000010
00001010
00000000
,
00000100
00000001
00000010
00001001
00000000
00000100
00010100
00000000
,
00001000
01000000
00100000
10100000
00000000
01000000
10010000
00010000
,
01010000
00000000
00000000
00000000
00011000
00000000
00000000
00000000
00000010
00000000
00000001
00000000
00000100
00000010
00000100
00000010
,
00000200
00000000
00000001
00000001
,
00000301
00000010
00000100
00001000
00000010
00000100
00001000
00010000
,
00001000
00000100
00000010
00010000
00001000
00100000
01000000
00010000
,
00001000
01000000
00100000
10000000
01000000
00100000
00001000
00010000
,
00101000
00000000
00011000
00000000
00000010
00000100
00000001
00001000
,
00000100
00000010
00001000
00010000
00000010
00000100
00001000
00010000
,
01000000
00100000
01000000
00010000
00001000
00010000
00100000
01000000
,
00010000
10000000
01000000
00100000
00010000
01000000
00001000
00010000
,
01001000
00000000
00011000
00000000
00000100
00000001
00000010
00000100
,
00002000
00000000
00003020
0000M000
00020030
000000M0
02030000
000M0000
,
23000000
0M000000
30200000
M0000000
01300000
00010000
00100000
01000000
,
10000000
00101000
00011000
00010100
,
00000010
00000000
00000001
00000000
00001000
00000000
00000100
00000000
00000010
00000000
00000000
00000001
00000000
00000000
00000100
00000000
,
00000010
00000000
00000100
00000000
00000001
00000100
00001000
00010000
,
00001000
01000000
00000000
00100000
00010000
00001000
00010000
00100000
,
10000000
00000000
02000000
00000000
03020000
0M000000
00032000
000M0000
,
00013000
0000M010
00000100
00001000
00010000
00001000
00000100
00000010
,
00001000
00000100
00000010
00000000
00000001
00000100
00000010
00010000
,
00001000
00100000
00000000
01000000
10000000
00010000
01000000
00100000
,
10000000
00000000
02000000
00000000
03200000
0M000000
00302000
00M00000
,
00013000
00001000
00000010
00000100
00000010
00001000
00010000
00000010
,
00001000
00000000
00000100
00000000
00000010
00000000
00000001
00000000
00000000
00000000
00000011
00000000
00000000
00001100
00000000
00000000
,
00010000
00000000
00001000
00000000
01000000
00000000
00100000
00000000
00000000
00000000
10100000
00000000
00000000
01010000
00000000
00000000
,
00100000
00000000
00001000
00000000
00010000
00000000
00000100
00000000
00000000
00000000
00000011
00000000
00000000
00001100
00000000
00000000
,
00010000
00000000
00001000
00000000
01000000
00000000
00100000
00000000
00000000
00000000
01010000
00000000
00000000
10100000
00000000
00000000
,
01000000
00000000
00100000
00000000
00001000
00000000
00010000
00000000
00000000
00000000
00010100
00000000
00000000
00001010
00000000
00000000
,
00000010
00000000
00000100
00000000
00000001
00000000
00000010
00000000
00000000
00000000
00001100
00000000
00000000
00010100
00000000
00000000
,
00001000
00010000
00100000
01000000
00010000
00100000
01000000
10000000
,
00100000
01000000
00001000
00010000
00000010
00000100
00001000
00010000
,
00001000
00000000
00000010
00000000
00000001
00000000
00000100
00001000
00000000
00010000
00001000
00000000
00010000
00100000
01000000
00000000
,
00010000
10000000
01000000
00100000
00010000
01000000
00100000
00010000
,
00001000
00010000
01000000
00100000
00001000
00010000
00000010
00001000
,
00000100
00000010
00000001
00000100
00000010
00010000
00000100
00000010
,
00000110
00000000
00011000
00000000
00100000
10000000
00100000
01000000
,
10000000
01000000
00100000
00010000
00001000
00010000
00100000
10000000
,
01000000
00010000
00001000
00000010
00000001
00001000
00000100
00000010
,
00001000
00010000
00001000
00000100
00000010
00010000
00001000
00100000
,
01100000
00000000
11000000
00000000
01000000
00100000
00010000
10000000
,
00100000
01000000
00001000
00010000
01000000
00100000
01000000
00010000
,
00001000
00000100
00000001
00001000
00000100
00000010
00001000
00010000
,
00001000
00000100
00000010
00001000
00000100
00000010
00001000
00010000
,
00110000
00000000
10100000
00000000
00100000
10000000
01000000
00100000
,
00010000
10000000
01000000
00010000
00001000
00000010
00000100
00000010
,
00001000
00010000
00001000
00000100
00000010
00001000
00000001
00000100
,
00001000
00010000
01000000
10000000
00100000
01000000
00010000
00100000
,
11000000
00000000
10010000
00000000
00100000
01000000
00010000
10000000
,
02000000
00010000
00010000
03010000
00001000
00000010
00000001
00000010
,
00000200
00001000
00001000
00001300
00000010
00000100
00001000
00010000
,
00001000
00100000
01000000
10000000
00200000
00010000
00310000
00001000
,
02000000
00100000
03100000
10000000
01000000
00010000
00011000
00000000
,
01000000
01001000
00000000
00011000
00000000
00010000
00010010
00000000
,
00001000
00000110
00000000
00000101
00000000
00000100
00001010
00000000
,
00000100
00010000
00001000
00010000
00100000
01000000
00100000
00010000
,
00001000
01000000
00011000
00000000
00100000
10000000
01010000
00000000
,
00010000
10000000
11000000
00000000
00100000
00001000
00011000
00000000
,
00001020
00000000
00000032
000000M0
00000103
0000100M
00010000
00001000
,
00000100
00000000
00000000
00000010
00000000
00000000
00000100
00000000
00001000
00000000
00010000
00000000
00100000
00000000
10000000
00000000
,
01000000
00000000
00000000
10000000
00000000
00000000
00100000
00000000
01000000
00000000
00001000
00000000
00010000
00000000
01000000
00000000
,
00100000
00000000
00000000
00001000
00000000
00000000
01000000
00000000
00100000
00000000
00010000
00000000
00001000
00000000
00000010
00000000
,
00000110
00000000
00001001
00000000
00000100
00000010
00010000
00001000
,
00100000
00000000
00000000
01000000
00000000
00000000
10000000
00000000
00100000
00000000
00010000
00000000
00001000
00000000
00100000
00000000
,
01000000
00000000
00000000
00010000
00000000
00000000
00001000
00000000
00010000
00000000
00100000
00000000
01000000
00000000
00100000
00000000
,
00010000
00000000
00000000
00001000
00000000
00000000
00000010
00000000
00000100
00000000
00001000
00000000
00000001
00000000
00000100
00000000
,
00000110
00000000
00001001
00000000
00000010
00001000
00010000
00100000
,
10000000
00000000
00000000
00010000
00000000
00000000
01000000
00000000
00100000
00000000
10000000
00000000
01000000
00000000
00010000
00000000
,
00001000
00000000
00000000
00010000
00000000
00000000
01000000
00000000
00100000
00000000
01000000
00000000
00010000
00000000
00001000
00000000
,
00000100
00000000
00000000
00000010
00000000
00000000
00000100
00000000
00001000
00000000
00010000
00000000
00001000
00000000
00000010
00000000
,
00000110
00000000
00011000
00000000
00100000
10000000
01000000
00100000
,
00001000
00000000
00000000
01000000
00000000
00000000
00100000
00000000
00010000
00000000
00001000
00000000
00000010
00000000
00000001
00000000
,
00000100
00000000
00000000
00000010
00000000
00000000
00000100
00000000
00001000
00000000
00010000
00000000
00001000
00000000
00000010
00000000
,
00000100
00010000
00001000
01000000
00100000
10000000
01000000
00100000
,
10010000
00000000
01100000
00000000
00100000
00010000
00001000
00000010
,
00000002
00000000
00000000
00000000
,
00000003
00000000
00000000
00000000
;

//---------------lights-cabinet - ----------------
#NOTES:
     lights-cabinet:
     :
     Easy:
     1:
     1.000,0.000,1.000,0.000,0.166,522.000,322.000,0.000,0.000,222.000,0.000:


00000000
00000000
00000000
00000000
,
00000000
00000000
00000000
00000000
,
10000011
01000000
00100000
00000000
10000000
01000000
00100000
00000000
,
10000000
00100000
01000000
00010000
10000000
00010000
01000000
00000000
,
10000011
00000000
00000000
01000000
00000000
00000000
10000000
00000000
00000000
00000000
00010000
00000000
00100000
00000000
00000000
00000000
,
00010011
00000000
00000000
01000000
00000000
00000000
00010000
00000000
00000000
00000000
10000000
00000000
00100000
00000000
00000000
00000000
,
11110011
00000000
00000000
01000000
00000000
00000000
10000000
00000000
01100011
00000000
00010000
00000000
00100000
00000000
00000000
00000000
,
11110011
00000000
01100011
00000000
11110011
00000011
01100011
10010011
,
10010011
00000000
10010000
10010000
,
00100011
00000000
00000000
10000000
00000011
00000000
01000000
00000000
00000011
00000000
10000000
00000000
00100011
00000000
00000000
00000000
,
01000011
00000000
00000000
00010000
00000011
00000000
00100000
00000000
00000011
00000000
00010000
00000000
01000011
00000000
00000000
00000000
,
10000011
00000000
00000000
01000000
00000011
00000000
00010000
00000000
00000011
00000000
01000000
00000000
10000011
00000000
00000000
00000000
,
10000011
00000000
01000011
00000000
00100011
00000011
01000011
00000000
,
00100011
00000000
00000000
00010000
00000011
00000000
01000000
00000000
00000011
00000000
00010000
00000000
00100011
00000000
00000000
00000000
,
01000011
00000000
00000000
10000000
00000011
00000000
00100000
00000000
00000011
00000000
10000000
00000000
01000011
00000000
00000000
00000000
,
00010011
00000000
00000000
01000000
00000011
00000000
10000000
00000000
00000011
00000000
01000000
00000000
00010011
00000000
00000000
00000000
,
00010011
00100011
01000011
00100011
,
10000011
01000000
00000011
00100000
00000011
01000000
00000011
00010000
,
00000011
10000000
00000011
00100000
00000011
01000000
00000011
00010000
,
00000011
10000000
00000011
01000000
00000011
00100000
00000011
10000000
,
00000011
01000000
00000011
00100000
00000011
10000000
00000011
00010011
,
01000011
00000000
10000011
00000000
10000011
00000000
01000011
00010000
,
10000011
00100011
00100011
01000011
,
01010011
10000011
00010011
10000011
,
01000011
00100000
00000011
00010000
00000011
10000011
00000011
00010000
,
00100011
00000000
01000011
00000000
01000011
00000000
00100011
10000000
,
01000011
00100011
10000011
01000011
,
11000011
00100011
00010011
01000011
,
00100011
01000000
00000011
10000000
00000011
01000011
00000011
00010000
,
00100011
00000000
00000011
00000000
10000000
00000000
00010011
00000000
01000000
00000000
00010011
00000000
10000011
00010000
00000000
00000000
,
10010011
00000000
00000011
00000000
00010000
00000000
01000011
00000000
00100000
00000000
01000011
00000000
00010011
01000000
00000000
00000000
,
01010011
00000000
00000011
00000000
01000000
00000000
10000011
00000000
00100000
00000000
10000011
00000000
01000011
10000000
00000000
00000000
,
10010011
00000000
00000011
00000000
01000000
00000000
00100011
00000000
01000000
00000000
00100011
00000000
00010011
00100000
00000000
00000000
,
00010011
00000000
00000011
00000000
00010000
00000000
10000011
00000000
01000000
00000000
10000011
00000000
00100011
10000000
00000000
00000000
,
10010011
00000000
00000011
00000000
01000000
00000000
10000011
00000000
00000000
00000000
10000011
00000000
01000011
00100000
00000000
00000000
,
10000011
00000000
00010011
00000000
01000000
00000000
00010011
00000000
10000000
00000000
00010011
00000000
00100011
00010000
00000000
00000000
,
10000011
00000000
00000011
00000000
10000000
00000000
00100011
00000000
00010000
00000000
00100011
00000000
10000000
00100000
00000011
00000000
,
01010011
00000000
00000000
00000000
00100011
00000000
00010000
00000000
10000011
00000000
00010011
00000000
00100011
00010000
00000000
00000000
,
10010011
00000000
00000000
01000000
00100011
00000000
00010000
00000000
00000011
00000000
10000000
00000000
00010011
00000000
00000000
00000000
,
10000011
00000000
00000000
01000000
00000011
00000000
10000000
00000000
00000011
00000000
00010000
00000000
10000011
00000000
00000000
00000000
,
00100011
00000000
00000000
01000000
00000011
00000000
00100000
00000000
00000011
00000000
00010000
00000000
00100011
00000000
00000000
00000000
,
01000011
00000000
00010011
00000000
01100011
10000000
01110011
00010000
,
10000011
00000000
01000000
00110000
00000011
00000000
10000000
00000000
00000011
00000000
00010000
00000000
10000011
00000000
00000000
00000000
,
00010011
00000000
00000000
00110000
00000011
00000000
01100000
00000000
00000011
00000000
10000000
00000000
00010011
00000000
00000000
00000000
,
01000011
00000000
00000000
00100000
10000011
00000000
01100000
00000000
00000011
00000000
10000000
00000000
01000011
00000000
00000000
00000000
,
00100011
00000000
10000011
00000000
00100011
00000000
01000011
00010000
,
00100011
00000000
00000000
10000000
00000011
00000000
00100000
00000000
00000011
00000000
01000000
00000000
00010011
00000000
00010000
00000000
,
00100011
00000000
00000000
00010000
00000011
00000000
00100000
00000000
00000011
00000000
01000000
00000000
10000011
00000000
10000000
00000000
,
00100011
00000000
00000000
10000000
00000011
00000000
00100000
00000000
00000011
00000000
10000000
00000000
00010011
00000000
00000000
00000000
,
10010011
01100011
01000011
01000011
,
00100011
00000000
00000000
01000000
00000011
00000000
00010000
00000000
00000011
00000000
00100000
00000000
01000011
00000000
10000000
00000000
,
00100011
00000000
00000000
10000000
00000011
00000000
00010000
00000000
00000011
00000000
00100000
00000000
01000011
00000000
10000000
00000000
,
00010011
00000000
00000000
10000000
00000011
00000000
00100000
00000000
00000011
00000000
10000000
00000000
01000011
00000000
00100000
00000000
,
10010011
01000011
10000011
01000011
,
10000011
01000000
10000011
01000000
10000011
01000000
10000011
00000000
,
00100011
01000000
00100011
01000000
01010011
00100000
10010011
00000000
,
01000011
10000000
01100011
00000000
10010011
01000000
10100011
01000000
,
00010011
00100000
00010011
01000000
11110011
00000011
11110011
00000000
,
10000011
01000000
00100011
10000000
00100011
10000000
01010011
00000000
,
00100011
10000000
01000011
00010000
00100011
01000000
10000011
00000000
,
10000011
00100000
11000011
00100000
01010011
00100000
11000011
00000000
,
00110011
10000000
01000011
00100000
10000011
00010000
10100011
01000000
,
00010011
10000000
00100011
01000000
00010011
10000000
11110011
00000000
,
00100011
00000000
01000011
00000011
10010011
00000000
10100011
01010011
,
10100011
00000000
00000000
00010000
00000011
00000000
10000000
00000000
00000011
00000000
00010000
00000000
10000011
00000000
00000000
00000000
,
00010011
00000000
00000000
00100000
00000011
00000000
00010000
00000000
00000011
00000000
10000000
00000000
00010011
00000000
00000000
00000000
,
01000011
00000000
00000000
00100000
00000011
00000000
01000000
00000000
00000011
00000000
10000000
00000000
01000011
00000000
00000000
00000000
,
00100011
10000011
00100011
01000011
,
00010011
00000000
00000000
01000000
00000011
00000000
00010000
00000000
00000011
00000000
10000000
00000000
00010011
00000000
00000000
00000000
,
10000011
00000000
00000000
01000000
00000011
00000000
10000000
00000000
00000011
00000000
00010000
00000000
10000011
00000000
00000000
00000000
,
00100011
00000000
00000000
01000000
00000011
00000000
00100000
00000000
00000011
00000000
00010000
00000000
00100011
00000000
00000000
00000000
,
01000011
00010011
01000011
00100011
,
01000011
00000000
00000000
00010000
00000011
00000000
01000000
00000000
00000011
00000000
00100000
00000000
10000011
00000000
10000000
00000000
,
01000011
00000000
00000000
10000000
00000011
00000000
01000000
00000000
00000011
00000000
00100000
00000000
00010011
00000000
00010000
00000000
,
01000011
00000000
00000000
00010000
00000011
00000000
01000000
00000000
00000011
00000000
00010000
00000000
10000011
00000000
00000000
00000000
,
10010011
00000000
00000011
00000000
10010011
01100000
10010011
00000000
,
01000011
00000000
00000000
00100000
00000011
00000000
10000000
00000000
00000011
00000000
01000000
00000000
00100011
00000000
00010000
00000000
,
01000011
00000000
00000000
00010000
00000011
00000000
10000000
00000000
00000011
00000000
01000000
00000000
00100011
00000000
00010000
00000000
,
10000011
00000000
00000000
00010000
00000011
00000000
01000000
00000000
00000011
00000000
00010000
00000000
00100011
00000000
01000000
00000000
,
10010011
00000000
00100011
00000000
01000011
00000011
00100011
00000000
,
11110011
00000000
00000000
00000000
,
11110011
00000000
00000000
00000000
;

//---------------dance-single - M. Puls----------------
#NOTES:
     dance-single:
     M. Puls:
     Beginner:
     1:
     0.088,0.000,0.048,0.000,0.000,72.000,6.000,0.000,0.000,0.000,0.000:


0000
0000
0000
0000
,
0000
0000
0000
0000
,
0000
0000
0000
0000
,
0000
0000
0000
0000
,
0100
0000
0000
0000
,
0100
0000
0000
0000
,
0010
0000
0000
0000
,
0010
0000
0000
0000
,
1000
0000
0000
0000
,
0100
0000
0000
0000
,
0010
0000
0000
0000
,
0001
0000
0000
0000
,
0001
0000
0000
0000
,
0001
0000
0000
0000
,
1000
0000
0000
0000
,
1000
0000
0000
0000
,
0000
0000
0000
0000
,
1001
0000
0000
0000
,
0000
0000
0000
0000
,
1000
0000
0000
0000
,
0000
0000
0000
0000
,
0001
0000
0000
0000
,
1000
0000
0000
0000
,
1000
0000
0000
0000
,
0001
0000
0000
0000
,
0001
0000
0000
0000
,
0100
0000
0000
0000
,
0010
0000
0000
0000
,
0000
0000
0000
0000
,
1001
0000
0000
0000
,
1000
0000
0000
0000
,
0100
0000
0000
0000
,
1000
0000
0000
0000
,
0001
0000
0000
0000
,
0010
0000
0000
0000
,
0001
0000
0000
0000
,
1000
0000
0000
0000
,
0001
0000
0000
0000
,
1001
0000
0000
0000
,
1000
0000
0000
0000
,
1000
0000
0000
0000
,
0001
0000
0000
0000
,
0001
0000
0000
0000
,
0100
0000
0000
0000
,
0010
0000
0000
0000
,
0001
0000
0000
0000
,
0001
0000
0000
0000
,
0001
0000
0000
0000
,
1000
0000
0000
0000
,
1000
0000
0000
0000
,
0010
0000
0000
0000
,
0100
0000
0000
0000
,
1000
0000
0000
0000
,
0000
0000
0000
0000
,
1000
0000
0000
1000
,
1000
0000
0000
0000
,
0100
0000
0000
0000
,
0010
0000
0000
0000
,
0001
0000
0000
0001
,
0001
0000
0000
0000
,
0010
0000
0000
0000
,
0100
0000
0000
0000
,
0000
0000
0000
0000
,
0000
0000
0000
0000
,
1001
0000
0000
0000
,
1000
0000
0000
0000
,
0001
0000
0000
0000
,
1000
0000
0000
0000
,
1001
0000
0000
0000
,
0100
0000
0000
0000
,
0010
0000
0000
0000
,
0100
0000
0000
0000
,
1000
0000
0000
0000
,
0100
0000
0000
0000
,
0010
0000
0000
0000
,
0100
0000
0000
0000
,
1000
0000
0000
0000
,
0100
0000
0000
0000
,
0010
0000
0000
0000
,
0001
0000
0000
0000
,
1001
0000
0000
0000
;
