#TITLE:My Favourite Game;
#SUBTITLE:;
#ARTIST:Natalie Browne;
#TITLETRANSLIT:;
#SUBTITLETRANSLIT:;
#ARTISTTRANSLIT:;
#GENRE:;
#CREDIT:;
#BANNER:My Favourite Game-banner.png;
#BACKGROUND:My Favourite Game-bg.png;
#LYRICSPATH:;
#CDTITLE:;
#MUSIC:Natalie Browne - My Favourite Game(136).ogg;
#OFFSET:0.004;
#SAMPLESTART:1.730;
#SAMPLELENGTH:13.760;
#SELECTABLE:YES;
#BPMS:0.000=136.000,100.000=68.020,108.000=68.080,116.000=68.000,119.000=68.100,120.000=68.400,121.500=68.960,122.000=68.900,123.000=68.300,124.000=134.060,128.000=135.900,131.000=133.440,132.000=136.000,180.000=136.020,200.000=135.980,216.000=136.000;
#STOPS:;
#BGCHANGES:0.000=My Favourite Game-bg.png=1.000=0=0=1=====,
20.000=-random-=1.000=0=0=1=====,
36.000=-random-=1.000=0=0=1=====,
52.000=-random-=1.000=0=0=1=====,
60.000=-random-=1.000=0=0=1=====,
68.000=-random-=1.000=0=0=1=====,
84.000=-random-=1.000=0=0=1=====,
100.000=-random-=1.000=0=0=1=====,
108.000=-random-=1.000=0=0=1=====,
116.000=-random-=1.000=0=0=1=====,
120.000=-random-=1.000=0=0=1=====,
124.000=-random-=1.000=0=0=1=====,
132.000=-random-=1.000=0=0=1=====,
140.000=-random-=1.000=0=0=1=====,
148.000=-random-=1.000=0=0=1=====,
164.000=-random-=1.000=0=0=1=====,
180.000=-random-=1.000=0=0=1=====,
196.000=-random-=1.000=0=0=1=====,
212.000=-random-=1.000=0=0=1=====,
220.000=-random-=1.000=0=0=1=====,
228.000=-random-=1.000=0=0=1=====,
236.000=-random-=1.000=0=0=1=====,
244.000=-random-=1.000=0=0=1=====,
251.000=My Favourite Game-bg.png=1.000=0=0=1=====,
252.000=My Favourite Game-bg.png=1.000=0=0=1=====,
99999=-nosongbg-=1.000=0=0=0 // don't automatically add -songbackground-
;
#KEYSOUNDS:;
// cache tags:
#FIRSTBEAT:20.000;
#LASTBEAT:252.000;
#SONGFILENAME:/Songs/In The Groove/My Favourite Game/My Favourite Game.sm;
#HASMUSIC:1;
#HASBANNER:1;
#MUSICLENGTH:123.528;
// end cache tags

//---------------dance-single - K. Ward----------------
#NOTES:
     dance-single:
     K. Ward:
     Hard:
     6:
     0.422,0.000,0.235,0.316,0.045,297.000,29.000,39.000,4.000,0.000,0.000:



0000
0000
0000
0000
,
0000
0000
0000
0000
,
0000
0000
0000
0000
,
0000
0000
0000
0000
,
0000
0000
0000
0000
,
0001
0001
1000
0000
0010
0000
0110
0000
,
1000
1000
0010
0000
0100
0000
0011
0000
,
0100
0100
0010
0000
1000
0000
0110
0000
,
0001
1000
1100
0000
1000
0001
0011
0000
,
1000
0001
0020
0000
0031
0000
1100
0000
,
1000
0010
0200
0000
0301
0000
0011
0000
,
1000
0010
0100
0001
0010
0001
0100
0010
,
1000
0000
0000
0000
1100
0000
0000
0000
0000
0220
0000
0000
0000
0000
0000
0330
0000
0000
0000
0000
0000
0000
0000
0000
,
0001
0001
0100
0010
1000
1000
0200
0000
,
0310
0010
0001
1000
0010
0010
0200
0000
,
0301
0001
0100
0010
1000
1000
0200
0000
,
0320
0031
0200
0310
,
1000
0000
0010
0000
0100
0000
0000
0001
0010
0000
0001
0000
1000
0000
0000
0000
,
1000
0000
0100
0000
1000
0000
0000
0010
0100
0000
0001
0000
0010
0000
0000
0000
,
0001
0000
0100
0000
0010
0000
0000
1000
0100
0000
1000
0000
0001
0000
0000
0000
,
0001
0100
0010
1000
0010
0000
1100
0000
,
0002
1003
0020
1030
,
0200
0000
0310
0000
0001
0010
0100
0000
,
1000
0010
0100
0000
0001
0010
0100
0000
,
1000
0010
0100
0001
0020
0000
0100
0000
,
0031
0100
0100
0000
0010
1000
1000
0000
,
1000
0000
0010
0000
0100
0000
0001
0000
0010
0000
0001
0000
0100
0001
0010
0000
,
0001
1000
1000
0000
0100
0010
0010
0000
,
0002
0000
0203
0000
0320
0000
1030
0010
,
0110
0100
0001
0020
0000
0031
0000
0000
,
0010
0001
0100
0020
0000
0000
1030
0000
,
0002
0000
1000
0000
,
0010
0000
0000
0000
0100
0000
0103
M00M
,
1000
1000
0010
0100
0001
0000
0010
0000
,
0100
0100
1000
0001
0010
0000
0001
0000
,
0100
0100
0001
0010
0001
0000
1000
0000
,
2000
3010
0200
0301
,
0010
0011
1000
1100
,
1000
0001
0020
0130
,
1000
1010
0001
0011
,
1000
0000
0010
0000
1000
0010
0100
0001
,
1000
0101
1000
1100
,
0010
0100
0020
1030
,
1000
1100
0010
0110
,
0001
0000
0011
0000
1000
0001
1002
0000
,
0023
0000
0000
0100
0000
0030
1000
0000
,
2000
0000
0000
0010
0000
0000
0100
0000
,
3200
0010
0010
1000
,
0320
0001
0001
0001
,
0032
0010
0100
0023
,
0000
0200
0030
1300
,
2000
0010
3020
0100
,
0000
0000
0230
0000
0001
0301
0000
0000
,
1000
0001
1000
0001
1000
0000
0001
1000
0001
1000
0001
0000
1000
0001
1000
0001
,
1000
0000
0000
0000
,
0001
0100
0010
0000
0110
0000
0010
0000
,
1000
0010
0100
0000
0110
0000
0100
0000
,
0001
0010
0001
0000
0011
0000
0001
0000
,
0200
0001
0301
0000
0020
0001
0031
0000
,
1000
0010
0100
0000
0110
0000
0200
0000
,
0301
0010
0001
0000
0011
0000
0002
0000
,
1003
0010
0100
0000
0110
0000
0200
0000
,
0301
0010
0011
0000
0010
0100
0110
0000
,
0MM0
0000
0000
0000
;

//---------------dance-single - R. McKanna----------------
#NOTES:
     dance-single:
     R. McKanna:
     Medium:
     5:
     0.305,0.000,0.024,0.316,0.000,222.000,3.000,39.000,0.000,0.000,0.000:


0000
0000
0000
0000
,
0000
0000
0000
0000
,
0000
0000
0000
0000
,
0000
0000
0000
0000
,
0000
0000
0000
0000
,
0001
1000
0010
0010
,
0100
0001
0010
0000
0010
0000
0000
0000
,
0010
0001
0010
0100
,
0100
1000
0010
0000
0010
0000
0100
0000
,
0001
1000
0010
0010
,
1000
0010
0100
0000
0100
0000
0000
0000
,
0010
1000
0100
0010
,
0010
0001
0100
0000
0100
0000
0010
0000
,
1001
0000
0001
0000
0001
0020
0000
0000
,
0130
0000
1000
0000
1000
0020
0000
0000
,
0130
0000
0001
0000
0001
0200
0000
0000
,
0310
2000
3010
0200
,
0301
0001
0100
0100
,
0010
1000
0100
0000
0100
0000
0000
0000
,
1000
1000
0010
0010
,
1000
0001
0100
0000
0100
0000
0110
0000
,
1000
1000
0100
0100
,
0010
0100
1000
0000
0010
0000
0000
0000
,
0100
0100
0001
0001
,
0010
0100
1000
0000
0010
0000
0100
0000
,
0002
0000
0010
0000
2003
0000
0100
0010
,
3001
0010
0100
0010
,
0002
0000
0100
0000
2003
0000
0010
0100
,
3002
1000
1000
1003
,
2000
0100
0010
0001
0000
0001
3000
0000
,
0002
0010
0100
1000
0000
0000
1003
0000
,
2000
0000
3002
0000
,
2003
3100
0002
0103
,
1001
0000
1000
0000
1000
0200
0000
0000
,
0310
0000
0001
0000
0001
0200
0000
0000
,
0310
0000
1000
0000
1000
0020
0000
0000
,
0130
0002
0103
0020
,
1030
0100
0010
0002
,
0000
0000
0010
0000
0000
0000
0000
0003
,
2000
0100
0001
3010
,
0000
0001
0000
0001
,
0100
0000
0000
0010
0000
0000
0100
0000
,
0002
0000
0003
0010
,
1000
0100
0001
0010
,
1000
0100
0001
0010
,
2000
0000
3001
0100
,
0002
0000
1003
0100
,
1000
0010
0001
0100
,
1000
0010
0001
0100
,
2000
0100
0010
0001
,
0000
0001
3000
0001
,
0002
0010
0100
1000
,
0000
0010
1003
0010
,
0001
0100
1000
0100
,
0002
0000
0000
0000
,
1003
0000
1000
0000
1000
0020
0000
0000
,
0130
0000
0001
0000
0001
0020
0000
0000
,
0130
0000
1000
0000
1000
0200
0000
0000
,
0310
0002
0013
0200
,
1300
0000
0001
0000
0001
0200
0000
0000
,
0310
0000
1000
0000
1000
0200
0000
0000
,
0310
0000
0001
0000
0001
0020
0000
0000
,
0130
2000
3100
0020
,
0030
0000
0000
0000
;

//---------------dance-single - R. McKanna----------------
#NOTES:
     dance-single:
     R. McKanna:
     Easy:
     3:
     0.169,0.000,0.024,0.065,0.000,135.000,3.000,8.000,0.000,0.000,0.000:


0000
0000
0000
0000
,
0000
0000
0000
0000
,
0000
0000
0000
0000
,
0000
0000
0000
0000
,
0000
0000
0000
0000
,
1000
0000
0001
0000
,
1000
1000
1000
0000
,
0001
0000
1000
0000
,
0001
0001
0001
0000
,
0100
0000
0010
0000
,
0100
0100
0100
0000
,
0010
0000
0100
0000
,
0010
0010
0010
0000
,
0000
0001
0001
0000
,
0000
0100
0100
0000
,
0000
0010
0010
0000
,
0000
1000
0000
0100
,
1000
0000
0010
0000
,
0100
0100
0100
0000
,
0001
0000
0010
0000
,
0100
0100
0100
0000
,
0010
0000
0100
0000
,
1000
1000
1000
0000
,
0100
0000
0010
0000
,
0001
1000
1000
0010
,
0200
0001
0001
0301
,
0020
0100
0100
0130
,
2000
0010
0010
3010
,
0002
0100
0100
0103
,
2000
0000
0200
3300
,
0002
0000
0020
0033
,
0001
0000
1000
0000
,
0001
0000
0100
0000
,
0001
0010
0010
0000
,
0000
0100
0100
0000
,
0000
0010
0010
0000
,
0000
0001
0000
1000
,
0001
0000
0010
0000
,
0001
0000
0100
0000
,
0010
0000
1000
0000
,
0100
0000
1000
0000
,
0010
0000
0100
0000
,
0001
0000
0010
0000
,
0100
0000
1000
0000
,
0001
0000
0100
0000
,
0010
0000
1000
0000
,
0001
0000
1000
0000
,
0100
0000
1000
0000
,
0001
0000
0100
0000
,
1000
0000
1000
0000
,
0001
0000
1000
0000
,
0001
0000
0001
0000
,
1000
0000
0001
0000
,
0100
0000
0100
0000
,
1001
0000
0001
0000
,
1000
0001
0001
0000
,
0000
0010
0010
0000
,
0000
0100
0100
0000
,
0000
1000
0000
0001
,
0000
0010
0010
0000
,
0000
0100
0100
0000
,
0000
1000
1000
0000
,
0000
1001
0000
1001
;

//---------------dance-single - K. Ward----------------
#NOTES:
     dance-single:
     K. Ward:
     Challenge:
     10:
     0.725,0.000,0.275,0.219,0.579,566.000,34.000,27.000,77.000,0.000,0.000:


0000
0000
0000
0000
,
0000
0000
0000
0000
,
0000
0000
0000
0000
,
0000
0000
0000
0000
,
0000
0000
0000
0000
,
1000
0100
1000
0000
0010
0000
0100
0000
0001
0000
0100
0000
0010
0000
1000
0000
,
0100
1000
0100
0000
1000
0000
0010
0000
0100
0000
0001
0000
0100
0000
0001
0000
,
0100
0010
0100
0000
0001
0000
1000
0000
0010
0000
1000
0000
0010
0000
0100
0000
,
0001
0010
0001
0000
0100
0010
0100
0000
0010
1000
0010
0000
0100
0010
0100
0000
,
0001
0010
0001
0000
0100
0000
0010
0000
1000
0000
0010
0000
0100
0000
0001
0000
,
0010
0001
0010
0000
0001
0000
0100
0000
0010
0000
1000
0000
0010
0000
1000
0000
,
0010
0100
0010
0000
1000
0000
0001
0000
0100
0000
0001
0000
0100
0000
0010
0000
,
1000
0100
1000
0000
0010
0100
0010
0000
0100
0001
0100
0000
0010
0100
0010
0000
,
2001
0001
0001
0001
0001
0001
3001
0000
,
0210
0010
0010
0010
0010
0010
0310
0000
,
1002
1000
1000
1000
1000
1000
1003
0000
,
0110
0MM0
0110
MM00
1100
00MM
0011
0MM0
,
1000
0100
0010
0001
1000
0100
0010
0001
1000
0000
1000
0000
0001
0000
1000
0000
,
0001
0010
0100
1000
0001
0010
0100
1000
0001
0000
1000
0000
0001
0000
1000
0000
,
0010
1000
0001
0100
0010
1000
0001
0100
0010
0000
0010
0000
0100
0000
0010
0000
,
0100
0001
1000
0010
0100
0001
1000
0010
0200
0000
0001
0000
0301
0000
0001
0000
,
1000
0100
0010
0001
0010
0100
1000
0100
0010
0001
0010
0100
2000
0000
0000
0000
,
3001
0010
0100
1000
0100
0010
0001
0010
0100
1000
0100
0010
0002
0000
0000
0000
,
1003
0010
0100
0110
1000
0001
0011
1000
,
0001
0100
0001
0000
1000
0010
0100
0000
0001
0100
0001
0000
2000
0000
0001
0000
,
3001
0100
0010
1000
0010
0100
0001
0100
0010
1000
0010
1000
0010
0100
0001
0010
,
0001
0000
1000
0000
1000
0000
0010
0000
0100
0000
0100
0000
0001
0000
0010
0000
0010
0000
0001
0000
0001
0000
0100
0000
0010
0000
1000
0000
0010
0100
0010
0100
,
0001
0100
0010
1000
0010
0100
0001
1000
0010
0100
0010
1000
0010
0100
0001
0010
,
0002
1000
1000
1003
0200
0010
0010
0310
0002
0100
0100
0103
0020
0100
0100
0130
,
0001
0010
1000
0010
0001
0100
1000
0100
,
0001
0010
1000
0010
0001
0100
1000
0100
,
2MMM
0MMM
0MMM
0MMM
32MM
M0MM
M0MM
M0MM
,
M3M2
MMM0
MMM0
MMM0
2MM3
0MMM
0MMM
0MMM
,
3001
0010
0001
0000
0100
0000
0010
0000
1000
0100
1000
0000
0010
0000
0100
0000
,
0001
0100
0001
0000
0100
0000
0010
0000
1000
0010
1000
0000
0010
0000
0100
0000
,
0001
1000
0001
0000
0100
0000
0010
0000
1000
0001
1000
0000
0010
0000
0100
0000
,
0110
0MM0
0110
MM00
1100
00MM
0011
0MM0
,
1000
0000
1000
0000
0010
0000
0010
0000
0100
0000
0100
0000
0001
0010
0001
0000
,
1000
0000
1000
0000
0010
0000
0010
0000
0100
0000
0100
0000
0010
0100
0001
0000
,
0001
0100
0100
1000
1000
0100
0100
0001
,
0001
0000
0010
0000
0010
0000
0001
0000
0100
0000
0100
0000
0001
0010
0001
0000
,
0010
0001
0011
0100
0100
0001
0011
0100
,
0010
0010
1010
0010
0010
0100
0011
0001
,
0001
1000
1100
0010
0110
0100
0101
0001
,
1100
0001
0011
0100
0110
0010
1010
0001
,
2010
0010
0010
0001
0010
0010
0010
3001
,
0210
0010
0010
0001
0010
0010
0010
0301
,
0020
0032
0203
2300
,
3020
0032
0203
2300
,
3001
0010
1000
0010
0001
0010
1000
0010
,
0100
1000
0100
0010
0100
1000
0100
0010
,
0001
0100
0001
0100
1000
0100
1000
0001
,
0100
0010
1000
0100
0010
0100
1000
0001
,
1000
0100
1000
0100
1000
0000
0001
0010
0001
0010
0001
0000
0100
0010
0100
0010
,
0200
0000
0000
0000
0000
0000
0002
0000
0000
0303
0000
0M0M
,
1000
0010
1000
0010
0100
0001
0100
0001
1000
0010
1000
0010
0100
0001
0100
0001
,
1000
0100
1000
0100
1000
0001
1000
0001
0010
0001
0010
0001
0100
0010
0100
0010
,
1000
0001
1000
0001
0100
0010
0100
0010
1000
0001
1000
0001
0100
0010
0100
0010
,
0110
1MM0
0110
MM01
1100
01MM
0011
0MM1
,
0001
0100
0001
0100
0010
1000
0010
1000
0001
0100
0001
0100
0010
1000
0010
1000
,
0001
0010
0001
0010
0001
1000
0001
1000
0100
1000
0100
1000
0010
0100
0010
0100
,
0001
1000
0001
1000
0010
0100
0010
0100
0001
1000
0001
1000
0010
0100
0010
0100
,
0110
0MM1
0110
10MM
0011
MM10
1100
0000
;

//---------------dance-double - M. Emirzian----------------
#NOTES:
     dance-double:
     M. Emirzian:
     Easy:
     2:
     0.135,0.000,0.000,0.008,0.000,116.000,0.000,1.000,0.000,0.000,0.000:


00000000
00000000
00000000
00000000
,
00000000
00000000
00000000
00000000
,
00000000
00000000
00000000
00000000
,
00000000
00000000
00000000
00000000
,
00000000
00000000
00000000
00000000
,
00000000
10000000
00000000
00100000
,
00000000
01000000
00000000
00001000
,
00000000
00010000
00000000
00000010
,
00000000
00001000
00000100
00000000
,
00000000
00000010
00000000
00000001
,
00000000
00001000
00000000
00000010
,
00000000
00001000
00000000
00000100
,
00000000
00010000
00001000
00000000
,
00000000
01000000
00000000
00010000
,
00000000
00100000
00000000
01000000
,
00000000
10000000
00000000
00010000
,
00000000
01000000
00000000
00001000
,
00000000
00010000
00000000
00000010
,
00000000
00001000
00000000
00000100
,
00000000
00000010
00000000
00000001
,
00000000
00001000
00000010
00000000
,
00000000
00010000
00000000
00001000
,
00000000
01000000
00000000
00010000
,
00000000
00100000
00000000
01000000
,
00000000
10000000
00010000
00000000
,
01000000
00000000
00100000
10000000
,
01000000
00000000
00100000
00000000
,
00001000
00000000
00010000
00000010
,
00001000
00000000
00000100
00000000
,
00000010
00000000
00000000
00000000
,
00000001
00000000
00000000
00000000
,
00000100
00000000
00000100
00000000
,
00000100
00000010
00010000
00001000
,
00010000
00100000
00000000
10000000
,
00000000
00010000
00000000
00100000
,
00000000
01000000
00000000
10000000
,
00000000
00010000
00000000
01000000
,
00000000
00001000
00000000
00010000
,
00010000
00000000
00000000
00000100
,
00000000
00000010
00000010
00000000
,
00000000
00000001
00000000
00000100
,
00000100
00000000
00000000
00000010
,
00000000
00010000
00010000
00000000
,
00000000
00001000
00000000
01000000
,
01000000
00000000
00100000
00000000
,
00000000
10000000
00000000
01000000
,
01000000
00000000
00000000
00010000
,
00000000
00000000
00001000
00001000
,
00000000
00000000
00000100
00000000
,
00000001
00000001
00000000
00001000
,
00000000
00000010
00000000
00000100
,
00000000
00000001
00000000
00000100
,
00000000
00001000
00000000
00010000
,
00002000
00000000
00000000
00000000
,
00000000
00000000
00000000
00000000
,
00003000
01000000
00000000
00100000
,
00000000
10000000
00000000
01000000
,
00000000
00100000
00000000
00010000
,
00000000
01000000
00000000
00001000
,
00000000
00010000
00000000
00000100
,
00000000
00001000
00000000
00000010
,
00000000
00000100
00000000
00000001
,
00000000
00000010
00000000
00000100
;

//---------------dance-double - M. Emirzian----------------
#NOTES:
     dance-double:
     M. Emirzian:
     Medium:
     5:
     0.296,0.000,0.008,0.032,0.000,251.000,1.000,4.000,0.000,0.000,0.000:


00000000
00000000
00000000
00000000
,
00000000
00000000
00000000
00000000
,
00000000
00000000
00000000
00000000
,
00000000
00000000
00000000
00000000
,
00000000
00000000
00000000
00000000
,
10000000
00000000
10000000
00000000
10000000
00000000
10000000
00100000
,
00100000
00000000
00100000
00000000
00100000
00000000
00100000
01000000
,
01000000
00000000
01000000
00000000
01000000
00000000
01000000
00001000
,
00010000
00000000
00001000
00000000
00010000
00000100
00001000
00000000
,
00000010
00000000
00000010
00000000
00000010
00000000
00000010
00000100
,
00000100
00000000
00000100
00000000
00000100
00000000
00000100
00000001
,
00000001
00000000
00000001
00000000
00000001
00000000
00000001
00000010
,
00000100
00000000
00001000
00000010
00010000
00000000
00001000
00000000
,
00010000
00000000
01000000
00000000
10000000
00000000
00100000
10000000
,
01000000
00000000
10000000
00000000
00100000
00000000
01000000
00100000
,
00010000
00000000
00001000
00000000
00010000
00000000
00001000
00010000
,
01000000
00000000
00010000
00001000
00000100
00000000
00000001
00000000
,
00000010
00000000
00000010
00000000
00000010
00000000
00000010
00000010
,
00000100
00000000
00000100
00000000
00000100
00000000
00000100
00000100
,
00010000
00000000
00010000
00000000
00010000
00000000
00010000
00001000
,
01000000
00000000
00001000
00010000
00100000
00000000
10000000
00000000
,
00100000
00000000
00100000
00000000
00100000
00000000
00100000
01000000
,
01000000
00000000
01000000
00000000
01000000
00000000
01000000
01000000
,
00001000
00000000
00001000
00000000
00001000
00000000
00001000
00010000
,
00000100
00000000
00000010
00000001
00001000
00000000
00001001
00000000
,
00000100
00000010
00000001
00001000
,
00000010
00000000
00010000
00001000
,
01000000
00100000
10000000
00010000
,
01000000
00000000
00100000
10000000
,
01000000
00000000
00000000
00000000
,
00010000
00000000
00001000
00000000
,
00000100
00000000
00000001
00000000
,
00001000
00000000
00000010
00000000
00000100
00000001
00000100
00000010
,
00001000
00000000
00000100
00000000
00010000
00000000
00001000
01000000
,
00010000
00000000
00100000
00000000
01000000
00000000
10000000
00100000
,
01000000
00000000
00010000
00000000
00100000
00000000
01000000
10000000
,
00010000
00000000
00100000
00001000
00010000
00000000
00000100
00000000
,
00000010
00000001
00000020
00000100
,
00000030
00001000
00000010
00010000
,
00001000
01000000
00200000
10000000
,
00300000
01000000
00100000
00001000
,
00010000
00001000
00000200
00000001
,
00000300
00000010
00001000
00000100
,
00001000
00000001
00001000
00000100
,
00010000
00001000
01000000
00100000
,
10000000
00010000
10000000
00010000
,
10000000
00010000
01000000
00000000
00100000
00000000
10000000
00000000
,
01000000
00010000
00001000
00000100
,
00000001
00000000
00001000
00000000
00000001
00000100
00000010
00000000
,
00001000
00000100
00000010
00000001
,
00001000
00000010
00010000
00001000
,
00010000
00001000
00010000
01000000
,
10000000
00000000
00010000
00000000
00100000
01000000
10000000
01000000
,
00200000
00000000
00000000
00000000
,
00000000
00000000
00000000
00000000
,
00310000
00000000
01000000
00000000
00100000
00000000
10000000
01000000
,
00100000
00000000
00001000
00000000
00010000
00000000
00001000
00010000
,
00000010
00000000
00010000
00000000
00001000
00000000
00000010
00000001
,
00000100
00000000
00000010
00001000
00000001
00000000
00000100
00000000
,
00001000
00000000
00010000
00000000
00001000
00000000
00010000
01000000
,
10000000
00000000
00100000
00000000
01000000
00000000
00010000
00100000
,
01000000
00000000
10000000
00000000
00100000
00000000
01000000
00001000
,
00010000
00000000
00001000
00000010
00000001
00000000
00000010
00000000
;

//---------------dance-double - M. Emirzian----------------
#NOTES:
     dance-double:
     M. Emirzian:
     Hard:
     7:
     0.450,0.000,0.356,0.186,0.089,322.000,44.000,23.000,0.000,0.000,0.000:


00000000
00000000
00000000
00000000
,
00000000
00000000
00000000
00000000
,
00000000
00000000
00000000
00000000
,
00000000
00000000
00000000
00000000
,
00000000
00000000
00000000
00000000
,
10000000
00000000
01000000
00100000
01000000
10000000
00100000
00000000
,
00010000
00000000
00001000
00010000
01000000
00000000
10000000
00000000
,
01000000
00000000
00010000
00001000
00000100
00001000
00010000
00000000
,
00002010
00000000
00000000
00013000
00001000
00000000
00000000
00000000
00002010
00000000
00000000
00013000
00001000
00000000
00000000
00000000
,
00010100
00000000
00001000
00000100
00000010
00000100
00001000
00000000
,
00000101
00000000
00000100
00000010
00001000
00000000
00000101
00000000
,
00000011
00000000
00001000
00010000
01000000
00010000
00001000
00000000
,
00120000
00000000
00000000
00031000
00010000
00000000
00000000
00000000
00120000
00000000
00000000
00031000
00010000
00000000
00000000
00000000
,
01001000
00000000
00010000
00100000
01000000
00100000
00010000
00000000
,
10010000
00000000
00100000
01000000
10000000
00010000
01000000
00000000
,
00101000
00000000
00001000
00010000
01000000
00010000
00001000
00000010
,
00000001
00001000
00000000
00000000
00000100
00000000
00000100
00000000
00000010
00000001
00000000
00000000
00001100
00000000
00000000
00000000
,
00001001
00000000
00000100
00000010
00000100
00001000
00010000
00000000
,
00001100
00000000
00000100
00000001
00001000
00000000
00000011
00000000
,
00001010
00000000
00001000
00010000
00100000
00010000
00001000
00000000
,
01020000
00000000
00000000
00031000
00010000
00000000
00000000
00000000
01020000
00000000
00000000
00031000
00010000
00000000
00000000
00000000
,
00101000
00000000
00010000
01000000
00100000
01000000
00010000
00000000
,
00110000
00000000
01000000
10000000
00010000
00000000
01100000
00000000
,
01010000
00000000
00010000
00001000
00000010
00001000
00010000
00000000
,
00002100
00000000
00000000
00013000
00001000
00000000
00000000
00000000
00002100
00000000
00000000
00013000
00001000
00000000
00000000
00000000
,
00010010
00000000
00000000
00000000
00001000
00000000
00000000
00000000
00000100
00000000
00000010
00000000
00000001
00000000
00000000
00000010
,
00000100
00000000
00000000
00000000
00010000
00000000
00000000
00000000
00100000
00000000
00000000
00000000
10000000
00000000
00000000
01000000
,
00010000
00000100
00000010
00000001
,
00000100
00000000
00000020
00020030
,
02030000
03000000
00000000
00000000
,
20000000
30000000
00002000
00003000
,
00010000
00000000
00001000
00000000
00010000
00000000
00001000
00010000
,
00001000
00000000
00000100
00000001
00000010
00000100
00000010
00000001
,
00001001
00000000
00000100
00000010
00000100
00000001
00001000
00000000
,
00001100
00000000
00010000
00001000
00000100
00001000
00010000
00000000
,
01001000
00000000
00010000
01000000
00100000
10000000
01000000
00100000
,
00010000
10000000
00000000
00000000
00100000
00000000
00100000
00000000
01000000
00010000
00000000
00000000
00100000
00000000
00001000
00000000
,
00010000
00000000
00001000
00000000
00000100
00000000
00000001
00000010
,
00001002
00000100
00000013
00001100
,
00000010
00000000
00010000
00000000
00001000
00000000
00000100
00001000
,
00021000
00100000
00031000
01001000
,
00010000
00000000
01000000
00000000
10000000
00000000
00100000
01000000
,
02010000
00010000
03001000
00011000
,
01000000
00010000
00001000
00000000
00000010
00001000
00010000
00000000
,
00000010
00010000
00001000
00000000
00001100
00000000
00001010
00000000
,
00000100
00000010
00000001
00000000
00001000
00000100
00000010
00000000
,
00000001
00000100
00001000
00000000
00010000
00001000
01000000
00100000
,
20010000
00010000
31000000
00110000
,
10000000
01000000
00010000
00000000
00001000
00010000
00100000
00010000
,
00001000
00000000
00010000
00000000
01000000
00000000
00010000
00001000
,
00000100
00000000
00000000
00000000
00001000
00000000
00010000
00000000
00001000
00000000
00000000
00000000
00120000
00000000
00000000
00031000
,
00010000
00000000
00000000
00000000
00120000
00000000
00000000
00031000
00010000
00000000
00000000
00000000
00002100
00000000
00000000
00013000
,
00001000
00000000
00000000
00000000
00002100
00000000
00000000
00013000
00001000
00000000
00000000
00000000
00001001
00000000
00000000
00000000
,
00000220
00000000
00000000
00000000
,
00000000
00000000
00000000
00000330
,
00000001
00000100
00000010
00000100
00000001
00001000
00000100
00000000
,
00000010
00000100
00001000
00000100
00010000
00000010
00001000
00000000
,
00000100
00010000
00001000
01000000
00100000
01000000
00010000
00100000
,
01000000
10000000
00000000
00000000
00010000
00000000
00010000
00000000
01000000
00100000
00000000
00000000
10000000
00000000
01000000
00000000
,
00100000
01000000
00010000
00001000
00010000
00000100
00000010
00000000
,
00000100
00001000
00000010
00000100
00000010
00001000
00000001
00000000
,
00000010
00000100
00001000
00000010
00000100
00001000
00010000
00100000
,
01000000
00010000
00000000
00000000
00100000
00000000
00100000
00000000
01000000
10000000
00000000
00000000
00010000
00000000
00000000
00000000
;

//---------------dance-double - M. Emirzian----------------
#NOTES:
     dance-double:
     M. Emirzian:
     Challenge:
     9:
     0.572,0.000,0.121,0.040,0.210,475.000,15.000,5.000,2.000,0.000,0.000:


00000000
00000000
00000000
00000000
,
00000000
00000000
00000000
00000000
,
00000000
00000000
00000000
00000000
,
00000000
00000000
00000000
00000000
,
00000000
00000000
00000000
00000000
,
00010000
00000000
00100000
00000000
01000000
00000000
10000000
00000000
00010000
00000000
00100000
01000000
10000000
00000000
00100000
00000000
,
01000000
00000000
00100000
00000000
00010000
00000000
00001000
00000000
01000000
00000000
00001000
00010000
00001000
00000000
00000010
00000000
,
00000001
00000000
00001000
00000000
00000100
00000000
00000010
00000000
00000001
00000000
00001000
00000100
00000010
00000000
00000001
00000000
,
00000100
00000000
00000010
00001000
00000010
00000000
00010000
00000000
00001000
00000000
01000000
00010000
01000000
00000000
00100000
00000000
,
10000000
00000000
00010000
00000000
01000000
00000000
00100000
00000000
01000000
00000000
00010000
01000000
00001000
00000000
00010000
00000000
,
00001000
00000000
00000010
00000000
00000001
00000000
00000100
00000000
00000010
00000000
00000100
00000001
00001000
00000000
00000100
00000000
,
00000010
00000000
00000100
00000000
00010000
00000000
00001000
00000000
01000000
00000000
00001000
00010000
00001000
00000000
00100000
00000000
,
01000000
00000000
10000000
01000000
10000000
00000000
00010000
00000000
01000000
00000000
00100000
00000000
10010000
00000000
00000000
00000000
,
10000000
00000000
01000000
00000000
00100000
00000000
00010000
00000000
10000000
00000000
01000000
00000000
00100000
00000000
00010000
00100000
,
00001000
00000000
00010000
00000000
00000100
00000000
00001000
00000000
00000010
00000000
00000100
00000000
00000001
00000000
00001000
00000010
,
00000100
00000000
00000001
00000000
00000010
00000000
00000100
00000000
00000010
00000000
00001000
00000000
00010000
00000000
00100000
01000000
,
00010000
00000000
00100000
00000000
01000000
00000000
10000000
00010000
00100000
00000000
01000000
00000000
11000000
00000000
00000000
00000000
,
00100000
00000000
00010000
00000000
10000000
00000000
01000000
00000000
00100000
00000000
00010000
10000000
01000000
00000000
00100000
00000000
,
00001000
00000000
00010000
00000000
00001000
00000000
00000100
00000000
00000010
00000000
00001000
00000100
00001000
00000000
00000001
00000000
,
00000100
00000000
00000010
00000000
00001000
00000000
00000001
00000000
00000100
00000000
00000010
00010000
00001000
00000000
01000000
00000000
,
00001000
00000000
00010000
00001000
00100000
00000000
00010000
00000000
01000000
00000000
00100000
10000000
00010000
00000000
00100000
00000000
,
01000000
00000000
00100000
00000000
00010000
00000000
01000000
00000000
00100000
00000000
10000000
00010000
00100000
00000000
01000000
00000000
,
00100000
00000000
00001000
00000000
00010000
00000000
00001000
00000000
00000100
00000000
00000001
00000010
00000001
00000000
00000100
00000000
,
00000010
00000000
00010000
00000000
00001000
00000000
00000100
00000000
00000001
00000000
00000010
00000100
00000010
00000000
00000001
00000000
,
00000100
00000000
00000010
00001000
00000010
00000000
00010000
00000000
00001000
00000000
01000000
00010000
10000000
00000000
01100000
00000000
,
10010000
00010000
10000000
01000000
00100000
00010000
01000000
00100000
,
01000000
00001000
00010000
00000010
00001000
00000010
00000100
00001000
,
00010000
00100000
10000000
01000000
00010000
00001000
00000100
00000010
,
00000100
00000001
00000010
00000100
00001000
00000001
00000100
00001000
,
00010000
00000000
00000000
00000000
,
10000000
M0000000
00000001
0000000M
,
00010000
00001000
00010000
00000000
01000000
00000000
00010000
00001000
00010000
00000000
00000100
00000000
00010000
00001000
00010000
00000000
,
00100000
00000000
00010000
00001000
00010000
00000000
00000010
00000000
00010000
00001000
00010000
00000000
00011000
00000000
00001000
00000000
,
00010000
00000000
01000000
00000000
10000000
00000000
00100000
00000000
10000000
00000000
01000000
00000000
00100000
00000000
00010000
00100000
,
01000000
00000000
10000000
00000000
00100000
00000000
01000000
00000000
00001000
00000000
00010000
00000000
00000100
00000000
00000010
00000100
,
00001000
00000000
00000001
00000000
00000010
00000000
00000100
00000000
00001000
00000000
00000010
00000000
00000100
00000000
00000001
00000100
,
00000010
00000000
00010000
00000000
00001000
00000000
00100000
00010000
01000000
00000000
00100000
00000000
10100000
00000000
10010000
00000000
,
01000000
00000000
00100000
00000000
00010000
00000000
10000000
00010000
10000000
00000000
01000000
00000000
01000000
00000000
01100000
00000000
,
00100000
00000000
00010000
00000000
01000000
00000000
00001000
00010000
00001000
00000000
00000100
00000000
00000100
00000000
00000001
00000000
,
00000010
00000100
00001000
00000001
00000100
00000010
00000100
00001000
,
00020000
01000000
00001000
01030000
,
10000000
00000000
00100000
00000000
01000000
00000000
00010000
00100000
00010000
00000000
10000000
00000000
10000000
00000000
10010000
00000000
,
01000000
00000000
00100000
00000000
00001000
00000000
00010000
00001000
00010000
00000000
00100000
00000000
00100000
00000000
00010000
00000000
,
00001000
00000100
00000001
00000010
00000100
00001000
00000001
00000100
,
00000020
00010000
00000100
00010030
,
00000100
00000000
00010000
00000000
00001000
00000000
01000000
00010000
01000000
00000000
00100000
00000000
00100000
00000000
10010000
00000000
,
10000000
00000000
01000000
00000000
00100000
00000000
00010000
10000000
00010000
00000000
01000000
00000000
01000000
00000000
00100000
00000000
,
10000000
01000000
00100000
00010000
01000000
00100000
00010000
00001000
,
00020000
00001000
01000000
00031000
,
00010000
00000000
00100000
00000000
00010000
00000000
00001000
00010000
00001000
00000000
00000100
00000000
00000100
00000000
00000101
00000000
,
00000001
00000000
00000010
00000000
00000100
00000000
00001000
00000001
00001000
00000000
00000010
00000000
00000100
00000000
00001000
00000000
,
00010000
00011000
00001000
00000100
00000001
00001001
00000010
00000100
,
00020000
00001000
00100000
00031000
,
00010000
00001000
00010000
00000000
00000010
00000000
00010000
00001000
00010000
00000000
01000000
00000000
00010000
00001000
00010000
00002000
,
00000000
00000000
00000000
00000000
00000000
00000000
00000000
00003000
,
00010000
00000000
00001000
00000000
01000000
00000000
00100000
00000000
10000000
00000000
01000000
00000000
00010000
00000000
01000000
10000000
,
00010000
00000000
00100000
00000000
01000000
00000000
10000000
00000000
00010000
00000000
00100000
00000000
00001000
00000000
00010000
00001000
,
00010000
00000000
00100000
00000000
00010000
00000000
00001000
00000000
00000100
00000000
00001000
00000000
00010000
00000000
00000010
00001000
,
00000010
00000000
00000100
00000000
00000001
00000000
00000010
00000100
00001000
00000000
00000001
00000000
00001001
00000000
00000000
00000000
,
00000100
00000000
00000010
00000000
00010000
00000000
00001000
00000000
00010000
00000000
01000000
00000000
10000000
00000000
00100000
10000000
,
00100000
00000000
01000000
00000000
00010000
00000000
10000000
00000000
00100000
00000000
01000000
00000000
00010000
00000000
00100000
01000000
,
10000000
00010000
00100000
00001000
00010000
00001000
00000100
00000001
,
00000100
00000010
00001000
00000000
00000001
00000000
00000010
00000000
00000100
00001000
00000001
00000000
00001100
00000000
00000000
00000000
;

//---------------lights-cabinet - ----------------
#NOTES:
     lights-cabinet:
     :
     Easy:
     1:
     0.986,0.356,1.000,0.016,0.000,317.000,247.000,2.000,0.000,216.000,0.000:


00000000
00000000
00000000
00000000
,
10000011
00100000
10000011
00000000
00010011
00100000
00010011
00000000
,
10000011
01000000
10000011
00000000
00010011
00100000
00010011
00000000
,
10000011
00100000
01000011
00010000
10000011
00100000
01000011
00010000
,
10000011
11110000
00010011
11110000
,
00010011
00010000
10000011
00000000
00100011
00000000
01100011
00000000
,
10000011
10000000
00100011
00000000
01000011
00000000
00110011
00000000
,
01000011
01000000
00100011
00000000
10000011
00000000
01100011
00000000
,
10000011
00110011
00010011
11000011
,
10000011
00010000
01000011
00000000
00010011
00000000
11000011
00000000
,
10000011
00100000
01000011
00000000
00010011
00000000
00110011
00000000
,
10000011
00100000
01000011
00000000
00010011
00100000
00010011
00000000
,
11000011
01100000
00110011
00000011
,
00010011
00010000
01000011
00100000
10000011
10000000
01000011
00000000
,
00100011
00100000
00010011
10000000
00100011
00100000
01000011
00000000
,
00010011
00010000
01000011
00100000
10000011
10000000
01000011
00000000
,
00100011
00010011
01000011
00100011
,
10000011
00100000
01000011
00000000
00010011
01000000
00010011
00000000
,
10000011
01000000
10000011
00100000
01000011
00010000
00100011
00000000
,
00010011
01000000
00100011
00000000
10000011
01000000
10000011
00000000
,
00010011
01000000
00100011
10000000
00100011
00000000
01100011
00000011
,
00010011
10000011
00100011
10000011
,
01000011
10000011
00100011
01000011
,
00010011
00110011
10000011
11000011
,
00010011
10000000
00010000
10000000
00100011
00000000
01000011
00000011
,
10010011
01100000
10010000
01100000
10010000
11100000
10010000
01100000
,
10010000
01100000
10010000
01100000
10010011
01100000
10010011
01100000
,
10010011
11000000
11110000
00100000
01000000
00100000
11110000
01000000
,
00010000
00100000
01000000
00010000
10000011
00100000
10000011
00010000
,
11110011
00100000
01000000
10010000
00000000
01100000
00000000
00000000
,
10010000
00100000
01000000
00110000
00000011
00000000
11000011
00000000
,
11110011
11110000
11110000
11110000
,
10000000
01000000
00100000
00010000
10000000
01000000
00100000
00010000
,
10000011
10000000
00100011
01000000
00010011
00000000
00100011
00000000
,
10000011
10000000
00100011
01000000
00010011
00000000
00100011
00000000
,
00010011
00010000
01000011
00100000
10000011
00000000
01100011
00000000
,
10000011
00100011
01000011
00010011
,
00100011
00110011
10000011
01100011
,
10000011
00100011
01000011
00010011
,
10000011
10100011
00010011
00110011
,
10000011
00100011
01000011
00010011
,
10000011
01010011
10000011
11000011
,
00100011
01000011
00100011
10000011
,
00100011
11000011
00100011
01100011
,
00010011
00000000
00110011
00000000
00010011
01100000
10010011
00000000
,
00100011
01000011
01000011
10000011
,
10000011
00010011
00100011
00100011
,
01000011
01100011
10100011
00000011
,
01100011
10010011
20020011
30030011
,
00010011
00100011
01000011
00100011
,
00010011
11000011
01100011
11000011
,
00010011
01000011
01000011
00100011
,
10000011
00000000
00100011
00000000
01000011
00000000
00010011
01100011
,
10010011
00000000
00000000
00000000
,
10010011
00000000
00000000
00000000
,
00010011
01000000
00100011
00000000
11110011
00000000
00000011
00000000
,
10000011
00100000
01000011
00000000
11110011
00000000
00000011
00000000
,
00010011
00100000
00010011
00000000
11110011
00000000
00000011
00000000
,
10000011
11110011
00010011
11110011
,
10000011
00100000
01000011
00000000
01100011
00000000
00000011
00000000
,
00010011
00100000
00010011
00000000
00110011
00000000
00000011
00000000
,
10000011
00100000
01000011
00000000
01100011
00000000
00000011
00000011
,
00010011
00110011
00100011
01100011
;

//---------------dance-single - M. Puls----------------
#NOTES:
     dance-single:
     M. Puls:
     Beginner:
     1:
     0.069,0.000,0.016,0.000,0.000,58.000,2.000,0.000,0.000,0.000,0.000:


0000
0000
0000
0000
,
0000
0000
0000
0000
,
0000
0000
0000
0000
,
0000
0000
0000
0000
,
0000
0000
0000
0000
,
1000
0000
0000
0000
,
0000
0000
0000
0000
,
0001
0000
0000
0000
,
1000
0000
0000
0000
,
0100
0000
0000
0000
,
0010
0000
0000
0000
,
0001
0000
0000
0000
,
1000
0000
0000
0000
,
0001
0000
0000
0000
,
0001
0000
0000
0000
,
0001
0000
0000
0000
,
0100
0000
0000
0100
,
0000
0000
0000
0000
,
1000
0000
0000
0000
,
0001
0000
0000
0000
,
0001
0000
0000
0000
,
0010
0000
0000
0000
,
0100
0000
0000
0000
,
1000
0000
0000
0000
,
0001
0000
0000
0000
,
1000
0000
0000
0000
,
1000
0000
0000
0000
,
0001
0000
0000
0000
,
0001
0000
1000
0000
,
1000
0000
0100
0000
,
0010
0000
0001
0000
,
0100
0000
0000
0000
,
0000
0000
0000
0000
,
1000
0000
0000
0000
,
1000
0000
0000
0000
,
1000
0000
0000
0000
,
0010
0000
0000
0010
,
0000
0000
0000
0000
,
1000
0000
0000
0000
,
0100
0000
0000
0000
,
1000
0000
0000
0000
,
0001
0000
0000
0000
,
0010
0000
0000
0000
,
0001
0000
0000
0000
,
0100
0000
0000
0000
,
0010
0000
0000
0000
,
0100
0000
0000
0000
,
1000
0000
0000
0000
,
1000
0000
0000
0000
,
0001
0000
0000
0000
,
0001
0000
0000
0000
,
0000
0000
0000
0000
,
0000
0000
0000
0000
,
1001
0000
0000
0000
,
0000
0000
0000
0000
,
1000
0000
1000
0000
,
0001
0000
0001
0000
,
0000
0000
0000
0000
,
0000
0100
0000
0100
,
0000
0000
0000
0000
,
0010
0000
0000
0000
,
0100
0000
0000
0000
,
0100
0000
0000
1001
;
