#TITLE:Incognito;
#SUBTITLE:;
#ARTIST:Inspector K;
#TITLETRANSLIT:;
#SUBTITLETRANSLIT:;
#ARTISTTRANSLIT:;
#GENRE:Techno;
#CREDIT:;
#BANNER:Incognito-banner.png;
#BACKGROUND:Incognito-bg.png;
#LYRICSPATH:;
#CDTITLE:;
#MUSIC:Incognito.ogg;
#OFFSET:0.020;
#SAMPLESTART:6.380;
#SAMPLELENGTH:11.940;
#SELECTABLE:YES;
#BPMS:0.000=150.000;
#STOPS:;
#BGCHANGES:16.000=In The Groove 2/773_JumpBack.mpg=1.000=0=0=1=====,
32.000=In The Groove 2/747_JumpBack.mpg=1.000=0=0=1===FadeLeft==,
48.000=In The Groove 2/773_JumpBack.mpg=1.000=0=0=1===FadeRight==,
64.000=In The Groove 2/747_JumpBack.mpg=1.000=0=0=1===FadeLeft==,
80.000=In The Groove 2/948_JumpBack.mpg=1.000=0=0=1===FadeDown==,
96.000=In The Groove 2/641_JumpBack.mpg=1.000=0=0=1=====,
112.000=In The Groove 2/946_JumpBack.mpg=1.000=0=0=1=====,
128.000=In The Groove 2/919_JumpBack.mpg=1.000=0=0=1=SongBgWithMovieViz==FadeUp==,
144.000=In The Groove 2/754_JumpBack.mpg=1.000=0=0=1=====,
156.000=In The Groove 2/754_JumpBack.mpg=1.000=0=0=1=SongBgWithMovieViz====,
160.000=In The Groove 2/773_JumpBack.mpg=1.000=0=0=1=====,
176.000=In The Groove 2/747_JumpBack.mpg=1.000=0=0=1===FadeLeft==,
192.000=In The Groove 2/773_JumpBack.mpg=1.000=0=0=1===FadeRight==,
208.000=In The Groove 2/747_JumpBack.mpg=1.000=0=0=1===FadeLeft==,
224.000=In The Groove 2/452_JumpBack.mpg=1.000=1=0=1===CrossFade==,
240.000=In The Groove 2/779_JumpBack.mpg=1.000=0=0=1=====,
256.000=Incognito-bg.png=1.000=0=0=1=====,
99999=-nosongbg-=1.000=0=0=0 // don't automatically add -songbackground-
;
#BGCHANGES2:16.000=white flash=1.000=0=0=1=====,
96.000=white flash=1.000=0=0=1=====,
108.000=yellow flash=1.000=0=0=1=====,
112.000=white flash=1.000=0=0=1=====,
144.000=yellow flash=1.000=0=0=1=====,
156.000=yellow flash=1.000=0=0=1=====,
160.000=white flash=1.000=0=0=1=====,
240.000=white flash=1.000=0=0=1=====,
252.000=yellow flash=1.000=0=0=1=====,
256.000=white flash=1.000=0=0=1=====,
;
#KEYSOUNDS:;
// cache tags:
#FIRSTBEAT:12.000;
#LASTBEAT:259.000;
#SONGFILENAME:/Songs/In The Groove 2/Incognito/Incognito.sm;
#HASMUSIC:1;
#HASBANNER:1;
#MUSICLENGTH:105.599;
// end cache tags

//---------------dance-single - K. Ward----------------
#NOTES:
     dance-single:
     K. Ward:
     Medium:
     5:
     0.325,0.000,0.521,0.095,0.000,175.000,55.000,10.000,0.000,0.000,0.000:
0000
0000
0000
0000
,
0000
0000
0000
0000
,
0000
0000
0000
0000
,
0000
0000
0000
0000
,
1000
0000
0100
0000
0010
0000
0001
0010
,
0001
0010
0200
0000
,
1300
0000
0100
0000
0010
0000
0100
1000
,
0001
0010
0020
0000
,
0130
0000
1010
0000
0100
0000
0001
0010
,
0100
0010
0110
0000
,
1000
0000
0001
0000
0011
0000
0100
1000
,
0010
0100
0110
0000
,
0010
0100
0001
0000
0011
0000
1001
0000
,
0000
0110
1001
0000
,
0001
0010
0001
0000
0101
0000
1001
0000
,
0000
1001
0110
0000
,
1100
0101
1100
0101
,
0010
0110
0001
1001
,
1100
0101
1000
0100
,
1001
0000
0110
0000
,
0001
0000
0010
0000
0100
0000
1000
0001
,
0000
0000
0000
0000
,
1000
0000
0100
0000
0010
0000
0001
1000
,
0000
0000
0000
0000
,
0001
0001
0001
0001
,
0002
0000
0000
0003
,
0010
0010
0010
0010
,
0020
0000
0000
0030
,
0100
1000
0010
0001
,
0100
1000
0010
0000
,
0010
1000
0100
0001
,
0010
1000
0100
0001
,
1000
0000
0000
0110
0000
0000
0000
0000
,
0001
0000
0000
0110
0000
0000
0000
0000
,
1000
0000
0000
0110
0000
0000
0000
0000
,
0001
0000
0000
0110
0000
0000
0000
0000
,
1001
0000
0000
0000
,
1001
0000
0000
0000
,
1001
0000
0000
0000
,
0220
0000
0330
0000
,
1000
0000
1000
0100
0000
0100
0020
0000
,
0000
0001
0031
0000
,
0010
0000
0010
0100
0000
0100
2000
0000
,
0000
0010
3100
0000
,
0001
0000
0000
0200
0000
0000
0010
0000
,
0310
0000
0011
0000
,
0020
0000
0000
0100
0000
0000
0130
0000
,
1000
0010
0001
0010
,
1000
0011
0000
1000
,
0001
1001
0000
0100
,
1000
1010
0000
0001
,
1000
0000
0110
0000
,
1001
0101
1100
0011
,
1001
0000
0110
0000
,
1001
0101
1001
0101
,
0110
0110
0110
0000
,
0001
0000
0010
0000
0100
0000
0010
0001
,
0000
0000
0000
0000
,
0010
0000
0100
0000
1000
0000
0010
0100
,
0000
0000
0000
0000
,
1001
0000
0000
0110
0000
0000
0000
0000
,
0110
0000
0000
1001
0000
0000
0000
0000
,
1001
0000
0000
0110
0000
0000
0000
0000
,
0001
0000
0000
0000
,
1001
0000
0000
0000
;

//---------------dance-single - K. Ward----------------
#NOTES:
     dance-single:
     K. Ward:
     Hard:
     8:
     0.496,0.000,0.407,0.294,0.090,293.000,43.000,31.000,24.000,0.000,0.000:
0000
0000
0000
0000
,
0000
0000
0000
0000
,
0000
0000
0000
0000
,
0000
0000
0000
0000
,
0001
0000
0100
0010
0000
0100
0001
0011
,
0000
0000
0000
0001
0100
0010
1000
0100
,
0010
0000
0100
1000
0000
0100
1100
0000
,
0000
0000
0000
0010
2000
0000
3100
0000
,
0001
0100
1000
0000
1000
0100
0001
0000
,
0001
0010
0100
0010
0100
0000
1100
0000
,
0001
0100
0010
0000
0010
0100
0001
0000
,
1000
0100
1000
0100
1000
0000
0000
0000
0010
0000
0000
0000
0110
0000
0000
0000
,
0012
1000
0100
1003
,
2100
0001
0010
3001
,
0012
1000
0100
1003
,
1000
0100
0001
0000
0001
0100
1000
0000
,
0010
0000
1000
0010
0000
0100
0001
0011
,
0000
00MM
0000
0001
0100
0010
2000
0000
,
3100
0000
0010
0100
0000
0010
0001
0000
,
1000
0100
1000
0100
1000
0000
0000
0000
0001
0000
0000
0000
0110
0000
0000
0000
,
1001
0000
0010
0100
0000
0010
1000
1100
,
0000
0000
M00M
0000
,
0011
0000
0100
0010
0000
0100
0001
1001
,
0000
0000
M00M
0000
,
0001
0100
0010
0100
1000
0100
1000
0000
,
0100
0001
0000
0001
0020
0000
0130
0000
,
1000
0010
0100
0010
0001
0010
0002
0000
,
0013
0000
0000
0000
0000
0000
0100
0010
0100
0000
0001
0000
0011
0000
0000
0000
,
1100
1000
0010
0001
,
1001
0010
0001
1100
,
0110
0001
0100
1000
,
0102
0000
0000
0013
,
2000
0000
0000
0200
0000
0000
3300
0000
,
0020
0000
0000
0002
0000
0000
0033
0000
,
0020
0000
0000
0200
0000
0000
0330
0000
,
2000
0000
0000
0002
0000
0000
3003
0000
,
MMMM
0000
0001
0011
0000
1000
1100
0000
,
MMMM
0000
0000
0000
0010
0000
0110
0000
0000
0000
0100
0010
0100
0000
0000
0000
,
MMMM
0000
0001
0011
0000
1000
1100
0000
,
0110
0000
0110
1001
,
0001
0010
0001
0010
0001
0000
0000
0000
0100
0000
1000
0000
0100
0000
0000
0000
,
0010
0100
0010
0100
0010
0000
0000
0000
2000
0000
0000
0000
3100
0000
0000
0000
,
1000
0100
1000
0100
1000
0000
0000
0000
0010
0000
0001
0000
0010
0000
0000
0000
,
0100
0010
0100
0010
0100
0000
0000
0000
0002
0000
0000
0000
1003
0000
0000
0000
,
0010
0100
0010
0000
0001
0010
0001
0000
,
1000
0100
0001
0100
1000
0000
1100
0000
,
0001
0010
0001
0000
0100
0010
1000
0000
,
0001
0010
0001
0010
0001
0000
0000
0000
1000
0000
0000
0000
1100
0000
0000
0000
,
0002
1000
0203
0001
,
0320
0100
2030
0001
,
3020
1000
0230
0010
,
0302
0000
0010
0000
1003
1000
1001
0000
,
0010
1000
0010
0100
0010
0001
0010
0000
,
0010
1000
0010
0100
0002
0000
0013
0000
,
0100
1000
0100
0010
0100
1000
0001
0000
,
0100
0010
0100
0010
0100
0000
0000
0000
1001
0000
0110
0000
1001
0000
0000
0000
,
0001
0000
0010
0100
0000
0100
0010
0220
,
0000
0000
0000
0000
0330
0MM0
0000
0000
,
1000
0000
0010
0100
0000
0100
0010
2002
,
0000
0000
0000
0000
3003
M00M
0000
0000
,
1000
0100
0010
0110
0000
0011
0000
1100
,
0000
0010
0100
0002
0000
0010
0000
1003
,
0000
0010
0100
0011
0000
1100
0000
0110
,
1001
0000
0000
0000
0000
0000
0000
0000
1000
0000
0010
0100
0010
0000
0000
0000
,
1001
M00M
0000
0000
;

//---------------dance-single - K. Ward----------------
#NOTES:
     dance-single:
     K. Ward:
     Easy:
     3:
     0.230,0.000,0.019,0.133,0.000,154.000,2.000,14.000,0.000,0.000,0.000:
0000
0000
0000
0000
,
0000
0000
0000
0000
,
0000
0000
0000
0000
,
0000
0000
0000
0000
,
0001
1000
0001
1000
,
0001
0010
0001
0000
,
1000
0001
1000
0001
,
1000
0010
1000
0000
,
0100
0100
0100
0100
,
0100
0010
0100
0000
,
0010
0010
0010
0010
,
0010
0100
0010
0000
,
0001
1000
0001
1000
,
0001
0010
0010
0000
,
1000
0001
1000
0001
,
1000
0100
0100
0000
,
1000
0010
0001
0000
,
0010
0100
1000
0000
,
1000
0010
0001
0000
,
0010
0100
1000
0000
,
0001
0001
0001
0001
,
0001
0000
0000
0000
,
1000
1000
1000
1000
,
1000
0000
0000
0000
,
0002
0000
0000
0000
,
0013
0000
0000
0000
,
2000
0000
0000
0000
,
3100
0000
0000
0000
,
0010
0000
0001
0000
,
0100
0000
1000
0000
,
1000
0000
0100
0000
,
0001
0000
0010
0000
,
0002
0000
0003
0000
,
0020
0000
0030
0000
,
0200
0000
0300
0000
,
2000
0000
3000
0000
,
0001
0000
1000
0000
,
0010
0000
1000
0000
,
0001
0000
1000
0000
,
1001
0000
0000
0000
,
0010
0100
0010
0100
,
0010
0001
0010
0000
,
0100
0010
0100
0010
,
0100
1000
0100
0000
,
0001
1000
0001
1000
,
0010
1000
0001
0000
,
1000
0001
1000
0001
,
0100
0001
1000
0000
,
0010
0010
0100
0100
,
0001
0001
2000
3000
,
0010
0010
0100
0100
,
0001
0001
2000
3000
,
0001
0001
0001
0010
,
0020
0000
0030
0000
,
0001
1000
1000
1000
,
0020
0000
0030
0000
,
1000
1000
1000
1000
,
1000
0000
0000
0000
,
0001
0001
0001
0001
,
0001
0000
0000
0000
,
2000
0000
0000
3000
0000
0000
0000
0000
,
0200
0000
0000
0300
0000
0000
0000
0000
,
2000
0000
0000
3000
0000
0000
0000
0000
,
0002
0000
0000
0003
0000
0000
0000
0000
,
1001
0000
0000
0000
;

//---------------dance-single - K. Ward----------------
#NOTES:
     dance-single:
     K. Ward:
     Challenge:
     9:
     0.674,0.000,0.445,0.246,0.298,425.000,47.000,26.000,21.000,0.000,0.000:
0000
0000
0000
0000
,
0000
0000
0000
0000
,
0000
0000
0000
0000
,
0001
0000
0001
0010
0001
0000
1000
0000
2000
0000
0000
0000
3100
0000
0000
0000
,
0001
0100
1000
0100
0001
0100
1000
0100
,
0001
1000
0100
0010
0001
0001
1000
0000
,
0010
0000
0100
0000
1000
0000
0200
0000
0000
0000
0010
0300
0020
0000
0000
0000
,
0100
0000
0000
0000
0031
0000
0000
0000
0100
0010
0100
0000
0001
0000
0000
0000
,
0010
0100
1000
0100
0010
0100
1000
1001
,
0000
MM00
0000
0100
0010
0000
1100
0000
,
0020
0000
0100
0200
0030
1000
1000
0300
,
0010
0100
0001
0010
0001
0000
0000
0000
0110
0000
0000
0000
1001
0000
1000
0000
,
0001
0000
0010
0001
0000
0010
0001
0000
0100
0000
0000
0000
0110
0000
0000
0000
,
0010
0000
0100
0010
0000
0100
0010
0000
1000
0000
0000
0000
1100
0000
0000
0000
,
0100
0000
0010
0100
0000
0010
0100
0000
0010
0000
0000
0000
0011
0000
0000
0000
,
0100
0000
1000
0100
0000
1000
0100
0000
1100
0000
0000
0000
0011
0000
0000
0000
,
1000
1000
0001
0001
0010
0100
0020
0002
,
0000
0000
0033
0100
1000
0100
0110
0000
,
0001
0010
0100
0110
0000
1001
0110
0MM0
,
1000
0001
1000
0001
1000
0000
0000
0000
0110
0000
1001
0000
0110
0000
0000
0000
,
0001
0100
1000
0100
0000
0100
0001
0021
,
0000
0100
0001
0031
,
0010
0100
0010
0100
0000
0100
1000
1200
,
0000
0000
0010
0000
1000
1000
1300
MM00
,
1000
0010
0100
0010
1000
0010
0100
0010
,
1000
0010
0100
0010
1000
0001
0001
0001
,
0010
0100
0010
0001
0010
0100
0010
0100
,
1100
0000
0000
0000
0000
0000
0010
0100
0010
0000
0100
0000
1001
0000
0000
0000
,
0001
0100
1000
0100
0001
0100
1000
0100
,
0001
0000
0010
0000
0001
0000
0010
0000
0200
0000
0000
0000
1300
0000
0000
0010
,
0100
0010
0001
0010
0100
0001
1000
1000
,
0200
0320
0230
1300
,
M0M0
0000
1000
0100
1000
0000
0010
0100
0020
0000
0000
0000
0130
0000
0000
0000
,
0000
0000
0001
0010
0001
0000
1000
0100
2000
0000
0100
0000
3100
0000
0000
0000
,
0000
0000
0100
0010
0100
0000
0010
0001
0020
0000
0000
0000
0130
0000
0000
0000
,
0000
0000
0010
0100
0010
0000
0001
0010
0001
0000
1000
0000
1001
0000
0000
0000
,
0110
0100
0010
1001
0000
M00M
0000
0000
,
0110
0001
0010
1100
0000
MM00
0000
0000
,
1100
0010
0100
0101
0000
M00M
0000
0000
,
0011
0000
1100
0000
1001
1001
1001
0000
,
0100
0010
0100
0000
0001
0010
0001
0000
1000
0100
1000
0000
0010
0100
0010
0000
,
1000
0100
1000
0000
0001
0010
0001
0000
0100
0010
0100
0010
0100
0000
0000
0000
,
0001
0010
0001
0000
0010
0100
0010
0000
0100
1000
0100
0000
1000
0010
0100
0000
,
0001
0010
0001
0000
1000
0001
1000
0000
0110
0000
1001
0000
0110
0000
0000
0000
,
0002
0010
0013
0200
0000
0010
0310
0100
,
0000
0100
2000
0010
3020
0000
0130
0000
,
0002
0000
0100
0000
0203
0000
001M
0000
0300
0000
1000
0M00
2000
0000
00M0
0000
,
0100
0000
0100
0000
3100
0000
0000
0000
MM01
0010
0001
0010
0001
0000
0000
0000
,
0010
0000
0000
0010
0100
0000
1000
0000
0100
0000
0000
0100
0010
0000
0100
0000
,
1000
0000
0000
1000
0010
0000
0001
0000
0010
0000
0001
0000
0010
0100
0010
0100
,
0010
0000
0000
1000
0100
0000
1000
0000
0100
0000
0000
0100
0010
0000
0100
0000
,
0010
0000
0000
0010
0001
0000
1000
0000
1100
0000
0000
0000
0110
0000
0000
0000
,
0001
0010
0000
0000
0011
0000
0000
0000
0010
0100
0000
0000
0110
0000
0000
0000
,
0001
1000
0000
0001
0000
0000
0100
0000
0010
0000
1000
0000
1100
0000
0000
0000
,
0100
0010
0000
0000
0011
0000
0000
0000
0010
0100
0000
0000
1100
0000
0000
0000
,
0001
1000
0001
1000
0001
0000
0000
0000
0020
0000
0000
0000
0130
0000
0000
0000
,
0001
0010
0100
0010
0000
0010
0100
1200
,
0000
0000
1000
0000
0010
0010
0310
0000
,
0001
0100
0001
0011
0000
0010
0100
0020
,
0000
0000
0000
0000
0100
0000
0100
0000
0130
0000
0000
0000
1000
0100
1000
0100
,
1000
0000
0010
0000
0100
0000
0010
0000
1000
0010
0100
0000
0010
0000
1000
0000
,
1000
0000
0010
0000
0100
0000
0001
0000
0010
0001
0010
0000
0001
0000
0100
0000
,
1000
0000
0100
0000
0010
0000
0100
0000
0010
0100
0010
0000
1000
0000
0100
0000
,
0110
0000
0000
0000
0011
0000
0000
0000
1000
0100
1000
0000
0010
0000
0100
0000
,
1001
M00M
0000
0000
;

//---------------dance-single - K. Ward----------------
#NOTES:
     dance-single:
     K. Ward:
     Beginner:
     1:
     0.095,0.000,0.057,0.000,0.000,64.000,6.000,0.000,0.000,0.000,0.000:

0000
0000
0000
0000
,
0000
0000
0000
0000
,
0000
0000
0000
0000
,
0000
0000
0000
0000
,
0001
0000
0000
0000
,
0001
0000
0000
0000
,
1000
0000
0000
0000
,
1000
0000
0000
0000
,
0010
0000
0010
0000
,
0010
0000
0000
0000
,
0100
0000
0100
0000
,
0100
0000
0000
0000
,
0001
0000
1000
0000
,
0001
0000
1000
0000
,
0010
0000
0100
0000
,
0010
0000
0000
0000
,
1000
0000
0000
0000
,
0001
0000
0000
0000
,
1000
0000
0000
0000
,
0001
0000
0001
0000
,
0010
0000
0000
0000
,
0000
0000
0000
0000
,
0010
0000
0000
0000
,
0000
0000
0000
0000
,
1001
0000
0000
0000
,
0000
0000
0000
0000
,
0001
0000
0000
0000
,
1000
0000
0000
0000
,
1001
0000
0000
0000
,
0000
0000
0000
0000
,
1001
0000
0000
0000
,
0000
0000
0000
0000
,
0010
0000
0000
0000
,
0001
0000
0000
0000
,
0100
0000
0000
0000
,
1000
0000
0000
0000
,
1001
0000
0000
0000
,
0000
0000
0000
0000
,
1001
0000
0000
0000
,
0000
0000
0000
0000
,
1000
0000
0001
0000
,
1000
0000
0000
0000
,
0001
0000
1000
0000
,
0001
0000
0000
0000
,
0100
0000
0010
0000
,
0100
0000
0000
0000
,
0001
0000
1000
0000
,
0001
0000
0000
0000
,
1000
0000
0000
0000
,
0010
0000
0000
0000
,
0100
0000
0000
0000
,
0001
0000
0000
0000
,
1000
0000
0000
0000
,
1000
0000
0000
0000
,
0010
0000
0000
0000
,
0010
0000
0000
0000
,
1000
0000
0001
0000
,
1000
0000
0000
0000
,
0001
0000
1000
0000
,
0001
0000
0000
0000
,
1000
0000
0000
0000
,
0000
0000
0000
0000
,
0100
0000
0000
0000
,
0000
0000
0000
0000
,
1001
0000
0000
0000
;

//---------------dance-double - M.Emirzian----------------
#NOTES:
     dance-double:
     M.Emirzian:
     Challenge:
     10:
     0.736,0.000,0.455,0.208,0.545,462.000,48.000,22.000,0.000,12.000,0.000:
00000000
00000000
00000000
00000000
,
00000000
00000000
00000000
00000000
,
00000000
00000000
00000000
00000000
,
00000000
00000000
00000000
00000000
,
00000010
00000100
00000000
00000000
00000001
00000100
00000010
00001000
00000000
00000000
00000100
00000000
00000010
00000000
00000001
00000000
,
00001100
00000000
00000000
00000000
00000101
00000000
00000100
00001000
00000100
00000000
00001000
00010000
00001000
00000000
00010000
00100000
,
10000000
00100000
00000000
00000000
10000000
00000000
10010000
00000000
00000000
00000000
00100000
01000000
00010000
10000000
00000000
00000000
,
01000000
00000000
00100000
00000000
00001000
00000000
00010000
00001000
00000100
00000000
00000001
00001000
00000100
00000010
00000001
00000100
,
00000010
00001000
00000000
00000000
00000001
00000000
00000010
00000100
00000000
00000000
00001000
00000010
00010000
00000000
00011000
00000000
,
00000000
00000000
00000000
00000000
00010000
00000000
00001000
00000010
00001000
00000000
00010000
00001000
00010000
00000000
00100000
00010000
,
00100000
10000000
00000000
00000000
00100000
00000000
01000000
00010000
00000000
00000000
10000000
00000000
01000000
00010000
00000000
00000000
,
00001000
00000000
00000010
00000000
00001000
00000000
00010000
00000100
00001000
00000000
00000010
00000100
00000001
00000100
00000010
00000000
,
00001000
00000100
00000000
00000000
00000010
00000100
00001000
00000001
00000000
00000000
00000100
00000000
00001000
00000000
00010000
00000000
,
00010100
00000000
00000000
00000000
01001000
00000000
00010000
01000000
00100000
00000000
01000000
00001000
00010000
00000000
01000000
10000000
,
00010000
01000000
00000000
00000000
00100000
00000000
10100000
00000000
00000000
00000000
01000000
00100000
00010000
10000000
00000000
00000000
,
01000000
00000000
00010000
00000000
00001000
00000000
00000010
00000001
00001000
00000000
00000010
00000100
00000001
00000010
00000100
00001000
,
00000010
00010000
00000000
00000000
00001000
00000000
00000100
00001000
00000000
00000000
00010000
00100000
01000000
00000000
10010000
00000000
,
00000000
00000000
00000000
00000000
00100000
00000000
10000000
01000000
00010000
00000000
01000000
00100000
00001000
00000000
00010000
00000100
,
00001000
00000001
00000000
00000000
00000010
00000000
00000100
00001000
00000000
00000000
00000001
00000000
00000100
00001000
00000000
00000000
,
00010000
00000000
00000100
00000000
00010000
00000000
00001000
01000000
00100000
00000000
01000000
00010000
10000000
01000000
00100000
00000000
,
00010000
10000000
00000000
00000000
01000000
00000000
00100000
00010000
00000000
00000000
01010000
00000000
00000000
00000000
00000000
00000000
,
00000000
01110000
00000000
00111000
00000000
01011000
00000000
00000000
,
00010000
00001000
00000000
00000000
00100000
00000000
00001000
00010000
00000000
00000000
00010100
00000000
00000000
00000000
00000000
00000000
,
00000000
00011100
00000000
00011010
00000000
00010110
00000000
00000000
,
00000002
00000000
00000200
00000003
00001000
00000300
00000020
00000000
00002000
00000030
00020000
00003000
02000000
00030000
00000000
03000000
,
00010000
01000100
00000000
00001000
00100010
00000000
00011000
00000000
,
20000000
00000000
00200000
30000000
00010000
00300000
02000000
00000000
00020000
03000000
00002000
00030000
00000020
00003000
00000000
00000030
,
00001000
00100010
00000000
00010000
01000100
00000000
00011000
00000000
,
20000000
00000000
00200000
30000000
00020000
00300000
00002000
00030000
01000000
00003000
00000200
00000000
02000000
00000300
00000000
03000000
,
00001000
00011000
00000000
00000100
00010010
00000000
00001100
00000000
,
00010000
00000001
00010000
00001000
00100000
00000010
00100000
00000000
,
00000100
01000000
00000100
00010000
00001000
10000000
00001000
00000000
,
00020000
00000000
00000000
00000100
00000000
00000000
10030000
00000000
,
00200000
00000000
00000000
00000010
00000000
00000000
01300000
00000000
,
00020000
00000000
00000000
00100000
00000000
00000000
00030001
00000000
,
00002000
00000000
00000000
00100000
00000000
00000000
00003100
00000000
,
00000011
00000000
00001100
00010000
00000000
00011000
01000000
00000000
,
00010000
00000000
00000000
00000000
00100000
00000000
10010000
00000000
00000000
00000000
01000000
00100000
00010000
00000000
00000000
00000000
,
01010000
00000000
01000000
10001000
00000000
00010000
00010001
00000000
,
00001000
00000000
00000001
00000100
00001000
00000000
00010000
00100000
10000000
00000000
01000000
00100000
00010000
00000000
10000000
00000000
,
00100000
01000000
00000000
00000000
00010000
01000000
00100000
10000000
00000000
00000000
01000000
00000000
00100000
00000000
00010000
00000000
,
01010000
00000000
00000000
00000000
01001000
00000000
01000000
00010000
00100000
00000000
00001000
00010000
00000100
00000000
00001000
00000010
,
00001000
00000100
00000000
00000000
00000010
00000000
00001100
00000000
00000000
00000000
00000001
00000100
00000010
00001000
00000000
00000000
,
00000100
00000000
00001000
00000000
00000001
00000000
00000100
00001000
00010000
00000000
00000100
00010000
00001000
01000000
00010000
01000000
,
00100000
10000000
00000000
00000000
00010000
00000000
01000000
00100000
00000000
00000000
10000000
01000000
00100000
00000000
00110000
00000000
,
00000000
00000000
00000000
00000000
10000000
00000000
01000000
00100000
00001000
00000000
00010000
00000100
00001000
00000000
00000010
00000100
,
00000001
00001000
00000000
00000000
00000100
00000000
00000010
00000001
00000000
00000000
00000010
00000000
00001000
00010000
00000000
00000000
,
00000100
00000000
00010000
00000000
00100000
00000000
01000000
00001000
00010000
00000000
00100000
01000000
00010000
01000000
00100000
00000000
,
10000000
01000000
00000000
00000000
00100000
01000000
10000000
00010000
00000000
00000000
01000000
00000000
00001000
00000000
00010000
00000000
,
01001000
00000000
00000000
00000000
00010000
00000000
01000000
00100000
10000000
00000000
00100000
01000000
00001000
00000000
00010000
00000100
,
00010000
00001000
00000000
00000000
00000010
00000000
00001100
00000000
00000000
00000000
00000001
00001000
00000010
00000100
00000000
00000000
,
00000001
00000000
00000100
00000000
00000010
00000000
00001000
00000001
00000010
00000000
00000001
00001000
00000100
00010000
00001000
01000000
,
00010000
00100000
00000000
00000000
00010000
00000000
01000000
00100000
00000000
00000000
01000000
00010000
10000000
00000000
01100000
00000000
,
00000000
00000000
00000000
00000000
10000000
00000000
01000000
00010000
01000000
00000000
00010000
00001000
00010000
00000000
00000100
00000010
,
00000100
00001000
00000000
00000000
00000001
00000000
00000100
00000010
00000000
00000000
00000100
00000000
00001000
00010000
00000000
00000000
,
00000100
00000000
00010000
00000000
00001000
00000000
01000000
00100000
01000000
00000000
00001000
00010000
01000000
10000000
00010000
00000000
,
01000000
00100000
00000000
00000000
10000000
00000000
01000000
00100000
00000000
00000000
00110000
00000000
00000000
00000000
00000000
00000000
,
00000000
01011000
00000000
00011010
00000000
00111000
00000000
00000000
,
00001000
00010000
00000000
00000000
00000010
00000000
00000100
00000001
00000000
00000000
00001001
00000000
00000000
00000000
00000000
00000000
,
00000000
00010110
00000000
00011010
00000000
00111000
00000000
00000000
,
00100000
00010000
00000000
10000000
01000000
00010000
00001000
00000100
,
00000001
00000010
00000000
00000001
00001000
00000100
00010000
00001000
,
01000000
00100000
00000000
01000000
00010000
10000000
01000000
00010000
,
00001000
00000000
01000000
00100000
01000000
00000000
00001000
00010000
00001000
00000000
00000010
00001000
00000010
00000000
00000001
00000000
,
00000110
00000000
00000000
00000000
;

//---------------dance-double - M.Emirzian----------------
#NOTES:
     dance-double:
     M.Emirzian:
     Hard:
     9:
     0.702,0.000,0.256,0.000,0.478,492.000,27.000,0.000,0.000,0.000,0.000:
00000000
00000000
00000000
00000000
,
00000000
00000000
00000000
00000000
,
00000000
00000000
00000000
00000000
,
00000000
00000000
00000000
00000000
,
10000000
01000000
00000000
00000000
00100000
00000000
00001000
00010000
00000000
00000000
00000100
00000000
00000010
00000000
00000100
00000000
,
00001000
00000000
00000000
00000000
00000001
00000000
00000100
00000010
00001000
00000000
00000010
00010000
00001000
00000000
01000000
00000000
,
00001000
00010000
00000000
00000000
00001000
00000000
01001000
00000000
00000000
00000000
00001000
01000000
00010000
10000000
00000000
00000000
,
01100000
00000000
10000000
00000000
00100000
00000000
10000000
00010000
01000000
00000000
00100000
10000000
01000000
00000000
00100000
00000000
,
00010000
01000000
00000000
00000000
00001000
00000000
00010000
00000100
00000000
00000000
00001000
00000001
00001000
00000000
00000100
00000010
,
00000001
00000000
00000000
00000000
00000100
00000000
00000001
00000100
00001000
00000000
00000100
00000001
00000010
00000000
00000100
00000000
,
00001000
00000001
00000000
00000000
00000100
00000000
00000010
00010000
00000000
00000000
00001000
00000000
01000000
00100000
00000000
00000000
,
10000000
00000000
01000000
00000000
00100000
00000000
00010000
01000000
00100000
00000000
01000000
00001000
00010000
00000000
00000100
00000000
,
00010000
00001000
00000000
00000000
01000000
00000000
00010000
00100000
00000000
00000000
00001000
00000000
00010000
00000000
00000100
00000000
,
00001000
00000000
00000001
00000000
00001001
00000000
00000010
00000100
00001000
00000000
00000001
00000100
00000010
00000000
00001000
00000000
,
00000100
00001000
00000000
00000000
00000010
00000000
00010010
00000000
00000000
00000000
00001000
00010000
00000100
00010000
00000000
00000000
,
00001000
00000000
00000000
00000000
00011000
00000000
01000000
00010000
00100000
00000000
00001000
01000000
00010000
10000000
01000000
00100000
,
00010000
00100000
00000000
00000000
00010000
00000000
01000000
00100000
00000000
00000000
10000000
01000000
10000000
00000000
00010000
00100000
,
01000000
00000000
00000000
00000000
10010000
00000000
01000000
10000000
00010000
00000000
01000000
00100000
10000000
00000000
01000000
00000000
,
00100000
00001000
00000000
00000000
00010000
00000000
00000010
00001000
00000000
00000000
00000100
00000000
00000010
00000001
00000000
00000000
,
00000100
00000000
00000010
00000000
00001000
00000000
00000100
00010000
00001000
00000000
01000000
00001000
00010000
00000000
00000010
00000000
,
00010000
00001000
00000000
00000000
01000000
00000000
00010000
00100000
00000000
00000000
01000000
00000000
10000000
00000000
00100000
00000000
,
01000000
00001000
00010000
01000000
00100000
00010000
00100000
00000000
,
01000000
10000000
00000000
00000000
00010000
00000000
01000000
00100000
00000000
00000000
10000000
00000000
01000000
00000000
00010000
00000000
,
00001000
00000100
00000010
00001000
00000100
00000010
00000001
00000000
,
00001000
00000010
00000100
00000001
00000010
00000001
00000100
00000000
,
00000010
00001010
00000000
00000100
00010100
00000000
00011000
00000000
,
00010000
00001000
00000100
00001000
00010000
00100000
10000000
00000000
,
01000000
00110000
00000000
01000000
01100000
01000000
01001000
00000000
,
00100000
00010000
01000000
00001000
00010000
00000100
00001000
00000010
,
00000100
00000101
00000000
00000010
00001100
00000000
00001001
00001000
,
00000001
00000100
00001000
00010000
00000100
00000010
00000100
00010000
,
00001000
00000100
00001000
00010000
00100000
10000000
10010000
00000000
,
00100000
00000000
00000000
00010000
00000000
00000000
10000000
00000000
00100000
00000000
01000000
00000000
00010000
00000000
10000000
00000000
,
01000000
00000000
00000000
01000000
00000000
00000000
00010000
00000000
00001000
00000000
00010000
00000000
01000000
00000000
00010000
00000000
,
00001000
00000000
00000000
00001000
00000000
00000000
00000010
00000000
00001000
00000000
00010000
00000000
00001000
00000000
00000100
00000000
,
00000001
00000000
00000000
00000001
00000000
00000000
00000010
00000000
00000100
00000000
00000010
00000000
00000001
00000000
00001000
00000000
,
00000010
00000000
00000000
00000010
00000000
00000000
00000100
00000000
00000001
00000000
00000100
00000000
00001000
00000000
00010000
00000000
,
00001000
00000000
00000000
01000000
00000000
00000000
00100000
00000000
01000000
00000000
00001000
00000000
01000000
00000000
00010000
00000000
,
00100000
00000000
00000000
01000000
00000000
00000000
10000000
00000000
00100000
00000000
00010000
00000000
00100000
00000000
10000000
00000000
,
01100000
00000000
00000000
00000000
10010000
00000000
00000000
00000000
01000000
00000000
00100000
00010000
00100000
00000000
01000000
00000000
,
10000000
00100000
00000000
00000000
01000000
00000000
00001000
00010000
00000000
00000000
01000000
00000000
00010000
00000000
00001000
00000000
,
00010000
00000000
00000100
00000000
00001000
00000000
00000010
00000100
00000001
00000000
00000010
00000100
00010000
00000000
00001000
00000000
,
00000100
00000010
00000000
00000000
00001000
00000000
00001001
00000000
00000000
00000000
00000010
00000100
00000001
00001000
00000000
00000000
,
00001100
00000000
00000000
00000000
00000100
00000000
00010000
00001000
01000000
00000000
00001000
00010000
00000100
00000000
00100000
00000000
,
00010000
01000000
00000000
00000000
00100000
00000000
10000000
01000000
00000000
00000000
00100000
00001000
00010000
00000000
00000100
00001000
,
00000010
00000000
00000000
00000000
00011000
00000000
00000100
00010000
00000100
00000000
00001000
00000010
00001000
00000000
00000100
00000000
,
00000010
00000001
00000000
00000000
00000100
00000000
00000010
00001000
00000000
00000000
00000100
00000000
00000010
00000001
00000000
00000000
,
00000100
00000000
00001000
00000000
00010000
00000000
00000100
00010000
00001000
00000000
01000000
00001000
00010000
00000000
01000000
00000000
,
00100000
00010000
00000000
00000000
01000000
00000000
00100000
10000000
00000000
00000000
01000000
00000000
00100000
00000000
00010000
00000000
,
01000000
00000000
00100000
00000000
10000000
00000000
01000000
00100000
00010000
00000000
01000000
00100000
10000000
00000000
01000000
00000000
,
00010000
00001000
00000000
00000000
00000100
00000000
00001100
00000000
00000000
00000000
00000001
00001000
00000001
00000010
00000000
00000000
,
00000100
00000000
00001000
00000000
00000010
00000000
00000100
00000010
00001000
00000000
00000010
00010000
00001000
00000000
00010000
00000000
,
00001000
00000100
00000000
00000000
00001000
00000000
00010000
00001000
00000000
00000000
00010000
01000000
00100000
00000000
00010000
01000000
,
00100000
00000000
00000000
00000000
10010000
00000000
00010000
01000000
10000000
00000000
01000000
00010000
10000000
00000000
00010000
00000000
,
00100000
01000000
00000000
00000000
00010000
00000000
00001000
00010000
00000000
00000000
00000100
00000000
00000010
00000100
00000000
00000000
,
00001000
00000001
00001000
00000100
00000010
00000000
00000001
00000000
00000110
00000000
00000000
00000000
00001001
00000000
00000001
00000000
,
00001000
00000100
00000000
00000000
00010000
00000000
00001000
01000000
00000000
00000000
00010000
00000000
01000000
00000000
00100000
00000000
,
00010000
00001000
00010000
00000100
00000010
00000100
00001000
00000001
,
00000100
00000010
00000000
00000000
00001000
00000000
00000100
00000010
00000000
00000000
00000100
00000000
00010000
00000000
00001000
00000000
,
01000000
00010000
01000000
00100000
10000000
00000000
00000000
00000000
10100000
00000000
00000000
00000000
11000000
00000000
00100000
00000000
,
00010000
10000000
00000000
01000000
00010000
01000000
10000000
01000000
,
00010000
00001000
00000000
00010000
00001000
00000010
00000100
00001000
,
00000001
00000100
00000000
00000010
00000100
00001000
00000100
00000001
,
00000100
00000000
00001000
00000000
00000000
00000000
00010000
00000000
00001000
00000000
01000000
00000000
00100000
00000000
10000000
00010000
,
01000000
00000000
00000000
00000000
;

//---------------dance-double - J.Casarino----------------
#NOTES:
     dance-double:
     J.Casarino:
     Medium:
     6:
     0.502,0.000,0.530,0.246,0.000,289.000,56.000,26.000,2.000,0.000,0.000:
00000000
00000000
00000000
00000000
,
00000000
00000000
00000000
00000000
,
00000000
00000000
00000000
00000000
,
00000000
00000000
00000000
00000000
,
10010000
00000000
10000000
01000000
00000000
00010000
01000000
00000000
,
10010000
00000000
00000000
10000000
01000000
01000000
00010000
00000000
,
00011000
00000000
00001000
01000000
00000000
01000000
00001000
00000000
,
00011000
00000000
00100000
00000000
00001000
00010000
00000010
00000000
,
00001010
00000000
00001000
00000100
00000000
00000001
00000100
00000000
,
00000110
00000000
00000000
00000001
00000010
00000010
00001000
00000000
,
00011000
00000000
00100000
00010000
00000000
10000000
01000000
00000000
,
10000000
00010000
01000000
00001000
00010000
00000000
00010100
00000000
,
00001001
00000000
00000001
00000100
00000000
00001000
00000100
00000000
,
00001001
00000000
00000000
00000001
00000100
00000100
00001000
00000000
,
00011000
00000000
00010000
00000100
00000000
00000100
00010000
00000000
,
00011000
00000000
00000010
00000000
00010000
00001000
00100000
00000000
,
00110000
00000000
00010000
01000000
00000000
10000000
01000000
00000000
,
01100000
00000000
00000000
10000000
00100000
00100000
00010000
00000000
,
00011000
00000000
00000010
00001000
00000000
00000001
00000100
00000000
,
00000001
00001000
00000100
00010000
00001000
00000000
01001000
00000000
,
00011000
00000000
00100000
00001000
00000000
00001000
00100000
00000000
,
00020000
02030000
03200000
10300000
,
11000000
00000000
10000000
01000000
00000000
01000000
00010000
00000000
,
00002000
00023000
00030020
00002030
,
00003002
00000010
00001000
00000013
,
00000002
00000203
00002300
00023000
,
00032000
00100000
00010000
01003000
,
00002000
00023000
00230000
10300000
,
10010000
00000000
11000000
00000000
00100000
00010000
01000000
00000000
,
00001000
00010000
00001000
00000000
00010020
00000000
00001030
00000000
,
00001001
00000000
00000101
00000000
00000010
00001000
00000100
00000000
,
00010000
00001000
00010000
00000100
00010000
00001000
00010000
00000000
,
01001000
00000000
00000000
01010000
00000000
00000000
00000000
00000000
,
10100000
00000000
00000000
11000000
00000000
00000000
00000000
00000000
,
00110000
00000000
00000000
01001000
00000000
00000000
00000000
00000000
,
00011000
00000000
00000000
00010100
00000000
00000000
00000000
00000000
,
00000011
00000000
00000001
00000100
00000000
00000000
00000000
00000000
,
00010010
00000000
00010000
00001000
00000000
00000000
00000000
00000000
,
00101000
00000000
00010000
00001000
00000000
00000000
00000000
00000000
,
00010000
00000100
00010000
00000100
00001000
00000010
00001000
00000000
,
00001001
00000000
00000001
00000010
00000000
00001000
00000010
00001000
,
00000000
00001010
00000000
00000001
00000010
00000010
00000100
00000000
,
00011000
00000000
00010000
00000100
00000000
00000100
00001000
00000000
,
00011000
00000000
00000100
00000000
00010000
00001000
00100000
00000000
,
01010000
00000000
00010000
00100000
00000000
10000000
00100000
00010000
,
00000000
01100000
00000000
10000000
01000000
01000000
00100000
00000000
,
00011000
00000000
00000100
00001000
00000000
00000001
00000010
00000000
,
00000001
00000010
00001000
00010000
00001000
00000000
01001000
00000000
,
10010000
00000000
10000000
00100000
00000000
00010000
00100000
00010000
,
00000000
00110000
00000000
10000000
00100000
00100000
01000000
00000000
,
00011000
00000000
00001000
01000000
00000000
01000000
00010000
00000000
,
00011000
00000000
01000000
00000000
00001000
00010000
00000010
00000000
,
00001100
00000000
00001000
00000010
00000000
00000001
00000010
00001000
,
00000000
00000110
00000000
00000001
00000100
00000100
00000010
00000000
,
00011000
00000000
01000000
00010000
00000000
10000000
00100000
00000000
,
10000000
00100000
00010000
00001000
00010000
00000000
00010100
00000000
,
00001001
00000000
00000100
00010000
00000000
00010000
00000100
00000000
,
00002000
00003020
00000230
00000301
,
00000011
00000000
00000001
00000010
00000000
00000010
00001000
00000000
,
00020000
00032000
02003000
03020000
,
10030000
01000000
01000000
10000000
00000000
00110000
00000000
00000000
,
00001000
00010000
00010000
00001000
00000000
00011000
00000000
00000000
,
00001000
00000010
00000010
00001000
00000000
00010100
00000000
00000000
,
00000100
00010000
00001000
01000000
00001000
00010000
00000100
00000000
,
00022000
00000000
00033000
000MM000
;

//---------------dance-double - J.Casarino----------------
#NOTES:
     dance-double:
     J.Casarino:
     Easy:
     3:
     0.269,0.000,0.256,0.208,0.000,150.000,27.000,22.000,0.000,0.000,0.000:
00000000
00000000
00000000
00000000
,
00000000
00000000
00000000
00000000
,
00000000
00000000
00000000
00000000
,
00000000
00000000
00000000
00000000
,
10010000
00000000
10000000
00000000
,
00010000
00000000
10000000
10000000
,
00010000
00000000
00100000
00000000
,
10000000
00000000
01000000
00010000
,
00001000
00000000
00010000
00000000
,
00001000
00000000
00100000
00100000
,
00001000
00000000
00010000
00000000
,
00000010
00001000
00000001
00000100
,
00001001
00000000
00000001
00000000
,
00001000
00000000
00000001
00000001
,
00001000
00000000
00000010
00000000
,
00000001
00000000
00000100
00001000
,
00010000
00000000
00001000
00000000
,
00010000
00000000
00000010
00000010
,
00010000
00000000
00001000
00000000
,
00100000
00010000
10000000
01000000
,
10010000
00000000
01100000
00000000
,
10000000
01000000
00010000
00001000
,
00010000
00000000
00011000
00000000
,
00010000
00000010
00001000
00000100
,
00000220
00000330
00000000
00000000
,
00022000
00033000
00000000
00000000
,
02200000
03300000
00000000
00000000
,
00022000
00033000
00000000
00000000
,
00010000
01000000
10000000
01000000
,
00010000
01000000
00100000
00000000
,
00010000
00001000
01000000
00001000
,
00010000
00000100
00010000
00001000
,
00022000
00033000
00000000
00000000
,
02002000
03003000
00000000
00000000
,
00022000
00033000
00000000
00000000
,
00020200
00030300
00000000
00000000
,
00022000
00033000
00000000
00000000
,
00020020
00030030
00000000
00000000
,
00202000
00303000
00000000
00000000
,
00010000
00001000
00000100
00000001
,
00001001
00000000
00000001
00000000
,
00001000
00000000
00000001
00000001
,
00001000
00000000
00000010
00000000
,
00000001
00000000
00000100
00001000
,
00010000
00000000
00001000
00000000
,
00010000
00000000
00000010
00000010
,
00010000
00000000
00001000
00000000
,
00100000
00010000
10000000
01000000
,
10010000
00000000
10000000
00000000
,
00010000
00000000
10000000
10000000
,
00010000
00000000
00100000
00000000
,
10000000
00000000
01000000
00010000
,
00001000
00000000
00010000
00000000
,
00001000
00000000
00100000
00100000
,
00001000
00000000
00010000
00000000
,
00000010
00001000
00000001
00000100
,
00001001
00000000
00000110
00000000
,
00000001
00000100
00001000
00010000
,
00001000
00000000
00011000
00000000
,
00001000
00100000
00010000
01000000
,
01100000
00000000
00000000
00000000
00000000
00001000
00000000
00000000
,
00011000
00000000
00000000
00000000
00000000
00000100
00000000
00000000
,
00011000
00000000
00000000
00000000
00000000
01000000
00000000
00000000
,
10010000
00000000
01100000
00000000
01000000
01000000
01000000
00000000
,
10010000
00000000
00000000
00000000
;
