#TITLE:My Life Is So Crazy;
#SUBTITLE:;
#ARTIST:DJ Zombie;
#TITLETRANSLIT:;
#SUBTITLETRANSLIT:;
#ARTISTTRANSLIT:;
#GENRE:House;
#CREDIT:;
#BANNER:My Life Is So Crazy-banner.png;
#BACKGROUND:My Life Is So Crazy-bg.png;
#LYRICSPATH:;
#CDTITLE:;
#MUSIC:My Life Is So Crazy.ogg;
#OFFSET:-0.090;
#SAMPLESTART:29.920;
#SAMPLELENGTH:11.960;
#SELECTABLE:YES;
#BPMS:0.000=140.000;
#STOPS:;
#BGCHANGES:0.000=My Life Is So Crazy-bg.png=1.000=0=0=1=====,
18.000=In The Groove 2/750_JumpBack.mpg=1.000=0=0=1=====,
34.000=In The Groove 2/464_JumpBack.mpg=1.000=0=0=1=====,
50.000=In The Groove 2/464_JumpBack.mpg=0.300=0=0=1=Checkerboard1File2x2====,
66.000=In The Groove 2/449_JumpBack.mpg=1.000=0=0=1=SongBgWithMovieViz====0.5^0.5^0.5^1,
70.000=-random-=1.000=0=0=1=====,
86.000=-random-=1.000=0=0=1===SlideLeft==,
102.000=-random-=1.000=0=0=1===SlideRight==,
118.000=-random-=1.000=0=0=1===SlideUp==,
134.000=-random-=1.000=0=0=1===SlideDown==,
150.000=-random-=1.000=0=0=1===SlideLeft==,
162.000=In The Groove 2/620_JumpBack.mpg=1.000=0=0=1=SongBgWithMovieViz====0.5^0.5^0.5^1,
166.000=In The Groove 2/948_JumpBack.mpg=1.000=0=0=1=====,
182.000=In The Groove 2/948_JumpBack.mpg=0.300=0=0=1=Checkerboard1File2x2====,
198.000=In The Groove 2/952_JumpBack.mpg=1.000=0=0=1=====,
214.000=In The Groove 2/952_JumpBack.mpg=0.300=0=0=1=Checkerboard1File2x2====,
230.000=In The Groove 2/937_JumpBack.mpg=1.000=0=0=1=====,
246.000=My Life Is So Crazy-bg.png=1.000=0=0=1=====,
99999=-nosongbg-=1.000=0=0=0 // don't automatically add -songbackground-
;
#BGCHANGES2:18.000=white flash=1.000=0=0=1=====,
30.000=yellow flash=1.000=0=0=1=====,
32.000=flash=1.000=0=0=1====1^0^1^1=,
34.000=flash=1.000=0=0=1=====,
50.000=flash=1.000=0=0=1====1^1^0^1=,
54.000=flash=1.600=0=0=1====1^1^0^1=,
58.000=flash=1.600=0=0=1====1^1^0^1=,
60.000=flash=1.600=0=0=1====1^1^0^1=,
62.000=flash=1.600=0=0=1====1^1^0^1=,
64.000=flash=1.000=0=0=1====1^1^0^1=,
70.000=flash=1.000=0=0=1=====,
130.000=flash=1.000=0=0=1====1^1^0^1=,
162.000=flash=1.000=0=0=1====1^1^0^1=,
166.000=flash=1.000=0=0=1=====,
198.000=flash=1.000=0=0=1=====,
230.000=flash=1.000=0=0=1=====,
234.000=flash=1.000=0=0=1====1^1^0^1=,
238.000=flash=1.600=0=0=1====1^1^0^1=,
240.000=flash=1.600=0=0=1====1^1^0^1=,
242.000=flash=1.600=0=0=1====1^1^0^1=,
246.000=flash=1.000=0=0=1=====,
;
#KEYSOUNDS:;
// cache tags:
#FIRSTBEAT:18.000;
#LASTBEAT:246.000;
#SONGFILENAME:/Songs/In The Groove 2/My Life Is So Crazy/My Life Is So Crazy.sm;
#HASMUSIC:1;
#HASBANNER:1;
#MUSICLENGTH:108.199;
// end cache tags

//---------------dance-double - M.Emirzian----------------
#NOTES:
     dance-double:
     M.Emirzian:
     Challenge:
     9:
     0.595,0.000,0.250,0.018,0.624,422.000,27.000,2.000,2.000,2.000,0.000:
00000000
00000000
00000000
00000000
,
00000000
00000000
00000000
00000000
,
00000000
00000000
00000000
00000000
,
00000000
00000000
00000000
00000000
,
00000000
00000000
00000000
00000000
00000000
00000000
00000000
00000000
00100000
00010000
01000000
00001000
00010000
00000000
00000100
00001000
,
00000000
00001000
00000001
00000000
00001000
00000000
00000100
00000000
00000010
00000100
00001000
00000100
00010000
00000000
00001000
01000000
,
00000000
01000000
00100000
00000000
01000000
00000000
00010000
00000000
10000000
00100000
01000000
00010000
10000000
00000000
01000000
00100000
,
00000000
00100000
00010000
00000000
10000000
00000000
01000000
00000000
00100000
00001000
00010000
00000100
00001000
00000000
00000000
00000010
,
00000100
00000000
00000001
00000000
00001000
00000000
00000100
00000000
00001000
00000000
00000000
00000010
00000000
00100000
00000000
00000000
,
00001000
00000000
00000000
01000000
00000000
00000010
00000000
00000000
00010000
00000000
00000000
00000001
00000000
00010000
00000000
00000000
,
00000100
00000000
00000000
10000000
00000000
00001000
00000000
00000000
01000000
00000000
00000000
00100000
00000000
01000000
00000000
00000000
,
00001000
00000000
00000000
00000010
00000000
00000100
00000000
00000000
00010000
00000000
00000000
10000000
00000000
01000000
00000000
00000000
,
00001000
00000000
00000000
00000001
00000000
00000100
00000000
00000000
00010000
00000000
00000000
00000100
00000000
00100000
00000000
00000000
,
00001000
00000000
00000000
00100000
00000000
00000010
00000000
00000000
00010000
00000000
00000000
00001000
00000000
10000000
00000000
00000000
,
01000000
00000000
00000000
00010000
00000000
00000100
00000000
00000000
00000001
00000000
00000000
00000100
00000000
00010000
00000000
00000000
,
00001000
00000000
00000000
01000000
00000000
10000000
00000000
00000000
01000000
00000000
00000000
00001000
00000000
00010000
00000000
00000000
,
00000100
00000000
00000000
00000010
00000000
00000001
00002000
00000000
00000020
00000000
00000000
00000000
00010000
00000000
00000000
00000000
,
00000001
00003030
00000000
00000000
00000000
00000000
00000000
00000000
00001000
00000000
00000010
00000000
00000100
00000000
00000000
00001100
,
00000000
00000000
00010000
00000000
00001000
00000000
01000000
00100000
00000000
00000000
01000000
00000000
00010000
00000000
00000000
10000000
,
00000000
00000000
01000000
00000000
00100000
00000000
00000000
00000100
00000000
00000000
00000010
00000000
00000001
00000000
00000000
00001001
,
00000000
00000000
00000010
00000000
00010000
00000000
00000100
00001000
00000000
00000000
00000010
00000000
00010000
00000000
00000000
00001000
,
00000000
00000000
01000000
00000000
00100000
00000000
10M00000
00000000
00000000
00000000
01000000
00000000
00010000
00000000
00000000
01000100
,
00000000
00000000
00010000
00000000
00001000
00000000
00000010
00000100
00000000
00000000
00001000
00000000
00000001
00000000
00000000
00000100
,
00000000
00000000
00000010
00000000
00010000
00001000
00000000
00100000
00000000
00000000
00001000
00000000
00010000
00000000
00000000
00100010
,
00000000
00000000
00001000
00000000
01000000
00000000
00100000
10000000
00000000
00000000
00010000
00000000
00100000
00000000
00000000
10000000
,
00000000
00000000
00100000
00000000
00001000
00000000
00010000
00000100
00000000
00000000
00000010
00000000
00000001
00000000
00000000
00001001
,
00000000
00000000
00000010
00000000
00010000
00000000
00000100
00001000
00000000
00000000
00000010
00000000
00000100
00000000
00000000
00001000
,
00000000
00000000
00010000
00000000
00000010
00000000
00000000
00010000
00000000
00000000
00001000
00000000
01000000
00000000
00000000
10001000
,
00000000
00000000
00010000
00000000
00100000
00000000
00001000
00010000
00000000
00000000
00000100
00000000
00001000
00000000
00000000
00000010
,
00000000
00000000
00000100
00000000
00000001
00000000
0000001M
00000000
00000000
00000000
00000100
00000000
00001000
00000000
00000000
00010001
,
00000000
00000000
00000010
00000000
00010000
00000000
00001000
01000000
00000000
00000000
00010000
00000000
00100000
00000000
00000000
01000000
,
00000000
00000000
10000000
00000000
00010000
01000000
00000000
10000000
00000000
00000000
01000000
00000000
00010000
00000000
00000000
01100000
,
00000000
00000000
01000000
00000000
00001000
00000000
00010000
00000100
00000000
00000000
00010000
00000000
00001000
00000000
00000000
00100000
,
00000000
00000000
01000000
00000000
00010000
00000000
00001000
00010000
00000000
00000000
00010010
00000000
00000000
00000000
00001000
00000000
,
00000010
00000001
00001000
00000010
00010000
00000100
00010000
00100000
,
01000000
00001000
00100000
00010000
01000000
00100000
00010000
00001000
,
10000000
01000000
00100000
00001000
00010000
00000100
00000010
00000001
,
00010000
00000010
00000100
00000001
00010000
00000100
00001000
00000010
,
00000100
00001000
00010000
00000100
00010000
01000000
10000000
00001000
,
00010000
00100000
10000000
00010000
00100000
00001000
00000010
00000001
,
00010000
00000000
00001000
00000000
00000100
00000000
00000001
00000000
00000010
00000000
00000000
00000000
00000100
00000000
00000000
00001000
,
00000001
00000000
00000100
00000000
00000010
00000000
00001000
00000000
00000100
00000010
00000001
00001000
00000010
00000000
00000000
00000000
,
00000000
00000000
00011000
00000000
00000000
00000000
00000000
00000000
00001000
01000000
00010000
01000000
00100000
00000000
00000000
00000000
,
00000000
00000000
11000000
00000000
00000000
00000000
00010000
00000000
01000000
00100000
10000000
00010000
01000000
00000000
00000000
00000000
,
00000000
00000000
00000000
00000000
00011000
00000000
00000000
00000000
00000100
00010000
00000100
00001000
00000010
00000000
00000000
00000000
,
00000000
00000000
00000100
00000000
00000001
00000000
00001000
00000000
00000010
00010000
00001000
01000000
00010000
00000000
00000000
00000000
,
00000000
00000000
01100000
00000000
00000000
00000000
00010000
00000000
10000000
00010000
01000000
00001000
00010000
00000000
00000000
00000000
,
00000000
00000000
00000011
00000000
00000000
00000000
00001000
00000000
00000100
00000010
00001000
00000100
00010000
00000000
00000000
00000000
,
00001000
01000000
00010000
00100000
01000000
00000000
00000000
00000000
10000000
00010000
01000000
00100000
10000000
01000000
10000000
00010000
,
00100000
00001000
00010000
00000100
00010000
00000010
00001000
00000000
00000001
00001000
00000100
00001000
00000010
00000000
00000000
00000000
,
00000000
00000000
01100000
00000000
00000000
00000000
00000000
00000000
00000100
00001000
00000001
00001000
00000100
00000000
00000000
00000000
,
00000000
00000000
10010000
00000000
00000000
00000000
00001000
00000000
01000000
00010000
00100000
00010000
10000000
00000000
00000000
00000000
,
00000000
00000000
00000000
00000000
00000101
00000000
00000000
00000000
00010000
00001000
01000000
00100000
10000000
00000000
00000000
00000000
,
00000000
00000000
00000010
00000000
00001000
00000000
00000100
00000000
00000001
00000100
00001000
00000100
00000001
00000000
00000000
00000000
,
00000000
00000000
01100000
00000000
00000000
00000000
00010000
00000000
01000000
00100000
10000000
01000000
00010000
00000000
00000000
00000000
,
00000000
00000000
00000011
00000000
00000000
00000000
00001000
00000000
00000100
00001000
00000010
00001000
00000001
00000000
00000000
00000000
,
00010000
00001000
01000000
00010000
00100000
00000000
00000000
00000000
10000000
00010000
10000000
01000000
00100000
00010000
01000000
00001000
,
01000000
00010000
00100000
00001000
00010000
00000100
00001000
00000100
00000000
00000000
00000001
00000000
00000100
00000000
00000000
00001010
,
00000000
00000000
00010000
00000000
00001000
00000000
00000000
01001000
00000000
00000000
00010000
00000000
00100000
00000000
00000000
10010000
,
00000000
00000000
10000000
00000000
01000000
00000000
00000000
00110000
00000000
00000000
00001000
00000000
00010000
00000000
00000000
00001010
,
00000000
00000000
00010000
00000000
00001000
00000000
00000000
01001000
00000000
00000000
00000100
00000000
00001000
00000000
00000000
00010010
,
00000000
00000000
00001000
00000000
00000100
00000000
00000000
00000101
00000000
00000000
00000000
00000000
00000000
00000000
00000000
00000000
;

//---------------dance-double - M.Emirzian----------------
#NOTES:
     dance-double:
     M.Emirzian:
     Easy:
     2:
     0.181,0.000,0.028,0.018,0.000,132.000,3.000,2.000,0.000,0.000,0.000:
00000000
00000000
00000000
00000000
,
00000000
00000000
00000000
00000000
,
00000000
00000000
00000000
00000000
,
00000000
00000000
00000000
00000000
,
00000000
00000000
01000000
00000000
,
00010000
10000000
10000000
00000000
,
10000000
00010000
00010000
00000000
,
00100000
00001000
00001000
00000000
,
00001000
00000000
01000000
00000000
,
00001000
00000000
00010000
00000000
,
00000100
00000000
00001000
00000000
,
00000001
00000000
00001000
00000000
,
00000100
00000000
00011000
00000000
,
00000001
00000000
00001000
00000000
,
00000100
00000000
00010000
00000000
,
00001000
00000000
01000000
00010000
,
10000000
01000000
00220000
00000000
,
00000000
00330000
01000000
00000000
,
00100000
00000000
10000000
00100000
,
00100000
00000000
10000000
00000000
,
01000000
00000000
00100000
00010000
,
00010000
00000000
01000000
00000000
,
00001000
00000000
00010000
00000100
,
00000100
00000000
00001000
00000000
,
00000100
00010000
00010000
00000000
,
00000010
00000000
00001000
00000000
,
00000100
00000010
00000010
00000000
,
00000100
00000000
00001000
00000000
,
00000010
00000100
00000100
00000000
,
00000001
00000000
00001000
00000000
,
00000100
00001000
00001000
00000000
,
00000010
00000000
00010000
00000000
,
00001000
00010000
00010000
00000000
,
00010000
01000000
01000000
00000000
,
00010000
00000000
01000000
00010000
,
00010000
00000000
10000000
00000000
,
01000000
00000000
00100000
00010000
,
00010000
00000000
01000000
00000000
,
00100000
00000000
00010000
00100000
,
00100000
00000000
01000000
00000000
,
00001000
00000000
00010000
00000100
,
00000100
00000000
00001000
00001000
,
00000000
00000000
00000001
00000001
,
00000000
00000000
00010000
00010000
,
00000000
00000000
00001000
00001000
,
00000000
00000000
10000000
10000000
,
00000000
00000000
00100000
00100000
,
00000000
00000000
01000000
01000000
,
00000000
00000000
00001000
00001000
,
00000000
00000000
00010000
00010000
,
00000000
00000000
00000100
00000100
,
00000000
00000000
00000010
00000010
,
00000000
00000000
00000001
00000001
,
00000000
00000000
00010000
00010000
,
00000000
00000000
00001000
00001000
,
00000000
00000000
01000000
01000000
,
00000000
00000000
00010000
00010000
,
00000000
00000000
10000000
00000000
,
00000000
00000000
01000000
00000000
,
00000000
00000000
00100000
00000000
,
00001000
00000000
00010000
00000100
,
00001000
00000001
00000110
00000000
;

//---------------dance-double - M.Emirzian----------------
#NOTES:
     dance-double:
     M.Emirzian:
     Medium:
     5:
     0.294,0.000,0.231,0.018,0.162,196.000,25.000,2.000,0.000,0.000,0.000:
00000000
00000000
00000000
00000000
,
00000000
00000000
00000000
00000000
,
00000000
00000000
00000000
00000000
,
00000000
00000000
00000000
00000000
,
00000000
00000000
00000000
00000000
00000000
00000000
00000000
00000000
00010000
00000000
00000000
00000000
00000000
00000000
00000000
01000000
,
00000000
00000000
00000000
00000000
00100000
00000000
10000000
00000000
00100000
00000000
00000000
00000000
00000000
00000000
00000000
01000000
,
00000000
00000000
00000000
00000000
00010000
00000000
01000000
00000000
00010000
00000000
00000000
00000000
00000000
00000000
00000000
00100000
,
00000000
00000000
00001000
00010000
00001000
00000000
00000000
00000000
,
00010000
00000100
00001000
00000010
00001000
00000000
00000000
00000000
,
00000100
00000000
00000011
00000000
,
00000100
00000000
00001001
00000000
,
00001000
00000000
00011000
00000000
,
00010000
00000000
01001000
00000000
,
01000000
00000000
01010000
00000000
,
00100000
00000000
11000000
00000000
,
00100000
00000000
01010000
10000000
,
00010000
10000000
00100000
01000000
00020000
00000000
20000000
00000000
,
00000000
00000000
00000000
00000000
30030000
00000000
00000000
00000000
00100000
00000000
00000000
00000000
10000000
00000000
00000000
01000000
,
00000000
00000000
00000000
00000000
10000000
00000000
00000000
00010000
00000000
00000000
00000000
00000000
01000000
00000000
00000000
00100000
,
00000000
00000000
00000000
00000000
01000000
00000000
00000000
00010000
00000000
00000000
00000000
00000000
00100000
00000000
00000000
00001000
,
00000000
00000000
00000000
00000000
00010000
00000000
00000000
00001000
00000000
00000000
00000000
00000000
00010000
00000000
00000000
00000010
,
00000000
00000000
00000000
00000000
00001000
00000000
00000000
00000100
00000000
00000000
00000000
00000000
00000010
00000000
00000000
00000100
,
00000000
00000000
00000000
00000000
00001000
00000000
00000000
00000001
00000000
00000000
00000000
00000000
00000100
00000000
00000000
00000010
,
00000000
00000000
00000000
00000000
00001000
00000000
00000000
00000100
00000000
00000000
00000000
00000000
00010000
00000000
00000000
00001000
,
00000000
00000000
00000000
00000000
00010000
00000000
00000000
00000100
00000000
00000000
00000000
00000000
00010000
00000000
00000000
00001000
,
00000000
00000000
00000000
00000000
01000000
00000000
00000000
00010000
00000000
00000000
00000000
00000000
00100000
00000000
00000000
01000000
,
00000000
00000000
00000000
00000000
10000000
00000000
00000000
00010000
00000000
00000000
00000000
00000000
01000000
00000000
00000000
00100000
,
00000000
00000000
00000000
00000000
01000000
00000000
00000000
00010000
00000000
00000000
00000000
00000000
10000000
00000000
00000000
01000000
,
00000000
00000000
00000000
00000000
00100000
00000000
00000000
00010000
00000000
00000000
00000000
00000000
00100000
00000000
00000000
00001000
,
00000000
00000000
00000000
00000000
00010000
00000000
00000000
00000100
00000000
00000000
00000000
00000000
00001000
00000000
00000000
00000100
,
00000000
00000000
00000000
00000000
00000010
00000000
00000000
00000001
00000000
00000000
00000000
00000000
00000010
00000000
00000000
00000100
,
00000000
00000000
00000000
00000000
00001000
00000000
00000000
00000001
00000000
00000000
00000000
00000000
00000100
00000000
00000000
00000010
,
00000000
00000000
00000000
00000000
00001000
00000000
00000000
00000100
00000000
00000000
00000000
00000000
00010000
00000000
00000000
00001000
,
00000000
00000000
00000000
00000000
00100000
00000000
00000000
00010000
00000000
00000000
00000000
00000000
01000000
00000000
00000000
00000000
,
00100000
10000000
00010000
01000000
,
00100000
10000000
00100000
00000000
00000000
00000000
01000000
00000000
,
00001000
00010000
00000100
00001000
,
00000010
00000100
00000010
00000000
00000000
00000000
00001000
00000000
,
00000100
00000010
00000100
00010000
,
00001000
01000000
00001000
00000000
00000000
00000000
01000000
00000000
,
00010000
00100000
01000000
10000000
,
00010000
01000000
00100000
10000000
01000000
00000000
00100000
00000000
,
00000000
00110000
00000000
00000000
01000000
00000000
00100000
00000000
,
00000000
01001000
00000000
00000000
00001000
00000000
00010000
00000000
,
00000000
00010010
00000000
00000000
00001000
00000000
00000100
00000000
,
00000000
00000110
00000000
00000000
00000001
00000000
00001000
00000000
,
00000000
00001100
00000000
00000000
00000010
00000000
00010000
00000000
,
00000000
00011000
00000000
00000000
00001000
00000000
01000000
00000000
,
00000000
01010000
00000000
00000000
10000000
00000000
01000000
00000000
,
00000000
00110000
00000000
00000000
10000000
00000000
00010000
00000000
,
00000000
01001000
00000000
00000000
00010000
00000000
00001000
00000000
,
00000000
00010100
00000000
00000000
00001000
00000000
00000100
00000000
,
00000000
00001001
00000000
00000000
00000010
00000000
00000100
00000000
,
00000000
00001100
00000000
00000000
00010000
00000000
00000100
00000000
,
00000000
00011000
00000000
00000000
00001000
00000000
01000000
00000000
,
00000000
00110000
00000000
00000000
00010000
00000000
10000000
00000000
,
00000000
01100000
00000000
00000000
01000000
00000000
00001000
00000000
,
00000000
00011000
00000000
00000000
00000100
00000000
00000000
00000000
,
00000000
00000000
00000001
00000000
,
00000000
00000000
00001000
00000000
,
00011000
00000000
00010000
00001000
,
01000000
00100000
10000000
00010000
10010000
00000000
00000000
00000000
;

//---------------dance-double - M.Emirzian----------------
#NOTES:
     dance-double:
     M.Emirzian:
     Hard:
     8:
     0.539,0.000,0.203,0.009,0.471,385.000,22.000,1.000,2.000,0.000,0.000:
00000000
00000000
00000000
00000000
,
00000000
00000000
00000000
00000000
,
00000000
00000000
00000000
00000000
,
00000000
00000000
00000000
00000000
,
00000000
00000000
00000000
00000000
00000000
00000000
00000000
00000000
10000000
00010000
01000000
00000000
00100000
00000000
00000000
01010000
,
00000000
00000000
00100000
00000000
00001000
00000000
00010000
00000000
00000100
00001000
00000010
00000000
00000100
00000000
00000000
00001001
,
00000000
00000000
00000100
00000000
00000010
00000000
00000001
00000000
00001000
00000010
00000100
00000000
00001000
00000000
00000000
00011000
,
00000000
00000000
01000000
00000000
10000000
00000000
00100000
00000000
10000000
00010000
00100000
00000000
01000000
00000000
00000000
10000000
,
00010000
00000000
10000000
00000000
01000000
00000000
00010000
00000000
00001000
00000000
00000000
00000100
00000000
00001000
00000000
00000000
,
00010000
00000000
00000000
00100000
00000000
00010000
00000000
00000000
00001000
00000000
00000000
00000010
00000000
00001000
00000000
00000000
,
00010000
00000000
00000000
00100000
00000000
00010000
00000000
00000000
00001000
00000000
00000000
00000100
00000000
00001000
00000000
00000000
,
00010000
00000000
00000000
01000000
00000000
00010000
00000000
00000000
00001000
00000000
00000000
00000100
00000000
00000010
00000000
00000000
,
00010000
00000000
00000000
01000000
00000000
00100000
00000000
00000000
00001000
00000000
00000000
00000010
00000000
00000100
00000000
00000000
,
00010000
00000000
00000000
00100000
00000000
01000000
00000000
00000000
00001000
00000000
00000000
00000010
00000000
00000100
00000000
00000000
,
00010000
00000000
00000000
00100000
00000000
00010000
00000000
00000000
00001000
00000000
00000000
00000010
00000000
00001000
00000000
00000000
,
00010000
00000000
00000000
01000000
00000000
00010000
00000000
00000000
00001000
00000000
00000000
00000100
00000000
00001000
00000000
00000000
,
00010000
00000000
00000000
00100000
00000000
10000000
00020000
00000000
00000000
00000000
00000000
00000000
10000000
00000000
00000000
00000000
,
01000000
00000000
00000000
00000000
00130000
00000000
00000000
00000000
01000000
00000000
10000000
00000000
00010000
00000000
00000000
11000000
,
00000000
00000000
00100000
00000000
00010000
00000000
10000000
00100000
00000000
00000000
01000000
00000000
00010000
00000000
00000000
10000000
,
00000000
00000000
01000000
00000000
00010000
00000000
00000000
00001000
00000000
00000000
00000010
00000000
00000001
00000000
00000000
00001100
,
00000000
00000000
00000010
00000000
00000100
00000000
00000001
00001000
00000000
00000000
00000100
00000000
00010000
00000000
00000000
00100000
,
00000000
00000000
00010000
00000000
00001000
00000000
0000M010
00000000
00000000
00000000
00000100
00000000
00010000
00000000
00000000
00011000
,
00000000
00000000
01000000
00000000
00100000
00000000
01000000
00001000
00000000
00000000
00010000
00000000
00100000
00000000
00000000
10000000
,
00000000
00000000
00010000
00000000
01000000
10000000
00000000
10000000
00000000
00000000
01000000
00000000
00001000
00000000
00000000
00110000
,
00000000
00000000
01000000
00000000
10000000
00000000
01000000
00100000
00000000
00000000
00001000
00000000
00010000
00000000
00000000
00000100
,
00000000
00000000
00000010
00000000
00000001
00000000
00001000
00000010
00000000
00000000
00000100
00000000
00000001
00000000
00000000
00000110
,
00000000
00000000
00000100
00000000
00010000
00000000
00000010
00001000
00000000
00000000
00000100
00000000
00010000
00000000
00000000
01000000
,
00000000
00000000
00010000
00000000
00001000
00000000
00000000
01000000
00000000
00000000
00100000
00000000
01000000
00000000
00000000
00110000
,
00000000
00000000
01000000
00000000
10000000
00000000
00010000
01000000
00000000
00000000
00001000
00000000
00010000
00000000
00000000
00100000
,
00000000
00000000
00010000
00000000
00001000
00000000
0000M100
00000000
00000000
00000000
00000001
00000000
00000010
00000000
00000000
00001100
,
00000000
00000000
00000010
00000000
00000100
00000000
00000001
00001000
00000000
00000000
00000100
00000000
00000010
00000000
00000000
00001000
,
00000000
00000000
00010000
00000000
00100000
10000000
00000000
10000000
00000000
00000000
01000000
00000000
00010000
00000000
00000000
01100000
,
00000000
00000000
00010000
00000000
00100000
00000000
10000000
00100000
00000000
00000000
00010000
00000000
10000000
00000000
00000000
01000000
,
00000000
00000000
00010000
00000000
00001000
00000000
00000010
00000100
00000000
00000000
00001001
00000000
00000000
00000000
00000010
00000000
,
00000100
00000010
00010000
00000100
00000010
00001000
00010000
00000100
,
00010000
00100000
01000000
00001000
00100000
01000000
00010000
00001000
,
00010000
01000000
00010000
01000000
00010000
00001000
00000010
00001000
,
00000010
00001000
00010000
00100000
00010000
00100000
00010000
00001000
,
00000100
00001000
00000100
00001000
00010000
01000000
10000000
00010000
,
01000000
00001000
00100000
00010000
01000000
00100000
00010000
00001000
,
00000010
00000000
00000100
00000000
00010000
00000000
00000010
00000000
00000100
00000000
00000000
00000000
00000001
00000000
00000000
00001000
,
00000100
00000000
00000010
00000000
00000100
00000000
00001000
00000000
00000001
00000100
00000010
00000000
00001000
00000000
00000000
00000000
,
00000000
00000000
00011000
00000000
00000000
00000000
00000000
00000000
01000000
00010000
10000000
00000000
01000000
00000000
00000000
00000000
,
00000000
00000000
00011000
00000000
00000000
00000000
00000100
00000000
00001000
00000010
00000100
00000000
00000001
00000000
00000000
00000000
,
00000000
00000000
00000000
00000000
00000110
00000000
00000000
00000000
00000100
00010000
00001000
00000000
01000000
00000000
00000000
00000000
,
00000000
00000000
00100000
00000000
10000000
00000000
00010000
00000000
00100000
01000000
10000000
00000000
00010000
00000000
00000000
00000000
,
00000000
00000000
01000000
00000000
00000000
00000000
00100000
00000000
01000000
00010000
10000000
00000000
01000000
00000000
00000000
00000000
,
00000000
00000000
00001100
00000000
00000000
00000000
00000010
00000000
00000001
00001000
00000100
00000000
00000010
00000000
00000000
00000000
,
00000100
00010000
00001000
00000000
01000000
00000000
00000000
00000000
00001000
01000000
00010000
00000000
00100000
00000000
00010000
00000000
,
01000000
00100000
10000000
00000000
01000000
00000000
00100000
00000000
00010000
10000000
00100000
00000000
01000000
00000000
00000000
00000000
,
00000000
00000000
00011000
00000000
00000000
00000000
00000000
00000000
00000100
00001000
00000010
00000000
00000100
00000000
00000000
00000000
,
00000000
00000000
00000011
00000000
00000000
00000000
00000100
00000000
00010000
00001000
01000000
00000000
00010000
00000000
00000000
00000000
,
00000000
00000000
00000000
00000000
10100000
00000000
00000000
00000000
00001000
00010000
00000100
00000000
00000010
00000000
00000000
00000000
,
00000000
00000000
00000001
00000000
00001000
00000000
00000010
00000000
00000100
00000001
00001000
00000000
00000100
00000000
00000000
00000000
,
00000000
00000000
01010000
00000000
00000000
00000000
00100000
00000000
10000000
01000000
00100000
00000000
00010000
00000000
00000000
00000000
,
00000000
00000000
00000110
00000000
00000000
00000000
00000001
00000000
00001000
00000010
00000100
00000000
00000001
00000000
00000000
00000000
,
00001000
00000100
00010000
00000000
00001000
00000000
00000000
00000000
01000000
00010000
00100000
00000000
00001000
00000000
00010000
00000000
,
00100000
01000000
00010000
00000000
10000000
00000000
00000000
01000000
00000000
00000000
00100000
00000000
00010000
00000000
00000000
10000000
,
00000000
00000000
00001000
00000000
00010000
00000000
00000000
00000001
00000000
00000000
00001000
00000000
00000100
00000000
00000000
00010000
,
00000000
00000000
00001000
00000000
10000000
00000000
00000000
00010000
00000000
00000000
01000000
00000000
00001000
00000000
00000000
00010000
,
00000000
00000000
00000001
00000000
00001000
00000000
00000000
00000100
00000000
00000000
00010000
00000000
00001000
00000000
00000000
10000000
,
00000000
00000000
00010000
00000000
01000000
00000000
00000000
10100000
00000000
00000000
00000000
00000000
00000000
00000000
00000000
00000000
;

//---------------dance-single - ----------------
#NOTES:
     dance-single:
     :
     Easy:
     4:
     0.272,0.000,0.176,0.018,0.000,185.000,19.000,2.000,0.000,0.000,0.000:
0000
0000
0000
0000
,
0000
0000
0000
0000
,
0000
0000
0000
0000
,
0000
0000
0000
0000
,
0000
0000
0001
0010
,
0001
0001
0000
1000
,
0010
0100
0001
0100
,
0001
0001
0000
0010
,
0100
1000
0110
0000
,
1000
0010
0001
0000
,
0010
1000
0110
0000
,
0100
0001
0010
0000
,
0100
1000
1001
0000
,
1000
0100
0001
0000
,
0100
1000
0110
0000
,
0001
0100
0010
0000
,
1000
0100
2002
0000
,
0000
3003
0000
0100
,
0010
1001
0000
0001
,
1000
0100
0000
0001
,
0100
0110
0000
0001
,
0010
0100
0000
1000
,
0001
0110
0000
0100
,
0001
0010
0000
1000
,
1000
1001
0000
0001
,
0100
0010
0000
0001
,
0010
1001
0000
1000
,
0001
0100
0000
1000
,
0100
0110
0000
1000
,
0010
0001
0000
1000
,
0001
0110
0000
1000
,
0100
0010
0000
0100
,
0010
1001
0000
0001
,
0010
1000
0001
0010
,
0100
1000
0010
1000
,
0100
0000
1000
1000
,
0001
0001
0100
0100
,
0010
0000
1000
0001
,
0010
0100
1000
0001
,
0100
0000
0010
0010
,
1000
1000
0100
0100
,
0010
0000
0010
0001
,
0010
0001
0100
0000
,
1001
0000
1000
0010
,
1000
0010
0100
0000
,
1001
0001
0010
0100
,
0010
0100
1000
0000
,
1001
0000
0001
0100
,
0001
0100
0010
1000
,
0100
0010
0001
1000
,
0001
1000
0010
0000
,
1001
0001
1000
0100
,
1000
0100
0010
0000
,
1001
0001
1000
0100
,
0010
0001
0100
0010
,
1000
0001
0100
0010
,
1000
0001
0010
0100
,
1000
0001
0000
1000
,
0100
0001
0000
0100
,
1000
0001
0000
0100
,
0010
1000
0000
0100
,
0010
0010
1001
0000
;

//---------------dance-single - ----------------
#NOTES:
     dance-single:
     :
     Medium:
     6:
     0.445,0.000,0.129,0.000,0.254,323.000,14.000,0.000,0.000,0.000,0.000:
0000
0000
0000
0000
,
0000
0000
0000
0000
,
0000
0000
0000
0000
,
0000
0000
0000
0000
,
0000
0000
0000
0000
1000
0100
1000
0000
,
0000
0001
0100
0001
1000
0010
1000
0000
,
0000
0001
0010
0001
1000
0100
1000
0000
,
0000
0100
0010
0100
1000
0001
1000
0000
,
0110
0000
0000
0000
1001
0000
0000
0000
1000
0000
0000
1000
0000
1000
0000
0000
,
0100
0000
0000
0100
0000
0100
0000
0000
0010
0000
0000
0010
0000
0010
0000
0000
,
0001
0000
0000
0001
0000
0001
0000
0000
1000
0000
0000
1000
0000
1000
0000
0000
,
0010
0000
0000
0010
0000
0010
0000
0000
0100
0000
0000
0100
0000
0100
0000
0000
,
0001
0000
0000
0001
0000
0001
0000
0000
1000
0000
0000
0100
0000
1000
0000
0000
,
0001
0000
0000
0100
0000
0001
0000
0000
1000
0000
0000
0010
0000
1000
0000
0000
,
0001
0000
0000
0010
0000
0001
0000
0000
1000
0000
0000
1000
0000
1000
0000
0000
,
0001
0000
0000
0001
0000
0001
0000
0000
0100
0000
0000
0100
0000
0100
0000
0000
,
0010
0000
0000
0010
0000
0010
0000
0000
1000
0000
0100
0000
0010
0000
0000
0000
,
0110
0000
0000
0000
1001
0000
0000
0000
0000
0000
1000
0000
1000
0000
0000
1000
,
0000
0000
0100
0000
0010
0000
0100
0000
0000
0000
0010
0000
0010
0000
0000
0010
,
0000
0000
0001
0000
0100
0000
0001
0000
0000
0000
1000
0000
1000
0000
0000
1000
,
0000
0000
0010
0000
0100
0000
0010
0000
0000
0000
0100
0000
0100
0000
0000
0100
,
0000
0000
0001
0000
0010
0000
0001
0000
0000
0000
1000
0000
1000
0000
0000
1000
,
0000
0000
0010
0000
1000
0000
0010
0000
0000
0000
0100
0000
0100
0000
0000
0100
,
0000
0000
0001
0000
1000
0000
0001
0000
0000
0000
1000
0000
1000
0000
0000
1000
,
0000
0000
0100
0000
1000
0000
0100
0000
0000
0000
0010
0000
0010
0000
0000
0010
,
0000
0000
0001
0000
1000
0000
0001
0000
0000
0000
1000
0000
0010
0000
0000
1000
,
0000
0000
0100
0000
0100
0000
0100
0000
0000
0000
0010
0000
0001
0000
0000
0010
,
0000
0000
0100
0000
0100
0000
0100
0000
0000
0000
1000
0000
0001
0000
0000
1000
,
0000
0000
0010
0000
0010
0000
0010
0000
0000
0000
0100
0000
0001
0000
0000
0100
,
0000
0000
0010
0000
0010
0000
0010
0000
0000
0000
1000
0000
0001
0000
0000
1000
,
0000
0000
0100
0000
0100
0000
0100
0000
0000
0000
0010
0000
0001
0000
0000
0010
,
0000
0000
0100
0000
0100
0000
0100
0000
0000
0000
1000
0000
0001
0000
0000
0100
,
0000
0000
0010
0000
0010
0000
0010
0000
0000
0000
1000
0000
0001
0000
0000
0010
,
0000
0100
0100
0100
1000
0010
1000
0000
,
0001
0100
0001
0000
1000
0100
0000
0010
,
0000
0001
0000
0100
0010
0100
0010
0000
,
1000
0001
1000
0000
0010
0100
0000
1000
,
0000
0010
0000
0100
0001
0100
0001
0000
,
1000
0100
1000
0000
0010
0100
0000
0001
,
0000
0010
0000
0100
1000
0100
1000
0000
,
0001
0010
0001
0000
0100
0010
0000
1000
,
0000
0100
0000
0010
0001
0100
0010
0000
,
0000
1001
0000
0000
1000
0100
0010
0000
,
0000
1001
0000
1000
0001
0010
0100
0000
,
0000
0000
1001
0000
1000
0010
0100
0000
,
0000
0001
1000
0100
0010
0001
0010
0000
,
0000
1001
0000
1000
0010
0100
0001
0000
,
0000
1001
0000
1000
0100
1000
0100
0000
,
0010
0001
0010
0000
0001
0100
0001
0000
,
1000
0010
1000
0000
1000
0010
0100
0000
,
0000
1001
0000
0000
0001
0010
0100
0000
,
0000
1001
0000
0001
1000
0100
0010
0000
,
0000
0000
1001
0000
0001
0100
0010
0000
,
0000
1000
0001
0010
0100
1000
0100
0000
,
0000
1001
0000
0001
0100
0010
1000
0000
,
0000
1001
0000
0001
0010
0001
0010
0000
,
0100
1000
0100
0000
1000
0010
1000
0000
,
0001
0000
0100
0000
0001
0000
0000
0000
0000
0000
1000
0000
1000
0000
0000
1000
,
0000
0000
0100
0000
0010
0000
0000
0001
0000
0000
1000
0000
1000
0000
0000
1000
,
0000
0000
0010
0000
0100
0000
0000
0001
0000
0000
0001
0000
0001
0000
0000
0001
,
0000
0000
0010
0000
0100
0000
0000
1000
0000
0000
0001
0000
0001
0000
0000
0001
,
0000
0100
0010
1000
1000
0000
0000
0000
;

//---------------dance-single - ----------------
#NOTES:
     dance-single:
     :
     Hard:
     8:
     0.573,0.000,0.342,0.000,0.582,397.000,37.000,0.000,0.000,0.000,0.000:
0000
0000
0000
0000
,
0000
0000
0000
0000
,
0000
0000
0000
0000
,
0000
0000
0000
0000
,
0000
0000
0000
0000
0000
0000
0000
0000
1000
0100
0000
1000
0100
0000
0000
1000
,
0000
0000
0001
0000
0100
0000
0010
0000
1000
0010
0000
1000
0010
0000
0000
1000
,
0000
0000
0100
0000
0010
0000
0001
0000
0001
0100
0000
0001
0100
0000
0000
0010
,
0000
0000
1000
0000
0100
0000
0010
0000
0001
0010
0000
0001
0010
0000
0000
0000
,
1001
0000
0000
0000
0110
0000
0000
0000
1001
0000
0000
1000
0000
0010
0000
0000
,
0001
0000
0000
0010
0000
1000
0000
0000
0011
0000
0000
0010
0000
0100
0000
0000
,
1000
0000
0000
0010
0000
0100
0000
0000
0101
0000
0000
1000
0000
0100
0000
0000
,
0001
0000
0000
0100
0000
1000
0000
0000
1010
0000
0000
0010
0000
0100
0000
0000
,
0001
0000
0000
0010
0000
0100
0000
0000
1100
0000
0000
0001
0000
0100
0000
0000
,
1000
0000
0000
0100
0000
0001
0000
0000
0110
0000
0000
0010
0000
1000
0000
0000
,
0100
0000
0000
0010
0000
0001
0000
0000
1001
0000
0000
0001
0000
0010
0000
0000
,
1000
0000
0000
0010
0000
0001
0000
0000
0110
0000
0000
1000
0000
0010
0000
0000
,
0100
0000
0000
0001
0000
0010
0100
0000
1000
0000
0001
0000
0100
0000
0010
0000
,
1000
0000
0100
0000
0010
0000
0000
0000
0000
0000
0010
0000
0100
0000
0000
1010
,
0000
0000
1000
0000
0001
0000
0010
0100
0000
0000
1000
0000
0010
0000
0000
0101
,
0000
0000
1000
0000
0100
0000
0000
0010
0000
0000
0001
0000
1000
0000
0000
0101
,
0000
0000
0010
0000
1000
0000
0100
0010
0000
0000
0001
0000
0001
0000
0000
0011
,
0000
0000
1000
0000
0010
0000
0100
0000
0000
0000
0001
0000
0010
0000
0000
1100
,
0000
0000
1000
0000
0001
0000
0100
0010
0000
0000
1000
0000
0100
0000
0000
0011
,
0000
0000
1000
0000
0010
0001
0000
0010
0000
0000
1000
0000
0001
0000
0000
0110
,
0000
0000
1000
0000
0100
0000
0010
0001
0000
0000
0100
0000
0010
0000
0000
1001
,
0000
0000
0001
0000
0010
0000
1000
0010
0000
0000
0100
0000
0010
0000
0000
0101
,
0000
0000
0001
0000
1000
0000
0100
0010
0000
0000
0001
0000
0100
0000
0000
1010
,
0000
0000
0001
0000
0010
0000
0000
0100
0000
0000
1000
0000
0001
0000
0000
1010
,
0000
0000
0100
0000
0001
0000
0010
0100
0000
0000
1000
0000
1000
0000
0000
1100
,
0000
0000
0001
0000
0100
0000
0010
0000
0000
0000
1000
0000
0100
0000
0000
0011
,
0000
0000
0001
0000
1000
0000
0010
0100
0000
0000
0001
0000
0010
0000
0000
1100
,
0000
0000
0001
0000
0100
1000
0000
0100
0000
0000
0001
0000
1000
0000
0000
0110
,
0000
0000
0001
0000
0010
0000
0100
1000
0000
0000
0010
0000
0100
0000
0000
1001
,
0000
0000
1000
0000
0100
0000
0001
0100
1000
0000
0010
0000
0100
0000
0001
0000
,
0010
0000
0100
0000
1000
0000
0000
0000
0001
0000
0001
0100
0000
0000
0100
0010
,
0000
0000
0010
1000
0000
0000
1000
0000
0100
0000
0010
0000
0001
0000
1000
0000
,
0010
0000
1000
0000
0100
0000
0000
0000
1000
0000
1000
0001
0000
0000
0001
0100
,
0000
0000
0100
0010
0000
0000
0010
0000
1000
0000
0100
0000
0010
0000
0001
0000
,
0100
0000
0001
0000
0010
0000
0000
0000
0001
0000
0001
1000
0000
0000
1000
0010
,
0000
0000
0010
0100
0000
0000
0100
0000
0001
0000
1000
0000
0100
0000
0010
0000
,
0001
0000
1000
0000
0010
0000
0000
0000
0100
0000
0100
0001
0000
0000
0001
0010
,
0000
0000
0010
0100
0000
0000
0100
0000
1000
0001
1000
0001
1000
0000
0000
0000
,
0000
0000
1100
0000
0000
0000
0000
0000
0001
0100
0001
0100
0001
0000
0000
0000
,
0000
0000
1010
0000
0000
0000
1000
0000
0001
0010
0001
0010
0001
0000
0000
0000
,
0000
0000
0000
0000
1001
0000
0000
0000
1000
0100
1000
0100
1000
0000
0000
0000
,
0000
0000
0001
0000
0100
0000
0010
0000
1000
0010
1000
0010
1000
0000
0000
0000
,
0000
0000
1001
0000
0000
0000
0001
0000
0010
0100
0010
0100
0010
0000
0000
0000
,
0000
0000
1100
0000
0000
0000
1000
0000
0001
0100
0001
0100
0001
0000
0000
0000
,
1000
0010
1000
0010
1000
0000
0000
0000
0100
0000
0010
0000
0001
0000
0100
0000
,
0010
0000
1000
0000
0001
0000
0010
0000
0100
1000
0000
0100
1000
0000
0010
0000
,
0000
0000
1001
0000
0000
0000
0000
0000
0001
0100
0000
0001
0100
0000
0010
0000
,
0000
0000
1001
0000
0000
0000
1000
0000
0100
0010
0000
0100
0010
0000
0001
0000
,
0000
0000
0000
0000
1001
0000
0000
0000
1000
0010
0000
1000
0010
0000
0100
0000
,
0000
0000
0001
0000
0010
0000
0100
0000
1000
0001
0000
1000
0001
0000
0100
0000
,
0000
0000
1010
0000
0000
0000
1000
0000
0001
0010
0000
0001
0010
0000
0100
0000
,
0000
0000
1001
0000
0000
0000
1000
0000
0001
1000
0000
0001
1000
0000
0010
0000
,
1000
0001
0000
1000
0001
0000
0100
0000
0010
0000
1000
0000
0100
0000
0010
0000
,
0001
0000
0100
0000
0010
0000
1000
0000
0000
0000
0001
0000
0010
0000
0000
1000
,
0000
0000
0010
0000
0001
0000
0000
1000
0000
0000
0010
0000
0100
0000
0000
0001
,
0000
0000
0010
0000
0100
0000
0000
1000
0000
0000
0001
0000
0100
0000
0000
1000
,
0000
0000
0100
0000
0001
0000
0000
1000
0000
0000
0100
0000
0010
0000
0000
0001
,
0000
0100
0010
1000
1001
0000
0000
0000
;

//---------------dance-single - C. Foy----------------
#NOTES:
     dance-single:
     C. Foy:
     Challenge:
     9:
     0.722,0.000,0.564,0.102,0.689,475.000,61.000,11.000,27.000,0.000,0.000:
0000
0000
0000
0000
,
0000
0000
0000
0000
,
0000
0000
0000
0000
,
0000
0000
0000
0000
,
0000
0000
0000
0000
0000
0000
0000
0000
0010
0100
0001
0100
0001
0000
1000
0100
,
0000
0010
0100
0000
1000
0000
0001
0000
0100
0010
1000
0100
1000
0000
0010
0100
,
0000
0001
0100
0000
0001
0000
0010
0000
0010
0100
1000
0100
0010
0000
0001
0100
,
0000
0000
0010
0000
1000
0000
0000
0000
0100
0000
0000
0000
0010
0000
0000
0000
0002
0000
1000
0000
0000
0000
1000
0003
0001
0000
0000
0000
0000
0000
0000
0000
,
0010
0000
0000
0000
0001
0000
0000
0000
0100
0000
0000
0000
0010
0000
0000
0000
1000
0000
0000
0000
0000
0000
0000
0000
1001
0000
0000
0000
0000
0000
0000
0000
0000
0010
0000
0000
0000
0000
0000
0100
0000
0000
0000
0000
0000
0000
0000
0000
,
1000
0000
0000
0100
0000
0010
0000
0000
0101
0000
0000
1000
0000
0010
0000
0000
,
0100
0000
0000
0001
0000
0010
0000
0000
1010
0000
0000
0100
0000
0010
0000
0000
,
1000
0000
0000
0100
0000
0010
0000
0000
1100
0000
0000
0010
0000
0001
0000
0000
,
0001
0000
0000
0000
0100
0000
0000
0000
0010
0000
0000
0000
1000
0000
0000
0000
0100
0000
0000
0000
0010
0000
0000
0000
0011
0000
0000
0000
0000
0000
0000
0000
0000
0001
0000
0000
0000
0000
0000
0001
0000
0000
0000
0000
0000
0000
0000
0000
,
0100
0000
0000
0010
0000
0010
0000
0000
1100
0000
0000
0010
0000
0001
0000
0000
,
1000
0000
0000
1000
0000
0100
0000
0000
0011
0000
0000
0100
0000
0100
0000
0000
,
1001
0000
0000
0010
0000
0010
0000
0000
0110
0000
0000
0000
1001
0000
0000
0000
,
1010
1001
1001
0101
M001
01M0
001M
1M00
,
00M1
0000
M100
0000
001M
0000
0000
0000
1000
0000
0001
1000
0010
0000
1000
0001
,
0010
0000
0001
0010
0100
0000
1000
0100
0010
0000
0001
0010
0001
0000
1000
0100
,
1000
0000
0010
0100
0010
0000
1000
0001
0100
0000
0100
0001
0100
0000
0001
0010
,
0100
0000
0010
0100
1000
0000
0100
1000
0001
0000
0010
0100
1000
0000
0001
0100
,
0010
0000
0010
0100
0001
0000
0100
0010
0100
0000
0010
1000
0100
0000
0010
0001
,
0100
0000
0100
0010
1000
0000
0010
0100
0001
0000
0010
0001
0100
0000
0010
1000
,
0100
0000
1000
0001
1000
0000
0100
1000
0010
0000
0100
0001
0010
0000
0100
0010
,
0100
0000
1000
0100
1000
0000
1000
0001
1000
0000
0001
0100
0001
0000
0001
0100
,
0001
0000
0001
1000
0001
0000
0000
0000
0011
0000
1001
0000
1100
0000
0000
1000
,
0000
0000
0100
0000
0010
0000
0100
0010
0000
0000
0001
0000
0100
0000
0000
1010
,
0000
0000
1001
0000
0101
0000
0000
0100
0000
0000
0010
0000
0100
0000
0000
0101
,
0000
0000
1100
0000
1001
0000
0001
0100
0000
0000
1000
0000
0100
0000
0000
0011
,
0000
0000
1100
0000
1001
0000
0020
0000
0000
0030
1000
0000
0100
0000
0000
0011
,
0000
0000
0110
0000
1001
0000
1000
0100
0000
0000
0100
0000
0001
0000
0000
0101
,
0000
0000
0110
0000
0100
1000
0000
0001
0000
0000
0100
0000
0100
0000
0000
0101
,
0000
0000
1100
0000
1001
0000
0001
1000
0020
0000
0100
0030
0010
0000
0000
0000
,
0010
0000
0000
0000
1000
0000
0000
0000
0100
0000
0000
0000
1000
0000
0000
0000
0100
0000
0000
0000
0000
0010
0000
0000
0001
0000
0000
0000
0000
0000
0100
0000
0000
0000
0000
0000
0100
0000
0000
0000
0000
0000
0010
0000
0000
0000
0000
0000
,
1000
0000
1000
0000
0001
0000
0000
0000
0001
0000
0010
0001
0100
0000
0100
0010
,
0100
0000
0010
1000
0100
0000
1000
0000
0010
0000
1000
0000
0100
0000
0010
0000
,
0001
0000
0100
0000
0001
0000
0010
0000
0100
0000
1000
0100
1000
0000
0001
0100
,
0010
0000
0100
0010
0100
0000
0100
0000
1001
0000
1000
0000
0100
0000
1000
0000
,
0010
0000
0100
0000
0100
0000
0001
0000
0001
0000
1000
0001
1000
0000
1000
0010
,
1000
0000
0001
1000
0001
0000
0001
0000
1000
0000
0100
0000
0100
0000
0010
0000
,
0001
0000
0100
0000
0010
0000
1000
0000
0010
0000
0100
0010
1000
0000
0010
0100
,
0010
0000
0010
0100
0010
0000
0100
0000
0001
1000
0010
M100
0001
0000
M000
0000
,
0000
0000
202M
0000
0000
0000
3M30
0000
0100
0001
1M00
0010
0100
0000
M000
0000
,
0000
0000
01M1
0000
0000
0000
10M1
0000
0100
0010
100M
0100
0010
0000
M000
0000
,
0000
0000
00M0
0000
2002
0000
0M00
3000
1003
0010
M100
0001
0010
0000
0M00
0000
,
0000
0000
01M0
0000
1000
0000
001M
0000
0100
0001
M010
0100
1000
0000
000M
0000
,
0000
0000
M011
0000
0000
0000
1M01
0000
0001
0100
0010
0100
0001
0000
0000
0000
,
0000
0000
1100
0000
0000
0000
1001
0000
0100
0010
0100
0001
0010
0000
0000
0000
,
0001
0100
0010
0100
0001
0000
0000
0000
0010
0000
1000
0000
0010
0000
0001
0000
,
0100
0000
1000
0000
0100
0000
0001
0000
0010
0100
0010
0001
0100
0000
0000
0000
,
0000
0000
2002
0000
0000
0000
3003
0000
0010
0100
0001
1000
0010
0000
0000
0000
,
0000
0000
1001
0000
0000
0000
0001
0000
0010
0100
0010
0001
1000
0000
0000
0000
,
0000
0000
0000
0000
2020
0000
0000
3030
1000
0100
0010
0001
0100
0000
0000
0000
,
0000
0000
0001
0000
0010
0000
1000
0000
0010
0100
0010
0001
0100
0000
0000
0000
,
0000
0000
1001
0000
0000
0000
0110
0000
0001
0100
0010
0001
0010
0000
0000
0000
,
0000
0000
1100
0000
0000
0000
0101
0000
1000
0010
0100
0001
0010
0000
0000
0000
,
0010
0001
0100
0010
0100
0000
0000
0000
0100
0001
0010
0100
1000
0001
0010
0100
,
1000
0000
0000
0000
0010
0000
0000
0000
0100
0000
0000
0000
0001
0000
0000
0000
0010
0000
0000
0000
0000
0000
0000
0000
0011
0000
0000
0000
0000
0000
0100
0000
0000
0000
0000
0000
1000
0000
0000
0000
0000
0000
0000
0000
0000
0010
0000
0000
,
0000
0000
0100
0000
0001
0000
0000
0000
0110
0000
0010
0000
0001
0000
0000
0010
,
0000
1000
0100
0000
0011
1000
0100
0000
,
1010
0100
0001
0000
1001
0100
1001
0000
,
1010
1001
1001
0101
1001
0000
0000
0000
;

//---------------dance-single - K. Ward----------------
#NOTES:
     dance-single:
     K. Ward:
     Beginner:
     1:
     0.106,0.000,0.083,0.000,0.000,71.000,9.000,0.000,0.000,0.000,0.000:

0000
0000
0000
0000
,
0000
0000
0000
0000
,
0000
0000
0000
0000
,
0000
0000
0000
0000
,
0000
0000
1000
0000
,
1000
0000
0001
0000
,
0001
0000
0010
0000
,
0010
0000
0001
0000
,
0000
0000
1001
0000
,
0000
0000
0110
0000
,
0000
0000
1001
0000
,
0000
0000
0110
0000
,
0000
0000
1000
0000
,
0000
0000
0001
0000
,
0000
0000
1000
0000
,
0001
0000
1000
0001
,
1000
0000
0000
0000
,
0000
0000
0010
0000
,
0010
0000
0010
0000
,
0000
0000
0100
0000
,
0100
0000
0100
0000
,
0000
0000
0001
0000
,
1000
0000
0001
0000
,
0000
0000
0010
0000
,
0100
0000
0010
0000
,
0000
0000
0001
0000
,
0000
0000
1000
0000
,
0000
0000
0010
0000
,
0000
0000
0100
0000
,
0000
0000
0001
0001
,
0000
0000
1000
1000
,
0000
0000
0001
0001
,
0000
0000
1001
0000
,
0000
0000
0010
0000
,
0000
0000
0100
0000
,
0000
0000
1000
0000
,
0000
0000
0001
0000
,
0000
0000
1000
0000
,
0000
0000
0010
0000
,
0000
0000
0100
0000
,
0000
0000
0001
0000
,
0000
0000
1000
0000
,
1000
0000
0000
0000
,
0000
0000
0001
0000
,
0001
0000
0000
0000
,
0000
0000
0010
0000
,
0010
0000
0000
0000
,
0000
0000
1001
0000
,
0000
0000
0000
0000
,
0000
0000
0001
0000
,
0000
0000
1000
0000
,
0000
0000
0010
0000
,
0000
0000
0100
0000
,
0100
0000
0001
0000
,
0000
0000
1000
0000
,
0000
0000
0001
0000
,
0000
0000
1000
0000
,
0000
0000
1001
0000
,
0000
0000
1001
0000
,
0000
0000
1000
0000
,
0001
0000
1000
0000
,
0000
0000
1001
0000
;
