#TITLE:Soapy Bubble;
#SUBTITLE:;
#ARTIST:Fragmentz;
#TITLETRANSLIT:;
#SUBTITLETRANSLIT:;
#ARTISTTRANSLIT:;
#GENRE:Techno;
#CREDIT:;
#BANNER:Soapy Bubble-banner.png;
#BACKGROUND:Soapy Bubble-bg.png;
#LYRICSPATH:;
#CDTITLE:;
#MUSIC:Soapy Bubble.ogg;
#OFFSET:-0.002;
#SAMPLESTART:35.740;
#SAMPLELENGTH:11.940;
#SELECTABLE:YES;
#BPMS:0.000=141.000;
#STOPS:80.000=1.260
,177.000=1.280
;
#BGCHANGES:0.000=Soapy Bubble-bg.png=1.000=0=0=1=====,
16.000=In The Groove 2/452_JumpBack.mpg=1.000=0=0=1=====,
32.000=In The Groove 2/862_JumpBack.mpg=1.000=0=0=1===FadeLeft==,
48.000=In The Groove 2/804_JumpBack.mpg=1.000=1=0=1===CrossFade==,
64.000=In The Groove 2/807_JumpBack.mpg=1.000=1=0=1===CrossFade==,
80.000=In The Groove 2/747_JumpBack.mpg=1.000=0=0=1=SongBgWithMovieViz====0.5^0.5^0.5^1,
81.000=In The Groove 2/828_JumpBack.mpg=1.000=0=0=1=====,
97.000=In The Groove 2/828_JumpBack.mpg=0.300=0=0=1=Kaleidoscope2x2====,
113.000=In The Groove 2/747_JumpBack.mpg=1.000=0=0=1=====,
129.000=In The Groove 2/747_JumpBack.mpg=0.300=0=0=1=Kaleidoscope2x2====,
145.000=In The Groove 2/984_JumpBack.mpg=1.000=0=0=1=====,
161.000=-random-=1.000=0=0=1===FadeLeft==,
177.000=In The Groove 2/604_JumpBack.mpg=1.000=0=0=1=SongBgWithMovieViz====0.5^0.5^0.5^1,
178.000=-random-=1.000=0=0=1=====,
194.000=-random-=1.000=0=0=1===FadeRight==,
210.000=-random-=1.000=0=0=1===FadeUp==,
226.000=-random-=1.000=0=0=1===SlideDown==,
242.000=Soapy Bubble-bg.png=1.000=0=0=1=====,
99999=-nosongbg-=1.000=0=0=0 // don't automatically add -songbackground-
;
#BGCHANGES2:16.000=flash=1.000=0=0=1=====,
80.000=flash=1.000=0=0=1====1^1^0^1=,
81.000=flash=1.000=0=0=1=====,
113.000=flash=1.000=0=0=1=====,
145.000=flash=1.000=0=0=1====1^1^0^1=,
177.000=flash=1.000=0=0=1====1^1^0^1=,
178.000=flash=1.000=0=0=1=====,
242.000=flash=1.000=0=0=1=====,
;
#KEYSOUNDS:;
// cache tags:
#FIRSTBEAT:16.000;
#LASTBEAT:242.000;
#SONGFILENAME:/Songs/In The Groove 2/Soapy Bubble/Soapy Bubble.sm;
#HASMUSIC:1;
#HASBANNER:1;
#MUSICLENGTH:108.936;
// end cache tags

//---------------dance-double - M.Emirzian----------------
#NOTES:
     dance-double:
     M.Emirzian:
     Challenge:
     10:
     0.784,0.000,0.018,0.000,0.886,596.000,2.000,0.000,17.000,0.000,0.000:
00000000
00000000
00000000
00000000
,
00000000
00000000
00000000
00000000
,
00000000
00000000
00000000
00000000
,
00000000
00000000
00000000
00000000
,
00100000
00000000
10000000
00010000
10000000
00000000
10000000
01000000
10000000
00000000
10000000
00100000
10000000
00000000
00010000
01000000
,
00010000
00000000
00010000
00100000
00010000
00000000
00010000
10000000
00010000
00000000
00010000
00100000
00001000
00010000
00000100
00000000
,
00010000
00000000
00001000
01000000
00001000
00000000
00001000
00010000
00001000
00000000
00001000
00100000
00001000
00010000
00000010
00000000
,
00010000
00000000
00010000
00001000
00010000
00000000
00010000
00000100
00010000
00000000
00010000
00000000
00010000
00000100
00000010
00000000
,
00000001
00000000
00001000
00000010
00001000
00000000
00001000
00000001
00001000
00000000
00001000
00000100
00001000
00000000
00000010
00000100
,
00000010
00000000
00000010
00001000
00000010
00000000
00000010
00010000
00000010
00000000
00000010
00001000
00000100
00010000
00001000
00000000
,
01000000
00000000
00100000
00010000
00100000
00000000
00100000
01000000
00100000
00000000
00100000
10000000
00100000
01000000
00010000
00000000
,
01000000
00000000
01000000
00001000
01000000
00000000
01000000
00100000
01000000
00000000
00010000
00000000
00100000
00001000
00010000
00000000
,
00001000
00000000
00010000
00000000
00000100
00000000
00001000
00000000
00000010
00000000
00000100
00000000
00000001
00001000
00000100
00000010
,
00000001
00000010
00000100
00000000
00001000
00000000
00000001
00000000
00000100
00000000
00001000
00010000
00001000
01000000
00100000
01000000
,
00010000
00000000
00100000
00000000
01000000
00000000
10000000
00000000
00010000
00000000
01000000
00000000
00100000
10000000
00100000
01000000
,
00010000
01000000
00100000
00000000
10000000
00000000
01000000
00000000
00010000
00000000
00001000
00010000
00000100
00001000
00000010
00001000
,
00000100
00000000
00000010
00000000
00000100
00000000
00001000
00000000
00000001
00000000
00000100
00000000
00000010
00001000
00000010
00000100
,
00000001
00000100
00000010
00000000
00001000
00000000
00000100
00000000
00010000
00000000
00001000
01000000
00001000
00010000
00001000
01000000
,
00100000
00000000
01000000
00000000
00010000
00000000
10000000
00000000
01000000
00000000
00100000
00000000
00010000
01000000
00001000
00010000
,
00000100
00010000
00001000
00000000
00100000
00000000
00010000
00000000
01000000
00000000
00001000
00010000
00000100
00001000
00000010
00000100
,
00000001
00000000
0000MM00
00000000
00001000
00000100
00001000
00000000
00001000
00000010
00001000
00000000
00001000
00000001
00001000
00000000
,
00001000
00000100
00010000
00001000
01000000
00010000
10000000
00000000
10000000
00100000
10000000
00000000
10000000
00010000
10000000
00000000
,
10000000
01000000
M0000000
01000000
00000000
01000000
00100000
00000000
00010000
01000000
00010000
00000000
00010000
00100000
00010000
00000000
,
00010000
01000000
00001000
00010000
00000010
00001000
00000010
00000000
00000100
00000010
00000100
00000000
00000100
00000001
00000100
00000000
,
00000010
00001000
00000000
00001000
00000100
00010000
00001000
00000000
00000100
00001000
00000100
00000000
00000100
00000010
00000100
00000000
,
00000100
00001000
00010000
00000100
00010000
00001000
01000000
00000000
00001000
00100000
00001000
00000000
00001000
00010000
00001000
00000000
,
01000000
00010000
0M000000
00010000
00000000
00010000
00100000
00000000
01000000
10000000
01000000
00000000
01000000
00010000
01000000
00000000
,
01000000
00100000
00010000
01000000
00001000
00010000
00000010
00000000
00001000
00000100
00000010
00000000
00000001
00000100
00000010
00001000
,
00000010
00000100
00000001
00001000
00000100
00000000
00000000
00000000
000M0000
00000000
00000000
00000000
00M00000
00000000
00000000
00000000
,
000M0000
00000000
0000M000
00000000
,
000M0000
00000000
00000000
00100010
00000000
00000000
0000M000
00000000
,
00000000
01000100
00000000
000M0000
,
00000000
00000000
10000000
01000000
00100000
00010000
00100000
01000000
,
10000000
01000000
00010000
00001000
00000100
00000001
00000010
00000100
,
00001000
00000100
00000010
00000001
00000100
00001000
00010000
00100000
,
10000000
00010000
01000000
00100000
10000000
00100000
01000000
00010000
,
10000000
01000000
00100000
00010000
10000000
00000000
00100000
00000000
01000000
00000000
00010000
00000000
00100000
00000000
00001000
00000000
,
00010000
00000100
00000000
00000100
00001000
00000000
00000010
00000000
00000100
00000000
00000001
00000000
00000010
00000100
00001000
00000000
,
00000001
00000100
00001000
00010000
00001000
00000010
00001000
00010000
,
00100000
01000000
00000000
01000000
00010000
00000000
10000000
00000000
01000000
00000000
00100000
00000000
00010000
10000000
00100000
00000000
,
01000000
00001000
00010000
01000000
10000000
01000000
00100000
00001000
,
00010000
00000100
00000000
00000100
00000010
00000000
00000100
00000000
00001000
00000000
00000001
00000000
00000100
00000010
00000100
00000000
,
00000001
00001000
00000100
00010000
00100000
10000000
00010000
01000000
,
00100000
10000000
00000000
10000000
01000000
00000000
00100000
00000000
00010000
00000000
10000000
00000000
00100000
01000000
00010000
00000000
,
00100000
00001000
00010000
00001000
01000000
00000000
0M00M000
00000000
00001000
00010000
00001000
00000000
00001000
00100000
00001000
00000000
,
00001000
00010000
00001000
00000000
00001000
00010000
00000100
00001000
00000100
00000010
00000001
00000000
00000100
00000010
00000100
00000000
,
00000100
00000001
00000100
00000000
00000100
00000010
00000M00
00000010
00000000
00000010
00001000
00000000
00000100
00010000
00000100
00000000
,
00000100
00001000
00000100
00000000
00000100
00010000
00001000
01000000
00010000
00100000
00010000
00000000
10000000
00100000
10000000
00000000
,
10000000
00010000
10000000
00000000
10000000
01000000
00000000
01000000
00100000
00010000
01000000
00000000
01000000
00001000
01000000
00000000
,
01000000
00100000
01000000
00000000
01000000
00001000
00010000
00000100
00001000
00000010
00000100
00000000
00000001
00000010
00000001
00000000
,
00000001
00001000
00000001
00000000
00000001
00000010
0000000M
00000010
00000000
00000010
00001000
00000000
00010000
00000100
00010000
00000000
,
00010000
00001000
00010000
00000000
00010000
00100000
00010000
00001000
00010000
00001000
01000000
00000000
01000000
00010000
01000000
00000000
,
01000000
00100000
10000000
01000000
00100000
00010000
00100000
01000000
10000000
00010000
01000000
00000000
00001000
01000000
00001000
00000000
,
00001000
00010000
00001000
00000000
00001000
00100000
00001000
00010000
00000100
00001000
00000010
00000000
00000100
00000001
00000100
00000000
,
00000100
00000010
00000100
00000000
00000100
00001000
00000M00
00001000
00000000
00001000
00010000
00000000
00000010
00010000
00000010
00000000
,
00000010
00001000
00000010
00000000
00000010
00000100
00000010
00001000
00000100
00010000
00001000
00000000
01000000
00010000
01000000
00000000
,
01000000
00100000
01000000
00000000
01000000
00010000
00000000
00010000
00100000
01000000
10000000
00000000
10000000
01000000
10000000
00000000
,
10000000
00010000
10000000
00000000
00100000
01000000
00001000
00010000
00000100
00001000
00000010
00000000
00000100
00000010
00000100
00000000
,
00000100
00000001
00000100
00000000
00000010
00001000
000000M0
00001000
00000000
00001000
00000100
00000000
00000010
00000001
00000010
00000000
,
00000010
00001000
00000010
00000000
00000010
00000100
00001000
00000010
00010000
00001000
01000000
00000000
00010000
01000000
00100000
00000000
,
10000000
01000000
00100000
00010000
00100000
01000000
10000000
00010000
01000000
00000000
00000000
00000000
00000000
00000000
00000000
00000000
;

//---------------dance-double - M.Emirzian----------------
#NOTES:
     dance-double:
     M.Emirzian:
     Easy:
     2:
     0.123,0.000,0.009,0.000,0.000,93.000,1.000,0.000,0.000,0.000,0.000:
00000000
00000000
00000000
00000000
,
00000000
00000000
00000000
00000000
,
00000000
00000000
00000000
00000000
,
00000000
00000000
00000000
00000000
,
00001000
00000000
00010000
00000000
,
00100000
00000000
00000000
10000000
,
00010000
00000000
10000000
00000000
,
01000000
00000000
00000000
00100000
,
10000000
00000000
00100000
00000000
,
00010000
00000000
00000000
10000000
,
01000000
00000000
00010000
00000000
,
01000000
00000000
00000000
00100000
,
00100000
00000000
00000000
00000000
,
00000000
00000000
00000000
00000000
,
00001000
00000000
00000000
00000000
,
00000000
00000000
00000000
00000000
,
00010000
00000000
00000000
00000000
,
00000000
00000000
00000000
00000000
,
00000100
00000000
00001000
00000000
,
00000010
00000100
00000001
00000100
,
00000001
00001000
00000000
00000100
,
00000000
00001000
00000000
00000000
,
00000001
00000100
00000000
00000010
,
00000000
00001000
00000000
00000000
,
00000100
00001000
00000000
00000100
,
00000000
00010000
00000000
00000000
,
00001000
01000000
00000000
00010000
,
00000000
10000000
00000000
00000000
,
00100000
01000000
00000000
00000000
,
00000000
00000000
00000000
00000000
,
00000000
00010000
00000000
00000000
,
00000000
00000000
00000000
00000000
,
00000000
10000000
00000000
00000000
,
00000000
00010000
00000000
00000000
,
00000000
00100000
00000000
00000000
,
00000000
01000000
00000000
10000000
,
00000000
00010000
00000000
00000000
,
00000000
00000000
00000000
00000000
,
00000000
01000000
00000000
00000000
,
00000000
00000000
00000000
00000000
,
00000000
00001000
00000000
00000000
,
00000000
00010000
00000000
00000000
,
00000000
00000100
00000000
00001000
,
00000000
00000001
00001000
00000001
,
00001000
00000100
00000010
00000000
,
00000001
00000000
00001000
00000000
,
00000000
00000010
00000100
00000000
,
00000001
00000000
00001000
00000000
,
00000000
00000100
00010000
00000000
,
00001000
00000000
01000000
00000000
,
00000000
00001000
00010000
00000000
,
00100000
00000000
10000000
00000000
,
00000000
00010000
01000000
00000000
,
10000000
00000000
01000000
00000000
,
00000000
00010000
10000000
00000000
,
01000000
00000000
00010000
00000000
,
00000000
00001000
00010000
00000000
,
00000100
00000000
00000010
00000000
,
00000000
00001000
00000010
00000000
,
00000001
00000000
00001000
00000000
,
00000000
00000010
00001001
00000000
;

//---------------dance-double - M.Emirzian----------------
#NOTES:
     dance-double:
     M.Emirzian:
     Medium:
     5:
     0.257,0.000,0.009,0.000,0.000,195.000,1.000,0.000,0.000,0.000,0.000:
00000000
00000000
00000000
00000000
,
00000000
00000000
00000000
00000000
,
00000000
00000000
00000000
00000000
,
00000000
00000000
00000000
00000000
,
00010000
10000000
01000000
00100000
,
00010000
00000000
10000000
00000000
01000000
00000000
00100000
00010000
,
00100000
10000000
00100000
00010000
,
01000000
00000000
00001000
00000000
00010000
00000000
00000100
00001000
,
00000100
00000001
00000100
00001000
,
00000001
00000000
00000010
00000000
00001000
00000000
00000010
00000100
,
00000010
00000001
00000100
00001000
,
00000100
00000000
00000010
00000000
00001000
00000000
00000100
00000010
,
00000100
00000000
00000000
00000000
,
00010000
00000000
00000000
00000000
,
10000000
00000000
00000000
00000000
,
00001000
00000000
00000000
00000000
,
00000001
00000000
00001000
00000000
,
00000001
00000000
00000100
00000000
,
00000010
00001000
00000100
00010000
,
00001000
00000000
01000000
00000000
00010000
10000000
01000000
00100000
,
00010000
10000000
00100000
00010000
,
00100000
10000000
01000000
00100000
,
00010000
01000000
00010000
00000000
01000000
00000000
00001000
00000000
,
00010000
00000010
00001000
00000100
,
00000010
00000001
00000010
00000000
00001000
00000000
00000001
00000000
,
00000100
00001000
00000001
00000100
,
00000010
00001000
00000010
00000000
00001000
00000000
00000100
00000000
,
00010000
00001000
00100000
00010000
,
01000000
00100000
01000000
00000000
00000000
00000000
00000000
00000000
,
00000000
00000000
00000000
00000000
,
00000000
00010000
00000000
00000000
,
00000000
00000000
00000000
00000000
,
00000000
10000000
00000000
01000000
,
00000000
00100000
00000000
00010000
,
00000000
10000000
00000000
00100000
,
00000000
01000000
00001000
00010000
,
00000100
00001000
00000100
00000000
00000000
00000000
00000000
00000000
,
00000000
00000001
00000000
00000000
,
00000000
00010000
00000000
00000000
,
00000000
10000000
00000000
00000000
,
00000000
00001000
00000000
00010000
,
00000000
00000100
00000000
00001000
,
00000000
00000010
00000000
00000100
,
00000001
00000000
00000010
00000000
00000100
00000000
00001000
00000001
,
00000100
00000010
00001000
00000000
00000100
00000000
00000010
00000000
,
00001000
00000010
00000001
00000100
,
00000010
00000000
00001000
00000100
00001000
00000000
00000100
00000000
,
00010000
00001000
00000100
00001000
,
00010000
00000000
00001000
01000000
00001000
00000000
00010000
00000000
,
00100000
10000000
00010000
01000000
,
10000000
00000000
01000000
00010000
01000000
00000000
00100000
00000000
,
10000000
01000000
00100000
00010000
,
01000000
00000000
00010000
00100000
00010000
00000000
10000000
00000000
,
01000000
00010000
00001000
00000100
,
00000001
00000000
00000010
00000100
00000010
00000000
00000001
00000000
,
00000100
00000010
00001000
00000100
,
00001000
00000000
00000001
00000100
00000001
00000000
00001000
00000000
,
00000100
00000001
00001000
00000010
,
00000001
00000000
00000100
00000010
00000100
00000000
00000010
00000000
,
00010000
00001000
01000000
00010000
,
00100000
00000000
01000000
10000000
10010000
00000000
00000000
00000000
;

//---------------dance-double - M.Emirzian----------------
#NOTES:
     dance-double:
     M.Emirzian:
     Hard:
     8:
     0.497,0.000,0.101,0.018,0.275,366.000,11.000,2.000,0.000,0.000,0.000:
00000000
00000000
00000000
00000000
,
00000000
00000000
00000000
00000000
,
00000000
00000000
00000000
00000000
,
00000000
00000000
00000000
00000000
,
00100000
00000000
00000000
00100000
10000000
00000000
00000000
10000000
01000000
00000000
00000000
01000000
00100000
00000000
00000000
00100000
,
00010000
00000000
00000000
00010000
01000000
00000000
00000000
01000000
00001000
00000000
00010000
00000000
00000100
00010000
00001000
00000000
,
00000100
00000000
00000000
00000100
00000001
00000000
00000000
00000001
00000010
00000000
00000000
00000010
00000100
00000000
00000000
00000100
,
00001000
00000000
00000000
00001000
00000010
00000000
00000000
00000010
00010000
00000000
00001000
00000000
00010000
00001000
01000000
00000000
,
00001000
00010000
00000100
00010000
00100000
10000000
01000000
00000000
,
00100000
00010000
01000000
00001000
00010000
00100000
10000000
00000000
,
01000000
00100000
00010000
00100000
01000000
00100000
00001000
00010000
,
00000010
00000000
00001000
00000000
00000100
00000000
00000010
00000000
00000001
00000000
00000010
00000000
00000100
00001000
00000100
00000000
,
00001001
00000000
00000010
00000100
00000001
00000000
00000001
00000000
,
00001000
00000100
00010000
00000000
10010000
00000000
00000000
00000000
,
00100000
00000000
01000000
00001000
00010000
00000000
00100000
00010000
,
01000000
00001000
00001001
00000001
,
00000010
00000000
00000100
00001000
00000001
00000000
00000001
00000100
,
00001000
00000000
00000100
00000010
00010000
00000000
00010000
00001000
,
00100000
00000000
10000000
00100000
01000000
00000000
00010000
10000000
,
01000000
00000000
00100000
00000000
00010000
00000000
01000000
00000000
00100000
00000000
10000000
00000000
00100000
01000000
00100000
00000000
,
10010000
00000000
00000000
00000000
00010000
00000000
00000000
00010000
01000000
00000000
00000000
01000000
00001000
00000000
00000000
00001000
,
00010000
00000000
00000000
00010000
01000000
00000000
00000000
01000000
00010000
00000000
00000000
00010000
00001000
00000000
00000000
00001000
,
00000010
00000000
00000001
00000000
00000010
00000000
00000000
00000010
00000100
00000000
00000000
00000100
00001000
00000000
00000000
00001000
,
00000010
00000000
00000000
00000010
00000100
00000000
00000000
00000100
00000001
00000000
00000000
00000001
00000100
00000000
00001000
00000000
,
00010000
00001000
01000000
00100000
00010000
00100000
10000000
01000000
,
00100000
00000000
00100000
10000000
00100000
00010000
10000000
01000000
,
00010000
00000000
00001000
00010000
00000100
00010000
01000000
00010000
,
00001000
00000010
00000100
00001000
00000010
00000100
00000001
00001000
,
00000100
00000010
00000100
00000000
00002200
00000000
00000000
00000000
00000000
00000000
00000000
00000000
00000000
00000000
00000000
00000000
,
00000000
00000000
00000000
00000000
,
00003300
00000000
00000000
00000001
00000000
00000000
00000000
00000000
,
00000000
10000000
00000000
00000000
,
00000000
00000000
00010000
01000000
00100000
00000000
10000000
00000000
,
01000000
00000000
00100000
00010000
01000000
00000000
00100000
00000000
,
01000000
00000000
00001000
00010000
01000000
00000000
00010000
00000000
,
00001000
00000000
00010000
00001000
00000010
00000001
00001000
00000010
,
00001000
00000010
00001000
00000000
00001001
00000000
00000000
00000000
00000010
00000000
00000000
00000000
00000001
00000000
00000000
00000000
,
00001000
00000010
00000000
01100000
,
00000000
10000000
01000000
00100000
,
00010000
01000000
00000000
00000101
,
00000000
00001000
00000100
00001000
,
00000001
00000100
00000010
00000000
00001000
00000000
00000100
00000000
,
00010000
00001000
00000100
00000000
00001000
00000000
00010000
00000000
,
00100000
00010000
00001000
01000000
00010000
10000000
01000000
00100000
,
01000000
00100000
01000000
00000000
10010000
00000000
00000000
00000000
01000000
00000000
00000000
01000000
00100000
00000000
00000000
00100000
,
10000000
00000000
00000000
10000000
01000000
00000000
00000000
01000000
00010000
00000000
00000000
00010000
00001000
00000000
00000000
00001000
,
00000010
00000000
00000000
00000010
00000001
00000000
00000100
00000000
00000010
00000000
00000000
00000010
00001000
00000000
00000000
00001000
,
00000100
00000000
00000000
00000100
00010000
00000000
00000000
00010000
00001000
00000000
00000000
00001000
00000100
00000000
00000000
00000100
,
00001000
00010000
00000100
00010000
00100000
10000000
00100000
01000000
,
00010000
00100000
01000000
00000000
01000000
10000000
01000000
00100000
,
01000000
00010000
00001000
00000000
01000000
00100000
01000000
10000000
,
01000000
00010000
00100000
10000000
00100000
00010000
10000000
01000000
,
00010000
00000000
00001000
00000000
00010000
00000100
00010000
00000000
00001100
00000000
00000000
00001000
00000100
00000000
00000000
00000100
,
00000010
00000000
00000000
00000010
00000001
00000000
00000000
00000001
00000100
00000000
00000000
00000100
00000010
00000000
00000000
00000010
,
00010000
00000000
00000000
00010000
00001000
00000000
01000000
00000000
10000000
00000000
00000000
10000000
01000000
00000000
00000000
01000000
,
00001000
00000000
00000000
00001000
00010000
00000000
00000000
00010000
00100000
00000000
00000000
00100000
00010000
00000000
00000000
00010000
,
00001000
01000000
00100000
10000000
00100000
00010000
10000000
01000000
,
00100000
00010000
00001000
00000000
01000000
00001000
00010000
01000000
,
10000000
00010000
00100000
00000000
01000000
10000000
00100000
00010000
,
00001000
00000010
00000001
00001000
00000010
00000100
00000001
00000100
,
00000010
00000000
00001000
00000000
00000100
00001000
00000100
00000000
00001001
00000000
00000000
00000000
00000000
00000000
00000000
00000000
;

//---------------dance-single - K.W----------------
#NOTES:
     dance-single:
     K.W:
     Hard:
     8:
     0.501,0.000,0.174,0.202,0.234,341.000,19.000,22.000,13.000,0.000,0.000:
0000
0000
0000
0000
,
0000
0000
0000
0000
,
0000
0000
0000
0000
,
0000
0000
0000
0000
,
0001
0000
0010
0001
0020
0000
0000
0000
0031
0000
0000
0000
0110
0000
0000
0000
,
0100
0000
1000
0100
2000
0000
0000
0000
3100
0000
0000
0000
1001
0000
0000
0000
,
0100
0000
0010
0100
0020
0000
0000
0000
0130
0000
0000
0000
1001
0000
0000
0000
,
0001
0000
0010
0001
0020
0000
0000
0000
0130
0000
0000
0000
1100
0000
0000
0000
,
0001
0000
0010
0000
0001
0000
0100
0000
0010
0000
0100
0010
0100
0000
0000
0000
,
0100
0000
1000
0000
0100
0000
0001
0000
0010
0000
0100
0010
0100
0000
0000
0000
,
1000
0010
0100
0010
0001
0010
1000
0100
,
0010
0100
1000
0010
0001
0000
2100
0000
,
3010
0000
0001
0000
0010
0000
0001
0000
0010
0000
0001
0010
0000
0001
0000
0010
,
0100
0000
0010
0000
0100
0000
0010
0000
0100
0000
0010
0100
0000
0010
0000
0100
,
0001
0000
1000
0000
0001
0000
1000
0000
0001
0000
1000
0001
0000
1000
0000
0001
,
0010
0000
0001
0000
0010
0000
0001
0000
0010
0000
0001
0100
0000
0010
0000
0100
,
0001
0001
0010
0100
1000
1000
0100
0010
,
0001
0001
0010
0100
1000
1000
0010
0000
,
0010
0100
0001
0010
0100
1000
0100
0010
,
0200
1000
0010
1300
,
1001
0000
0000
0000
1000
0000
0000
1000
0100
0000
0000
0100
1000
0000
0000
1000
,
0001
0000
0000
0001
1000
0000
0000
1000
0100
0000
0000
0100
1000
0000
0000
1000
,
0010
0000
0000
0010
0100
0000
0000
0100
0001
0000
0000
0001
0010
0000
0000
0010
,
0001
0000
0000
0001
0100
0000
0000
0100
1000
0000
0000
1000
0100
0000
0000
0100
,
0001
0000
1000
0100
0010
0100
1000
0010
,
0001
0010
1000
0100
0010
0100
2000
0000
,
3100
0000
0001
0010
0100
0010
0001
0100
,
1000
0100
0001
0010
0100
1000
0200
0000
,
0310
0002
M000
0000
,
0M00
0000
00M0
0000
,
M000
0000
0023
000M
0M00
0000
0000
0000
,
M000
0000
0230
00M0
0000
0000
0000
0000
,
000M
0000
1300
0M01
0011
0000
0000
1000
,
1001
0000
0010
0100
0110
0000
0000
0001
,
0011
0000
0100
1000
1100
0000
0000
0100
,
0110
0000
0001
0010
0001
0100
1000
0100
,
0001
1000
0200
0000
1000
0000
0010
0000
,
1000
0000
1000
0010
,
1000
2300
0010
0100
,
0010
3020
0001
0100
,
0001
0032
0000
0000
,
0010
0020
0000
0003
,
0100
0200
0000
0030
,
1300
2000
0000
3100
,
0001
0000
0000
0000
1100
0000
0000
0000
0001
0000
0000
0001
0100
0000
0000
0100
,
1000
0000
0000
1000
0100
0000
0000
0100
0001
0000
0000
0001
0010
0000
0000
0010
,
0100
0000
0000
0100
0010
0000
0000
0010
0001
0000
0000
0001
0100
0000
0000
0100
,
1000
0000
0000
1000
0100
0000
0000
0100
0001
0000
0000
0001
0010
0000
0000
0010
,
0100
0000
1001
0000
0100
0010
0110
0000
,
0001
0010
0011
0000
1000
0010
0100
0001
,
0020
0000
0031
0000
0200
1000
1300
0000
,
0200
0010
0310
0000
0001
0010
0100
1000
,
0100
0000
0011
0000
1000
1000
1100
0000
,
0001
0001
0011
0000
1000
0100
0001
0010
,
0001
0010
0000
0010
0100
0000
0000
0000
1000
0000
0100
0000
0001
0000
0000
0000
,
0010
0001
1000
0000
0010
0100
0001
1000
,
0001
0001
0001
000M
1000
0010
0001
0010
,
1000
0010
0001
0010
1000
0001
0010
0100
,
1000
0100
0020
0000
0130
1000
0100
0010
,
0001
0100
1000
0100
0001
0010
0001
1000
,
0001
0000
00MM
0000
1000
0100
1000
0100
0000
0000
0000
0000
0000
0000
0000
0000
;

//---------------dance-single - K. Ward----------------
#NOTES:
     dance-single:
     K. Ward:
     Medium:
     5:
     0.317,0.000,0.239,0.220,0.000,192.000,26.000,24.000,0.000,0.000,0.000:
0000
0000
0000
0000
,
0000
0000
0000
0000
,
0000
0000
0000
0000
,
0000
0000
0000
0000
,
2000
0010
3100
0011
,
0002
0100
0013
1100
,
0010
0110
1000
1100
,
0000
0001
0001
0000
0000
1000
1000
0000
,
0010
0100
1000
0000
0100
0001
0010
0000
,
0100
0010
0001
0000
1000
0010
0100
0000
,
0001
1000
0100
0010
,
0100
1001
0010
1001
,
2000
0000
0000
3000
,
0020
0000
0000
0030
,
0002
0000
0000
0003
,
0020
0000
0000
0030
,
2000
0010
0200
3300
,
0002
0010
0200
0303
,
2000
0010
0100
3010
,
0100
0000
0001
0000
0010
0100
0010
0000
,
1001
0000
0000
0100
0100
0000
0000
0010
,
0010
0000
0000
1000
1000
0000
0000
0001
,
0010
0001
0000
1000
1000
0000
0000
0100
,
0100
0000
0000
0010
0010
0000
0000
0100
,
1000
0010
0100
0000
0100
0000
0100
0000
,
0100
0010
0010
0010
,
0010
0100
0001
0010
,
0100
0000
1000
0100
1000
0100
0010
0000
,
0100
0220
0000
0000
,
0000
0000
0000
0330
,
0000
2002
0000
0000
,
3003
0022
0000
0000
,
0033
0000
1000
0100
1100
0000
0000
0000
,
0000
0000
0010
0100
0110
0000
0000
0000
,
0000
0000
0001
1000
1001
0000
0000
0000
,
0000
0000
0100
0010
0100
0001
0010
0000
,
0001
2000
0000
0000
,
0000
3002
0000
0000
,
0000
0023
0000
0000
,
0000
0031
1000
0010
,
0100
0200
0000
0000
,
0000
0020
0000
0000
,
0300
2000
0000
0000
,
0030
0002
0000
0000
,
3003
0000
0000
0000
0000
1000
0001
0000
,
0000
0001
1000
0000
0000
1000
0010
0000
,
0000
0010
0100
0000
0000
0100
0001
0000
,
0000
0001
1000
0000
0000
1000
0001
0000
,
0010
0100
0010
0000
0001
0000
0011
0000
,
0110
0000
1000
1100
,
0110
0000
0010
0110
,
1001
0000
1001
0011
,
1100
0110
0000
0001
,
0001
0001
0001
0000
0000
0000
1000
0000
,
1000
1000
1000
0000
0010
0100
0010
0000
,
0100
0100
0100
0000
0001
0010
0001
0000
,
1000
0000
1000
0000
0100
0010
0001
0000
,
1000
0000
1001
0000
0010
0100
0001
0000
,
1000
0000
1001
0000
0100
0010
0100
0000
,
0001
0010
0001
0000
1000
0001
1000
0000
,
0010
0100
1001
0000
;

//---------------dance-single - K. Ward----------------
#NOTES:
     dance-single:
     K. Ward:
     Easy:
     3:
     0.214,0.000,0.211,0.028,0.000,137.000,23.000,3.000,0.000,0.000,0.000:
0000
0000
0000
0000
,
0000
0000
0000
0000
,
0000
0000
0000
0000
,
0000
0000
0000
0000
,
1000
1000
1000
1000
,
0001
0001
0001
0001
,
0100
0100
0100
0100
,
0010
0010
0010
0000
,
1000
1100
0000
0000
,
0001
0011
0000
0000
,
1000
0010
0001
0010
,
0100
0000
0001
0010
,
1001
0000
0000
0000
,
0002
0000
0003
0000
,
2000
0000
3000
0000
,
0002
0000
0003
0000
,
0100
0100
0000
0000
,
0010
0010
0000
0000
,
0100
0010
1000
0000
,
0010
0100
0001
1000
,
1001
0000
0110
0000
,
0110
0000
1001
0000
,
1001
0000
0110
0000
,
1001
0000
1001
0000
,
0110
0000
1000
0001
,
1000
0010
1000
0010
,
1000
0100
1000
0100
,
1000
0010
1000
0001
,
1000
0001
0000
0000
,
0000
0000
0000
0000
,
0000
1000
0000
0000
,
0000
0001
0000
0000
,
0000
0100
0000
0000
,
0000
0000
0000
0000
,
0000
0001
0000
0000
,
0000
1000
0000
0001
,
0000
1001
0000
0000
,
0000
0000
0000
0000
,
0000
0010
0000
0000
,
0000
0100
0000
0000
,
0000
1000
0000
0000
,
0000
1000
0000
0000
,
0000
0100
0000
0000
,
0000
0001
1000
0001
,
1000
1001
0000
0110
,
0000
0110
0000
1001
,
0000
1001
0000
0110
,
0000
1001
0000
1001
,
0000
0110
0000
0001
,
0001
0001
0000
1000
,
1000
1000
0010
0100
,
0001
0100
0010
0100
,
0001
1000
0100
0100
,
0100
0100
1000
1000
,
1000
1000
0001
0001
,
0001
0001
0010
0010
,
0010
0000
0001
1000
,
0001
1000
0010
0100
,
0010
0100
0001
1000
,
0010
0100
0001
0010
,
0100
1000
1001
0000
;

//---------------dance-single - K. Ward----------------
#NOTES:
     dance-single:
     K. Ward:
     Beginner:
     1:
     0.098,0.000,0.037,0.000,0.000,71.000,4.000,0.000,0.000,0.000,0.000:

0000
0000
0000
0000
,
0000
0000
0000
0000
,
0000
0000
0000
0000
,
0000
0000
0000
0000
,
0001
0000
0000
0000
,
1000
0000
0000
0000
,
0010
0000
0000
0000
,
0100
0000
0000
0000
,
0001
0000
0000
0000
,
1000
0000
0000
0000
,
0100
0000
0000
0000
,
1000
0000
0000
0000
,
0010
0000
0000
0000
,
0000
0000
0000
0000
,
0010
0000
0000
0000
,
0000
0000
0000
0000
,
0100
0000
0001
0000
,
0100
0000
0001
0000
,
0010
0000
0001
0000
,
1000
0000
0001
0000
,
1000
0000
0010
0000
,
0000
0000
0100
0000
,
0000
0000
0001
0000
,
0000
0000
1000
0000
,
0000
0000
0001
0000
,
0001
0000
0001
0000
,
0001
0000
1000
0000
,
1000
0000
1001
0000
,
0000
0010
0000
0000
,
0000
0000
0000
0000
,
0000
0100
0000
0000
,
0000
0000
0000
0000
,
0000
0001
0000
0000
,
0000
0000
0000
0000
,
0000
1000
0000
0000
,
0000
0010
0000
0100
,
0000
0001
0000
0000
,
0000
0000
0000
0000
,
0000
1000
0000
0000
,
0000
0010
0000
0000
,
0000
0100
0000
0000
,
0000
0000
0000
0000
,
0000
0001
0000
0000
,
0000
1000
0000
0001
,
0000
1001
0000
0001
,
0000
0000
0000
1000
,
0000
0000
0000
0010
,
0000
0000
0000
0110
,
0000
0000
0000
0001
,
0000
0001
0000
0001
,
0000
0001
0000
1000
,
0000
1000
0000
1000
,
0000
0000
0000
0010
,
0000
0100
0000
0010
,
0000
0100
0000
0001
,
0000
1000
0000
1001
,
0000
0000
0000
0010
,
0000
0010
0000
0001
,
0000
0001
0000
1000
,
0000
1000
0000
0010
,
0100
0000
0010
0000
;

//---------------dance-single - M.Emirzian----------------
#NOTES:
     dance-single:
     M.Emirzian:
     Challenge:
     10:
     0.787,0.000,0.037,0.000,0.886,596.000,4.000,0.000,17.000,0.000,0.000:
0000
0000
0000
0000
,
0000
0000
0000
0000
,
0000
0000
0000
0000
,
0000
0000
0000
0000
,
1001
0000
1000
0010
1000
0000
1000
0001
1000
0000
1000
0100
1000
0000
1000
0001
,
1000
0000
1000
0010
1000
0000
1000
0100
1000
0000
1000
0010
0100
0001
0010
0000
,
0100
0000
0010
0001
0010
0000
0010
0100
0010
0000
0010
1000
0010
0100
0010
0000
,
0010
0000
0001
1000
0001
0000
0001
0100
0001
0000
1000
0000
0010
0100
0010
0000
,
1000
0000
0100
0010
0100
0000
0100
1000
0100
0000
0100
0010
0100
0000
0100
0001
,
0100
0000
0100
0010
0100
0000
0100
1000
0100
0000
0100
0001
0100
0010
0001
0000
,
0100
0000
0010
1000
0010
0000
0010
0100
0010
0000
0010
0100
0001
0010
0100
0000
,
0010
0000
0001
1000
0001
0000
0001
0010
0001
0000
1000
0000
0010
0100
0010
0000
,
1000
0000
0100
0000
0010
0000
0001
0000
0100
0000
0010
0000
1000
0100
0010
0001
,
0010
0100
1000
0000
0001
0000
0100
0000
0010
0000
1000
0010
0100
0001
0100
0010
,
1000
0000
0100
0000
0010
0000
0100
0000
1000
0000
0001
0000
0010
0100
1000
0100
,
0010
0001
0010
0000
0100
0000
1000
0000
0001
0000
0010
0100
1000
0100
0010
0001
,
0010
0000
0100
0000
1000
0000
0010
0000
0100
0000
0001
0000
0100
1000
0100
0010
,
0001
0010
0100
0000
0001
0000
1000
0000
0100
0000
0010
1000
0010
0100
0001
0100
,
0010
0000
0001
0000
0100
0000
0010
0000
0001
0000
0010
0000
0100
1000
0100
0010
,
0001
0010
0100
0000
0001
0000
1000
0000
0100
0000
0010
0001
0010
0100
1000
0100
,
0010
0000
00MM
0000
0001
1000
0001
0000
0001
0100
0001
0000
0001
0010
0001
0000
,
0001
1000
0001
0010
0100
1000
0010
0000
0100
0001
0100
0000
0100
0010
0100
0000
,
0001
0010
000M
0010
0000
0010
0100
0000
1000
0001
1000
0000
1000
0010
1000
0000
,
1000
0100
1000
0001
0010
0100
1000
0000
0010
0100
0010
0000
0010
0001
0010
0000
,
0010
1000
0000
1000
0100
0010
0100
0000
0100
0001
0100
0000
0100
0010
0100
0000
,
0100
1000
0100
0010
0001
0100
0010
0000
0100
0001
0100
0000
0100
1000
0100
0000
,
0100
0010
0M00
0010
0000
0010
1000
0000
0100
0010
0100
0000
0100
0001
0100
0000
,
0100
0010
0001
0100
0010
1000
0100
0000
0010
0001
0100
0000
0010
1000
0001
0010
,
0100
0010
0001
0100
1000
0000
0000
0000
000M
0000
0000
0000
00M0
0000
0000
0000
,
000M
0000
0M00
0000
,
00M0
0000
0000
1001
0000
0000
0M00
0000
,
0000
1100
0000
00M0
,
0000
0000
0001
1000
0010
0001
0010
0100
,
1000
0100
0010
0001
0010
1000
0100
0010
,
0001
0010
1000
0010
0100
0001
0100
0010
,
1000
0010
0001
1000
0010
0100
0001
1000
,
0100
0010
0001
1000
0010
0000
0100
0000
0001
0000
1000
0000
0100
0000
0010
0000
,
0001
1000
0000
1000
0100
0000
0010
0000
0001
0000
0100
0000
0010
1000
0010
0000
,
0100
0001
0100
1000
0001
0100
0010
1000
,
0100
0010
0000
0010
0001
0000
0010
0000
0100
0000
1000
0000
0100
1000
0100
0000
,
0001
0100
0010
0001
1000
0010
0100
0001
,
0100
0010
0000
0010
1000
0000
0001
0000
0010
0000
0100
0000
1000
0001
1000
0000
,
0010
0100
0001
0010
0100
1000
0001
0100
,
0010
1000
0000
1000
0100
0000
0010
0000
0001
0000
1000
0000
0010
0100
0010
0000
,
1000
0001
1000
0100
1000
0000
MM00
0000
1000
0100
0010
0000
0010
0001
0100
0000
,
0100
1000
0100
0000
0100
0001
1000
0100
0010
0001
0100
0000
0100
0010
1000
0000
,
1000
0001
0010
0000
0010
1000
00M0
1000
0000
1000
0010
0000
0010
0001
0100
0000
,
0100
1000
0100
0000
0100
0001
1000
0010
0100
0001
0010
0000
0010
0100
1000
0000
,
1000
0100
0001
0000
0001
0100
0000
0100
0010
0001
0100
0000
0100
0010
0001
0000
,
0001
0010
1000
0000
1000
0001
0010
0100
0010
0001
0100
0000
0100
0001
0010
0000
,
0010
0100
1000
0000
1000
0010
M000
0010
0000
0010
0100
0000
0100
0001
1000
0000
,
1000
0100
0010
0000
0010
0001
0100
1000
0100
0001
0010
0000
0010
0100
1000
0000
,
1000
0010
0100
0001
1000
0100
0001
0100
1000
0100
0001
0000
0001
0100
0010
0000
,
0010
1000
0010
0000
0010
0001
1000
0010
0100
1000
0100
0000
0100
0001
0100
0000
,
0100
0010
0001
0000
0001
0010
000M
0010
0000
0010
0001
0000
0001
1000
0100
0000
,
0100
0010
1000
0000
1000
0010
0001
0010
0100
1000
0100
0000
0100
0001
0010
0000
,
0010
0001
0100
0000
0100
1000
0000
1000
0100
0001
0010
0000
0010
1000
0100
0000
,
0100
1000
0010
0000
0010
0001
0100
1000
0100
0001
0010
0000
0010
1000
0010
0000
,
0010
0100
1000
0000
1000
0001
M000
0001
0000
0001
0100
0000
0100
1000
0100
0000
,
0100
0001
0010
0000
0010
0100
1000
0010
0001
0010
1000
0000
1000
0100
0010
0000
,
0001
0100
0010
1000
0100
0010
0001
0100
1001
0000
0000
0000
0000
0000
0000
0000
;
