#TITLE:I'll Get There Anyway;
#SUBTITLE:;
#ARTIST:Sammi Morelli;
#TITLETRANSLIT:;
#SUBTITLETRANSLIT:;
#ARTISTTRANSLIT:;
#GENRE:;
#CREDIT:;
#BANNER:I'll Get There Anyway-banner.png;
#BACKGROUND:I'll Get There Anyway-bg.png;
#LYRICSPATH:;
#CDTITLE:;
#MUSIC:Sammi Morelli  - Ill Get There Anyway.ogg;
#OFFSET:-0.249;
#SAMPLESTART:77.030;
#SAMPLELENGTH:13.980;
#SELECTABLE:YES;
#BPMS:0.000=100.030;
#STOPS:;
#BGCHANGES:0.000=I'll Get There Anyway-bg.png=1.000=0=0=1=====,
16.000=-random-=1.000=0=0=1=====,
24.000=-random-=1.000=0=0=1=====,
32.000=-random-=1.000=0=0=1=====,
40.000=-random-=1.000=0=0=1=====,
48.000=-random-=1.000=0=0=1=====,
56.000=-random-=1.000=0=0=1=====,
64.000=-random-=1.000=0=0=1=====,
72.000=-random-=1.000=0=0=1=====,
80.000=-random-=1.000=0=0=1=====,
88.000=-random-=1.000=0=0=1=====,
96.000=-random-=1.000=0=0=1=====,
104.000=-random-=1.000=0=0=1=====,
112.000=-random-=1.000=0=0=1=====,
120.000=-random-=1.000=0=0=1=====,
128.000=-random-=1.000=0=0=1=====,
136.000=-random-=1.000=0=0=1=====,
144.000=-random-=1.000=0=0=1=====,
152.000=-random-=1.000=0=0=1=====,
160.000=-random-=1.000=0=0=1=====,
168.000=-random-=1.000=0=0=1=====,
176.000=-random-=1.000=0=0=1=====,
184.000=-random-=1.000=0=0=1=====,
192.000=-random-=1.000=0=0=1=====,
196.000=I'll Get There Anyway-bg.png=1.000=0=0=1=====,
99999=-nosongbg-=1.000=0=0=0 // don't automatically add -songbackground-
;
#KEYSOUNDS:;
// cache tags:
#FIRSTBEAT:8.000;
#LASTBEAT:196.000;
#SONGFILENAME:/Songs/In The Groove/I'll Get There Anyway/I'll Get There Anyway.sm;
#HASMUSIC:1;
#HASBANNER:1;
#MUSICLENGTH:120.058;
// end cache tags

//---------------dance-single - M. Puls----------------
#NOTES:
     dance-single:
     M. Puls:
     Hard:
     7:
     0.452,0.000,0.633,0.233,0.075,276.000,76.000,28.000,0.000,0.000,0.000:
0000
0000
0000
0000
,
0000
0000
0000
0000
,
0000
0000
0000
0000
,
0000
0000
0000
0000
0000
0000
0000
0000
0000
0000
1000
0000
1000
0100
0010
0001
,
0010
0000
1000
0110
0001
0000
0100
0000
,
2000
0000
3100
0000
0011
0000
1000
0100
,
0020
0031
0000
0100
,
0001
0000
1100
0100
0011
0010
1100
0000
,
0010
0110
1001
0010
,
0110
0000
1000
0010
1000
0000
1100
0000
,
0002
0000
0013
0000
0000
0000
0000
0001
,
0011
0010
0110
0100
1001
1000
1100
0000
,
0000
0000
0000
0000
0001
0010
0100
0000
2000
0000
0000
0000
3100
0000
0000
0000
,
1010
0000
0000
0000
1000
0100
0010
0000
0002
0000
0000
0000
0013
0000
0000
0000
,
0011
0000
0000
0000
1000
0100
0010
0001
0100
0000
0010
0000
0010
0000
0010
0000
,
1001
1100
1001
0110
0110
0011
2010
0000
,
3100
0000
1010
0000
0100
0001
0011
0000
,
2000
0000
3100
0000
1000
0100
0011
0000
,
1001
0000
0100
0000
0100
0010
0100
0001
,
1000
0010
2000
0000
3200
0000
0320
0000
,
0031
0000
1100
0000
0001
0000
0010
0100
,
1000
0000
1001
0000
0200
0000
0301
0010
,
0011
0000
0100
1000
0010
1000
0100
0010
,
0002
0023
0230
1300
,
0000
0000
0110
0010
1100
0001
1000
0010
,
0011
0100
0010
1000
0110
0100
0110
0000
,
1100
0000
1100
0010
0011
0100
0010
1000
,
1000
0001
0011
0100
1100
0010
1100
0000
,
1000
0000
1000
0100
1000
0000
0010
0001
0010
0000
0010
0100
0010
0000
0100
1000
,
0100
0000
1000
0010
0100
0000
0001
0010
0001
0000
0100
0010
1000
0000
0010
0100
,
0010
0100
0100
0100
0110
0010
0110
1001
,
0110
1100
0011
0110
,
0022
0000
0033
0000
0001
0100
1100
0000
,
1001
0000
0100
0010
0110
0000
0011
0000
,
0001
0010
0100
0010
0002
0000
0103
0000
,
1010
0000
1100
0000
1010
0100
0011
0000
,
1001
0000
0100
0010
0110
0000
1100
1000
,
0010
1000
0100
1000
0002
0000
0103
0000
,
0110
0000
1100
0000
0011
0010
0110
0000
,
1001
0000
0100
0010
0110
0000
1000
0000
,
0010
0000
0100
0000
0010
0000
1000
0000
1000
0000
0010
0100
0010
0000
0100
0000
,
0001
0000
1000
0000
0001
0000
0100
0010
0100
0000
0010
0000
1000
0000
0100
0000
,
2000
0000
0200
3000
0320
0000
0031
0000
,
1001
0010
1001
0100
1001
0010
2002
3003
,
1001
0000
0000
0000
0001
0000
0010
0000
0001
0000
0100
0010
0100
0000
0010
0000
,
1000
0000
0100
0000
1000
0000
0010
0100
0010
0000
0100
0000
0001
0000
0010
0000
,
0002
0000
0020
0003
0230
0000
1300
0000
,
1001
0100
1001
0010
1001
0100
2002
3003
,
1001
0000
0000
0000
,
1001
0000
0000
0000
;

//---------------dance-single - M. Puls----------------
#NOTES:
     dance-single:
     M. Puls:
     Medium:
     6:
     0.337,0.000,0.167,0.133,0.000,247.000,20.000,16.000,0.000,0.000,0.000:

0000
0000
0000
0000
,
0000
0000
0000
0000
,
0000
0000
0000
0000
,
0000
0000
0000
0000
0000
1000
0100
0010
,
0001
1000
0001
0100
,
2000
3100
0001
1000
,
0020
1030
0000
0010
,
0001
0000
1000
0100
0001
0010
1000
0000
,
0010
0100
0001
0010
,
0100
1000
0001
1000
,
0002
0000
0013
0000
0000
0000
0000
0010
,
0001
0010
1000
0100
0001
1000
0010
0100
,
0000
0000
0001
0100
2000
0000
3000
0000
,
1000
0000
1000
0010
0002
0000
0003
0000
,
0001
0000
1000
0010
0100
0010
0010
0010
,
1001
0110
1001
0110
0110
0110
2000
0000
,
3100
0000
1000
0000
0010
0001
1000
0000
,
0002
0000
0103
0000
1000
0100
0001
0000
,
1001
0000
0000
0000
0100
0010
0100
0001
,
1000
0010
1000
0000
0100
0000
0010
0000
,
0002
0003
0000
0000
1001
0000
0010
0100
,
1000
1001
0000
0000
,
0001
0000
0100
1000
0010
1000
0100
0010
,
0001
0010
0100
1000
,
0000
0000
0100
0010
1000
0001
1000
0010
,
0001
0100
0010
0001
0010
0100
1000
0010
,
1000
0001
1000
0010
0001
0100
0010
0001
,
1000
0010
0100
0010
1000
0001
1000
0010
,
0001
1000
1000
0010
0010
0010
0010
0100
,
0100
0001
0001
0010
0010
0100
0100
0010
,
0010
0100
0100
0100
0010
0010
0100
1001
,
0010
1001
0100
1001
,
0002
0000
0003
0000
0001
0100
0001
0000
,
1001
0000
0100
0010
0100
0000
1000
0001
,
1000
0010
1000
0001
0000
0000
0000
0000
,
2000
0000
3000
0000
1000
0100
0001
0000
,
1001
0000
0100
0010
0100
0000
1000
0001
,
1000
0010
1000
0001
0000
0000
0000
0000
,
0220
0000
0330
0000
1001
0100
0001
0000
,
1000
0000
0100
0010
0100
0000
1000
0001
,
1000
0010
1000
0001
1000
0010
0001
0100
,
0001
1000
0001
0100
0100
0010
1001
0000
,
1000
0100
0001
0010
,
1000
0010
0001
0100
1000
0010
2002
3003
,
0001
0100
0001
1000
0001
0100
0100
0010
,
1000
0001
1000
0010
0010
0100
1000
0000
,
0001
0010
1000
0100
,
1000
0100
0001
0010
1000
0100
2002
3003
,
0001
0000
0000
0000
,
1001
0000
0000
0000
;

//---------------dance-single - M. Puls----------------
#NOTES:
     dance-single:
     M. Puls:
     Easy:
     3:
     0.220,0.000,0.125,0.142,0.000,153.000,15.000,17.000,0.000,0.000,0.000:
0000
0000
0000
0000
,
0000
0000
0000
0000
,
0000
0000
0000
0000
,
0000
0000
0000
0100
,
0001
1000
0001
0000
,
2000
3000
0001
1000
,
0020
0030
0000
0010
,
0001
1000
0001
1000
,
0010
0100
0001
0010
,
0100
1000
0001
1000
,
0002
0003
0000
0000
,
0001
1000
0001
0010
,
0000
0001
2000
3000
,
1000
1000
0002
0003
,
0001
1000
0100
0010
,
1001
1001
0110
2000
,
3000
1000
0010
1000
,
0002
0003
1000
0001
,
1001
0000
0100
0100
,
1000
1000
0100
0010
,
0002
0003
0000
0000
1001
0000
0010
0000
,
1000
1001
0000
0000
,
0001
0100
0010
0100
,
0001
0000
0010
0000
0100
0000
2000
3000
,
0000
0100
1000
1000
,
0001
0010
0010
1000
,
1000
1000
0001
0010
,
1000
0100
1000
1000
,
0001
1000
0010
0010
,
0100
0001
0010
0100
,
0010
0100
0010
0100
,
0010
1001
0100
1001
,
0002
0003
0001
0001
,
1001
0100
0100
1000
,
1000
1000
0000
0000
,
2000
3000
1000
0001
,
1001
0100
0100
1000
,
1000
1000
0000
0000
,
0220
0330
1001
0000
,
1000
0100
0100
1000
,
1000
1000
1000
0001
,
0001
0001
0100
1001
,
1000
0100
0001
0010
,
1000
0000
0001
0000
1000
0000
2002
3003
,
0001
0001
0001
0100
,
1000
1000
0010
1000
,
0001
0010
1000
0100
,
1000
0000
0001
0000
1000
0000
2002
3003
,
0000
0000
0000
0000
,
1000
0000
0000
0000
;

//---------------dance-double - M. Emirzian----------------
#NOTES:
     dance-double:
     M. Emirzian:
     Easy:
     1:
     0.076,0.000,0.000,0.008,0.000,63.000,0.000,1.000,0.000,0.000,0.000:
00000000
00000000
00000000
00000000
,
00000000
00000000
00000000
00000000
,
10000000
00000000
00010000
00000000
,
01000000
00000000
00001000
00000000
,
00000010
00000000
00000000
00000000
,
00000100
00000000
00000000
00000000
,
00000010
00000000
00000000
00000000
,
00001000
00000000
01000000
00000000
,
10000000
00000000
00000000
00000000
,
00001000
00000000
00000000
00000000
,
00010000
00000000
00000000
00000000
,
00000010
00000000
00000100
00000000
,
00000001
00000000
00000000
00000000
,
00010000
00000000
00000000
00000000
,
01000000
00000000
00000000
00000000
,
20000000
00000000
30010000
00000000
,
00001000
00000000
00000000
00000000
,
00000100
00000000
00000000
00000000
,
00000010
00000000
00000000
00000000
,
00010000
00000000
00001000
00000000
,
01000000
00000000
00000000
00000000
,
00100000
00000000
00000000
00000000
,
00001000
00000000
00000100
00000000
,
00000001
00000000
00000000
00000000
,
00000010
00000000
00000000
00000000
,
00001000
00000000
00000000
00000000
,
00010000
00000000
00000000
00000000
,
00100000
00000000
00000000
00000000
,
10000000
00000000
00000000
00000000
,
01000000
00000000
00000000
00000000
,
00010000
00000000
00000000
00000000
,
00001000
00000000
00000010
00000000
,
00000100
00000000
00000001
00000000
,
00000100
00000000
00000000
00000000
,
00010000
00000000
00001000
00000000
,
01000000
00000000
00000000
00000000
,
00010000
00000000
00000000
00000000
,
01000000
00000000
00100000
00000000
,
00001000
00000000
00000000
00000000
,
00000010
00000000
00000001
00000000
,
00000100
00000000
00000000
00000000
,
00000010
00000000
00000000
00000000
,
00010000
00000000
00000000
00000000
,
10000000
00000000
00000000
00000000
,
00100000
00000000
00000000
00000000
,
00001000
00000000
00000000
00000000
,
00000100
00000000
00000001
00000000
,
00001000
00000000
00010000
00000000
,
10000000
00000000
00100000
00000000
,
00001000
00000000
00000000
00000000
;

//---------------dance-double - M. Emirzian----------------
#NOTES:
     dance-double:
     M. Emirzian:
     Medium:
     5:
     0.376,0.000,0.325,0.150,0.000,259.000,39.000,18.000,0.000,0.000,0.000:
00000000
00000000
00000000
00000000
,
00000000
00000000
00000000
00000000
,
10010000
00000000
01100000
00000000
00100000
00100000
00100000
00000000
,
00110000
00000000
00101000
00000000
00010000
00010000
00010000
00000000
,
00100000
00000000
00001000
00000000
00010000
00000010
00001000
00000000
,
00000110
00000000
00000010
00000000
00000001
00000100
00000010
00000000
,
00000100
00001010
00001100
00010100
,
00011000
00101000
01001000
00100000
,
12000000
10000000
13000000
00000000
01200000
01000000
01300000
00000000
,
00100000
00000000
00110000
00000000
00101000
00000000
00012000
00010000
,
00013000
00000000
00010020
00010000
00010030
00000000
00000100
00000000
,
00000010
00000001
00000100
00000000
00000010
00000000
00001000
00000100
,
00000010
00000000
00000100
00010000
00001000
00000000
00100000
00000000
,
01000000
00000000
00100000
00010000
01000000
00000000
00100000
00000000
,
10000000
00100000
00010000
00001000
00000010
00000001
00000000
00000100
,
00000100
00000000
00000010
00000000
00001000
00000100
00010000
00000000
,
00012000
00010000
00013000
00000000
00102000
00100000
00103000
00000000
,
00010000
00000000
01010000
00000000
01100000
00000000
10200000
10000000
,
10300000
00000000
01020000
01000000
01030000
00000000
00001000
00000000
,
00010000
00000100
00001000
00000000
00000010
00000100
00000001
00000010
,
00000100
00000000
00001000
00000000
00000010
00000100
00000001
00000000
,
00001001
00000000
00000100
00000000
00000010
00010000
00001000
00000000
,
00101000
00000000
00010000
00000000
00001000
01000000
00010000
00000000
,
00120000
00100000
00130000
00000000
12000000
10000000
13000000
00000000
,
00100000
01000000
00001000
00100000
,
00001000
00010000
00000100
00000000
00000010
00000000
00000001
00000000
,
00000000
00000100
00000010
00001000
,
00000100
00010000
00001000
00000000
01000000
00000000
00010000
00000000
,
00000000
00000000
00100000
00000000
01000000
10000000
00100000
00000000
,
01020000
01000000
01030000
00000000
00102000
00100000
00103000
00000000
,
00010000
00000000
00100000
00001000
00010000
00000000
00000010
00000000
,
00001000
00000010
00000100
00000000
00000001
00001000
00000100
00000010
,
00000001
00000100
00000100
00000000
00000010
00001000
00001000
00000000
,
00010200
00010000
00010000
00010000
00010300
00000000
00001000
00010000
,
00010000
00000000
00001000
00000000
01000000
00100000
10000000
00000000
,
01020000
01000000
01030000
00000000
10200000
10000000
10300000
00000000
,
00010000
00100000
00001000
00000000
00001000
00010000
00010000
00000000
,
00010020
00010000
00010000
00010000
00010030
00000000
00001000
00010000
,
00010000
00000000
00000100
00000000
00001000
00000010
00000100
00000000
,
00000001
00000100
00001000
00010000
01000000
10000000
00100000
00000000
,
01000000
01000000
00010000
00000000
00100000
00100000
00001000
00000000
,
00012000
00010000
00010000
00010000
00013000
00000000
00000100
00000000
,
00001000
00000010
00000100
00000000
00000001
00000100
00000010
00000000
,
00001000
00000100
00010000
00001000
01000000
00010000
10000000
01000000
,
00100000
00000000
00010000
00010000
01000000
00000000
10200000
10000000
,
10000000
10000000
10300000
00000000
00010000
01000000
01000000
00000000
,
00100000
00000000
00010000
00000000
00001000
01000000
00010000
00000000
,
00100000
00001000
00010000
00000000
00000100
00001000
00000010
00000100
,
00000001
00001001
00000110
00001100
,
00010100
00000000
00000000
00000000
;

//---------------dance-double - M. Emirzian----------------
#NOTES:
     dance-double:
     M. Emirzian:
     Hard:
     7:
     0.452,0.000,0.242,0.142,0.021,334.000,29.000,17.000,0.000,0.000,0.000:
00000000
00000000
00000000
00000000
,
00000000
00000000
00000000
00000000
,
10000000
00000000
00010000
00000000
00001000
00010000
00001000
00000000
,
00000001
00000000
00001000
00000000
00000100
00000100
00000100
00000000
,
00010000
00001000
01000000
00010000
00100000
01000000
10000000
00100000
,
01000000
00001000
00000010
00000100
00001000
00000000
00000012
00000010
,
00000013
00000100
00001000
00000010
00000100
00000001
00000100
00001000
,
00100000
00001000
00010000
01000000
10000000
00000000
01020000
01000000
,
01030000
00100000
10000000
01000000
00100000
00001000
00000100
00000010
,
00001000
00000001
00000010
00000100
00001000
00000000
00000102
00000100
,
00000103
00000010
00000100
00000001
00000010
00000100
00010000
01000000
,
00100000
00010000
10000000
00100000
01000000
01000000
01000000
00000000
,
00001000
00000000
00000000
00010000
00000100
00000000
00001000
00000000
00000010
00000000
00000010
00000000
00000010
00000000
00000000
00000000
,
00000100
00000000
00000000
00000001
00000010
00000000
00000100
00000000
00001000
00000000
00001000
00000000
00001000
00000000
00000000
00000000
,
00000010
00010000
00001000
01000000
00010000
10000000
00000000
00100000
,
10010000
00000000
00100000
00000000
00110000
01100000
12000000
10000000
,
13000000
00100000
01000000
00010000
00100000
01000000
00100000
00001000
,
00000100
00000010
00000100
00000001
00001000
00000000
00000201
00000001
,
00000301
00000010
00000100
00001000
00000010
00010000
00100000
10000000
,
01000000
00010000
01000000
10000000
00100000
00000000
01020000
01000000
,
01030000
00100000
10000000
01000000
00010000
01000000
00100000
00001000
,
00000100
00000001
00000010
00000100
00001000
00000000
00001020
00001000
,
00001030
00000100
00000010
00000100
00010000
01000000
00100000
00010000
,
01000000
00100000
10000000
01000000
00100000
00000000
00010000
10000000
,
10010000
00000000
01000000
00000000
10200000
10000000
10300000
00000000
,
02010000
00010000
03010000
00000000
00012000
00010000
00013000
00000000
,
00001200
00000000
00001000
00001300
00000010
00000100
00000001
00000010
,
00000100
00010000
00001000
00001000
01000000
00100000
00100000
00000000
,
10200000
10000000
10300000
00010000
01000000
00100000
10000000
00000000
,
10000000
00100000
00010000
00001000
00000010
00000001
00000101
00000000
,
00000100
00000010
00001000
00000000
00000100
00000000
00000100
00010000
,
00001000
00000000
00001000
00000000
01000000
00010000
00100000
00000000
,
20010000
00010000
30010000
01000000
00010000
10000000
01000000
00010000
,
00001000
00100000
00001000
00000010
00000001
00001000
00000010
00000000
,
00001002
00001000
00001003
00000010
00000100
00001000
00010000
00000100
,
00010000
00100000
10000000
01000000
11000000
10010000
00110000
00000000
,
12000000
10000000
13000000
00100000
01000000
00010000
00100000
00010000
,
01000000
00001000
00000100
00000010
00001000
00000100
00000010
00000000
,
00001002
00001000
00001003
00000010
00000100
00000001
00000100
00000010
,
00001000
00000100
00010000
00100000
01000000
00100000
10000000
00000000
,
01000000
00000000
00000000
00000000
00100000
00000000
00000000
00010000
01000000
00000000
00100000
00000000
00100000
00000000
00100000
00000000
,
01000000
00001000
00010000
00000100
00001000
00001000
00001000
00000000
,
00000010
00000000
00000000
00000000
00000100
00000000
00000000
00000001
00001000
00000000
00000100
00000000
00000100
00000000
00000100
00000000
,
00000010
00001000
00001000
00001000
00010000
00100000
10000000
00000000
,
10020000
10000000
10030000
00100000
01000000
10000000
01000000
00010000
,
00100000
00001000
00000100
00000001
00000010
00000100
00001000
00000001
,
00000100
00000000
00000000
00000000
00000100
00000000
00000000
00000001
00000010
00000000
00000100
00000000
00000100
00000000
00000100
00000000
,
00001000
00000010
00000010
00000010
00000100
00001000
00010000
01000000
,
10000000
00100000
01000000
00010000
10100000
10010000
01010000
00000000
,
10010000
00000000
00000000
00000000
;

//---------------lights-cabinet - ----------------
#NOTES:
     lights-cabinet:
     :
     Easy:
     1:
     0.858,0.000,1.000,0.150,0.000,272.000,200.000,18.000,0.000,175.000,0.000:

00000000
00000000
00000000
00000000
,
00000000
00000000
00000000
00000000
,
00000000
00000000
00000000
00000000
,
00000000
00000000
00000000
00000000
00000000
10000000
01000000
00100011
,
00010011
10000011
00010011
01000011
,
20020011
00000000
31130011
00000000
00010011
00000000
10000011
00000011
,
00200011
10300011
00000011
00100011
,
00010011
00000000
10000011
01000000
00010011
00100011
10000011
00000011
,
00100011
01000011
00010011
00100011
,
01000011
00000000
10000011
00000000
00010011
00000000
10000011
00000011
,
00020011
00000000
00130011
00000000
00000011
00000000
00000011
00100000
,
00010011
00100011
10000011
01000000
00010011
10000011
00100011
01000011
,
00000011
00000000
00010011
01000000
20000000
00000000
30000000
00000000
,
10000011
00000000
10000011
00100000
00020011
00000000
00030011
00000000
,
00010011
00000000
10000011
00100000
01000011
00100011
00100011
00100000
,
10010011
01100011
10010011
01100000
01100011
01100011
20020011
00000011
,
31030011
00000000
10000011
00000000
00100000
00010000
10000011
00000000
,
00020011
00000000
01030011
00000000
11110000
01000000
00010011
00000000
,
10010011
00000000
01100011
00000000
11110000
00100000
01000011
00010000
,
10000011
00100000
10000011
00000000
01000011
00000000
00100011
00000011
,
00020011
00030000
01100011
00000000
10010011
00000000
00100011
01000000
,
10000011
00000000
10010011
00000000
00000011
00000000
00000011
00000011
,
00010011
00000000
01000011
10000000
00100011
10000000
01000011
00100011
,
00010011
00100011
01000011
10000011
,
00000011
00000000
11110000
00100000
10000011
00010000
11110000
00100000
,
00010011
01000000
11110000
00010000
00100011
01000000
10000011
00100000
,
10000011
00010000
11110000
00100000
00010011
01000000
11110000
00010000
,
10000011
00100000
01000000
00100000
10000011
00010000
10000011
00100000
,
00010011
10000000
11110000
00100000
00100011
00100000
11110000
01000000
,
01000011
10010000
11110000
01100000
01100011
10010000
10010011
01100000
,
01100011
10010000
11110000
10010000
01100011
01100000
01000011
10010000
,
00100011
10010011
01000011
10010011
,
00020011
00000000
11130000
00000000
00010011
01000000
11110000
00000000
,
10010011
00000000
11110000
00100000
01000011
00000000
10000011
00010000
,
10000011
00100000
11110000
00010000
00000011
00000000
00000000
00000000
,
20000011
00000000
31100011
00000000
10000011
01000000
00010011
00000000
,
10010011
00000000
11110000
00100000
01000011
00000000
11110000
00010000
,
10000011
00100000
11110000
00010000
00000011
00000000
00000011
00000000
,
02200011
00000000
13310000
00000000
10010011
01000000
11110000
00000000
,
10000011
00000000
01000011
00100000
01000011
00000000
10000011
00010000
,
10000011
00100000
11110000
00010000
10000011
00100000
11110000
01000000
,
00010011
10000000
11110000
01000000
01000011
00100000
10010011
00000000
,
10000011
11110000
00010011
11110000
,
10000011
00100000
00010011
01000000
10000011
00100000
20020011
30030000
,
00010011
01000000
11110000
10000000
00010011
01000000
11110000
00100000
,
10000011
00010000
11110000
00100000
00100011
01000000
11110000
00000000
,
00010011
00100011
10000011
11110000
,
10000011
01000000
00010011
00100000
10000011
01000000
20020011
30030011
,
11110011
11110000
00000000
01100000
,
10010011
00000000
00000000
00000000
;

//---------------dance-single - M. Puls----------------
#NOTES:
     dance-single:
     M. Puls:
     Beginner:
     1:
     0.069,0.000,0.017,0.000,0.000,56.000,2.000,0.000,0.000,0.000,0.000:
0000
0000
0000
0000
,
0000
0000
0000
0000
,
0000
0000
0000
0000
,
0000
0000
0000
0000
,
0001
0000
0000
0000
,
0010
0000
0000
0000
,
0001
0000
0000
0000
,
1000
0000
0100
0000
,
0010
0000
0000
0000
,
0100
0000
0000
0000
,
1000
0000
0000
0000
,
0001
0000
0010
0000
,
0100
0000
0000
0000
,
0001
0000
0000
0000
,
1000
0000
0000
0000
,
0010
0000
0000
0000
,
1001
0000
0000
0000
,
0100
0000
0000
0000
,
0010
0000
0000
0000
,
1000
0000
0100
0000
,
0010
0000
0000
0000
,
0001
0000
0000
0000
,
0010
0000
0000
0000
,
0001
0000
0000
0000
,
1000
0000
0000
0000
,
0100
0000
0000
0000
,
1000
0000
0000
0000
,
0100
0000
0000
0000
,
0010
0000
0000
0000
,
0100
0000
0000
0000
,
0001
0000
0000
0000
,
1000
0000
1000
1000
,
0001
0000
0000
0000
,
1000
0000
0000
0000
,
0100
0000
0000
0000
,
0100
0000
0000
0000
,
1000
0000
0000
0000
,
0001
0000
0000
0000
,
0010
0000
0000
0000
,
0010
0000
0000
0000
,
0001
0000
0000
0000
,
1000
0000
1000
0000
,
1000
0000
0001
0000
,
0001
0000
0001
0000
,
1000
0000
0100
0000
,
1000
0000
0000
0000
,
0001
0000
0010
0000
,
0001
0000
0000
0000
,
0100
0000
0000
0000
,
1001
0000
0000
0000
;
