#TITLE:Charlene;
#SUBTITLE:;
#ARTIST:Missing Heart;
#TITLETRANSLIT:;
#SUBTITLETRANSLIT:;
#ARTISTTRANSLIT:;
#GENRE:;
#CREDIT:;
#BANNER:charlene-banner.png;
#BACKGROUND:Charlene-bg.png;
#LYRICSPATH:;
#CDTITLE:;
#MUSIC:Missing Heart - Charlene.ogg;
#OFFSET:-0.543;
#SAMPLESTART:45.740;
#SAMPLELENGTH:13.760;
#SELECTABLE:YES;
#BPMS:0.000=138.000;
#STOPS:;
#BGCHANGES:0.000=Charlene-bg.png=1.000=0=0=1=====,
15.000=vol4-20-ntsc.mpg=1.000=1=0=1===CrossFade==,
32.000=vol4-04-ntsc.mpg=1.000=0=0=1=====,
36.000=675_JumpBack.mpg=1.000=0=0=1=====,
52.000=676_JumpBack.mpg=1.000=0=0=1=====,
68.000=VOL1-16-NTSC.mpg=1.000=0=0=1=====,
76.000=VOL1-30-NTSC.mpg=1.000=0=0=1=====,
84.000=VOL1-13-NTSC.mpg=1.000=0=0=1=====,
92.000=vol4-24-ntsc.mpg=1.000=0=0=1=====,
100.000=vol4-04-ntsc.mpg=1.000=0=0=1=====,
104.000=VOL1-17-NTSC.mpg=1.000=0=0=1=====,
112.000=VOL1-33-NTSC.mpg=1.000=0=0=1=====,
120.000=VOL1-37-NTSC.mpg=1.000=0=0=1=====,
136.000=vol4-04-ntsc.mpg=1.000=0=0=1=====,
140.000=jb_052.mpg=1.000=0=0=1=====,
156.000=VOL1-06-NTSC.mpg=1.000=0=0=1=====,
164.000=vol4-09-ntsc.mpg=1.000=0=0=1=====,
172.000=vol4-15-ntsc.mpg=1.000=0=0=1=====,
180.000=VOL1-13-NTSC.mpg=1.000=0=0=1=====,
188.000=VOL1-08-NTSC.mpg=1.000=0=0=1=====,
199.500=vol4-04-ntsc.mpg=1.000=0=0=1=====,
204.000=675_JumpBack.mpg=1.000=0=0=1=====,
220.000=676_JumpBack.mpg=1.000=0=0=1=====,
236.000=vol4-04-ntsc.mpg=1.000=0=0=1=====,
240.000=VOL1-24-NTSC.mpg=1.000=0=0=1=====,
256.000=VOL1-06-NTSC.mpg=1.000=0=0=1=====,
264.000=676_JumpBack.mpg=1.000=0=0=1=====,
268.000=vol4-04-ntsc.mpg=1.000=0=0=1=====,
272.000=Charlene-bg.png=1.000=0=0=1=====,
281.125=Charlene-bg.png=1.000=0=0=1=====,
99999=-nosongbg-=1.000=0=0=0 // don't automatically add -songbackground-
;
#KEYSOUNDS:;
// cache tags:
#FIRSTBEAT:16.000;
#LASTBEAT:281.125;
#SONGFILENAME:/Songs/In The Groove/Charlene/Charlene.sm;
#HASMUSIC:1;
#HASBANNER:1;
#MUSICLENGTH:124.991;
// end cache tags

//---------------dance-single - K. Ward----------------
#NOTES:
     dance-single:
     K. Ward:
     Easy:
     3:
     0.168,0.000,0.040,0.024,0.000,139.000,5.000,3.000,0.000,0.000,0.000:


0000
0000
0000
0000
,
0000
0000
0000
0000
,
0000
0000
0000
0000
,
0000
0000
0000
0000
,
0000
1000
0000
1000
,
0000
0010
0000
0010
,
0000
0100
0000
0100
,
0000
0001
0000
0001
,
2000
0000
0000
0000
,
3010
0010
0000
0000
,
0100
0100
0000
0000
,
0001
0001
0000
0000
,
1000
1000
0000
0000
,
0100
0100
0000
0000
,
1000
1000
0010
0000
,
0100
0100
0010
0000
,
1000
0000
0001
0000
,
0100
0000
0000
0010
,
0100
0000
0000
0001
,
1000
0000
0000
0010
,
0100
0000
0000
0001
,
0001
0000
0000
0010
,
0001
0000
0000
0100
,
0010
0000
0000
1000
,
0100
0000
0000
0000
,
2000
0000
0000
0000
,
3010
0000
0100
0000
,
0001
0000
0010
0000
,
0001
0000
0100
0000
,
0010
0000
1000
0000
,
0001
0001
0001
0000
,
1000
1000
1000
0000
,
0010
0000
0100
0000
,
0001
0000
0010
0010
,
0002
0000
0003
0000
,
1000
0010
0100
0000
,
0001
0100
0010
0000
,
1000
0010
0100
0000
,
0001
0100
0010
0000
,
1000
1000
1000
0000
,
0001
0001
0001
0000
,
0100
0100
0100
0000
,
0010
0000
0110
0000
,
1000
0000
0010
0000
,
1000
0000
0001
0000
,
1000
0000
0010
0000
,
0100
0000
0001
0000
,
1000
0100
1000
0000
,
0010
0000
0100
0000
,
0001
0010
0001
0000
,
0000
0000
0000
0000
,
1000
1000
0000
0000
,
0100
0100
0000
0000
,
1000
1000
0000
0000
,
0001
0001
0000
0000
,
0100
0100
0000
0000
,
0010
0010
0000
0000
,
1000
1000
0000
0000
,
0001
0000
0010
0000
,
0001
0001
0001
0000
,
1000
0000
0000
0001
,
1000
0000
0000
0010
,
0100
0000
0000
0001
,
0001
0000
0000
0010
,
0001
0000
0000
0100
,
0010
0000
0000
1000
,
0100
0000
1000
0000
,
1100
0000
1001
0000
,
1001
0000
0000
0000
,
0000
0000
0000
0000
,
1001
0000
0000
0000
;

//---------------dance-single - K. Ward----------------
#NOTES:
     dance-single:
     K. Ward:
     Medium:
     4:
     0.261,0.000,0.048,0.152,0.000,203.000,6.000,19.000,0.000,0.000,0.000:


0000
0000
0000
0000
,
0000
0000
0000
0000
,
0000
0000
0000
0000
,
0000
0000
0000
0000
,
0010
1000
0010
1000
,
0100
0001
0100
0001
,
2000
0000
3001
0001
,
0200
0000
0300
0000
,
0001
1000
0001
1000
,
0001
0010
0001
0000
0000
0000
1000
0000
,
0001
0010
0001
0000
0000
0000
0001
0000
,
1000
0010
1000
0000
0000
0000
0001
0000
,
1000
0010
0010
1000
,
0100
1000
0100
0000
0000
0000
1000
0000
,
0010
0100
0001
0100
,
0001
0010
0001
0000
1000
0000
0001
0000
,
1001
0000
1001
0000
,
1000
1000
0000
0001
,
0200
0000
0000
0300
,
0020
0000
0030
1000
,
0020
0000
0030
0100
,
0002
0000
0003
0100
,
0020
0000
0030
1000
,
0200
0000
0000
1300
,
2000
0000
3000
0000
,
0001
0010
0001
1000
,
0001
0001
0000
1000
,
0020
0000
0030
0100
,
0020
0000
0030
1000
,
0200
0000
0300
1000
,
2000
0000
3000
0010
,
0200
0000
0300
0001
,
0002
0000
0003
1000
,
0020
0000
0030
0000
,
1000
0000
0010
1000
,
0100
1000
0100
0000
1000
0000
0000
0000
,
0010
0001
0010
0000
0010
0000
0000
0000
,
0010
0001
0010
0000
0001
0000
0000
0000
,
1000
0010
1000
0000
1000
0000
0000
0000
,
0100
1000
0100
0000
1000
0000
1000
0000
,
0010
0100
0010
0000
1000
0000
1000
0000
,
1000
0010
1000
0000
0100
0000
0100
0000
,
1000
0000
0110
0000
,
0010
1000
0100
0000
,
1000
0010
0100
0000
,
0001
0100
0001
0000
,
1000
0100
1000
0000
,
0010
1000
0001
0000
,
0100
0100
0010
0000
,
1000
0010
0100
0001
,
1001
0000
0000
0000
,
0001
0010
0001
0000
0000
0000
1000
0000
,
0001
0010
0001
0000
0001
0000
1000
0000
,
0010
0100
0010
0000
0000
0000
1000
0000
,
0010
0010
1000
0010
,
1000
0000
0000
0001
,
0100
0010
1000
0010
,
1000
0010
1000
0000
0001
0000
0001
0000
,
0100
0000
0000
0000
,
1001
0000
1001
0000
,
1000
1000
0000
0001
,
0001
0010
0001
0000
1000
0000
1000
0000
,
0010
0100
0010
0000
0000
0000
1000
0000
,
1000
0010
1000
0000
0001
0000
0100
0000
,
0010
1000
0010
0000
0000
0000
1000
0000
,
1000
0010
0100
0001
,
0100
0000
0001
1000
,
2000
0000
0020
3000
,
0230
0000
0000
0000
0000
0300
0000
0000
;

//---------------dance-single - K. Ward----------------
#NOTES:
     dance-single:
     K. Ward:
     Hard:
     8:
     0.451,0.000,0.200,0.152,0.072,351.000,25.000,19.000,0.000,0.000,0.000:


0000
0000
0000
0000
,
0000
0000
0000
0000
,
0000
0000
0000
0000
,
0000
0000
0000
0000
,
1000
0000
0001
0000
0100
0010
0100
0000
,
0001
0000
1000
0000
0010
0100
0010
0000
,
1000
0000
1000
0000
0001
0100
0010
2000
,
0000
0100
0000
3010
,
0110
0000
0000
1100
0000
0011
0000
0000
,
1000
0010
1000
0010
0000
1000
0100
1000
,
0000
0010
0100
0010
0000
0100
0001
0100
,
0001
0000
0010
0000
0001
1000
0010
1000
,
0000
0010
0100
0010
0000
0100
0001
0100
,
0001
0000
0010
0000
0001
0100
0001
0100
,
0000
0010
1000
0010
0000
0100
0001
0010
,
0001
0000
1000
0000
0010
0100
0001
0000
,
1100
0000
0011
0000
,
1100
0000
0000
0000
0110
0000
0000
0000
0000
0000
0000
0000
0010
0100
0010
0100
,
0020
0000
0000
0000
1000
0000
0000
0000
1030
0000
0000
0000
0000
0000
1000
0100
,
2000
0010
3010
0010
,
0200
0000
0000
0000
0000
0000
0000
0000
0300
0000
0000
0000
0001
0010
0001
0010
,
0002
0000
0000
0000
0100
0000
0000
0000
0103
0000
0000
0000
0100
0010
0100
0010
,
2000
0000
0000
0000
0010
0000
0000
0000
3010
0000
0000
0000
0000
0000
0100
0010
,
0200
0001
0310
0001
,
0020
0000
0031
0100
,
0110
0000
0000
1100
0000
0011
0000
0000
,
0110
0000
0000
0000
0110
0000
0000
0000
0000
0000
0000
0000
0010
0100
0010
1000
,
0200
0000
0000
0000
1000
0000
0000
0000
1300
0000
0000
0000
0000
0000
0010
0100
,
0020
1000
1030
0001
,
0020
0000
0000
0000
0000
0000
0000
0000
0031
0000
0000
0000
0001
0100
0010
1000
,
0200
0000
0000
0000
1000
0000
0000
0000
1300
0000
0000
0000
1000
0010
0100
0001
,
0020
0000
0000
0000
0001
0000
0000
0030
0001
0000
0000
0000
0000
0000
0001
0010
,
0002
1000
0103
1000
,
0200
0000
1300
0000
,
1100
0000
0000
1100
0000
0011
0000
0000
,
0001
0100
0010
0100
0010
1000
0100
0010
,
0001
0100
0010
0100
0010
1000
0100
0010
,
0001
0100
0010
0100
0010
1000
0100
0010
,
0001
0100
0010
1000
,
0001
0100
0010
0100
0010
1000
0100
0010
,
0001
0100
0010
0100
0010
1000
0100
0010
,
0001
0100
0010
0100
0010
1000
0100
0010
,
0001
0010
0001
0011
,
0001
0100
0010
0100
0010
1000
0100
0010
,
0001
0100
0010
0110
0000
0000
0000
0000
,
1000
0010
0100
0010
0100
0001
0010
0100
,
1000
0010
0100
0110
0000
0000
0000
0000
,
0001
0100
0001
1000
0010
1000
0010
0100
,
0001
0010
0001
0011
0000
0000
0000
0000
,
1000
0010
0100
0001
0100
0001
0010
0001
,
2000
3010
0200
0301
,
1000
0010
1000
0010
0000
1000
0100
1000
,
0000
0010
0100
0010
0000
0100
0001
0100
,
0001
0000
0010
0000
0001
1000
0100
1000
,
0000
0010
0100
0010
0000
0100
0001
0010
,
0001
0000
0100
0000
0010
1000
0100
1000
,
0000
0010
0100
0010
0000
0100
0001
0010
,
0001
0000
1000
0000
0010
0100
0001
0200
,
0000
0310
0000
0000
,
0110
0000
0000
1100
0000
0011
0000
0000
,
1000
0010
1000
0010
0000
1000
0100
1000
,
0000
0010
0100
0010
0000
0100
0001
0100
,
0001
0000
0010
0000
0001
0001
0100
0010
,
0000
0100
0010
0100
0000
0010
1000
0010
,
1000
0000
0100
0000
1000
0010
0100
0001
,
0000
0010
0001
0100
0000
0010
1000
0001
,
1000
0000
0001
0000
0100
0010
1000
0000
,
0011
0000
1100
0000
,
0110
0000
0000
0000
0000
0000
0000
0000
0000
0000
0000
0000
1000
0010
0100
0001
,
0020
0000
0000
0000
,
0031
0000
0000
0000
;

//---------------dance-single - K. Ward----------------
#NOTES:
     dance-single:
     K. Ward:
     Challenge:
     11:
     0.858,0.000,0.408,0.400,1.000,650.000,51.000,50.000,139.000,0.000,0.000:



0000
0000
0000
0000
,
0000
0000
0000
0000
,
0000
0000
0000
0000
,
0000
0000
0000
0000
,
1000
0010
0100
0001
1000
0010
0100
0001
1000
0010
0100
0001
1000
0010
0100
0010
,
0100
0010
1000
0001
0100
0010
1000
0001
0100
0010
1000
0001
0100
0010
0100
0010
,
1000
0100
0010
0001
1000
0100
0010
0001
1000
0001
0010
0100
1000
0001
0010
0100
,
1000
0001
1000
0001
1000
0001
1000
0001
0100
0010
0100
0010
0100
0010
0100
0010
,
2000
0001
0001
0000
0010
0000
3001
0001
,
1000
0001
0100
0000
0001
0100
0010
0000
1000
0010
1000
0000
0001
0100
0001
0000
,
1000
0010
1000
0000
0010
0100
0010
0000
1000
0010
1000
0001
0100
0001
0100
0000
,
0001
1000
0010
0000
1000
0010
0100
0000
0001
0100
0001
0000
1000
0010
1000
0000
,
0001
0100
0001
0000
0100
0010
0100
0000
0001
0100
0001
1000
0010
0100
0001
0000
,
1000
0010
0100
0001
0100
0010
1000
1000
,
0010
0100
0010
0000
1000
0010
1000
0000
0001
0100
0001
0000
1000
0100
1000
0100
,
1000
0010
0100
0001
1000
0010
1000
1000
,
0002
0203
0320
2030
,
3001
0000
0010
0000
0001
0000
0000
00M0
0001
0000
0010
0000
0001
0000
0000
00M0
0001
0000
0010
0000
0001
0000
0000
00M0
0100
0000
0010
0000
0100
0000
0010
0000
,
1000
0000
0100
0000
1000
0000
0000
0M00
1000
0000
0100
0000
1000
0000
0000
0M00
1000
0000
0100
0000
1000
0000
0000
0M00
0010
0000
0100
0000
0010
0000
0100
0000
,
0001
0000
1000
0000
0001
0000
0000
M000
0001
0000
1000
0000
0001
0000
0000
M000
0001
0000
1000
0000
0001
0000
0000
M000
0100
0000
0010
0000
0100
0000
0010
0000
,
2000
0000
0000
0000
0000
0000
0010
0000
0000
0000
0000
0000
3002
0000
0000
0000
0000
0000
0000
0000
0000
0000
0000
0000
0013
0000
0000
0000
0000
0000
0001
0000
00M0
0000
0000
0000
1000
0000
0000
0M00
0000
0000
0001
0000
0000
0000
0000
0000
,
1000
0000
0100
0000
1000
0000
0000
0M00
1000
0000
0100
0000
1000
0000
0000
0M00
1000
0000
0100
0000
1000
0000
0000
0M00
0010
0000
0100
0000
0010
0000
0100
0000
,
0001
0000
0010
0000
0001
0000
0000
00M0
0001
0000
0010
0000
0001
0000
0000
00M0
0001
0000
0010
0000
0001
0000
0000
00M0
0100
0000
0010
0000
0100
0000
0010
0000
,
1000
0000
0001
0000
1000
0000
0000
000M
1000
0000
0001
0000
1000
0000
0000
000M
1000
0000
0001
0000
1000
0000
0000
000M
0010
0000
0100
0000
0010
0000
0100
0000
,
0002
0000
0000
0000
0100
0000
0000
0000
2003
0000
0000
0000
0000
0000
0000
0000
3100
0000
0000
0000
0010
MM00
0000
0000
0002
0000
00M0
0000
1000
0000
0000
0000
,
1003
0000
0000
0000
000M
0000
0000
0000
M00M
0000
0000
0000
0011
0000
0M00
0000
0000
000M
0000
0000
1001
0000
0000
0000
0MM0
0000
0000
0000
M00M
0000
0000
0000
,
0010
0000
0000
0000
011M
0000
M000
0000
0010
0000
0000
0000
1M10
0000
0000
0000
0010
M000
0000
0000
0110
0000
M000
0000
0100
0000
0000
0000
0011
0M00
0000
0000
,
0001
0000
0000
0000
0110
000M
0000
0000
0010
0000
0000
0000
1100
0000
00M0
0000
1000
0000
0000
0000
1001
0000
0M00
0000
1010
0000
0000
0000
1000
0000
0000
0000
,
0010
0000
0000
0000
0101
0000
0000
0000
0010
000M
0000
0000
1100
0000
0000
0000
0010
0M00
0000
0000
0011
0000
0000
0000
1000
000M
0000
0000
0011
0000
0000
0000
,
2000
0000
0000
0000
0000
0000
0000
0000
0000
0000
0000
0000
0000
0000
0000
0000
0000
0000
0000
0000
0000
0000
0000
0000
0001
0000
0000
0000
0000
0000
0000
0000
0000
0000
0000
0000
0000
0000
0000
0000
0000
0000
0000
0000
0000
0000
0000
0000
3001
0000
0000
0000
0000
0000
0000
0000
0000
0000
0000
0000
0000
0000
0000
0000
0000
0000
0000
0000
0000
0000
0000
0000
0010
0000
0000
0000
0000
0000
0000
0000
0000
0000
0000
0000
0000
0000
0000
0000
0000
0000
0000
0000
0000
0000
0000
0000
0001
0000
0000
0000
0000
0000
0000
0000
0000
0000
0000
0000
0000
0000
0000
0000
0000
0000
0000
0000
0000
0000
0000
0000
0200
0000
0000
0000
0000
0000
0000
0000
M000
0000
0000
0000
0000
0000
0000
0000
0000
0000
0000
0000
0000
0000
0000
0000
0001
0000
0000
0000
0000
0000
00M0
0000
0000
0000
0000
0000
0000
0000
0000
0000
0000
0000
0000
0000
0000
0000
0000
0000
0310
0000
0000
0000
0000
0000
0000
0000
0000
0000
0000
0000
0000
0000
0000
0000
0000
0000
0000
0000
0000
0000
0000
0000
,
0001
0000
0000
0000
0101
0000
0000
0000
0001
0M00
0000
0000
0110
0000
0000
0000
0001
0M00
0000
0000
1100
0000
0000
0000
1000
0M00
0000
0000
0110
0000
0000
0000
,
0100
0000
0000
0000
0101
0000
0000
0000
0100
000M
0000
0000
1100
0000
0000
0000
0100
M000
0000
0000
0011
0000
0000
0000
1010
000M
0000
0000
1M10
0000
0000
0000
,
1000
0000
0000
0000
0110
0000
0000
0000
1000
00M0
0000
0000
0101
0000
0000
0000
1000
0M00
0000
0000
1010
0000
0000
0000
0001
M000
0000
0000
0110
0000
0000
0000
,
1100
0000
0000
0000
0020
0000
0000
0000
1000
0000
0000
0000
1030
0000
0000
0000
0010
0000
0000
0000
M200
00M0
0000
0000
0010
0000
000M
0000
0310
0000
0000
0000
,
1000
0000
0000
0000
0M00
0000
0000
0000
MM00
0000
0000
0000
0101
0000
00M0
0000
0000
0M00
0000
0000
1100
0000
0000
0000
00MM
0000
0000
0000
MM00
0000
0000
0000
,
1000
0100
0010
0001
1000
0100
0010
0001
0100
0000
0010
0000
1000
0000
1000
0000
,
0001
0010
0100
1000
0001
0010
0100
1000
0010
0000
0100
0000
0011
0000
0000
0000
,
0100
0010
1000
0001
0100
0010
1000
0010
1000
0000
0010
0000
1000
0000
1000
0000
,
0001
0010
0100
1000
0001
0010
0100
1000
0010
0000
0100
0000
1100
0000
0000
0000
,
0001
1000
0100
0010
0001
1000
0100
0010
0001
1000
0010
1000
0010
1000
0010
1000
,
0001
0010
0100
1000
0001
0010
0100
1000
0001
0100
0001
0100
0001
0100
0001
1000
,
0001
0100
0001
1000
0010
0100
0010
1000
0001
1000
0010
0100
0001
0100
0001
0100
,
0002
0000
0000
0000
0000
0000
0000
0000
1003
0000
0000
0000
1000
0000
0000
0000
0110
0000
0000
0000
0000
0000
0000
0000
1100
0000
0000
0000
0000
MM00
0000
0000
,
2000
0010
3010
0002
0100
0010
0013
1000
,
0200
0000
0000
0000
1000
0000
0000
0000
0010
0000
0000
0000
1300
0000
0000
0000
0010
0000
0000
0000
1M00
0000
0000
0000
1100
0000
0000
0000
0000
MM00
0000
0000
,
0020
0100
0130
2000
0010
0100
3100
0001
,
0020
0000
0000
0000
0001
0000
0000
0000
0100
0000
0000
0000
0031
0000
0000
0000
0100
0000
0000
0000
00M1
0000
0000
0000
0011
0000
0000
0000
0000
00MM
0000
0000
,
1000
0020
1000
0130
1000
0002
1000
0103
,
1000
0000
2000
0000
0001
0000
3001
0000
2000
0000
0002
3000
0100
0000
2003
0000
,
0020
3000
0100
0000
0130
0000
2000
0000
0010
0000
0100
0000
3200
0000
0010
0000
,
0320
0000
0000
0000
0001
0000
0000
0000
0100
0000
0000
0000
0031
0000
0000
0000
0100
0000
0000
0000
0100
0000
0000
0000
1001
0000
0000
0000
0000
M00M
0000
0000
,
0001
0000
0010
0000
M001
0000
0000
00M0
1000
0000
0100
0000
1000
0000
00M0
0000
0001
0000
0010
0000
0001
0000
0000
00M0
0100
0000
0010
0000
0100
0000
0010
0000
,
1000
0000
0100
0000
1000
0000
0000
0M00
0001
0000
0010
0000
0001
0000
0M00
0000
1000
0000
0100
0000
1000
0000
0000
0M00
0010
0000
0100
0000
0010
0000
0100
0000
,
0001
0000
1000
0000
0001
0000
0M00
0000
1000
0000
0001
0000
1000
0000
0000
0M00
0001
0000
1000
0000
0001
0000
M000
0000
0100
0000
0010
0000
0100
M000
0010
0000
,
2000
0000
0000
0000
0000
0000
0010
0000
0000
0000
0000
0000
3002
0000
0000
0000
0000
0000
0010
0000
0000
0000
0000
0000
0013
0000
0000
0000
0000
0000
0100
0000
00M0
0000
0000
0000
0001
0000
0000
0M00
0000
0000
0001
0000
0000
0000
0000
0000
,
1000
0000
0100
0000
1000
0000
0000
0M00
0001
0000
0010
0000
0001
0000
0M00
0000
1000
0000
0100
0000
1000
0000
0000
0M00
0010
0000
0100
0000
0010
0000
0100
0000
,
0001
0000
0010
0000
0001
0000
0000
00M0
1000
0000
0100
0000
1000
00M0
0000
0M00
0001
0000
0010
0000
0001
0000
0000
00M0
0100
0000
0010
0000
0100
0000
0010
0000
,
1000
0000
0001
0000
1000
0000
00M0
0000
0001
0000
1000
0000
0001
0000
0000
000M
1000
0000
0001
0000
1000
0000
0000
000M
0010
M000
0100
0000
0010
0000
0100
0000
,
0002
0000
0000
0000
0100
0000
0000
0000
2003
0000
0000
0000
0000
0000
0000
0000
3100
0000
0000
0000
0010
MM00
0000
0000
0002
0000
00M0
0000
1000
0000
0000
0000
,
1003
0000
0000
0000
0010
000M
0000
0000
1000
0M00
0000
0000
0011
0000
0M00
0000
0000
000M
0000
0000
1100
0000
0000
0000
00M0
0M00
0000
0000
M00M
0000
0000
0000
,
0010
0000
0000
0000
011M
0000
M000
0000
0010
0000
0000
0000
1100
0000
0000
M000
0010
0000
0000
0000
0011
0000
M000
0000
0100
0000
0001
0000
0100
0000
0001
0000
,
1000
00M0
0000
0000
1001
0000
00M0
0000
1000
000M
0000
0000
1010
0000
0000
0000
1000
00M0
0000
0000
1001
0000
0M00
0000
1000
0000
0010
0000
0100
0000
0001
0000
,
1000
0000
0000
000M
0110
0000
0000
0000
0010
0000
0000
0000
1100
0000
000M
0000
1000
0000
0000
0000
0011
0000
0000
0000
0100
00M0
0001
0000
0100
0000
0001
0000
,
2000
0000
0000
0000
0010
0000
0000
0000
3200
0000
0000
0000
1000
0000
0000
0000
1300
0000
0000
0000
0010
0000
0000
0000
1M00
00M0
0001
0000
0100
0000
0010
0000
,
2000
0000
0010
0000
3010
0000
1000
0000
0002
0000
0100
0000
0103
0000
0000
0010
,
0200
0010
0310
1000
0001
0010
0001
1000
,
2000
0000
0010
0000
3010
0000
0000
1000
0002
0000
0100
0000
0203
0000
0010
0000
,
0320
0030
2200
3300
,
0022
0000
0000
0000
0033
0000
0000
0000
0000
0000
0000
0000
1000
0100
1000
0010
,
0100
0000
0001
0000
0100
0000
0001
0000
2000
0000
0000
00M0
0000
0000
0000
0M00
0000
00M0
0000
000M
0000
0000
0000
000M
3000
00M0
0000
0M00
0000
M000
0000
0000
,
0110
0000
0000
M000
0000
0M00
0000
00M0
0000
000M
0000
0000
0000
0000
0000
0000
0000
0000
0000
0000
0000
0000
0000
0000
0000
0000
0000
0000
0000
0000
0000
0000
;

//---------------dance-couple - By Matt P.----------------
#NOTES:
     dance-couple:
     By Matt P.:
     Easy:
     3:
     0.466,0.000,1.000,0.224,0.000,213.000,153.000,28.000,0.000,21.000,0.000:


00000000
00000000
00000000
00000000
,
00000000
00000000
00000000
00000000
,
00000000
00000000
00000000
00000000
,
00000000
00000000
00000000
00000000
,
00000000
10000000
00000000
00000001
,
00000000
01000000
00000000
00001000
,
00000000
00100010
00000000
00200020
,
00300030
00000000
00000000
00000000
,
11000000
00110000
00000011
00001100
,
10000000
00100000
10000000
00100000
,
00010000
00000000
00000001
00000100
,
00000001
00000100
00001000
00010000
,
00001000
00010000
00001000
00010000
,
01000100
00010000
00100010
10000001
,
10000001
00000000
00011000
00000000
,
00011000
00100010
10000001
00100010
,
00011000
00000000
10000001
00000000
,
00100020
10000000
00010000
10000000
,
00200030
00000100
00000001
00001000
,
00300002
01000000
00010000
01000003
,
20000000
00000100
00000001
30000100
,
00000000
01000010
00011000
00100010
,
10000001
00100010
10000001
00000000
,
00100100
01000010
00011000
01000010
,
00011000
10000001
00100010
01000100
,
00022000
01000010
02033020
00000000
,
03100130
10000001
00011000
01000202
,
10000000
00100000
10000303
00000000
,
00010010
01000010
00010010
00000000
,
20200010
00000001
00000100
30300001
,
01001000
01000010
01001000
00000000
,
10000001
00100100
10000001
00000000
,
00100100
01000010
00011000
01000010
,
00011000
10000001
00100010
01000100
,
00022000
00000000
01033010
00000000
,
10000000
00100000
01000000
00010002
,
00010003
01000100
00100010
20001000
,
30001000
00100010
01000100
00010002
,
00010003
01000100
00100010
00000000
,
10001000
00100010
01000100
00020001
,
00030001
01000100
00100010
20001000
,
30001000
00100010
01000100
00010002
,
00010003
00000000
11000011
00000000
,
10000001
01000001
10000001
01000001
,
00010001
01000100
00010001
00000000
,
00010001
10000100
10001000
10000100
,
10000001
00100100
10000001
00000000
,
10000001
01000010
10000001
01000010
,
00010001
01000010
00011000
00000000
,
00011000
00100100
00011000
00100100
,
00000000
00100010
00000000
00200020
,
10300031
10000001
01000010
00100100
,
11000010
00110100
01000011
00101100
,
10000001
00100001
10000001
00100001
,
00010001
00011000
10000001
10000100
,
10000001
10000100
10001000
00010000
,
00001000
00010000
00001000
00010000
,
01000100
00010000
00100010
10000001
,
10000001
00000000
00010000
00000000
,
00001000
00100010
10000001
00100010
,
00011000
00000000
10000001
00000000
,
00100010
00000000
10000001
00000000
,
01000010
00011000
00100100
10000001
,
01000010
00000000
00100100
00000000
,
01000010
00011000
00100010
10000001
,
10000001
00000000
00001000
00011000
,
00010000
00100010
10000001
00000000
,
11000011
00000000
01100110
00000000
,
00222200
00000000
00000000
00000000
,
00333300
00000000
00000000
00000000
,
;

//---------------dance-couple - By Matt P.----------------
#NOTES:
     dance-couple:
     By Matt P.:
     Medium:
     5:
     0.574,0.000,1.000,0.384,0.000,244.000,192.000,48.000,0.000,13.000,0.000:


00000000
00000000
00000000
00000000
,
00000000
00000000
00000000
00000000
,
00000000
00000000
00000000
00000000
,
00000000
00000000
00000000
00000000
,
00100100
10000001
00100100
10000001
,
01000010
00011000
01000010
00011000
,
20000002
00000000
30011003
00011000
,
02000020
00000000
03000030
00000000
,
10001000
00010001
10001000
00010001
,
10001000
00000100
10001000
00000000
00000000
00000000
00011000
00000000
,
10000001
01000000
10000001
00000000
00011000
00000000
00011000
00000000
,
10000001
01000100
10000001
00000000
00000000
00000000
00011000
00000000
,
10000001
01000100
01000100
00010001
,
00100010
00010001
00100010
00000000
00000000
00000000
10000001
00000000
,
01000010
00100100
00011000
01000010
,
00011000
00100100
00011000
00000000
10000001
00000000
00011000
00000000
,
11000011
00000000
00111100
00000000
,
10000001
00000000
10000001
00000000
00000000
00000000
00001000
00000010
,
00002000
00000000
00000000
00000000
00003000
00000000
10000000
01000000
,
00200000
00000000
00300000
00011000
,
02000200
00000000
00000000
00000000
03000300
00000000
10000100
00100000
,
20000001
00000000
00000100
00000000
30000001
00000000
10000010
00000100
,
00012000
00000000
10000000
00000000
00013000
00000000
00000000
01000010
,
00022000
00000000
00033000
00100100
,
00022000
00000000
00033000
00000000
,
00011000
00100100
00011000
00100100
00000000
00100100
00000000
00000000
,
10000001
00000000
10000001
00000000
00000000
00000000
00010000
01000000
,
00020000
00000000
00000000
00000000
00030000
00000000
00000001
00000010
,
00000200
00000000
00000300
00011000
,
00200020
00000000
00000000
00000000
00300030
00000000
00100001
00000100
,
10000002
00000000
00100000
00000000
10000003
00000000
01000001
00100000
,
00021000
00000000
00000001
00000000
00031000
00000000
00000000
01000010
,
00022000
00000000
00033000
00100100
,
00022000
00000000
00033000
00000000
,
00011000
00100100
00011000
00100100
00000000
00100100
00000000
00000000
,
10011001
10000001
01000010
00000000
10000001
00000000
10001000
00000000
,
01000100
00001000
01000100
00000000
01000100
00000000
00000000
00000000
,
01000100
00010000
01000100
00000000
01000100
00000000
10000001
00000000
,
01000100
10000001
01000100
00000000
10000001
00000000
00000000
00000000
,
00100010
10000001
00100010
00000000
01000100
00000000
00011000
00000000
,
10000010
00010100
10000010
00000000
00011000
00000000
00000000
00000000
,
01000001
00101000
01000001
00000000
00100010
00000000
00100010
00000000
,
10000001
01000100
00111100
01011010
,
01000100
10000001
00100010
00000000
,
00000000
10000001
01000100
20000001
00000000
00000000
30000000
00000000
,
10000001
00011000
10000001
00000000
,
00000000
00100100
01000010
00012000
00000000
00000000
00003000
00000000
,
00100100
10000001
00011000
00000000
,
00000000
01000010
00100100
20000002
00000000
00000000
30000003
00000000
,
10000001
01000100
00100010
00011000
,
20022002
00000000
00000000
00000000
00000000
30033003
01100110
10011001
,
00011000
00100100
00011000
00000000
00000000
00000000
10000001
00000000
,
00001000
00000100
00001000
00000000
10001000
01000000
10000001
00000000
,
10000100
00000010
00010100
00000000
01000100
00100000
01000001
00000000
,
01000100
10000100
00010001
01000100
,
00020002
00030003
00000000
00011000
,
01000010
00100100
10000001
01000100
,
10000001
01000100
10000001
00000000
00011000
00000000
00011000
00000000
,
22000022
00000000
00000000
33000033
,
00001100
11000000
00000011
00110000
,
00000001
00000010
00000001
00000000
00100000
01000000
00100000
00000000
,
00001000
00000100
00001000
00000000
00010000
10000000
00010000
00000000
,
00001000
00000100
00001000
00000000
00010000
00100000
00010000
00000000
,
10000001
01000100
10000001
00000000
00011000
00000000
01000010
00000000
,
00100100
10000001
00100100
00000000
00000000
00000000
10000001
10000001
,
10000001
00100100
01000010
00011000
,
01000010
00000000
00000000
00000000
00011000
10000001
01000100
00000000
,
20000002
00000000
00200200
30000003
,
02300320
00000000
00000000
00000000
00000000
03000030
00022000
00000000
,
20033002
30000003
00000000
00000000
,
;

//---------------dance-couple - Copied from By Matt----------------
#NOTES:
     dance-couple:
     Copied from By Matt:
     Hard:
     5:
     0.787,0.000,1.000,0.384,0.132,317.000,250.000,48.000,0.000,47.000,0.000:


00000000
00000000
00000000
00000000
,
00000000
00000000
00000000
00000000
,
00000000
00000000
00000000
00000000
,
00000000
00000000
00000000
00000000
,
00100100
01000010
10000001
01000010
00100100
01000010
10000001
00100100
,
01000010
00100100
00011000
00100100
01000010
00100100
00011000
00000000
,
20000002
00000000
00000000
00000000
30011003
00100100
00011000
00000000
,
02000020
00000000
03000030
00000000
,
10001000
00010001
10001000
00010001
,
10001000
00000100
10001000
00000000
00000000
00000000
00011000
00000000
,
10000001
00000010
00011000
00000010
10000001
00000000
00000000
00000000
00011000
01000000
10000000
01000000
00011000
00000000
00000000
00000000
,
10000001
01000100
10000001
00000000
00000000
00000000
00011000
00000000
,
10000001
00000000
01000010
00011000
01000010
00000000
00010001
00000000
,
00100010
00010001
00100010
00000000
00000000
00000000
10000001
00000000
,
01000010
00100100
00011000
01000010
,
00011000
00100100
00011000
00000000
10000001
00000000
00011000
00000000
,
11000011
00000000
00111100
00000000
,
10000001
00011000
00000000
00000000
00000000
00000000
00000000
00000000
10000001
00011000
00000000
00000000
00000000
00000000
00000000
00000000
00000000
00000000
00000000
00000000
00000000
00000000
00000000
00000000
10001000
00000000
00000100
00000000
01000010
00000000
00000100
00000000
,
00102000
00000000
00000000
00000000
00000000
00000000
00000000
00000000
10000000
00010000
00000000
00000000
01000000
00000000
00000000
00000000
00103000
00000000
00000000
00000000
00000000
00000000
00000000
00000000
00010001
00001000
00100000
00000000
01000010
00000000
00100000
00000000
,
00020100
00000000
00000001
00000010
00030100
00000000
00011000
00100100
,
02000020
00000000
00000000
00000000
00000000
00000000
00000000
00000000
00000000
00000000
00000000
00000000
00000000
00000000
00000000
00000000
03000030
00000000
00000000
00000000
00000000
00000000
00000000
00000000
10000100
00001000
01000000
00000000
00100000
00000000
01000000
00000000
,
20000001
00001000
00000000
00000000
00000000
00000000
00000000
00000000
00000100
00001000
00000000
00000000
00000000
00000000
00000000
00000000
30000001
00000000
00000000
00000000
00000000
00000000
00000000
00000000
00010001
10000000
00000010
00000000
00000100
00000000
00000010
00000000
,
00010002
10000000
00000000
00000000
00000000
00000000
00000000
00000000
00100000
10000000
00000000
00000000
00000000
00000000
00000000
00000000
00010003
00000000
00000000
00000000
00000000
00000000
00000000
00000000
00000000
00000000
00000000
00000000
01000010
00000000
00100100
00000000
,
00022000
00000000
00033000
01100110
,
00022000
00000000
00033000
00000000
,
10011001
01000010
00011000
10011001
00000000
00100100
00000000
00000000
,
10000001
00000000
00000000
00000000
10000001
00000000
00000000
00000000
00000000
00000000
00000000
00000000
00010000
00100000
01000000
00100000
,
00020000
00000000
00000000
00000000
00000000
00000000
00000000
00000000
00030000
00000000
00000000
00000000
00001000
00000100
00000010
00000100
,
00002000
00000000
00000000
00000000
00003000
00000000
00011000
01000100
,
00200020
00000000
00000000
00000000
00000000
00000000
00000000
00000000
00300030
00000000
00000000
00000000
00100001
00000010
00000100
00000010
,
10000002
00000000
00000000
00000000
00100000
00000000
00000000
00000000
10000003
00000000
00000000
00000000
10000001
01000000
00100000
01000000
,
20001000
00000000
00000001
00000000
30001000
00000000
00000000
01000010
,
00022000
00000000
00033000
00100100
,
00022000
00000000
00033000
00000000
,
00011000
01000010
10000001
00011000
00000000
00100100
00000000
00000000
,
10011001
10000001
01100110
00000000
10000001
00000000
10000001
00000000
,
01100110
01000100
10011001
00000000
01000100
00000000
01000100
00000000
,
00110011
00010001
11001100
00000000
01000100
00000000
01000010
00000000
,
01100110
10000001
10011001
00000000
10000001
00000000
00000000
00000000
,
00100110
10000001
01100010
00000000
01000100
00000000
00011000
00000000
,
10010010
00010100
10000110
00000000
00011000
00000000
00000000
00000000
,
01001001
00101000
01100001
00000000
00100010
00000000
00100010
00000000
,
10000001
00000000
01000010
00100100
00111100
01000010
01011010
00000000
,
01000100
10000001
00100010
00000000
,
00000000
10000001
01000100
20000001
00000000
00000000
30010001
00000000
,
10000001
00000000
00011000
00000100
10000001
00000000
00000000
00000000
,
00000000
00100100
01000010
00012000
00000000
00000000
00013001
00000000
,
00100100
00000000
10000001
00100000
00011000
00000000
00000000
00000000
,
00000000
01000010
00100100
20000002
00000000
00000000
30000003
00000000
,
10000001
01100110
00000010
00111100
,
20022002
00000000
00000000
00000000
00000000
30033003
01100110
10011001
,
00011000
00100100
10011001
01100110
00000000
00000000
01100110
01000010
,
01100110
00100100
01100110
01000010
10000001
01000010
10000001
00000000
,
10000001
01000010
00100100
00000000
00100100
00000000
10000001
00000000
,
01000100
10000001
01000100
00000000
00010001
00000000
01000100
00000000
,
02020202
00000000
03030303
00000000
00000000
00000000
10011001
00100100
,
01000010
00000000
01100110
00000000
10011001
00000000
01100110
00011000
,
10000001
01000100
10000001
00000000
00011100
00000000
00111000
00000000
,
22000022
00000000
00000000
33000033
,
00001100
00001100
11000000
11000000
00000011
00000011
00110000
00110000
,
00000001
00000010
00000001
00000000
00101000
01000000
00100100
00000000
,
10001000
00000100
01001000
00000000
00010010
10000000
00010100
00000000
,
01001000
00000100
00101000
00000000
00010001
00100000
00010010
00000000
,
10000001
01000100
10000001
00000000
00011000
00000000
01000010
00000000
,
00100100
10000001
00100100
00000000
00000000
00000000
10000001
10100101
,
10000001
00000000
00100100
10000000
01000010
00000000
00011000
00000100
,
01000010
00000000
00000000
00000000
00011000
10000001
01000100
00000000
,
20000002
00000000
00200200
30000003
,
02300320
00000000
00000000
00000000
00000000
00000000
00000000
00000000
00000000
00000000
03000030
00000000
10000001
01000010
00100100
00011000
,
20000002
00000000
30100103
01000010
00000000
00000000
00000000
00000000
,
10011001
00000000
00000000
00000000
,
;

//---------------dance-double - M. Emirzian----------------
#NOTES:
     dance-double:
     M. Emirzian:
     Easy:
     3:
     0.141,0.000,0.016,0.008,0.000,120.000,2.000,1.000,0.000,0.000,0.000:


00000000
00000000
00000000
00000000
,
00000000
00000000
00000000
00000000
,
00000000
00000000
00000000
00000000
,
00000000
00000000
00000000
00000000
,
00000000
10000000
00000000
00000000
,
00000000
00010000
00000000
00000000
,
00000000
00001000
00000000
00000001
,
00000000
00000100
00000000
00000000
,
00000010
00000000
00010000
00000000
,
00001000
00000000
00000000
00000000
,
00010000
00000000
00100000
00000000
,
10000000
00000000
00000000
00000000
,
01000000
00000000
00000000
00000000
,
00010000
00000000
00001000
00000000
,
00000100
00000000
00000000
00000000
,
00000001
00000000
00000010
00000000
,
00000100
00000000
00010000
00001000
,
01000000
00000000
00100000
00000000
,
10000000
00000000
00000000
00000000
,
01000000
00000000
00010000
00000000
,
00001000
00000000
00000000
00000000
,
00010000
00000000
00001000
00000000
,
00000100
00000000
00000000
00000000
,
00000001
00000000
00000100
00000000
,
00001000
00000000
00000000
00000000
,
00010000
00000000
00001000
01000000
,
00010000
00000000
00000000
00000000
,
10000000
00000000
01000000
00000000
,
00010000
00000000
00000000
00000000
,
00001000
00000000
00010000
00000000
,
00100000
00000000
00000000
00000000
,
00010000
00000000
00001000
00000000
,
00000100
00000000
00000000
00000000
,
00000001
00000000
00000000
00000000
,
00000010
00000000
00000100
00001000
,
00000010
00000000
00000100
00000000
,
00000001
00000000
00000010
00000000
,
00001000
00000000
00010000
00000000
,
00100000
00000000
10000000
00000000
,
00100000
00000000
00010000
00000000
,
00001000
00000000
00000100
00000000
,
00000001
00000000
00000100
00000000
,
00001000
00010000
00001000
00000000
,
00011000
00000000
00010000
00000000
,
01000000
10000000
00100000
00000000
,
01000000
00000000
00010000
00000000
,
10000000
01000000
00010000
00000000
,
00001000
00000000
00010000
00000000
,
00001000
00000100
00000001
00000000
,
00000010
00000000
00000100
00000000
,
00001000
00000000
00000000
00000000
,
00000001
00000000
00000000
00000000
,
00000100
00000000
00001000
00000000
,
00010000
00000000
00000000
00000000
,
00100000
00000000
10000000
00000000
,
01000000
00000000
00010000
00000000
,
00001000
00000000
00000010
00000000
,
00001000
00000000
00010000
00000000
,
00100000
00000000
00010000
00000000
,
00001000
00000100
00000001
00000000
,
00001001
00000000
00000010
00000000
,
00000100
00000000
00010000
00001000
,
00000100
00000000
00001000
00000000
,
00010000
00000000
00100000
00000000
,
10000000
00000000
01000000
00000000
,
00100000
00000000
00001000
00000000
,
00010000
00000000
00000100
00000000
,
00000010
00000000
00000001
00001000
,
00000200
00000000
00000000
00000300
;

//---------------dance-double - M. Emirzian----------------
#NOTES:
     dance-double:
     M. Emirzian:
     Medium:
     6:
     0.315,0.000,0.008,0.032,0.000,271.000,1.000,4.000,0.000,0.000,0.000:


00000000
00000000
00000000
00000000
,
00000000
00000000
00000000
00000000
,
00000000
00000000
00000000
00000000
,
00000000
00000000
00000000
00000000
,
10000000
00100000
00000000
01000000
,
00010000
00100000
00000000
00001000
,
00010000
00000100
00001000
00000001
,
00000010
00000000
00000100
00000000
,
00001000
00000000
00000000
00000002
00000000
00000000
00000000
00000000
,
00001003
00000010
00010000
00001000
,
00000100
00001000
00010000
00000000
,
00001000
00010000
01000000
00010000
,
00001000
00000000
00010000
00000000
00100000
00000000
10000000
01000000
,
00010000
01000000
10000000
00000000
,
00100000
00010000
00001000
00010000
,
00100000
00010000
00001000
00000000
,
00000010
00000000
00001000
00000000
00010000
00000000
00001000
00000100
,
00000001
00000000
00001000
00000000
00000100
00000000
00000010
00000001
,
00000010
00000100
00001000
00000010
,
00000100
00000000
00001000
00000000
00010000
00000000
00001000
00010000
,
00100000
00000000
10000000
00000000
00010000
00000000
10000000
00100000
,
00010000
00001000
00010000
00001000
,
00000010
00000000
00000001
00000000
00001000
00000000
00000100
00000010
,
00000100
00001000
00000001
00000100
,
00001000
00010000
00001000
00000000
,
00010000
00000000
00001000
00010000
00000000
00100000
00000000
10000000
,
00010000
00000000
00100000
00000000
01000000
00000000
10000000
00100000
,
10000000
00000000
01000000
00000000
00010000
00000000
00001000
00010000
,
00100000
00010000
00001000
00000010
,
00000001
00000000
00001000
00000000
00000100
00000000
00000001
00000100
,
00001000
00000010
00010000
00001000
,
00000100
00000000
00001000
00000000
00010000
00000000
00100000
10000000
,
00100000
10000000
01000000
00100000
,
00001000
00000000
00010000
00000000
01000000
00000000
00010000
00001000
,
00000100
00000000
00000001
00000010
00000000
00000100
00000000
00001000
,
00000000
00000010
00000000
00000100
00000000
00000001
00000000
00000100
,
00000000
00001000
00000000
00010000
00000000
00100000
00000000
00010000
,
00001000
00010000
00000000
01000000
00000000
00010000
00000000
00001000
,
00000000
00010000
00000000
01000000
00000000
00010000
00000000
00001000
,
00010000
00001000
00000000
00000010
00000000
00001000
00000000
00010000
,
00000000
00001000
00000000
00000010
00000000
00001000
00000000
00010000
,
00001000
00010000
00000000
00100000
00000000
10000000
00000000
01000000
,
00010000
00001000
00000100
00000001
00000000
00001000
00000000
00000100
,
00001001
00000100
00000010
00010000
,
00001000
00000000
00010000
00000000
00100000
00000000
10000000
01000000
,
00010000
01000000
10000000
00100000
,
00010000
00000000
00001000
00000000
00000010
00000000
00001000
00010000
,
01000000
00010000
00001000
00000100
,
00000001
00000000
00000010
00000000
00000100
00000000
00001000
00000010
,
00000100
00000000
00000001
00000000
00000010
00000000
00001000
00010000
,
00000000
00002000
00000000
00000000
00000000
00000000
00000000
00000000
,
00013000
00001000
00010000
01000000
,
10000000
00000000
00100000
00000000
00010000
00000000
00001000
00010000
,
00100000
00010000
00001000
00000010
,
00000001
00000000
00000100
00000000
00001000
00000000
00000100
00000001
,
00000010
00001000
00010000
00100000
,
00010000
00000000
00001000
00000000
00000100
00000000
00001000
00010000
,
01000000
10000000
00100000
01000000
,
00001000
00010000
00000010
00001000
,
00000100
00000000
00000000
00000020
00000000
00000000
00000000
00000000
,
00000031
00000100
00001000
00010000
,
00001000
00000000
00000100
00000000
00001000
00000000
00010000
00100000
,
10000000
01000000
00010000
01000000
,
10000000
00000000
00100000
00000000
00010000
00000000
00001000
00000010
,
00001000
00010000
01000000
00010000
,
00001000
00000000
00000010
00000000
00000001
00000000
00000100
00001000
,
00010000
00001000
00010000
01000000
,
10000000
00000000
00100000
00000000
00010000
00001000
00000010
00000000
,
00000002
00000000
00000000
00000003
;

//---------------dance-double - M. Emirzian----------------
#NOTES:
     dance-double:
     M. Emirzian:
     Hard:
     7:
     0.419,0.000,0.128,0.016,0.000,349.000,16.000,2.000,0.000,0.000,0.000:


00000000
00000000
00000000
00000000
,
00000000
00000000
00000000
00000000
,
00000000
00000000
00000000
00000000
,
00000000
00000000
00000000
00000000
,
00001000
00000100
00001000
00010000
,
00100000
10000000
00100000
00010000
,
00001000
00010000
01000000
00000000
10000000
00000000
01000000
00000000
,
00100000
00010000
01000000
10000000
01000000
00010000
00100000
00000000
,
01000000
11000000
01010000
00011000
,
00010100
00000000
00000100
00001000
00000010
00001000
00000100
00000000
,
00000010
00000000
00000001
00000100
00001000
00000100
00000001
00000000
,
00000100
00000000
00001000
00010000
01000000
00010000
00001000
00000000
,
00010000
00000000
00100000
10000000
01000000
10000000
00100000
00010000
,
00001000
00000000
00010000
01000000
10000000
01000000
00010000
00000000
,
00001000
00000000
00010000
00001000
00000010
00001000
00010000
00000000
,
00001000
00000000
00000100
00000001
00000010
00000001
00000100
00000000
,
00000010
00000000
00010010
00000000
00001000
00010000
01000000
00000000
,
11000000
00000000
00100000
00000000
01000000
00000000
00001000
00010000
,
01000000
00000000
10000000
00000000
00100000
00000000
00010000
00001000
,
00000010
00001000
00010000
00100000
,
00011000
00000000
00001000
00000010
00000001
00000000
00000100
00001000
,
00010000
00000000
00001000
00000000
00000100
00001000
00010000
00100000
,
10000000
00000000
00100000
00000000
10000000
00000000
01000000
00010000
,
00001000
00010000
01000000
00010000
,
00011000
00000010
00000100
00000001
,
00000010
00000000
00000001
00000100
00000001
00000010
00001000
00010000
,
00100000
00000000
10000000
00000000
00100000
00000000
10000000
01000000
,
00010000
00000000
00001000
00000000
00010000
00000000
01000000
00010000
,
00001000
00000000
00000010
00000000
00000001
00000000
00000100
00001000
,
00010000
00000000
00001000
00000000
00000100
00000000
00001000
00010000
,
00100000
00000000
00010000
00000000
00001000
00000000
00010000
01000000
,
10000000
00000000
00100000
00000000
10000000
01000000
00010000
00001000
,
00000100
00001000
00010000
00001000
,
00000010
00000001
00000100
00001000
00010000
00001000
00000100
00000000
,
00001000
00000000
00010000
01000000
00000000
10000000
00000000
00100000
,
00000000
10000000
00000000
01000000
00000000
00010000
00000000
01000000
,
00000000
10000000
00000000
00100000
00000000
00010000
00000000
00001000
,
00000010
00000001
00000000
00000010
00000000
00001000
00000000
00010000
,
00001000
00000100
00001000
00010000
00000000
00001000
00000000
00000010
,
00001000
00010000
00000000
00100000
00000000
10000000
00000000
01000000
,
00010000
00001000
00010000
01000000
00000000
00010000
00000000
00001000
,
00000100
00000001
00000000
00000010
00000000
00001000
00000000
00010000
,
00100000
10000000
01000000
00110000
00000000
01001000
00000000
00001000
,
00101000
00000000
00001000
00010000
01000000
00000000
00010000
00000000
,
00001000
00000010
00000001
00000100
00000010
00001000
00000100
00000000
,
00000010
00000001
00000100
00001000
00010000
00000000
00001000
00000000
,
00010000
00000000
01000000
10000000
00100000
10000000
01000000
00000000
,
00010000
00001000
00000100
00001000
00010000
00000000
00001000
00000000
,
00010000
00000000
00001000
00000010
00000001
00000010
00001000
00000000
,
00010000
00100000
10000000
00010000
00000000
00100000
00000000
01000000
,
00000000
20000000
00000000
00000000
00000000
00000000
00000000
00000000
,
31000000
00000000
00010000
00000000
00001000
00000100
00001000
00000000
,
00010000
00000000
00001000
00000010
00000001
00000010
00001000
00000000
,
00010000
00000000
00001000
00010000
00100000
00010000
00001000
00000000
,
00010000
00000000
00001000
00000100
00000001
00000100
00001000
00000000
,
00010000
00000000
01000000
00010000
00001000
00010000
01000000
00000000
,
10000000
00000000
00100000
00010000
00001000
00010000
00100000
00000000
,
00010000
00000000
00001000
00010000
01000000
00000000
10000000
00000000
,
00100000
00010000
00001000
00000100
00001000
00010000
00000100
00000000
,
00001000
00010010
00011000
00001010
,
00000011
00000000
00000100
00001000
00000010
00001000
00000100
00000000
,
00000010
00000000
00000001
00000100
00001000
00010000
01000000
00000000
,
10000000
00000000
00100000
00010000
00001000
00010000
00100000
00000000
,
10000000
00000000
01000000
00010000
01000000
10000000
00100000
00010000
,
00001000
00000000
00010000
00001000
00000010
00001000
00010000
00000000
,
00001000
00000000
00000100
00000001
00000010
00000001
00000100
00000000
,
00000001
00000000
00000100
00001000
00010000
00001000
00000100
00000000
,
00000010
00000000
00011000
00000000
00010000
01000000
10000000
00000000
,
00020000
00000000
00000000
00030000
;

//---------------dance-double - M. Emirzian----------------
#NOTES:
     dance-double:
     M. Emirzian:
     Challenge:
     9:
     0.585,0.000,0.176,0.040,0.140,485.000,22.000,5.000,6.000,0.000,0.000:


00000000
00000000
00000000
00000000
,
00000000
00000000
00000000
00000000
,
00000000
00000000
00000000
00000000
,
00000000
00000000
00000000
00000000
,
00001000
00000100
00002000
00000000
00013000
00100000
00020000
00000000
,
00031000
00000100
00001000
00010000
01000000
10000000
00200000
00000000
,
10300000
00000000
01000000
00000000
00010000
01000000
10000000
00000000
,
01000000
00010000
00001000
00000100
00001000
00010000
00000100
00000000
,
00000010
00001001
00011000
00001100
,
00000001
00000010
00001000
00000010
00000001
00000100
00001000
00010000
,
00001000
00000100
00001000
00010000
00100000
10000000
01000000
10000000
,
00100000
00010000
00001000
00010000
01000000
00010000
00001000
00010000
,
00100000
00010000
00001000
00000010
00001000
00010000
00001000
00000100
,
00000001
00000010
00000001
00000100
00001000
01000000
00100000
00010000
,
00100000
01000000
00001000
00010000
01000000
00010000
00001000
00010000
,
00000010
00010000
00001000
00000010
00000001
00000100
00000001
00000010
,
00001000
00010000
00001000
00000000
00000100
00001000
00000100
00000000
00001000
00010000
00001000
00000000
00010000
00000000
00100000
00000000
,
10000000
00000000
00100000
00000000
00010000
00000000
00100000
00000000
10000000
00000000
01000000
00000000
00010000
00001000
00000000
00001000
,
00000010
00000000
00000001
00000000
00000100
00000000
00000001
00000000
00000010
00000000
00001000
00000000
00010000
00000000
000M0000
10000000
,
01000000
00010000
00100000
01000000
10000000
00100000
00010000
00001000
,
00010000
00000000
01000000
00000000
00010000
00000000
00001000
00000000
00000100
00000000
00000001
00000000
00000010
00001000
00000010
00000000
,
00000001
00000000
00001000
00000000
00000001
00000000
00000100
00000000
00001000
00000000
00010000
00000000
01000000
10000000
00000000
10000000
,
00100000
00000000
00010000
00000000
00001000
00000000
00000010
00000000
00001000
00000000
00010000
00000000
01000000
00000000
00000000
00010000
,
00001000
00000000
00000100
00000000
00000001
00000000
00000100
00000000
00001000
00000000
00010000
00000000
00100000
01000000
00000000
01000000
,
00001000
00100000
01000000
10000000
00100000
10000000
01000000
00100000
,
00001000
0000M000
00000010
00000001
00000000
00001000
00000000
00000010
,
00000100
00000000
00000001
00000000
00000010
00000000
00000001
00000000
00000100
00000000
00001000
00000000
00010000
01000000
00000000
01000000
,
10000000
00000000
00100000
00000000
10000000
00000000
01000000
00000000
00010000
00000000
00001000
00000000
00010000
00000000
000M0000
00000001
,
00000100
00001000
00000100
00000001
00000010
00001000
00000010
00000001
,
00000100
00000000
00001000
00000000
00010000
00000000
00001000
00000000
00000100
00000000
00001000
00000000
00010000
00100000
00010000
00000000
,
00001000
00000000
01000000
00000000
00001000
00000000
00010000
00000000
01000000
00000000
00010000
00000000
00001000
00000010
00000000
00000010
,
00000001
00000000
00000010
00000000
00001000
00000000
00010000
00000000
00001000
00000000
00000100
00000000
00001000
00000000
0000M000
00100000
,
01000000
00000000
10000000
00000000
00100000
00000000
00010000
00000000
00100000
00000000
10000000
00000000
01000000
00010000
00000000
00010000
,
00001000
00000100
00001000
00010000
00001000
00000010
00000001
00000100
,
00001000
0000M000
01000000
00100000
00000000
10000000
00000000
01000000
,
00000000
00110000
00000000
01001000
00000000
00001000
00010000
01000000
,
00000000
00010000
00001000
00000010
00000001
00000100
00000010
00001000
,
00001100
00001001
00000000
00010010
00000000
00011000
00000000
00001000
,
00010000
01000000
00010000
00001000
00010000
00100000
10000000
00010000
,
01010000
10010000
00000000
11000000
00000000
01000000
00010000
00001000
,
00000000
00000010
00001000
00010000
00001000
00000010
00000001
00000100
,
00001001
00000110
00000000
00010100
00000000
00011000
00000000
00010000
,
00001000
00000100
00001000
00011000
00000000
01001000
00000000
00100000
,
10100000
01000000
00100000
00001000
00000000
00010000
00000000
01000000
,
10000000
01000000
00010000
00001000
00010000
01000000
10000000
00000000
,
00100000
00010000
00001000
00010000
00000000
01000000
00000000
00010000
,
00001000
00000010
00000001
00000100
00000001
00000010
00001000
00000000
,
00010000
00100000
00010000
00001000
00000000
00000100
00000000
00001000
,
00010000
01000000
10000000
00100000
10000000
01000000
00010000
00000000
,
00001000
00000100
00001000
00010000
00000000
00001000
00000010
00000001
,
00000000
00000010
00000000
00000200
00000000
00000000
00000000
00000000
,
00010300
00000000
00001000
00000000
00000100
00000000
00001000
00010000
01000000
00000000
00010000
00000000
00001000
00000000
00010000
00100000
,
00010000
00000000
00100000
00000000
10000000
00000000
01000000
00000000
00010000
00000000
00001000
00000000
00010000
00000000
00000010
00010000
,
00001000
00000000
00010000
00000000
00001000
00000000
00000100
00001000
00000100
00000000
00000001
00000000
00000100
00000000
00001000
00010000
,
00100000
00000000
00010000
00000000
00001000
00000000
00010000
00000000
01000000
00000000
10000000
00000000
00100000
00000000
10000000
00010000
,
10000000
00000000
01000000
00000000
00010000
00000000
00001000
00000100
00001000
00000000
00010000
00000000
00001000
00000000
00000010
00000100
,
00000010
00000000
00001000
00000000
00010000
00000000
00001000
00000000
00000100
00000000
00000001
00000000
00000010
00000000
00001000
00010000
,
00000100
00000000
00001000
00000010
00010000
00000000
00001000
01000000
00010000
00000000
00100000
00001000
00010000
00000000
00001000
00000000
,
00010000
00000000
00100000
00000000
00010000
00000000
00001000
00000000
00010000
00100000
00010000
00000000
00100000
00000000
10000000
00000000
,
00100000
01000000
01010000
00000000
00101000
00000000
00000110
00000000
,
00000100
00000001
00000010
00001000
00010000
00001000
00000100
00001000
,
00010000
01000000
10000000
00100000
10000000
01000000
00010000
00001000
,
00010000
01000000
00010000
00001000
00000100
00000001
00000010
00000001
,
00000100
00001000
00100000
01000000
10000000
00100000
00010000
00100000
,
10000000
01000000
00010000
00000010
00000100
00000001
00000010
00001000
,
00010000
00001000
00000010
00000001
00000100
00001000
00010000
01000000
,
00010000
00001000
00010000
00100000
10000000
01000000
10000000
00100000
,
00010000
00000000
00000000
00000000
00000000
00000000
00000000
00000000
00000000
000M0000
00000000
00000000
00000000
00000000
00000000
00000000
00000001
00000000
00000000
00000000
00000000
00000000
00000000
00000000
00000010
00000000
00000000
00000000
00000000
00000000
00000000
00000000
00001000
00000000
00000000
00000000
00000000
00000000
00000000
00000000
00010000
00000000
00000000
00000000
00000000
00000000
00000000
00000000
00100000
00000000
00000000
00000000
00000000
00000000
00000000
00000000
10000000
00000000
00000000
00000000
00000000
00000000
00000000
00000000
,
00020000
00000000
00000000
00030000
;

//---------------lights-cabinet - ----------------
#NOTES:
     lights-cabinet:
     :
     Easy:
     1:
     1.000,0.000,1.000,0.200,0.000,288.000,254.000,25.000,0.000,234.000,0.000:


00000000
00000000
00000000
00000000
,
00000000
00000000
00000000
00000000
,
00000000
00000000
00000000
00000000
,
10000000
00100000
01000000
00010000
,
00100011
10000000
00100011
10000000
,
01000011
00010000
01000011
00010000
,
20000011
00000000
30010011
00010000
,
02000022
00010000
03010033
10010000
,
10010011
10000000
10010011
10000000
,
00010011
00100000
00010011
00000000
10000011
00000000
10000011
00000000
,
00010011
00100000
00010011
00000000
10000011
00000000
00010011
00000000
,
10000011
00100000
10000011
00000000
00000011
00000000
00010011
00000000
,
10000011
00000000
00100011
00000000
00100011
00000000
10000011
00000011
,
01000011
10000000
01000011
00000000
00100011
00000000
10000011
00000000
,
00100011
01000011
00010011
01000011
,
00010011
00100000
00010011
00000000
10000011
00000000
00010011
00000000
,
11110011
00000011
11110011
00000011
,
10000011
10000011
01000011
00010011
,
02100011
00110011
00110011
13000011
,
11200011
11000011
11300011
10010011
,
11200011
00000000
11000011
00000000
11300011
00000000
01100011
00000011
,
11020011
10100011
11030011
11010011
,
11200011
10010011
11300011
10010011
,
12100011
10100011
10100011
13010011
,
21100011
01010011
31100011
10100011
,
00010011
00000000
00100011
00000000
00010011
00000000
10000011
00000011
,
00010011
00010011
10000011
10000011
,
00200011
11000011
11300011
10010011
,
11200011
01000011
10300011
10100011
,
12100011
00000000
10100011
00000000
13100011
00000000
11100011
00000011
,
21010011
01100011
31100011
11100011
,
12000011
10100011
13100011
01110011
,
11020011
01100011
11030011
10100011
,
11200011
11000011
11300011
00010011
,
10000011
01100000
00100000
10000000
,
01000011
10000000
01000011
00000000
10000011
00000000
01100011
00000000
,
00100011
00010000
00100011
00000000
00100011
00000000
11000011
00000000
,
00100011
00010000
00100011
00000000
00010011
00000000
11000011
00000000
,
10000011
00100000
10000011
00000000
10000011
00000000
01100011
00000011
,
01000011
10000000
01000011
00000000
10000011
00000000
10000011
00000000
,
00100011
01000000
00100011
00000000
10000011
00000000
10000011
00000000
,
10000011
00100000
10000011
00000000
01000011
00000000
01000011
00000000
,
10000011
11000000
01100000
00001100
,
00100010
10000011
01000011
10100011
,
10000011
00100011
01000011
10100000
,
00010011
01000011
00010011
10100011
,
10000011
00000000
01000011
00000000
10000011
00000000
10100011
00000011
,
00100011
10000011
11010011
01100011
,
01000011
01000011
00100011
11000011
,
10000011
00100011
01000011
00010011
,
10010011
01100000
10100000
01100000
,
00010011
00100000
00010011
00000000
11000011
00000000
10000011
00000000
,
00010011
00100000
00010011
00000000
00010011
00000000
10000011
00000000
,
00100011
01000000
00100011
00000000
10000011
00000000
10000011
00000000
,
00100011
00000000
00100011
00000000
10000011
00000000
00100011
00000011
,
10000011
01100011
10100011
00010011
,
01000011
00100011
10000011
00100011
,
10000011
00100000
10000011
00000000
00010011
00000000
00010011
00000000
,
01000011
10100011
01100011
10100011
,
10010011
00000000
00000011
00000000
10010011
00000000
10100011
00000011
,
10000011
10000011
01100011
00010011
,
00010011
00100000
00010011
00000000
10000011
00000000
10000011
00000000
,
00100011
01000000
00100011
00000000
00110011
00000000
10000011
00000000
,
10000011
00100000
10000011
00000000
00010011
00000000
01000011
00010011
,
00100011
10100011
01000011
10000011
,
10000011
00100011
01000011
00010011
,
01000011
10100011
00010011
10000011
,
20110011
00000000
00200011
30000000
,
12300011
00000000
00000000
00000000
00000000
03000000
00000000
00000000
,
22220000
00000000
00000000
33330000
00000000
00000000
00000000
00000000
,
11110000
00000000
00000000
00000000
;

//---------------dance-single - M. Puls----------------
#NOTES:
     dance-single:
     M. Puls:
     Beginner:
     1:
     0.110,0.000,0.040,0.000,0.000,91.000,5.000,0.000,0.000,0.000,0.000:


0000
0000
0000
0000
,
0000
0000
0000
0000
,
0000
0000
0000
0000
,
0000
0000
0000
0000
,
0000
0000
0000
0000
,
0000
0000
0000
0000
,
0000
0000
0000
0000
,
0000
0000
0000
0000
,
1000
0000
0001
0000
,
1000
0000
0001
0000
,
0001
0000
0000
0000
,
0001
0000
1000
0000
,
1000
0000
0000
0000
,
0100
0000
0000
0000
,
1000
0000
0000
0000
,
0100
0000
0000
0000
,
0010
0000
0000
0000
,
0001
0001
0000
0000
,
0100
0100
0000
0000
,
0010
0000
0000
1000
,
1000
0000
0000
0010
,
0010
0000
0000
0001
,
0001
0000
0000
0000
,
0010
0000
0000
1000
,
1000
0000
0000
0000
,
1000
0000
0001
0000
,
1000
1000
0000
0000
,
0010
0010
0000
0000
,
0100
0000
0000
0001
,
0001
0000
0000
0100
,
0100
0000
0000
1000
,
1000
0000
0000
0000
,
0100
0000
0000
0001
,
0001
0000
0000
0000
,
0100
0000
0000
0000
,
1000
0000
0000
0000
,
0001
0000
0000
0000
,
1000
0000
0000
0000
,
0001
0000
0000
0000
,
1000
0000
1000
0000
,
0001
0000
0001
0000
,
0100
0000
0100
0000
,
0100
0000
0100
0000
,
1001
0000
0000
0000
,
1000
0000
0000
0000
,
0100
0000
0000
0000
,
0010
0000
0000
0000
,
0001
0000
0000
0000
,
0001
0000
0000
0000
,
0010
0000
0000
0000
,
0100
0000
0000
0000
,
1000
0000
0001
0000
,
0100
0000
0010
0000
,
0010
0000
1000
0000
,
0001
0000
0000
0000
,
0100
0000
0000
0000
,
0010
0000
0000
0000
,
0001
0000
0010
0000
,
0001
0000
0000
0000
,
0001
0100
0001
0100
,
0001
0000
0000
0000
,
0001
0000
0000
0000
,
1000
0000
0010
0000
,
1000
0000
0000
0000
,
1001
0000
0000
0000
,
0010
0000
0100
0000
,
0010
0000
0000
0000
,
1001
0000
1001
0000
,
1001
0000
0000
0000
;
