#TITLE:!;
#SUBTITLE:;
#ARTIST:Onyx;
#TITLETRANSLIT:;
#SUBTITLETRANSLIT:;
#ARTISTTRANSLIT:;
#GENRE:Techno;
#CREDIT:;
#BANNER:!-banner.png;
#BACKGROUND:!-bg.png;
#LYRICSPATH:;
#CDTITLE:;
#MUSIC:!.ogg;
#OFFSET:0.012;
#SAMPLESTART:41.000;
#SAMPLELENGTH:11.840;
#SELECTABLE:YES;
#BPMS:0.000=155.000;
#STOPS:170.000=3.100
;
#BGCHANGES:0.000=!-bg.png=1.000=0=0=1=====,
14.000=In The Groove 2/862_JumpBack.mpg=1.000=0=0=1=====,
28.000=In The Groove 2/455_JumpBack.mpg=1.000=0=0=1===FadeRight==,
42.000=In The Groove 2/862_JumpBack.mpg=1.000=0=0=1===FadeLeft==,
56.000=In The Groove 2/455_JumpBack.mpg=1.000=0=0=1===FadeRight==,
70.000=In The Groove 2/956_JumpBack.mpg=1.000=0=0=1=SongBgWithMovieViz====0.5^0.5^0.5^1,
74.000=In The Groove 2/763_JumpBack.mpg=1.000=0=0=1=====,
90.000=In The Groove 2/747_JumpBack.mpg=1.000=0=0=1===FadeDown==,
106.000=In The Groove 2/955_JumpBack.mpg=1.000=0=0=1=====,
122.000=In The Groove 2/956_JumpBack.mpg=1.000=0=0=1===FadeUp==,
138.000=In The Groove 2/779_JumpBack.mpg=1.000=0=0=1=====,
154.000=In The Groove 2/594_JumpBack.mpg=1.000=0=0=1===FadeLeft==,
170.000=In The Groove 2/455_JumpBack.mpg=1.000=0=0=1=SongBgWithMovieViz====0.5^0.5^0.5^1,
170.500=In The Groove 2/455_JumpBack.mpg=1.000=1=0=1=SongBgWithMovieViz==CrossFade==,
174.000=In The Groove 2/980_JumpBack.mpg=1.200=0=0=1=====,
190.000=In The Groove 2/747_JumpBack.mpg=1.000=0=0=1===FadeRight==,
206.000=In The Groove 2/616_JumpBack.mpg=1.000=0=0=1=SongBgWithMovieViz====0.5^0.5^0.5^1,
214.000=In The Groove 2/763_JumpBack.mpg=1.000=0=0=1=====,
230.000=In The Groove 2/747_JumpBack.mpg=1.000=0=0=1===FadeDown==,
246.000=In The Groove 2/828_JumpBack.mpg=1.000=0=0=1=====,
262.000=In The Groove 2/862_JumpBack.mpg=1.000=0=0=1===FadeLeft==,
278.000=!-bg.png=1.000=0=0=1=====,
99999=-nosongbg-=1.000=0=0=0 // don't automatically add -songbackground-
;
#BGCHANGES2:14.000=flash=1.000=0=0=1=====,
70.000=flash=1.000=0=0=1=====,
74.000=flash=1.000=0=0=1=====,
106.000=flash=1.000=0=0=1=====,
138.000=flash=1.000=0=0=1=====,
174.000=flash=1.000=0=0=1=====,
214.000=flash=1.000=0=0=1=====,
246.000=flash=1.000=0=0=1=====,
270.000=flash=1.000=0=0=1====1^0^0^1=,
274.000=flash=1.000=0=0=1====1^1^0^1=,
276.000=flash=1.000=0=0=1====0^1^1^1=,
278.000=flash=0.800=0=0=1=====,
;
#KEYSOUNDS:;
// cache tags:
#FIRSTBEAT:14.000;
#LASTBEAT:282.000;
#SONGFILENAME:/Songs/In The Groove 2/!/!.sm;
#HASMUSIC:1;
#HASBANNER:1;
#MUSICLENGTH:113.882;
// end cache tags

//---------------dance-single - K. Ward----------------
#NOTES:
     dance-single:
     K. Ward:
     Easy:
     4:
     0.286,0.000,0.176,0.035,0.000,204.000,20.000,4.000,0.000,0.000,0.000:
0000
0000
0000
0000
,
0000
0000
0000
0000
,
0000
0000
0000
0000
,
0000
0000
1000
0010
,
0100
0001
0000
0000
0000
0000
0000
0000
,
0010
0100
0010
0001
,
1000
0100
0000
0000
0000
0000
0000
0000
,
1000
0000
0001
0000
0010
0001
0000
0000
,
0000
0000
1000
1000
,
0010
0100
0000
0000
0000
0000
0000
0000
,
0001
0011
1000
1000
,
0100
1000
0000
0000
0000
0000
0000
0010
,
0100
0000
0001
0000
0010
0001
0000
0000
,
0000
0000
0110
1001
,
0100
0100
0010
0010
,
1000
0000
1000
0000
0100
0010
0100
0000
,
1000
0000
0000
0010
0001
0000
0010
0000
,
0100
0010
2002
0000
,
0000
3003
1001
0000
,
0000
0000
0000
0000
0000
0000
0000
0100
,
0000
0100
0000
0000
0010
0000
0000
0000
,
0000
0000
0000
0000
,
0000
1000
1001
0000
,
0000
0000
0000
0000
0000
0000
0000
0100
,
0000
0010
0100
0000
0100
0000
0000
0000
,
0000
0000
1001
0000
,
0001
1000
1001
1000
,
0010
0010
0100
0100
,
0100
0000
0001
0010
,
0001
0001
1000
1000
,
1000
0000
0010
0001
,
0100
1000
0002
0000
,
0003
0000
0100
1000
,
0010
0001
1000
0000
,
1001
1001
0100
0100
,
0100
0000
0100
0010
0000
0000
0000
0000
,
0000
0000
0010
0010
,
0010
0000
0010
0100
0000
0000
0000
0000
,
0000
0000
0001
0001
,
1000
0000
1000
0100
0000
0000
0000
0000
,
0110
0000
0010
0010
,
0001
1000
0000
1000
0000
0000
0010
0000
,
0001
0100
1001
0000
,
0000
0000
0000
0000
1000
0001
1000
0000
,
1000
0001
0010
0100
,
0010
0000
0000
0000
0001
1000
0001
0000
,
1000
1000
0010
0100
,
0100
0000
0000
0000
0001
0010
0001
0000
,
0001
0100
0010
0010
,
0010
0000
0000
0000
1000
0100
1000
0000
,
0010
0000
0100
0100
,
0100
0100
1001
0000
,
0000
0000
0000
0000
,
0000
0000
1001
0001
,
0010
0000
0010
0000
0001
0000
1000
0001
,
0000
0000
1000
1000
,
0001
0000
0001
0000
0010
0000
0010
0100
,
0000
0000
0010
0100
,
0010
0000
0100
0000
1000
0000
0001
1000
,
0000
0000
1000
0001
,
1000
0000
0001
0000
0010
0000
0100
0010
,
0000
0000
1001
0100
,
1000
0010
0001
1000
,
1001
0000
1001
0010
,
0001
0100
1000
0001
,
1001
0000
0010
0100
,
0001
0010
0001
0000
1000
0000
1000
0000
,
1100
0000
0010
0100
,
0001
0000
0001
0000
1000
0100
1000
0000
,
0010
1001
0020
0000
,
0000
0000
0030
0000
;

//---------------dance-single - K. Ward----------------
#NOTES:
     dance-single:
     K. Ward:
     Challenge:
     12:
     0.903,0.000,0.720,0.386,0.970,592.000,82.000,44.000,53.000,10.000,2.000:
0000
0000
0000
0000
,
0000
0000
0000
0000
,
0000
0000
0000
0000
,
0000
0000
0000
0000
0000
0000
0000
0000
1000
0100
0000
0100
0010
0000
0100
0000
,
0010
0001
0010
0000
0100
0000
1001
0000
0100
0000
1000
0100
1000
0100
1000
0000
,
0010
0000
0100
0000
0000
0000
0100
0000
0001
0000
0000
0000
0010
0000
0000
0000
0100
0000
0000
0000
2100
0000
0000
0000
0000
0M00
3000
0000
0012
0000
0000
0000
,
0000
00M0
0003
0000
0000
0000
0000
0000
0100
0000
0000
0000
0010
0000
0000
0000
1001
0000
0000
0000
1000
0000
0000
0000
2100
0000
0000
0000
0000
0000
0000
0000
,
3010
0001
0000
0001
0010
0000
0100
0000
0100
0000
0110
0000
0001
0000
0010
0000
,
1100
0000
0110
0000
1001
0110
0012
0000
,
0103
0010
0000
0010
1000
0000
0100
0000
0010
0100
1000
0000
0010
0000
0100
0000
,
0001
1000
1001
0000
0110
1100
0110
2002
,
0000
0000
0010
3003
1000
0100
2100
0000
,
3010
0000
0100
0000
0012
0000
0000
0000
1003
0100
2000
0000
0000
0000
3010
0100
,
0010
0100
1001
0010
0110
0000
1001
0000
,
0011
0101
1010
1100
0MM0
0110
1001
1100
,
1001
0000
0000
0000
0011
0000
0000
0000
0100
0010
0000
0010
0100
0000
0001
0000
,
0100
0000
1000
0000
0100
0010
1000
0000
0001
0000
0010
0100
0010
0000
1100
0000
,
0001
0010
0110
0000
2002
0000
0000
0000
,
0010
0000
0000
0000
0010
0000
3003
0000
0000
0000
MMMM
0000
1000
0010
0100
0000
,
0100
0000
0000
0001
0000
0000
0010
0000
0000
0000
0000
0000
0010
0000
0000
0001
0000
0000
1000
0000
0000
0002
0000
0000
0000
0000
0000
0000
0000
0000
0000
0000
0000
0000
0000
0000
0003
0000
0000
0000
0000
0000
0110
0000
000M
0000
0000
0000
,
0000
0000
2200
0000
0000
0000
3300
0000
0001
0100
0010
0000
0010
0000
1000
0100
,
0000
0000
0000
0100
0000
0000
0010
0000
0000
0001
0000
0000
0010
0000
0000
0001
0000
0000
1000
0000
0000
0200
0000
0000
0000
0000
0000
0000
0000
0000
0000
0000
0000
0000
0000
0000
0300
0000
0000
0000
0000
0000
0000
0000
M000
0000
0000
0000
,
0000
0000
0000
0000
1112
0000
0000
0000
1000
0000
0003
0000
0010
0001
0010
0100
,
0000
0100
0001
0000
0010
0100
0010
0002
0000
0000
0000
0000
0003
0000
1200
0000
,
0000
0000
0310
0100
1000
0000
0000
0000
1002
0000
0000
0000
M010
0003
0000
0000
,
MMMM
M00M
M11M
0MM0
0020
0000
0001
0000
,
0130
0000
0000
0000
0000
0000
0100
0000
0010
0000
0100
0000
0010
0000
0000
0000
0000
0000
1000
0000
0100
0000
1000
0000
0200
0000
0000
0000
0000
0000
0000
0000
0000
0000
0000
0000
1300
0000
0000
0000
0000
0000
0010
0000
0000
0100
0000
0000
,
0000
0001
1000
0000
0010
0100
0001
0000
0011
0000
0100
0000
1100
0000
0010
0100
,
1000
0100
1000
0100
0010
0000
0100
0000
0011
0000
1000
0100
1000
0000
0010
0100
,
0000
0001
1000
0100
0010
0000
0100
0000
2200
0000
0000
0000
0001
0000
3300
0000
,
0000
0000
0000
0000
0000
0000
0001
0000
0010
0000
0001
0000
0010
0000
0000
0001
0000
0000
0010
0000
0000
0001
0000
0000
0010
0000
0000
0000
0000
0000
0001
0000
0000
0000
0000
0000
0001
0000
0000
0000
0000
0000
0100
0000
0000
0010
0000
0000
,
0000
0010
0100
1000
0100
0010
0100
0000
1001
0000
M11M
0000
1MM1
0000
M11M
0000
,
0MM0
1001
0000
2002
0000
0000
0000
0000
0010
3000
0000
0003
1000
0001
0000
0001
,
0010
0000
0001
0010
0000
0010
0001
0100
0010
0000
1000
0000
0010
0100
0000
0100
,
0001
0000
0000
0000
0000
0000
0010
0000
0000
0000
0000
0000
0100
0000
1000
0000
0100
0000
1000
0000
0000
0000
0000
0000
0110
0000
0000
0000
0000
0000
0100
0000
0000
1000
0000
0000
0100
0000
0000
0010
0000
0000
0100
0000
0000
0001
0000
0000
,
0100
0010
0100
1000
0100
0000
0020
0000
0000
0000
0001
0000
0031
0000
0000
0000
,
1000
0000
0100
0000
1000
0000
0000
0000
0000
0000
0000
0000
0110
0000
0000
0000
0000
0000
0000
0000
0000
0000
0000
0000
1100
0000
0000
0000
0000
0000
0010
0000
0000
0001
0000
0000
0010
0000
0000
0100
0000
0000
0010
0000
0000
1000
0000
0000
,
0010
0100
0010
0001
0010
0000
0200
0000
0000
0000
0010
0000
0310
0000
0000
0000
,
0000
0000
0000
0001
0000
0000
0000
0000
0000
1000
0000
0000
0100
0000
1000
0000
0100
0000
0000
0000
0000
0000
0000
0000
0100
0000
0000
0010
0000
0000
0001
0000
0000
0010
0000
0000
0001
0000
0000
0010
0000
0000
0100
0000
0000
0010
0000
0000
,
0100
0010
0100
1000
0010
0100
0002
0000
0000
0000
0013
0000
0110
0000
0000
0000
,
1000
0010
0000
0010
0100
0000
0001
0000
1000
0100
1000
0100
0001
0100
0001
0100
,
0010
0001
1000
0100
1000
0001
1000
0001
0100
0010
0100
0010
1000
0010
0001
0010
,
0100
0000
1000
0000
0100
0000
0001
0000
0010
0000
0000
0000
0000
0000
0000
0000
4004
0000
3003
0000
M00M
M00M
M00M
0000
0MM0
0000
0000
0000
00MM
0000
0000
0000
,
1000
0100
0010
0100
1000
0000
0010
0100
0001
1000
0100
0000
0010
0001
0100
0000
,
0001
1000
0010
0000
0100
0001
1000
0010
0100
0000
0100
0000
0012
0000
0100
0000
,
0000
0000
0013
0000
1100
0000
1000
0000
0100
1000
0001
0000
0010
0000
0100
0010
,
0001
0000
1000
0000
0010
0100
0010
0000
1100
0000
0102
0000
0000
MM00
0010
0000
,
0003
0000
0110
0000
1001
0000
0010
0100
0001
0000
0000
M00M
0100
0010
1000
0000
,
0001
0000
0102
0000
0000
00M0
1003
0000
120M
0000
0000
0000
0310
0000
0100
0000
,
1001
0000
0000
0000
0010
0100
0010
0001
0010
0000
2100
0000
0000
0000
3001
0000
,
0110
0000
0000
1001
0000
0011
0000
0000
0100
1000
0100
0000
0010
0001
0010
0000
,
0100
1000
0000
0010
0000
0100
0001
0010
1002
0000
0000
0000
0000
0000
0000
0013
,
0000
0100
0010
0000
0000
0100
0000
1000
0010
0000
0000
0010
0000
0100
0010
0000
,
1001
0000
0000
0000
0000
0000
0110
0000
0000
0000
0000
0000
0001
0000
0010
0000
0001
0000
0000
0000
0000
0000
0000
0000
1100
0000
0000
0000
0000
0000
0100
0000
0000
0010
0000
0000
0100
0000
0000
1000
0000
0000
0100
0000
0000
0010
0000
0000
,
0001
0010
0100
0010
0100
0000
2200
0000
0000
0000
0000
0000
0010
0000
3300
0000
,
1000
0000
0100
0000
1000
0000
0000
0000
0000
0000
0000
0000
0010
0000
0000
0000
0000
0000
1001
0000
0000
0000
0000
0000
0100
0000
0000
0000
0000
0000
0001
0000
0000
0100
0000
0000
0010
0000
0000
1000
0000
0000
0100
0000
0000
0010
0000
0000
,
0001
0010
0100
0000
0110
0000
2002
0000
0000
0000
0000
0000
0010
0000
3003
0000
,
0000
1000
0000
0010
0100
0000
1001
0000
0100
0000
0001
0010
0100
0010
0001
0100
,
0010
0100
0001
0010
0100
0000
2200
0000
0000
0000
0001
0000
0000
0000
3300
0000
,
0100
0010
0000
0010
0100
0001
0010
0001
1000
0000
1100
0000
0010
0100
0000
0010
,
0001
0000
0100
1000
0000
0100
0010
0000
2002
0000
0000
0000
0010
0000
3003
0000
,
1000
0001
1000
0000
0001
1000
0001
1000
0010
0100
0001
0010
0001
0000
0001
0010
,
0100
0010
0100
0000
0100
0010
0001
0010
0001
0000
0100
1000
0100
1000
0100
0000
,
0010
0000
0100
0000
0010
0000
0000
0000
0000
0000
0000
0000
0MM0
0000
0000
0000
0000
0000
0110
0000
0000
0000
0000
0000
0001
0000
0000
1000
0000
0000
0100
0000
0000
1000
0000
0000
0100
0000
0000
0000
0000
0000
0100
0000
0000
0010
0000
0000
,
0100
0010
0001
0000
0001
0010
0100
0010
0100
0000
0100
1000
0100
1000
0100
0000
,
0000
0110
0000
0001
0000
0100
1000
0000
0100
0010
0100
0000
0001
0000
0010
0100
,
0010
0100
0000
0100
1000
0100
1000
0010
0100
0001
0010
0001
0010
0000
0000
0000
,
1000
0000
0100
0000
1000
0000
0000
0000
0000
0000
0000
0000
0100
0000
0010
0000
0100
0000
0000
0000
0000
0000
0000
0000
0001
0000
0000
0010
0000
0000
0001
0000
0000
0001
0000
0000
0000
0000
0000
00M0
0000
0000
000M
0000
0000
0000
0000
0000
,
0100
0010
0100
0100
0000
00M0
0M00
0000
0001
1000
0001
0001
0000
M000
010M
0010
,
1000
0100
0000
0010
0000
0100
0010
0000
2002
0000
0000
0000
0000
0000
0000
0000
,
0000
0000
3003
0000
;

//---------------dance-single - K. Ward----------------
#NOTES:
     dance-single:
     K. Ward:
     Hard:
     9:
     0.664,0.000,0.457,0.158,0.369,459.000,52.000,18.000,8.000,0.000,4.000:
0000
0000
0000
0000
,
0000
0000
0000
0000
,
0000
0000
0000
0000
,
0000
0000
0000
0000
1000
1000
0010
0010
,
0100
0100
0000
0000
1001
0000
0110
0000
,
0001
1000
0001
1000
0001
0000
0000
0000
0010
0000
0100
0000
0010
0000
0011
0000
,
0000
0000
0100
1000
0200
0000
0301
0000
,
0010
0100
1000
0100
0010
0010
0000
0100
,
1100
0000
0000
0000
0011
0000
0000
0000
0100
0010
0000
0010
1000
0000
0000
0000
,
0200
0010
0000
1300
0000
0010
0100
0001
,
2000
0000
3001
0000
0100
1000
0100
0010
,
0100
0100
0000
0001
0010
0000
0110
0000
,
1001
1001
1001
0000
0100
0010
0100
1100
,
0000
0000
0010
0100
0011
0000
1100
0000
,
0010
0100
0020
0000
0000
0000
1030
0000
1100
0000
0000
0000
0010
0000
0100
0000
,
0011
0000
1100
0000
0110
0110
0110
0000
,
0001
0001
0100
1000
1000
0100
0001
0001
,
0100
0000
1000
0000
0100
0000
0000
0000
0004
4000
0000
0000
0000
0000
0000
0000
,
0000
0000
0000
0000
3003
0000
0000
0000
1000
0100
1000
0000
0010
0100
0010
0000
,
1000
0001
1000
0000
0001
0000
0011
0000
0000
0000
0000
0000
0000
0000
0110
0000
,
0000
0000
1100
0000
0000
0000
0000
0000
0010
0100
0010
0000
1000
0100
1000
0000
,
0001
0000
0000
0010
0000
0000
0001
0000
0000
0000
0000
0000
0100
0000
0000
0000
0000
0000
1001
0000
0000
0000
0000
0000
0000
0000
0000
0000
0000
0000
0000
0000
0000
0000
0000
0000
0000
0000
0000
0000
0MM0
0000
0000
0000
0000
0MM0
0000
0000
,
0000
0000
0000
0000
0110
0000
0000
0000
1000
0100
1000
0100
1000
0000
0010
0100
,
0010
0100
0010
0000
1000
0001
1000
0001
0000
0000
0000
0000
0000
0000
1020
0000
,
0000
0000
0100
0000
0130
0000
0000
0000
0001
1000
0001
1000
0001
0000
0100
0010
,
0100
0010
0100
0000
0001
0010
0001
0010
0002
0000
0000
0000
0103
0000
0000
0000
,
1000
0010
0100
0000
0010
0000
0100
0000
1001
0000
0100
0000
0010
0000
1000
0100
,
0000
0000
0010
0000
0001
0000
1000
0000
0110
0000
0100
0000
0001
0000
0010
0001
,
0000
0001
0010
0000
0100
0000
0000
0000
0010
0100
0010
0000
0001
0000
0100
0010
,
0000
0000
0100
0000
1000
0000
0100
0000
0001
0000
1000
0000
0010
0000
0100
0001
,
0000
0001
0010
0000
0001
0000
0000
0000
0100
0010
1000
0000
0010
0000
0100
0001
,
0000
0010
0100
1000
0100
0010
0001
0000
,
0100
0000
1000
0000
0100
0000
0000
0000
0010
0100
0001
0000
1000
0000
0001
0010
,
0000
0000
0100
0000
1000
0000
0000
0000
0001
1000
0001
1000
0001
0000
0000
0000
,
0100
0010
0000
0010
0100
0000
0001
0000
0001
0000
0100
0000
1000
0000
0100
0000
,
0001
0000
0100
0000
1000
0000
0100
0000
0001
1000
0000
1000
0100
0000
0000
0000
,
0020
0000
0130
0000
0010
0001
0100
0001
,
0010
0000
0001
0000
0100
0000
1000
0000
0100
0010
0000
0010
0100
0000
0000
0000
,
0001
0001
0001
0000
1000
0010
0001
0010
,
1000
0000
0010
0000
0001
0000
0010
0000
1000
0100
0000
0100
1000
0000
0000
0000
,
0200
0000
0310
0000
0001
0100
1000
0100
,
0001
0000
0100
0000
1000
0000
0100
0000
0001
0010
0000
0010
0100
0000
0000
0000
,
1000
0010
0000
0010
0100
0000
0000
0000
4004
0000
3003
0000
0MM0
0000
M00M
0000
,
1000
0100
1000
0100
1000
0000
0010
0100
0001
0000
1000
0000
1100
0000
0000
0000
,
0010
0100
0010
0011
0000
0110
0000
1001
,
0000
0100
0000
0010
1000
0000
0010
0000
,
1001
0000
0000
0000
1000
0100
0010
0000
0100
0000
0110
0000
0000
0000
0011
0000
,
0000
0000
0100
0000
1000
0000
0100
0010
0100
0000
0000
0000
0011
0000
0000
0000
,
1000
0100
0000
0010
0110
0000
1001
0000
,
0010
0000
0001
0000
0010
0100
0010
0000
0100
0000
1100
0000
0000
0000
0010
0000
,
0001
0000
0000
0010
0000
0100
0000
0000
0001
0010
0001
0000
0100
0010
0100
0000
,
1000
0000
0000
0100
0000
0010
0100
0001
0020
0000
0000
0000
0002
0000
0000
0000
,
0000
0000
0033
0000
0000
0000
0000
0000
0001
1000
0000
0010
0100
0000
0001
1000
,
0000
0100
0010
0000
1001
0000
0000
0000
0001
0000
0100
0000
1000
0000
0100
0000
,
0001
0000
0100
0000
1000
0000
0100
0000
0001
1000
0000
1000
0001
0000
0000
0000
,
0100
0010
0000
0010
0100
0000
1000
0000
0100
0000
0100
0000
0001
0000
0010
0000
,
0010
0001
1000
1100
0000
0001
0011
0000
,
0100
0010
0000
0010
0100
0000
0001
0000
1000
0000
0100
0000
0001
0000
0100
0000
,
1000
0100
0010
0200
0000
1000
2300
0000
,
3001
0010
0001
0000
0000
0000
0000
0000
0100
0000
1000
0000
0100
0000
0001
0000
,
0010
0001
1000
1000
0000
0011
0000
0110
,
1001
0000
0000
0000
1100
0000
0000
0000
0010
0100
0010
0000
0000
0000
0100
0000
,
0001
0010
0100
0020
0000
0031
0001
0000
,
1100
1100
1100
0000
0001
0000
0100
0010
,
0100
1000
0100
1010
0000
0020
0100
0130
,
0000
0001
0000
1000
0200
0000
0000
0000
0310
0001
0010
0000
0000
0000
0001
0000
,
1000
0001
0010
0110
0000
0100
1100
0000
,
0010
0100
0001
0000
0000
0000
0000
0000
1000
0000
1000
0000
0010
0000
0001
0000
,
0001
0010
1000
2000
0000
0001
3001
0000
,
0100
1000
0000
0100
0000
0010
0100
0000
2002
0000
0000
0000
0000
0000
0000
0000
,
0000
0000
3003
0000
;

//---------------dance-single - K. Ward----------------
#NOTES:
     dance-single:
     K. Ward:
     Medium:
     6:
     0.414,0.000,0.325,0.044,0.009,288.000,37.000,5.000,0.000,0.000,0.000:
0000
0000
0000
0000
,
0000
0000
0000
0000
,
0000
0000
0000
0000
,
0000
0000
0000
0000
0001
0000
1000
0100
,
1000
0000
0010
0100
0010
0000
0100
0001
,
0010
0000
0110
0000
1000
0000
1000
0010
,
0100
0000
0100
0001
0010
0000
0011
0000
,
0100
0000
0100
0010
0100
0000
0100
1000
,
0100
0010
0011
1100
,
0010
0000
0100
0010
0100
0000
0010
0001
,
0010
0100
1100
0110
,
0000
0000
1000
0010
0100
0000
0011
0000
,
0000
0000
1000
0010
0100
0000
0001
0000
,
0011
0000
0100
1000
0100
0000
0110
0000
,
1001
0000
0000
0000
0001
0000
0001
0010
,
0001
0000
0100
0000
0010
1000
0100
0000
,
0010
0001
0010
0000
0100
0000
1000
0000
,
0010
0100
0010
0100
0002
0000
0000
0000
,
0000
0000
1003
0000
,
0000
0000
0000
0000
0000
0000
0000
0001
,
0000
1000
0000
0000
0001
0000
0000
0000
,
0000
0000
0000
0000
,
0000
0010
0110
0000
,
0000
0000
0000
0000
0000
0000
0000
0001
,
0000
1000
0001
0000
1001
0000
0000
0000
,
0000
0000
0100
1000
,
0010
0001
1000
1000
,
1000
0000
1000
0100
1000
0000
1000
0010
,
0000
0010
0100
0000
0001
0000
0001
0000
,
0001
0000
0001
0010
0001
0000
0100
0010
,
0000
0010
0100
0000
0001
0000
1000
0000
,
0001
0000
1000
0100
1000
0000
0010
0100
,
0000
0100
0001
0000
0010
0000
0010
0000
,
0100
0000
0100
0000
0001
0010
0001
0000
,
1000
0100
1000
0000
0010
0001
0010
0100
,
0010
0100
0000
0011
0000
0000
0000
0000
,
0100
0000
1100
0000
0010
0100
0010
0001
,
0010
0100
0000
1001
0000
0000
0000
0000
,
0010
0000
0010
0000
0100
1000
0010
0100
,
0001
0010
0000
1001
0000
0000
0000
0000
,
0100
0000
1000
0000
0100
0000
0000
0000
0001
0000
0000
0001
0010
0000
0000
0000
,
0001
0000
0000
0000
1000
0000
0000
0000
0010
0000
0000
0010
0100
0000
0000
0000
,
0001
0010
0001
0000
0110
0000
0000
0000
,
1100
0011
0100
0100
,
0100
0000
0100
0000
0100
0010
0000
1000
,
0000
1000
0000
0000
0001
0000
0001
0000
,
0001
0000
0001
0000
0001
0010
0000
0100
,
0000
0010
0001
0000
0100
0000
0010
0000
,
1000
0001
0000
0100
0010
0000
1100
0000
,
0001
0000
0001
0010
0001
0000
0100
1000
,
0100
0010
1000
0010
,
0001
0100
2002
0000
,
0000
0000
3003
0000
,
1001
0000
0110
0000
0011
0000
0010
0100
,
0010
0100
0000
1100
0000
0000
0000
0000
,
1000
0010
0100
0000
0010
0000
0011
0000
,
0100
1000
0100
0010
0000
1100
0000
0000
,
0100
0010
0100
0000
0010
0001
0010
0001
,
0010
0100
0000
1100
0000
0000
0000
0000
,
0010
0100
0001
0010
0001
0000
0011
0000
,
0100
0000
1100
0000
0000
0010
0100
0010
,
0000
1000
1000
0000
0010
0000
0100
0000
,
0001
0010
0001
0010
0000
1001
0000
0000
,
0100
1000
0100
0000
0010
0000
0110
0000
,
0001
0010
0001
0010
0000
0100
1000
0010
,
0000
0100
0001
0010
0001
0000
0011
0000
,
1000
0000
1100
0000
0010
0100
0001
0010
,
0000
0010
0100
0000
0010
0000
0110
0000
,
1000
0000
1100
0000
0010
0100
0010
0100
,
0000
0010
1000
0000
2002
0000
0000
0000
,
0000
0000
3003
0000
;

//---------------dance-single - K. Ward----------------
#NOTES:
     dance-single:
     K. Ward:
     Beginner:
     1:
     0.103,0.000,0.070,0.000,0.000,74.000,8.000,0.000,0.000,0.000,0.000:

0000
0000
0000
0000
,
0000
0000
0000
0000
,
0000
0000
0000
0000
,
0000
0000
1000
0000
,
0000
0000
0000
0000
,
0001
0000
0001
0000
,
0000
0000
0000
0000
,
0100
0000
0000
0000
,
0100
0000
0100
0000
,
0100
0000
0000
0000
,
0000
0000
1000
0000
,
0000
0000
0000
0000
,
1000
0000
0001
0000
,
0000
0000
0000
0000
,
0001
0000
0001
0000
,
0000
0000
0010
0000
,
0100
0000
0000
0000
,
1000
0000
1001
0000
,
0000
0000
1000
0000
,
0000
0000
0000
0000
,
1000
0000
0001
0000
,
0000
0000
0000
0000
,
0000
0000
0010
0000
,
0000
0000
0000
0000
,
0100
0000
1000
0000
,
0000
0000
0001
0000
,
1000
0000
1001
0000
,
0000
0000
0000
0000
,
0001
0000
1001
0000
,
0000
0000
0000
0000
,
1000
0000
1001
0000
,
0000
0000
0000
0000
,
0010
0000
0110
0000
,
0000
0000
0000
0000
,
0110
0000
1000
0000
,
1000
0000
0000
0000
,
0001
0000
0010
0000
,
0010
0000
0000
0000
,
0000
0000
0001
0000
,
1000
0000
0001
0000
,
0000
0000
0100
0000
,
0010
0000
0010
0000
,
0100
0000
0001
0000
,
0000
0000
0001
0000
,
0000
0000
1000
0000
,
0000
0000
0001
0000
,
0000
0000
0010
0000
,
0010
0000
0001
0000
,
0000
0000
1000
0000
,
0000
0000
0010
0000
,
0010
0000
0010
0000
,
0000
0000
1001
0000
,
0000
0000
0000
0000
,
0000
0000
1000
0000
,
0000
0000
0000
0000
,
1000
0000
0001
0000
,
0000
0000
0000
0000
,
0001
0000
1000
0000
,
0000
0000
0000
0000
,
1000
0000
0001
0000
,
0000
0000
0000
0000
,
0001
0000
0010
0000
,
0000
0000
0000
0000
,
0010
0000
0100
0000
,
0000
0000
0000
0000
,
0100
0000
0010
0000
,
0000
0000
0010
0000
,
0000
0000
0100
0000
,
0000
0000
0100
0000
,
0010
0000
1001
0000
;

//---------------dance-double - M.Emirzian----------------
#NOTES:
     dance-double:
     M.Emirzian:
     Easy:
     4:
     0.263,0.000,0.018,0.018,0.000,206.000,2.000,2.000,0.000,0.000,0.000:
00000000
00000000
00000000
00000000
,
00000000
00000000
00000000
00000000
,
00000000
00000000
00000000
00000000
,
00000000
00000000
00010000
01000000
,
00100000
10000000
00000000
00000000
00000000
00000000
00000000
00000000
,
01000000
00000000
00100000
00000000
00010000
10000000
00000000
00000000
,
00000000
00000000
00000000
00000000
,
00001000
00000000
00010000
00000000
00000100
00001000
00000000
00000000
,
00000000
00000000
00000001
00001000
,
00000100
00000010
00000000
00000000
00000000
00000000
00000000
00000000
,
00000000
00000000
00001000
00010000
,
00000100
00010000
00000000
00000000
00000000
00000000
00000000
00000000
,
00001000
00000000
00010000
00000000
00100000
10000000
00000000
00000000
,
00000000
00000000
00000000
00000000
,
00010000
00000000
01000000
00000000
00100000
10000000
00000000
00000000
,
00000000
00000000
01000000
00100000
,
00010000
01000000
00000000
00000000
00000000
00000000
00001000
00000000
,
00010000
00000100
00002020
00000000
,
00000000
00003030
00000001
00001000
,
00000100
00001000
00000000
00000000
,
00000000
00000000
00000010
00010000
,
00001000
01000000
00000000
00000000
,
00000000
00000000
00010000
10000000
,
01000000
00100000
00000000
00000000
,
00000000
00000000
00010000
01000000
,
00001000
00010000
00000100
00001000
,
00000010
00000100
00000001
00000000
,
00001000
00000100
00001000
00000000
,
00000001
00000100
00000010
00000000
,
00001000
00000000
00000100
00010000
,
00001000
00100000
01000000
00000000
,
10000000
00010000
01000000
00000000
,
00100000
00000000
01000000
00010000
,
10000000
01000000
00010000
00000000
,
00001000
00010000
00000010
00001000
,
00000100
00000010
00000001
00000100
,
00000010
00000000
00000100
00000001
,
00000100
00000010
00001000
00000100
,
00010000
00000000
00001000
01000000
,
00100000
01000000
00010000
10000000
,
01000000
00000000
00100000
00010000
,
01000000
00001000
00010000
00000100
,
00001000
00000010
00000100
00000000
,
00000001
00001000
00000100
00001000
,
00000100
00000010
00000100
00001000
,
00000001
00000000
00000100
00000010
,
00000100
00000010
00001000
00000100
,
00010000
00000000
00001000
01000000
,
00010000
01000000
00100000
01000000
,
00010000
00000000
10000000
00010000
,
10000000
01000000
10000000
00010000
,
00100000
00000000
00001000
00000000
,
00010000
00000000
00000100
00001000
,
00000010
00001000
00000100
00000010
,
00000100
00001000
00000001
00000100
,
00000010
00000000
00001000
00000100
,
00010000
00001000
01000000
00100000
,
01000000
00000000
00010000
10000000
,
01000000
00100000
00010000
00100000
,
01000000
00000000
00100000
00010000
,
01000000
00001000
00010000
00000100
,
00000010
00000000
00000100
00001000
,
00000010
00000100
00000010
00001000
,
00000001
00000000
00000010
00000100
,
00001000
00000010
00010000
00001000
,
01000000
00000000
00010000
00100000
,
01000000
00100000
00010000
01000000
,
00100000
00000000
10000000
00010000
,
01000000
00001000
00010000
00000100
,
00001000
00000010
00000100
00000001
,
00001001
00000000
00000000
00000000
;

//---------------dance-double - M.Emirzian----------------
#NOTES:
     dance-double:
     M.Emirzian:
     Medium:
     8:
     0.543,0.000,0.176,0.035,0.105,409.000,20.000,4.000,2.000,0.000,0.000:
00000000
00000000
00000000
00000000
,
00000000
00000000
00000000
00000000
,
00000000
00000000
00000000
00000000
,
00000000
00000000
00000000
00000000
00010000
10000000
01000000
00100000
,
01000000
10000000
00000000
00000000
00000000
00000000
00000000
00010000
,
01000000
00001000
00010000
00000010
00000100
00000010
00000000
00001001
,
00000000
00000000
00000010
00000100
00000010
00000000
00000001
00000000
,
00000100
00000010
00010000
00001000
01000000
00010000
00000000
00000000
,
00000000
00000000
00000000
00100000
01000000
10000000
00100000
01000000
,
00100000
10000000
00000000
01000000
00000000
00000000
00100000
00010000
,
01000000
00000000
00001000
00000000
00010000
00000100
00001000
00000010
,
00000100
00000010
00000000
00000000
00000000
00000000
00000000
00000001
,
00000100
00000010
00001000
00000001
00000010
00000100
00000000
00001001
,
00000000
00000000
00000010
00010000
00001000
00000000
01000000
00000000
,
00010000
10000000
01000000
00100000
00010000
01000000
00000000
00000000
,
00000000
00000000
00100000
00000000
10000000
00010000
01000000
00001000
,
00010000
00000100
00000000
00001100
00000000
00000000
00000010
00001000
,
00000001
00000110
00002002
00000000
,
00000000
00000000
00003003
00000000
00001100
00000000
00000001
00000100
,
00000010
00010000
00001000
01000000
00000000
00000000
00000000
00110000
,
00000000
10010000
00000000
00000000
11000000
00000000
01000000
00100000
,
00001000
00010000
00000100
00000010
00000000
00000000
00000000
00000000
,
00000000
00000000
00001001
00000000
00000011
00000000
00000010
00000001
,
00001000
00000100
00010000
00001000
00000000
00000000
00000000
00010100
,
00000000
00010000
00011000
00000000
01001000
00000000
00001000
01000000
,
00010000
10000000
01000000
00100000
00010000
00000000
01100000
00000000
,
10000000
00000000
00010000
00000000
01000000
00000000
00100000
00000000
01000000
00000000
00010000
00000000
10000000
00000000
01000000
00100000
,
00000000
00000000
00000000
00000000
10000000
00000000
00010000
00000000
01000000
00000000
00001000
00000000
00010000
00000000
00000100
00001000
,
00000000
00000000
00000000
00000000
00000010
00000000
00000100
00000000
00000001
00000000
00001000
00000000
00000100
00000000
00000010
00000100
,
00000000
00000000
00000000
00000000
00001000
00000000
00000001
00000000
00000100
00000000
00000010
00000000
00010000
00000000
00001000
01000000
,
00000000
00000000
00000000
00000000
00010000
00000000
01000000
00000000
00100000
00000000
01000000
00000000
00010000
00000000
10000000
01000000
,
00000000
00000000
00000000
00000000
00100000
00000000
00010000
00000000
01000000
00000000
00001000
00000000
00010000
00000000
00000100
00001000
,
00000000
00000000
00000000
00000000
00000010
00000000
00000100
00000000
00000010
00000000
00001000
00000000
00000100
00000000
00000010
00000001
,
00000000
00000000
00000000
00000000
00000010
00000000
00000100
00000000
00001000
00000000
00000001
00000000
00000100
00000000
00000010
00001000
,
00000000
00000100
00010100
00000000
00001000
00010000
00001000
01000000
,
00010000
00100000
01000000
00100000
00010000
01000000
00100000
01000000
,
10000000
01000000
00010000
00000000
10000000
01000000
00100000
01000000
,
10000000
01000000
00010000
01000000
00100000
00001000
00010000
00000100
,
00001000
00000010
00000100
00000000
00000010
00001000
00000100
00000010
,
00000001
00001000
00000010
00001000
00000100
00010000
00000100
00001000
,
00000010
00010000
00001000
00000000
01000000
00010000
00100000
01000000
,
00100000
00010000
10000000
00100000
01000000
00010000
10000000
01000000
,
00100000
00001000
00010000
00000100
00002200
00000000
00000000
00003300
,
0000MM00
00000000
00000000
00000000
00000001
00001000
00000100
00000000
,
00000010
00000000
00000000
00000001
00000000
00000000
00001000
00000000
00000000
00000100
00000000
00000000
00010000
00000000
00000000
00001000
,
00000000
00000000
01000000
00000000
00000000
00010000
00000000
00000000
10000000
00000000
01000000
00000000
00100000
00000000
00000000
00000000
,
01000000
00000000
00000000
10000000
00000000
00000000
00100000
00000000
00000000
01000000
00000000
00000000
00100000
00000000
00000000
10000000
,
00000000
00000000
01000000
00000000
00000000
00010000
00000000
00000000
00001000
00000000
00000100
00000000
00000001
00000000
00000000
00000000
,
00000010
00000000
00000000
00000100
00000000
00000000
00001000
00000000
00000000
00000100
00000000
00000000
00000001
00000000
00000000
00000100
,
00000000
00000000
00010000
00000000
00000000
00001000
00000000
00000000
00000100
00000000
00001000
00000000
00010000
00000000
00000000
00000000
,
00100000
00000000
00000000
00010000
00000000
00000000
00001000
00000000
00000000
00000010
00000000
00000000
00001000
00000000
00000000
00010000
,
00000000
00000000
00100000
00000000
00000000
10000000
00000000
00000000
01000000
00000000
00100000
00000000
00010000
00000000
00100000
00000000
,
01000000
10000000
00010000
00000000
11000000
00000000
10010000
00000000
,
00010000
10000000
00100000
00000000
01000000
10000000
00100000
01000000
,
00100000
10000000
00100000
00010000
00100000
01000000
00001000
00010000
,
00000100
00001000
00000010
00000000
00000100
00000010
00000100
00000001
,
00001000
00000100
00000010
00000100
00001000
00000001
00000100
00001000
,
00000100
00001000
00010000
00000000
00001000
00010000
00100000
00010000
,
00100000
10000000
01000000
10000000
01000000
00100000
00010000
01000000
,
00100000
01000000
00010000
00000000
00100000
01000000
10000000
01000000
,
00100000
00010000
01000000
00001000
00010000
00000100
00000010
00000001
,
00000100
00000010
00000100
00000000
00000001
00000010
00001000
00000010
,
00000100
00001000
00000100
00000010
00000100
00001000
00000010
00000100
,
00000010
00001000
00000100
00000000
00010000
00001000
01000000
00100000
,
01000000
00010000
00100000
01000000
10000000
00010000
01000000
00100000
,
10000000
01000000
00100000
00000000
00010000
01000000
00001000
00010000
,
00000100
00001000
00000010
00000100
00000010
00001000
00000100
00000010
,
00000100
00001000
00000001
00000000
00000100
00000010
00000100
00001000
,
00010000
00001000
00010000
01000000
10000000
00010000
01000000
00100000
,
01000000
00010000
10000000
01000000
01100000
00000000
00000000
00000000
;

//---------------dance-double - M.Emirzian----------------
#NOTES:
     dance-double:
     M.Emirzian:
     Challenge:
     13:
     1.000,0.000,0.790,0.211,1.000,686.000,90.000,24.000,4.000,13.000,0.000:
00000000
00000000
00000000
00000000
,
00000000
00000000
00000000
00000000
,
00000000
00000000
00000000
00000000
,
00000000
00000000
00000000
00000000
00000000
00000000
00000000
00000000
00001000
00000000
00000010
00000100
00000010
00000000
00001000
00000100
,
00000010
00000100
00000000
00001000
00000001
00000100
00001000
00000000
00010000
00000000
00000100
00010000
00000100
00000000
00010000
00001000
,
00100000
00000000
00010000
01000000
00100000
01000000
00001000
00000000
00010000
00000000
01000000
00100000
01000000
00000000
10000000
00100000
,
01000000
00100000
00000000
00010000
00001000
00000000
00010000
00000100
00000010
00000000
00000001
00000000
00000100
00000010
00000100
00000000
,
00002002
00000000
00003003
00001100
01000100
00000000
00011000
00100010
,
00101000
00000000
10001000
00000000
11000000
10001000
00110000
00000000
,
02002000
00000000
00000000
10010000
03003000
00000000
00011000
00010010
,
00010001
00000000
00000000
00000000
00001100
00000000
00000000
00000000
00000010
00000000
00000100
00000010
00000100
00000000
00000001
00001000
,
00000100
00000010
00000000
00000100
00010000
00001000
01000000
00000000
00100000
00000000
00010000
00100000
10000000
00000000
01000000
00100000
,
01000000
00000000
10000000
01000000
00010000
01000000
00100000
00000000
00001000
00000000
00010000
00000010
00000100
00000000
00000010
00001000
,
00000100
00000010
00000000
00000100
00001000
00000000
00000001
00000100
00000010
00000000
00000100
00000000
00001000
00010000
00000100
00000000
,
00022000
00000000
00033000
01001000
00110000
00000000
10010000
10001000
,
01010000
00000000
01000100
00000000
00011000
00010010
00100010
00000000
,
00002200
00000000
00000000
00010010
00003300
00000000
00010001
00010100
,
00001100
01000100
00202000
00000000
,
01010000
00000000
00303000
00000000
00000000
00000000
00000000
00000000
01001000
00000000
00000000
00000000
10000000
01000000
00100000
01000000
,
10000000
01000000
00010000
00000000
01000000
10000000
02000000
00020000
00000000
00000000
00000000
00000000
00000000
00000000
10000000
00000000
,
00000000
00000000
00101000
03030000
00000000
00000000
00000000
00000000
01001000
00000000
00000000
00000000
00010000
00000010
00001000
00000010
,
00000100
00000001
00000100
00000000
00000001
00000010
00002000
00000020
00000000
00000000
00000000
00000000
00000000
00000000
00000000
00000000
,
00000000
00000000
00000000
00000000
00010100
00003030
00000000
00000000
00000110
00000000
00000000
00000000
00001000
00000001
00000100
00000010
,
00001000
00000100
00010000
00000000
00001000
01000000
00200000
00020000
00000000
00000000
00000000
00000000
00000000
00000000
00001000
00000000
,
00000000
00000000
01000000
00000000
01001000
00330000
00000000
00000000
01100000
00000000
00000000
00000000
00010000
10000000
01000000
00100000
,
00010000
01000000
00001000
00000000
00010000
00000100
00001000
00000010
00001001
00000000
00000000
00000000
00001100
00000000
00000000
00000000
,
00000010
00000000
00000000
00000000
00000000
00000000
00001000
00000000
00000010
00000000
00001000
00000000
00000010
00000000
00000000
00000000
00000000
00000000
00000100
00000000
00000001
00000000
00000100
00000000
00000001
00000000
00000000
00000100
00000000
00000000
00000010
00000000
00000000
00001000
00000000
00000000
00000100
00000000
00000000
00000000
00000000
00000000
00000100
00000000
00000000
00000010
00000000
00000000
,
00000000
00000000
00000001
00001000
00000001
00000100
00000010
00000000
00001000
00000100
00000010
00000100
00010000
00000000
00001000
01000000
,
00000000
01000000
00100000
01000000
00001000
00010000
01000000
10000000
00010000
01000000
00100000
10000000
01000000
00000000
00100000
00010000
,
00000000
00010000
10000000
01000000
00100000
00001000
00010000
00000000
00001000
00010000
00000100
00001000
00000010
00000000
00000010
00001000
,
00000000
00000000
00000000
00001000
00000000
00000000
00000001
00000000
00001000
00000000
00000001
00000000
00001000
00000000
00000000
00000001
00000000
00000000
00000010
00000000
00000000
00000100
00000000
00000000
00001000
00000000
00000000
00000001
00000000
00000000
00000100
00000000
00000000
00000010
00000000
00000000
00001000
00000000
00000000
00000000
00000000
00000000
00001000
00000000
00000000
00000100
00000000
00000000
,
00000000
00000100
00000010
00000100
00000010
00001000
00010000
00000000
00000100
00010000
00001000
01000000
00100000
00000000
01000000
00010000
,
00000000
00010000
00100000
01000000
00100000
00010000
10000000
00010000
01000000
00000000
00000000
00000000
02000200
00000000
00000000
00000000
,
00000000
00000000
00100010
00000000
00000000
00000000
00000000
00000000
00011000
03000300
00000000
00000000
00000000
00000000
00001000
00000000
,
00010000
00000000
00000000
00000000
00000000
00000000
00001000
00000000
00000000
00010000
00000000
00000000
00001000
00000000
00010000
00000000
00001000
00000000
00010000
00000000
00000000
00000000
00000000
00000000
00000010
00000000
00000000
00000000
00000000
00000000
00001000
00000000
00000000
00000100
00000000
00000000
00000010
00000000
00000000
00000100
00000000
00000000
00001000
00000000
00000000
00000001
00000000
00000000
,
00000100
00000010
00000100
00000001
00000100
00001000
00010000
00000100
00010000
00000000
00011000
00000000
01001000
00000000
01010000
00000000
,
00010000
00000000
01000000
00000000
00010000
00000000
01000000
00000000
00000000
00000000
00000000
00000000
00100000
00000000
00000000
00000000
00000000
00000000
10000000
00000000
00000000
00000000
00000000
00000000
01000000
00000000
00000000
00100000
00000000
00000000
00010000
00000000
00000000
10000000
00000000
00000000
00100000
00000000
00000000
01000000
00000000
00000000
00100000
00000000
00000000
00010000
00000000
00000000
,
00100000
01000000
00100000
10000000
01000000
00100000
00010000
00000000
01010000
00000000
01001000
00000000
00011000
00000000
00010100
00000000
,
00000010
00000000
00000100
00000000
00000000
00000000
00000010
00000100
00000010
00000000
00000000
00000000
00000100
00000000
00000000
00000000
00000001
00000000
00000000
00000000
00001000
00000000
00000100
00000000
00000010
00000000
00000100
00000000
00001000
00000000
00000001
00000000
,
00000100
00000010
00001000
00000100
00000010
00000100
00010000
00001000
00010000
00000000
00010100
00000000
00011000
00000000
01001000
00000000
,
00010000
00000000
00000000
01000000
00000000
00000000
00000000
00000000
00000000
01000000
00000000
00000000
00100000
00000000
01000000
00000000
00000000
00000000
00100000
00000000
00000000
00000000
00000000
00000000
00010000
00000000
00000000
10000000
00000000
00000000
01000000
00000000
00000000
00100000
00000000
00000000
01000000
00000000
00000000
10000000
00000000
00000000
01000000
00000000
00000000
00010000
00000000
00000000
,
01000000
00100000
00001000
00010000
00001000
00010000
00000100
00001000
00000010
00000100
00000001
00000010
00000100
00000010
00001000
00000010
,
00000100
00001000
00000100
00000010
00000001
00001000
00000010
00000200
00000020
00000000
00000330
00000MM0
00000000
00000000
00000000
00000MM0
,
00000100
00000010
00000100
00000001
00001000
00000000
00000100
00000010
00000001
00001000
00000010
00000100
00000000
00000001
00000000
00001000
,
00000010
00000000
00010000
00100000
00000000
00010000
00001000
00000000
01000000
00001000
00000000
00000100
00001000
00000000
00010000
00001000
,
00000000
00100000
00010000
00000000
10000000
00100000
01000000
00000000
00010000
10000000
01000000
00100000
00000000
00010000
00000000
01000000
,
00001000
00000000
00010000
00000010
00000000
00001000
00000100
00000000
01000000
00010000
00000000
00000100
00001000
00000000
00010000
00100000
,
00000000
00010000
00001000
00000000
00100000
00001000
00010000
00000000
01000000
00010000
00001000
00010000
00000000
00000100
00000000
00000010
,
00000100
00000000
00010000
00001000
00000000
01000000
00100000
00000000
00010000
00001000
00000000
00000010
00000100
00000000
00100000
00001000
,
00000000
00000100
00001000
00000000
00100000
00001000
00010000
00000000
00011000
00000000
01000100
00000000
00000000
00000000
00010010
00000000
,
00010001
00000000
00000000
00001010
00000000
00100010
00000000
00000000
00001000
00010000
00000100
00000000
00010000
00001000
01000000
00000000
,
00100000
10000000
00000000
10000000
01000000
00100000
00010000
01000000
00100000
00000000
10010000
00000000
01100000
00000000
00000000
00110000
,
00000000
01000000
00010000
00000000
00000000
00101000
00000000
00010000
00000100
00000000
00000100
00001000
00000000
00001000
00000010
00000000
,
00000100
00000000
00000001
00000000
00001000
00000000
00000100
00000000
00000010
00000001
00000000
00000000
00000010
00000001
00000000
00000000
00000010
00000000
00000000
00000000
00000100
00000000
00001000
00000000
00000001
00000000
00000100
00000000
00000010
00000000
00000100
00000000
,
00001000
00010000
00001000
00000010
00000100
00000010
00000001
00000100
00000010
00000000
00001010
00000000
00010010
00000000
00011000
00000000
,
00001000
00000000
00010000
00000000
00001000
00000000
00010000
00000000
00000000
00000000
00000000
00000000
00001000
00000000
00000000
00000000
00000000
00000000
01000000
00000000
00000000
00000000
00000000
00000000
00010000
00000000
00000000
00000000
00000000
00000000
00100000
00000000
00000000
01000000
00000000
00000000
00100000
00000000
00000000
00010000
00000000
00000000
01000000
00000000
00000000
00001000
00000000
00000000
,
01000000
00100000
10000000
01000000
00100000
00010000
00100000
00001000
00010000
00000000
00101000
00000000
00011000
00000000
00010010
00000000
,
00000000
00000000
00001010
00000000
00000000
00000000
00001000
00000010
00001000
00000000
00000000
00000000
00000010
00000000
00000000
00000000
00000100
00000000
00000000
00000000
00000001
00000000
00000100
00000000
00000010
00000000
00000100
00000000
00001000
00000000
00000100
00000000
,
00000010
00001000
00000100
00000010
00000100
00010000
00001000
01000000
00100000
00000000
01010000
00000000
01100000
00000000
10010000
00000000
,
01000000
00000000
00000000
00100000
00000000
00000000
00000000
00000000
00000000
00100000
00000000
00000000
00010000
00000000
00100000
00000000
00000000
00000000
00000000
00000000
00000000
00000000
00000000
00000000
02000200
00000000
00000000
00000000
00000000
00000000
00000000
00000000
00000000
00000000
00000000
00000000
00000000
00000000
00000000
00000000
00000000
00000000
00000000
00000000
00000000
00000000
00000000
00000000
,
10001000
00000000
00000000
00000000
00000000
00000000
00010001
03000300
00000000
00000000
00000000
00000000
00022000
00000000
00033000
00000000
,
00010000
00000000
00001000
00010000
00000000
00000000
00000000
00000000
00001000
00000000
00010000
00000000
00000100
00000000
00010000
00000000
00001000
00000000
00000000
00000000
00010000
00000000
00000010
00000000
00000100
00000000
00000010
00000000
00001000
00000000
00000001
00000000
,
00000010
00000001
00001000
00000010
00001000
00000001
00000010
00000100
00001000
00000000
00001010
00000000
00010010
00000000
00011000
00000000
,
00001000
00000000
00010000
00000000
00001000
00000000
00010000
00000000
00000000
00000000
00000000
00000000
00001000
00000000
00000000
00000000
00000000
00000000
01000000
00000000
00000000
00000000
00000000
00000000
00001000
00000000
00000000
01000000
00000000
00000000
00010000
00000000
00000000
00100000
00000000
00000000
01000000
00000000
00000000
00100000
00000000
00000000
10000000
00000000
00000000
00100000
00000000
00000000
,
00010000
10000000
00100000
01000000
00010000
01000000
00001000
00010000
00001000
00000000
01001000
00000000
00011000
00000000
00010100
00000000
,
00000100
00000000
00001000
00000000
00000000
00000000
00000100
00001000
00000100
00000000
00000000
00000000
00001000
00000000
00000000
00000000
00000001
00000000
00000000
00000000
00001000
00000000
00000010
00000000
00000100
00000000
00000001
00000000
00001000
00000000
00000100
00000000
,
00000010
00000100
00010000
00001000
01000000
00100000
01000000
00010000
00100000
00000000
00101000
00000000
00011000
00000000
01001000
00000000
,
00010000
00000000
00000000
01000000
00000000
00000000
00000000
00000000
00000000
01000000
00000000
00000000
00100000
00000000
01000000
00000000
00000000
00000000
00000000
00000000
00000000
00000000
00000000
00000000
00010000
00000000
00000000
10000000
00000000
00000000
01000000
00000000
00000000
00100000
00000000
00000000
00010000
00000000
00000000
01000000
00000000
00000000
00100000
00000000
00000000
01000000
00000000
00000000
,
00001000
01000000
00010000
10000000
00100000
01000000
00100000
10000000
00100000
00010000
00001000
00010000
00000100
00000010
00000001
00001000
,
00000010
00000100
00000001
00000010
00000100
00000010
00000001
00001000
00000110
00000000
00000000
00000000
00000000
00000000
00000000
00000000
;

//---------------dance-double - M.Emirzian----------------
#NOTES:
     dance-double:
     M.Emirzian:
     Hard:
     9:
     0.760,0.000,0.386,0.088,0.593,552.000,44.000,10.000,2.000,2.000,0.000:
00000000
00000000
00000000
00000000
,
00000000
00000000
00000000
00000000
,
00000000
00000000
00000000
00000000
,
00000000
00000000
00000000
00000000
00000000
00000000
00000000
00000000
00010000
00000000
00000000
01000000
00100000
00000000
10000000
00000000
,
01000000
00100000
01000000
10000000
00100000
01000000
00100000
00010000
,
00001000
00010000
00000000
00010000
00000010
00000000
00001000
00000000
00000100
00000000
00000010
00000000
00000100
00000000
00001001
00000000
,
00000000
00000000
00000010
00000100
00000001
00000010
00000100
00000010
,
00000001
00000000
00000000
00001000
00001010
00000000
00000100
00010100
,
00011000
00000000
01001000
00000000
00010000
01010000
10010000
00000000
,
02200000
00000000
00000000
00000000
00000000
00000000
10010000
03300000
00000000
00000000
00000000
00000000
01000000
00000000
00110000
00000000
,
10010000
00000000
00000000
00000000
00100000
00000000
00000000
00000000
01000000
00000000
00000000
00010000
00100000
00000000
01000000
00000000
,
00100000
00010000
01000000
00100000
01000000
00001000
00010000
00000100
,
00000010
00000100
00000000
00000100
00001000
00000000
00000001
00000000
00000100
00000000
00000010
00000000
00000100
00000000
00001001
00000000
,
00000000
00000000
00000100
00000010
00000100
00010000
00001000
01000000
,
00001000
00000000
00000000
00001000
00010100
00000000
00010000
00001000
,
01001000
00000000
00110000
00000000
01000000
10010000
01010000
00000000
,
20200000
00000000
00000000
00000000
00000000
00000000
01000000
30300000
00000000
00000000
00000000
00000000
10000000
00000000
11000000
00000000
,
00110000
00101000
00022000
00000000
,
00000000
00000000
00033000
00000000
00010100
00000000
00001000
00000010
,
00000100
00000001
00001000
00000000
00000100
00000010
00000100
00001000
00000000
00000000
00000000
00000000
00000000
00000000
01000100
00000000
,
00000000
00011000
00000000
00000000
01100000
00000000
00010000
10000000
,
01000000
00100000
00010000
00000000
01000000
00001000
00010000
00001000
00000000
00000000
00000000
00000000
00000000
00000000
00000000
00000000
,
00000000
00000000
00100010
00000000
00011000
00000000
00000100
00001000
,
00000010
00000100
00000010
00000000
00001000
00000100
00000010
00000001
00000000
00000000
00000000
00000000
00000000
00000000
00001100
00000000
,
00000000
00010010
00011000
00000000
01001000
00000000
00010000
01000000
,
00100000
10000000
00100000
00000000
01000000
00010000
10000000
01000000
00100000
00000000
00000000
00000000
00110000
00000000
00000000
00000000
,
10010000
00000000
00000000
00000000
00000000
00000000
00000000
00000000
00000000
00000000
00100000
00000000
01000000
00000000
00000000
00000000
00000000
00000000
00010000
00000000
00000000
00000000
00000000
00000000
10000000
00000000
00000000
00000000
00000000
00000000
01000000
00000000
00000000
00000000
00000000
00000000
00100000
00000000
00000000
00000000
00000000
00000000
00010000
00000000
00000000
01000000
00000000
00000000
,
00000000
00000000
01000000
00001000
00010000
00000000
00100000
00000000
00010000
00000000
00001000
00000000
00000010
00000000
00000100
00001000
,
00000000
00000000
00001000
00000010
00000100
00000000
00000001
00000000
00001000
00000000
00000100
00000000
00000010
00000000
00000100
00001000
,
00000000
00000000
00001000
00000001
00000100
00000000
00000010
00000000
00000100
00000000
00001000
00000000
00010000
00000000
01000000
00100000
,
00000000
00000000
00100000
01000000
10000000
00000000
00010000
00000000
01010000
00000000
00000000
00000000
00101000
00000000
00000000
00000000
,
00000000
00000000
01000100
00000000
00000000
00000000
00000000
00000000
00011000
00000000
00000000
00000000
01000000
00000000
00100000
01000000
,
00000000
00000000
01000000
00010000
00100000
00000000
01000000
00000000
00010000
00000000
00001000
00000000
00000100
00000000
00000001
00001000
,
00000000
00000000
00001000
00000010
00000100
00000000
00000010
00000000
00002002
00000000
00000000
00000000
00003003
00000000
00000000
00000000
,
00001100
00000000
00000010
00000100
00000001
00001000
00000000
00000000
00000100
00000000
00000010
00000100
00000010
00000100
00000010
00000000
,
00000001
00000100
00001000
00000010
00001000
00010000
01000000
00100000
,
01000000
10000000
01000000
00000000
00100000
00000000
00010000
00000000
01000000
00000000
00100000
10000000
00100000
10000000
00100000
00000000
,
01000000
00010000
00100000
01000000
00010000
00001000
00000010
00000100
,
00000010
00000100
00000010
00000000
00000001
00000000
00000100
00000000
00000010
00000000
00000100
00000001
00000100
00000001
00000100
00000000
,
00000010
00001000
00000100
00010000
00000010
00000100
00000010
00010000
,
00001000
01000000
00010000
00000000
00100000
00000000
01000000
00000000
00100000
00000000
00010000
10000000
01000000
00100000
00010000
00000000
,
01000000
00000000
10000000
00000000
00100000
00000000
10000000
00000000
01000000
00000000
00010000
00000000
10000000
01000000
00100000
00010000
,
01000000
00001000
00010000
00000100
00001000
00000010
00000100
00000002
00002000
00003003
00000000
0000M00M
00000000
00000000
00000000
00000000
,
00000001
00001000
00000010
00000100
00000001
00000000
00001000
00000100
00000010
00000001
00001000
00000010
00000000
00000100
00000000
00000001
,
00001000
00000000
00001000
00000100
00000000
00000100
00010000
00000000
00010000
00001000
00000000
00001000
01000000
00000000
01000000
00100000
,
00000000
00100000
10000000
00000000
10000000
01000000
00000000
00100000
00010000
10000000
00100000
01000000
00000000
00010000
00000000
00100000
,
01000000
00000000
01000000
00010000
00000000
00010000
00001000
00000000
00001000
00000100
00000000
00000100
00000001
00000000
00000001
00000010
,
00000000
00000010
00001000
00000000
00001000
00010000
00000000
00010000
00100000
01000000
00010000
10000000
00000000
01000000
00000000
10000000
,
00100000
00000000
00100000
00010000
00000000
00010000
00001000
00000000
00001000
00000010
00000000
00000010
00000001
00000000
00000001
00000100
,
00000000
00000100
00001000
00000000
00001000
00010000
00000000
00010000
01000000
00000000
10000000
00000000
00000000
00000000
00010000
00000000
,
10010000
00000000
00000000
00100000
00000000
01001000
00000000
00000000
00010000
00001000
00010000
00000000
00000100
00001000
00000010
00000000
,
00000100
00000001
00000000
00001000
00000100
00000010
00000001
00001000
00000010
00000000
00000100
00000000
00001001
00000000
00000000
00000100
,
00000000
00000010
00000100
00000000
00000000
00010000
00000000
00001000
01000000
00000000
00001000
00010000
00000000
01000000
10000000
00000000
,
00100000
01000000
00010000
10000000
01000000
00000000
00100000
00000000
00010000
00000000
10000000
00100000
01000000
00010000
10000000
00000000
,
01000000
00010000
00100000
00010000
00001000
00000100
00000001
00001000
,
00000100
00000010
00000100
00000000
00001000
00000000
00000010
00000000
00000100
00000000
00000010
00001000
00000010
00001000
00000010
00000000
,
00010000
00000100
00000010
00001000
00010000
00100000
01000000
00100000
,
10000000
01000000
00100000
00000000
01000000
00000000
00100000
00000000
00010000
00000000
10000000
00100000
10000000
00100000
10000000
00000000
,
00100000
00010000
01000000
00010000
00001000
00000010
00000100
00000010
,
00000001
00001000
00000001
00000000
00000100
00000000
00000010
00000000
00000100
00000000
00000001
00001000
00000001
00001000
00000001
00000000
,
00000010
00001000
00000100
00001000
00010000
00100000
10000000
00010000
,
00100000
01000000
00100000
00000000
00010000
00000000
01000000
00000000
00100000
00000000
01000000
00010000
01000000
00010000
01000000
00000000
,
00100000
10000000
01000000
00100000
00001000
00010000
00000100
00000010
,
00000100
00001000
00000100
00000000
00000001
00000000
00000100
00000000
00001000
00000000
00000010
00000100
00000010
00000100
00000010
00000000
,
00001000
00000001
00000010
00000100
00001000
00000010
00000100
00001000
,
00010000
00001000
00010000
00000000
00100000
00000000
01000000
00000000
00100000
00000000
10000000
00010000
10000000
00010000
10000000
00000000
,
00100000
01000000
10000000
00100000
01000000
00100000
10000000
01000000
,
00010000
00001000
00010000
00000000
00000100
00000000
00000010
00000000
00000100
00000000
00001000
00000001
00001000
00000001
00001000
00000000
,
00000010
00000000
00000100
00000000
00000010
00000000
00000001
00000000
00000010
00000000
00001000
00000000
00000100
00000010
00000100
00001000
,
00000010
00000100
00000010
00001000
00000100
00010000
00001000
01000000
01010000
00000000
00000000
00000000
00000000
00000000
00000000
00000000
;
