#TITLE:Bend Your Mind;
#SUBTITLE:;
#ARTIST:Reflection Theory;
#TITLETRANSLIT:;
#SUBTITLETRANSLIT:;
#ARTISTTRANSLIT:;
#GENRE:;
#CREDIT:;
#BANNER:bendyourmind-banner.png;
#BACKGROUND:bendyourmind-bg.png;
#LYRICSPATH:;
#CDTITLE:;
#MUSIC:Reflection Theory - Bend your mind.ogg;
#OFFSET:-1.207;
#SAMPLESTART:48.331;
#SAMPLELENGTH:11.920;
#SELECTABLE:YES;
#BPMS:0.000=140.000;
#STOPS:;
#BGCHANGES:0.000=bendyourmind-bg.png=1.000=0=0=1=====,
4.000=jb_120.mpg=1.000=1=0=1===CrossFade==,
19.000=EV01442N.mpg=1.000=1=0=1===CrossFade==,
28.000=EV01452N.mpg=1.000=0=0=1=====,
36.000=EV01447N.mpg=1.000=0=0=1=====,
44.000=EV01440N.mpg=1.000=0=0=1=====,
52.000=728_JumpBack.mpg=1.000=0=0=1=====,
60.000=738_JumpBack.mpg=1.000=0=0=1=====,
68.000=EV01438N.mpg=1.000=0=0=1=====,
76.000=EV01442N.mpg=1.000=0=0=1=====,
84.000=EV01446N.mpg=1.000=0=0=1=====,
92.000=736_JumpBack.mpg=1.000=0=0=1=====,
100.000=VOL1-40-NTSC.mpg=1.000=0=0=1=====,
108.000=728_JumpBack.mpg=1.000=0=0=1=====,
116.000=vol4-09-ntsc.mpg=1.000=0=0=1=====,
124.000=EV01440N.mpg=1.000=0=0=1=====,
132.000=vis_vol4-06-ntsc.mpg=1.000=1=0=1===CrossFade==,
148.000=vis_vol4-24-ntsc.mpg=1.000=1=0=1===CrossFade==,
164.000=EV01446N.mpg=1.000=0=0=1=====,
180.000=EV01442N.mpg=1.000=0=0=1=====,
188.000=EV01438N.mpg=1.000=0=0=1=====,
195.500=728_JumpBack.mpg=1.000=0=0=1=====,
204.000=EV01438N.mpg=1.000=0=0=1=====,
212.000=EV01452N.mpg=1.000=0=0=1=====,
220.000=738_JumpBack.mpg=1.000=0=0=1=====,
228.000=EV01440N.mpg=1.000=0=0=1=====,
236.000=EV01447N.mpg=1.000=0=0=1=====,
244.000=vol4-09-ntsc.mpg=1.000=0=0=1=====,
252.000=EV01442N.mpg=1.000=0=0=1=====,
260.000=EV01446N.mpg=1.000=0=0=1=====,
268.000=EV01442N.mpg=1.000=0=0=1=====,
276.000=bendyourmind-bg.png=1.000=0=0=1=====,
280.000=bendyourmind-bg.png=1.000=0=0=1=====,
99999=-nosongbg-=1.000=0=0=0 // don't automatically add -songbackground-
;
#KEYSOUNDS:;
// cache tags:
#FIRSTBEAT:20.000;
#LASTBEAT:280.000;
#SONGFILENAME:/Songs/In The Groove/Bend Your Mind/Bend your mind.sm;
#HASMUSIC:1;
#HASBANNER:1;
#MUSICLENGTH:124.424;
// end cache tags

//---------------dance-single - C. Foy----------------
#NOTES:
     dance-single:
     C. Foy:
     Easy:
     6:
     0.189,0.000,0.056,0.354,0.000,111.000,7.000,44.000,0.000,12.000,0.000:


0000
0000
0000
0000
,
0000
0000
0000
0000
,
0000
0000
0000
0000
,
0000
0000
0000
0000
,
0000
0000
0000
0000
,
2000
0000
0000
0000
,
0002
0000
0000
0000
,
0010
3003
0000
0000
,
0000
0000
0000
0000
,
0200
0000
0000
0000
,
0020
0000
0000
0000
,
1000
0000
1000
0330
,
0000
0000
0000
0000
,
1000
0000
0100
0000
,
1000
0001
1000
0001
,
0001
0001
1000
1000
,
1001
0000
0000
0000
,
1011
0000
0000
0000
,
0000
0000
0000
0000
,
1101
0000
0000
0000
,
0000
0000
0000
0000
,
1110
0000
0000
0000
,
0000
0000
0000
0000
,
0001
0000
0100
0000
,
0001
0100
0001
0100
,
0202
0000
0000
0000
,
0010
0000
0000
0000
,
1000
0303
0000
0000
,
1001
0000
0010
0100
,
0010
0010
0010
0100
,
0100
0001
0001
1000
,
1000
0000
0001
0000
,
1000
0000
1001
0001
,
2000
0000
0200
0000
,
0000
0000
0020
0000
,
0001
3330
0000
0000
,
2000
0000
0000
0000
,
0020
0000
3000
0000
,
0002
0000
0030
0000
,
0200
0000
0003
0000
,
2000
0300
0000
0000
,
3001
0000
0000
0001
,
0000
0000
0000
0001
0000
0000
0001
0000
,
0001
0000
0000
0001
0000
0000
0000
0000
,
1000
0000
0000
1000
0000
0000
0001
0000
,
0001
0000
0000
0100
,
0100
0000
0000
0001
0000
0000
0001
0000
,
0002
0000
0000
0003
0000
0000
0000
0000
,
1000
0000
0000
0100
0000
0000
2000
0200
,
0000
0000
0000
3300
,
0000
0000
0000
0000
,
0000
2000
0000
0000
,
0002
0000
0000
0000
,
0010
0000
0000
0000
,
0010
3003
0000
0000
0000
0000
0000
0000
,
1000
0010
1000
0010
,
1000
0001
1000
0001
,
2000
0000
0020
3000
,
2000
0030
0020
3000
,
0200
0030
0020
0300
,
0200
0030
0020
0300
,
0002
0030
0020
0003
,
0002
0030
0020
0003
,
0002
0030
2000
0003
,
0002
3000
2000
0003
,
0200
3000
2000
0300
,
0200
3000
2000
0300
,
0200
3000
0020
0300
,
0200
0030
0020
0300
,
2030
0000
0000
0000
,
3000
0000
0000
0000
;

//---------------dance-single - C. Foy----------------
#NOTES:
     dance-single:
     C. Foy:
     Medium:
     7:
     0.340,0.000,0.088,0.547,0.060,214.000,11.000,68.000,0.000,27.000,0.000:


0000
0000
0000
0000
,
0000
0000
0000
0000
,
0000
0000
0000
0000
,
0000
0000
0000
0000
,
0000
0000
0000
0000
,
2000
0000
0000
0000
0000
0000
0000
0000
0000
0000
0001
0000
0000
0001
0000
0000
,
0002
0000
0000
0000
,
0010
0000
0010
3003
0000
0000
1000
0000
,
0001
0100
0010
0010
,
0200
0001
0001
0010
,
0020
0000
1000
0000
,
0001
0000
1000
0330
,
0010
0100
0001
1000
,
0100
0010
0001
0100
,
0010
1000
1000
0001
,
0100
0010
0100
0010
0100
0010
0100
0010
,
1000
0001
1000
0001
1000
0000
0000
0000
,
1110
0000
0000
0000
,
0111
0000
0000
0000
,
1011
0000
0000
0000
,
1001
0000
0000
0000
1000
0000
0000
0000
0000
0010
0000
0000
1000
0000
0000
0000
,
0001
0100
0010
1000
,
0100
0010
0001
0100
,
0010
1000
0100
0001
,
0100
0000
1000
0000
0000
0001
0100
0000
,
0202
0000
0000
0010
,
0010
1000
1000
0010
,
0010
0000
0000
0303
0000
0000
1010
0000
,
1001
0000
0101
0000
0000
0100
0010
0000
,
1000
0001
1000
0001
1000
0100
1000
0100
,
1000
0001
1000
0001
0100
0010
0100
0010
,
1000
0000
0001
0000
,
1000
0000
1001
0001
,
2000
0000
0200
0000
,
0020
0000
0002
0000
,
3333
0000
0000
0000
,
2000
0000
0020
3000
,
0002
0030
0200
0003
,
2000
0300
0020
3000
,
0002
0030
0200
0003
,
2000
0300
0002
3000
,
2000
3003
0000
0010
,
0000
0000
1000
0000
0000
0000
0010
0000
0000
1000
0000
0000
0100
0000
0000
0000
,
1000
0000
0000
0001
1000
0000
0001
0000
0000
0000
1000
0100
1000
0100
1000
0000
,
0100
0000
0000
0000
0000
0000
0010
0000
0000
0000
0000
0001
1000
0001
0000
0000
,
0000
0000
0000
0100
0000
0000
0010
0000
,
0000
1000
0010
0000
0000
0000
0100
0000
0000
0001
0000
0000
0010
0000
0000
0000
,
0002
0000
0000
0000
0000
0000
0003
0000
0000
0000
1000
0100
1000
0100
1000
0000
,
0000
0000
0010
1000
0010
1000
0010
0000
0000
0000
0000
0000
2000
0000
0020
0000
,
0000
0000
0000
3030
,
1000
0000
0000
0000
0000
0000
0100
0000
0000
0010
0000
0000
0001
0000
0000
0000
,
0100
0010
0000
0000
0000
0000
0000
0000
,
0202
0000
0000
0000
,
1000
1000
0010
0010
,
0010
0303
0000
0000
0000
0000
0000
0000
,
2000
0000
0000
0000
0000
0000
0000
0000
0000
0000
0000
0000
0020
3000
0002
0030
,
0023
0000
0000
0000
0000
0000
0000
0000
0000
0000
0000
0000
2000
0030
3002
0000
,
0200
0003
0000
0000
0000
0000
0000
0000
0002
0000
0000
0000
0000
0000
0000
0000
,
1000
1000
0010
0010
,
0010
0000
0303
0000
0000
0000
0000
0000
0000
0000
0000
0000
0002
0000
0200
0003
,
2000
0300
0000
0000
0000
0000
0000
0000
0000
0000
0000
0000
0200
3000
0020
0300
,
2000
0030
0000
0000
3200
0000
0000
0000
0020
0000
0300
0000
0200
0000
0030
0000
,
0020
0300
0200
0030
0002
0300
0200
0003
,
0002
0300
0200
0003
0002
0300
2000
0003
,
0002
3000
2000
0003
0002
3000
0200
0003
,
0002
0300
0200
0003
0020
0300
0200
0030
,
0020
0300
0200
0030
2000
0300
0200
3000
,
2000
0300
0200
3000
2000
0300
0200
3000
,
2000
0000
0000
0000
,
3311
0000
0000
0000
;

//---------------dance-single - C. Foy----------------
#NOTES:
     dance-single:
     C. Foy:
     Hard:
     9:
     0.517,0.000,0.096,0.796,0.205,335.000,12.000,99.000,0.000,29.000,0.000:


0000
0000
0000
0000
,
0000
0000
0000
0000
,
0000
0000
0000
0000
,
0000
0000
0000
0000
,
0000
0000
0000
0000
,
2000
0000
0000
0000
0000
0000
0000
0000
0000
0000
0001
0000
0000
0001
0000
0000
,
0002
0000
0000
0000
0000
0000
0000
0000
0000
0000
0010
0000
0000
0010
0000
0000
,
0010
0000
0010
3003
0000
0000
1000
0001
,
0100
0010
1000
0100
0010
0001
1000
0010
,
0200
0001
1000
1000
,
0020
0000
1000
0000
,
0001
0000
1000
0330
,
0010
1000
0100
0001
0100
1000
0010
0100
,
0001
0010
0001
0100
0010
1000
0100
0010
,
0001
0100
1000
0100
0001
0010
0100
1000
,
0001
1000
0001
1000
0001
1000
0001
0000
0100
0001
0100
0001
0100
0001
0100
0000
,
0010
0100
0010
0100
0010
0100
0010
0000
1000
0010
1000
0010
1000
0010
1000
0000
,
0001
0000
0010
0000
,
0111
0000
0010
0000
,
1011
0000
0010
0000
,
1001
0000
0000
0000
1000
0000
0000
0000
0000
0010
0000
0000
1000
0000
0000
0000
,
0001
1000
0001
0100
0010
0100
0010
1000
,
0100
0010
0001
0100
1000
0100
0010
1000
,
0010
0100
0010
1000
0010
0001
0010
1000
,
0100
0001
0100
1000
0010
0100
0001
0100
,
0202
0000
0010
1000
,
0010
1000
0010
1000
,
0010
0000
1000
0303
0000
0000
1010
0000
,
1001
0000
0000
0000
0101
0000
0000
0000
0000
0100
0000
0000
0010
0000
0000
0000
,
1000
0100
0001
0100
0001
0100
0100
1000
,
0010
0100
1000
1000
0100
0001
0010
0001
,
0100
0001
0000
0000
0000
0000
0000
0000
0001
0100
0000
0000
0000
0000
0000
0000
,
0100
0001
0000
0000
0000
0000
0000
0000
1001
0000
0000
0000
0001
0000
0000
0000
,
2000
0000
0200
0000
,
0020
0000
0002
0000
,
3333
0000
0000
0000
,
2000
0000
0020
3000
,
0002
0030
0200
0003
,
2000
0300
0020
3000
0002
0030
0200
0003
,
2000
0300
0000
0000
0020
3000
0000
0000
,
0032
0000
0000
0000
0200
0003
0000
0000
,
2000
3300
0000
0010
,
0000
1000
0001
0000
0000
0100
0010
0000
0000
1000
0000
0000
0100
0000
0000
0000
,
0010
0000
0000
0001
0100
0000
0010
0000
0000
0000
1000
0100
1000
0001
1000
0000
,
0000
0010
1000
0010
0100
0010
1000
0000
0000
0000
0000
0001
0000
1000
0000
0000
,
1000
0100
0010
0001
1000
0000
0001
0000
0100
0000
0000
0010
1000
0000
0000
0000
,
0000
1000
0010
0000
0000
1000
0001
0000
0010
0000
0000
0100
0010
0000
0000
0000
,
2002
0000
0000
0000
3003
0000
0000
0000
0000
0000
0001
0100
0010
1000
0001
0000
,
0000
1000
0001
0100
0010
1000
0001
0000
1000
0000
0000
0000
0020
0000
2000
0000
,
0000
0000
0000
3030
,
0000
1000
0100
0000
0000
0100
0000
0000
0001
0000
0000
0001
0000
0000
0100
0000
,
1000
0000
0000
0010
0100
0000
0001
0000
0000
1000
0010
0100
0010
1000
0010
0000
,
0000
1000
0100
0010
0100
1000
0000
0000
0100
0000
1000
0000
0001
0000
0000
0000
,
0202
0010
1000
0010
,
0010
0303
0000
0000
0000
0000
0000
0000
,
2002
0000
0000
0000
0000
0000
0000
0000
0003
0000
0000
0000
0020
3000
0002
0030
,
0023
0000
0000
0000
0000
0000
0000
0000
0000
0000
0000
0000
2000
0030
3002
0000
,
0200
0003
0000
0000
0000
0000
0000
0000
0002
0000
0000
0000
0000
0000
0000
0000
,
1000
0010
0010
1000
,
1000
0000
0303
0000
0000
0000
0000
0000
0000
0000
0000
0000
0002
0000
0200
0003
,
2000
0300
0000
0000
0000
0000
0000
0000
0000
0000
0000
0000
0200
3000
2000
0300
,
0200
3000
2000
0300
0200
3000
0020
0300
0200
0030
0020
0300
0200
0030
0002
0300
,
0200
0003
0002
0300
2000
0003
0002
3000
2000
0003
0002
3000
0020
0003
0002
0030
,
0020
0003
0002
0030
0020
0003
0200
0030
0020
0300
0200
0030
0020
0300
2000
0030
,
0020
3000
2000
0030
0002
3000
2000
0003
0002
3000
2000
0003
0020
3000
2000
0030
,
0020
3000
2000
0030
0020
3000
0200
0030
0020
0300
0200
0030
0020
0300
0002
0030
,
0020
0003
0002
0030
2000
0003
0002
3000
0200
0003
0002
0300
0200
0003
0020
0300
,
0200
0030
2000
0300
0200
3000
2000
0300
0002
3000
2000
0003
0200
3000
0020
0300
,
1030
0000
0000
0000
,
1111
0000
0000
0000
;

//---------------dance-single - C. Foy----------------
#NOTES:
     dance-single:
     C. Foy:
     Challenge:
     10:
     0.654,0.000,0.129,0.796,0.486,450.000,16.000,99.000,0.000,33.000,0.000:


0000
0000
0000
0000
,
0000
0000
0000
0000
,
0000
0000
0000
0000
,
0000
0000
0000
0000
,
0000
0000
0000
0000
,
2002
0000
0000
0000
0000
0000
0000
0000
0000
0000
0010
0000
0000
0010
0000
0000
,
0010
3003
0000
0000
0000
0000
0000
0000
0000
0000
0020
0000
0000
0001
0000
0000
,
1030
0000
1000
0010
0001
0000
0010
0100
0001
0000
1000
0010
0100
0000
0010
0100
,
0001
0000
0010
0001
0010
0000
0100
1000
0001
0000
0010
0001
1000
0000
0100
1000
,
0001
0000
0010
0100
0010
0000
0100
1000
0001
0000
0100
0010
1000
0000
0100
1000
,
0001
0000
0100
0001
1000
0000
0001
1000
0001
1000
0000
0000
1010
0000
1000
0010
,
1000
0000
0100
0010
0100
0000
0001
0100
0010
0000
0100
1000
0010
0000
0100
0010
,
0100
0000
0010
0001
0010
0000
0100
0010
1000
0000
0100
0001
0100
0000
0010
0001
,
0010
0000
0001
0010
0001
0000
0010
1000
0010
0000
1000
0010
0001
0000
0010
0001
,
0100
0000
1000
0100
0001
0000
0010
0001
0100
0010
0000
0000
1010
0000
0000
0000
,
0001
0100
0010
1000
0001
0100
0010
0100
0001
1000
0100
0010
0100
1000
0001
0100
,
0010
1000
0010
0100
0001
1000
0100
0010
0001
0010
0100
1000
0001
0100
0010
1000
,
0001
0000
0000
0000
0000
0000
0001
1000
0010
0000
0000
0000
0000
0000
0000
0000
,
1011
0000
0000
0000
0000
0000
1000
0001
0100
0000
0000
0000
0000
0000
0000
0000
,
1101
0000
0000
0000
0000
0000
0000
0010
0001
0100
0000
0000
0000
0000
0000
0000
,
0111
0000
0000
0000
0000
0000
0000
0000
0000
1010
0000
0000
0101
0000
0000
0000
,
0001
0100
1000
0100
0001
0010
1000
1000
,
0010
0001
0010
1000
0010
0001
0100
0010
,
0010
1000
0100
0001
0001
0100
1000
0010
,
0001
1000
0100
0010
1000
0001
0010
0001
,
0202
0000
0000
0000
0000
0000
0000
0000
0010
0000
0000
0010
1000
0000
0000
0000
,
1000
0000
0000
1000
0010
0000
0000
0000
0010
0000
0000
0010
1000
0000
0000
0000
,
1000
0000
0000
1000
0010
0000
0303
0000
0000
0000
0000
0000
1010
0000
0000
0000
,
1001
0000
0000
0000
0101
0000
0000
0000
0000
0100
0000
0000
0010
0000
0000
0000
,
1000
0100
0001
0100
0001
1000
0010
1000
,
0010
0100
1000
1000
0010
0001
0010
1000
,
0100
0010
0000
0000
0000
0000
0000
0000
0100
0001
0000
0000
0000
0000
0000
0000
,
0001
0100
0000
0000
1000
0010
0000
0000
1001
0000
0000
0000
0001
0000
0000
0000
,
2000
0000
0200
0000
,
0020
0000
0002
0000
,
3333
0000
0000
0000
,
2000
0000
0020
3000
,
0002
0030
0200
0003
,
2000
0300
0020
3000
0002
0030
0200
0003
,
2000
0300
0020
3000
0002
0030
0200
0003
,
2000
0300
0020
3000
0002
0030
0200
0003
,
1300
0000
0000
0000
0000
0000
0000
0000
1000
0000
0000
0010
0100
0000
0001
0000
,
0000
0100
0010
0000
0000
0010
1000
0000
0100
0000
0000
0100
0010
0000
0001
0000
,
0100
0000
0010
0000
1000
0000
0001
1000
0001
0000
0000
0000
0100
0000
0000
0000
0000
0000
0010
1000
0010
0000
1000
0000
0001
0000
0100
0000
0001
0000
0000
0000
,
0000
0010
0001
0100
0010
1000
0100
0000
0100
0000
0000
1000
0010
1000
0100
0000
,
0100
0010
0001
1000
0000
0001
0100
0000
0100
0000
0000
0010
1000
0000
0100
0000
,
0000
0010
0001
0000
0000
1000
0001
0000
0010
0000
0000
0100
0010
0000
0010
0000
,
0001
0000
0100
0000
0001
0000
0100
0001
0100
0000
0000
0000
0001
0000
0000
0000
0000
0000
0010
0001
0010
0000
0001
0000
0100
0000
0001
0000
1000
0000
0000
0000
,
0000
1000
0010
0100
0001
1000
0100
0000
0100
1000
0000
1000
0010
0100
0010
0000
,
1000
0100
0010
0001
0100
0001
0010
0000
0100
0000
0000
0100
1000
0000
0001
0000
,
0000
0100
0010
0000
0000
1000
0100
0000
0010
0000
0000
0100
0010
0000
0010
0000
,
0001
0000
1000
0000
0010
0000
1000
0010
1000
0000
0000
0000
0010
0000
0000
0000
0000
0000
1000
0001
1000
0000
0001
0000
1000
0000
0010
0000
1000
0000
0000
0000
,
0000
1000
0001
0100
0010
1000
0001
0000
1000
0010
0000
0000
1000
0001
0000
0000
,
0202
0000
0000
0000
0010
0000
0000
0010
1000
0000
0000
1000
0010
0000
0000
1000
,
0010
0303
0000
0000
0000
0000
0000
0000
,
2002
0000
0000
0000
0000
0000
0000
0000
0003
0000
0000
0000
0020
3000
0002
0030
,
0023
0000
0000
0000
0000
0000
0000
0000
0000
0000
0000
0000
2000
0030
3002
0000
,
0200
0003
0000
0000
0000
0000
0000
0000
0002
0000
0000
0000
0000
0000
0000
0000
,
1000
0010
0010
0020
,
1030
0000
0003
0000
0000
0000
0000
0000
0000
0000
0000
0000
0002
0300
0020
0003
,
2000
0030
0000
0000
0000
0000
0000
0000
0000
0000
0000
0000
0020
3000
0002
0030
,
2000
0003
0020
3000
0002
0030
2000
0003
0200
3000
0020
0300
2000
0030
0200
3000
,
0002
0300
0200
0003
0020
0300
0002
0030
0200
0003
0020
0300
0002
0030
2000
0003
,
0002
3000
2000
0003
0200
3000
0020
0300
2000
0030
0200
3000
0002
0300
2000
0003
,
0002
3000
0200
0003
0020
0300
0002
0030
0200
0003
0020
0300
0002
0030
2000
0003
,
0002
3000
0020
0003
0200
0030
0002
0300
0020
0003
0002
0030
0200
0003
2000
0300
,
0200
3000
0002
0300
0020
0003
2000
0030
0002
3000
2000
0003
0020
3000
0200
0030
,
0002
0300
2000
0003
0020
3000
0200
0030
2000
0300
0020
3000
0002
0030
0020
0003
,
2000
0030
0000
3000
0000
0000
0000
0000
0000
0000
0000
0000
0000
0000
0000
0000
,
1111
0000
0000
0000
;

//---------------dance-double - C. Foy----------------
#NOTES:
     dance-double:
     C. Foy:
     Easy:
     6:
     0.181,0.000,0.056,0.313,0.000,109.000,7.000,39.000,0.000,12.000,0.000:


00000000
00000000
00000000
00000000
,
00000000
00000000
00000000
00000000
,
00000000
00000000
00000000
00000000
,
00000000
00000000
00000000
00000000
,
00000000
00000000
00000000
00000000
,
20000000
00000000
00000000
00000000
,
00020000
00000000
00000000
00000000
,
00100000
30030000
00000000
00000000
,
10000000
00000000
00010000
00000000
,
02000000
00000000
00000000
00000000
,
00000200
00000000
00000000
00000000
,
00010000
00000000
00000000
03000300
,
00000000
00000000
01000000
00000000
,
00001000
00000000
00010000
00000000
,
00000100
00000100
00000000
00001000
,
00001000
00000010
00000010
00001000
,
00001010
00000000
00000000
00000000
,
00001011
00000000
00000000
00000000
,
00000000
00000000
00000000
00000000
,
01010100
00000000
00000000
00000000
,
00000000
00000000
00000000
00000000
,
10110000
00000000
00000000
00000000
,
01000000
00000000
00000000
00000000
,
00001000
00000000
00010000
00000000
,
00001000
01000000
00010000
01000000
,
02020000
00000000
00000000
00000000
,
00100000
00000000
00100000
00000000
,
00100000
03030000
00000000
00000000
,
10010000
00000000
00000000
00001000
,
00001000
00010000
00010000
00000100
,
00000100
00001000
00001000
00000100
,
00000100
00000000
00010000
00000000
,
00001000
00000000
01000000
00000100
,
02000000
00000000
00000200
00000000
,
00000000
00000000
00020000
00000000
,
00000000
03031300
00000000
00000000
,
00020000
00000000
00000000
00000000
,
00001000
00000000
00000000
00000000
,
00100000
00000000
00000000
00000000
,
10000000
00000000
00000000
00000000
,
01000000
00000000
00000000
00000000
,
00001000
00030000
00000000
00000000
,
00000000
00000000
00000000
00001000
00000000
00000000
00010000
00000000
,
00001000
00000000
00000000
00010000
00000000
00000000
00000000
00000000
,
00000100
00000000
00000000
00010000
00000000
00000000
00010000
00000000
,
00000010
00000000
00000000
00001000
00000000
00000000
00000001
00000000
,
00000001
00000000
00000000
00000010
00000000
00000000
00000100
00000000
,
00020000
00000000
00000000
00030000
00000000
00000000
00000000
00000000
,
00001000
00000000
00000000
00100000
00000000
00000000
00002000
00020000
,
00000000
00000000
00000000
00033000
,
00000000
00000000
00000000
00000000
,
00000000
00020000
00000000
00000000
,
00000200
00000000
00000000
00000000
,
00001000
00000000
00000000
00000000
,
00001000
00030300
00000000
00000000
,
00000000
00000000
00000000
00000000
,
00000010
00010000
00000010
00010000
,
00000020
00000000
00000200
00000030
,
00000020
00000300
00000200
00000030
,
00002000
00000300
00000200
00003000
,
00002000
00000300
00000200
00003000
,
00002000
00000300
00000002
00003000
,
00002000
00000003
00000002
00003000
,
00002000
00000003
00000200
00003000
,
00002000
00000300
00000200
00003000
,
00000020
00000300
00000200
00000030
,
00000020
00000300
00000200
00000030
,
00000002
00000300
00002000
00000003
,
00000002
00003000
00002000
00003003
,
00001001
00000000
00000000
00000000
;

//---------------dance-double - C. Foy----------------
#NOTES:
     dance-double:
     C. Foy:
     Medium:
     8:
     0.311,0.000,0.072,0.442,0.064,203.000,9.000,55.000,0.000,21.000,0.000:


00000000
00000000
00000000
00000000
,
00000000
00000000
00000000
00000000
,
00000000
00000000
00000000
00000000
,
00000000
00000000
00000000
00000000
,
00000000
00000000
00000000
00000000
,
20000000
00000000
00000000
00000000
00000000
00000000
00000000
00000000
00000000
00000000
00010000
00000000
00000000
00010000
00000000
00000000
,
00020000
00000000
00000000
00000000
,
00100000
00000000
00100000
30030000
00000000
00000000
00000000
00000000
,
00001000
00010000
00000100
00010000
,
00000200
00001000
00000010
00001000
,
02000000
00000000
00000000
00000000
,
00001000
00000000
00010000
03000300
,
00000000
00000000
00010000
00001000
,
00010000
00000010
00001000
00000100
,
00010000
00001000
01000000
00010000
,
01000000
00010000
01000000
00010000
01000000
00001000
01000000
00001000
,
00010000
00000000
00000000
00000000
,
01010100
00000000
00000000
00000000
,
00011000
00000000
00000000
00000000
,
01001100
00000000
00000000
00000000
,
00011000
00000000
00000000
00000000
00000100
00000000
00000000
00000000
00000000
00000010
00000000
00000000
00000001
00000000
00000000
00000000
,
00000100
00000010
00000100
00001000
,
00010000
00001000
01000000
00001000
,
00010000
00000100
00001000
00000010
,
00010000
00000000
00001000
00000000
00000000
01000000
00000100
00000000
,
02000000
00000200
00000000
00100000
,
00100000
00001000
00001000
00000000
,
00000000
00000000
00000000
03000300
00000000
00000000
01001000
00000000
,
01001000
00000000
01010000
00000000
00000000
01000000
00100000
00000000
,
01000000
00010000
01000000
00010000
01000000
00001000
01000000
00001000
,
00010000
00001000
00010000
00001000
00010000
00000100
00010000
00000100
,
00010000
00000000
00001000
00000000
,
00100000
00000000
00011000
00001000
,
02000000
00000000
00000200
00000000
,
00020000
00000000
00002000
00000000
,
03033300
00000000
00000000
00000000
,
00020000
00000000
00001000
00000000
,
00100000
00000000
10000000
00000000
,
01000000
00000000
00001000
00000000
,
00100000
00000000
10000000
00000000
,
01000000
00000000
00001000
00000000
,
00001000
00030000
00000000
00000000
00000000
00000000
00010000
00000000
,
00000000
00000000
00000100
00000000
00000000
00000000
00001000
00000000
00000000
00000010
00000000
00000000
00001000
00000000
00000000
00000000
,
00000100
00000000
00000000
00010000
00001000
00000000
00010000
00000000
00000000
00000000
00001000
00100000
00001000
00100000
00001000
00000000
,
00100000
00000000
00000000
00000000
00000000
00000000
00001000
00000000
00000000
00000000
00000000
01000000
00001000
01000000
00000000
00000000
,
00000000
00000000
00000000
00010000
00000000
00000000
01000000
00000000
,
00000000
00001000
00010000
00000000
00000000
00000000
00001000
01000000
00000000
00001000
00000000
00000000
00010000
00000000
00000000
00000000
,
00020000
00000000
00000000
00000000
00000000
00030000
00000000
00000000
00000000
00000000
00001000
00010000
00001000
00010000
00001000
00000000
,
00000000
00000000
01000000
00001000
01000000
00001000
01000000
00000000
00000000
00000000
00000000
00000000
02000000
00000000
00002000
00000000
,
00000000
00000000
00000000
03003000
,
01000000
00000000
00000000
00000000
00000000
00000000
00010000
00000000
00000000
00100000
00000000
00000000
00001000
00000000
00000000
00000000
,
00010000
00000100
02000000
00000000
00000000
00000000
00000000
00000000
,
00000200
00000000
00000000
00000000
,
00100000
00100000
00000010
00000010
,
00000000
03000300
00000000
00000000
00000000
00000000
00000000
00000000
,
20000000
00000000
00000000
00000000
00000000
00000000
00000000
00000000
00000000
00000000
00000000
00000000
00200000
30000000
00020000
00300000
,
00230000
00000000
00000000
00000000
00000000
00000000
00000000
00000000
00000000
00000000
00000000
00000000
20000000
00300000
30020000
00000000
,
02000000
00030000
00000000
00000000
00000000
00000000
00000000
00000000
00020000
00000000
00000000
00000000
00000000
00000000
00000000
00000000
,
10000000
10000000
00100000
00100000
,
00000000
03030000
00000000
00000000
00000000
00000000
00000000
00000000
,
00000000
00000000
00000000
00000000
00000000
00000000
00000000
00000000
00000000
00000000
00000000
00000000
02000000
00000000
00200000
03000000
,
20000000
00300000
00000000
00000000
32000000
00000000
00000000
00000000
00020000
00000000
03000000
00000000
02000000
00000000
00030000
00000000
,
20000000
03000000
00200000
30000000
00020000
00300000
00200000
00030000
,
20000000
00300000
02000000
30000000
00020000
03000000
02000000
00030000
,
00020000
03000000
20000000
00030000
00020000
30000000
02000000
00030000
,
00200000
03000000
00020000
00300000
02000000
00030000
00002000
03000000
,
00020000
00003000
00000200
00030000
00002000
00000300
00000200
00003000
,
00000020
00000300
00000200
00000030
00000002
00000300
00002000
00000003
,
00000020
00003000
00000031
00000000
00000000
00000000
00000000
00000000
,
00001111
00000000
00000000
00000000
;

//---------------dance-double - C. Foy----------------
#NOTES:
     dance-double:
     C. Foy:
     Hard:
     9:
     0.490,0.000,0.096,0.683,0.205,326.000,12.000,85.000,0.000,25.000,0.000:


00000000
00000000
00000000
00000000
,
00000000
00000000
00000000
00000000
,
00000000
00000000
00000000
00000000
,
00000000
00000000
00000000
00000000
,
00000000
00000000
00000000
00000000
,
20000000
00000000
00000000
00000000
00000000
00000000
00000000
00000000
00000000
00000000
00010000
00000000
00000000
00010000
00000000
00000000
,
00020000
00000000
00000000
00000000
00000000
00000000
00000000
00000000
00000000
00000000
00100000
00000000
00000000
00100000
00000000
00000000
,
00100000
00000000
00000000
30030000
00000000
00000000
01000000
00010000
,
00100000
00001000
00010000
00000100
00010000
00001000
00100000
00010000
,
02000000
00001000
00010000
10000000
,
00200000
00000000
10000000
00000000
,
00010000
00000000
00000000
03300000
,
01000000
00010000
00100000
00001000
00010000
00001000
00010000
00000100
,
00001000
00000010
00001000
00000001
00000100
00000010
00001000
00000100
,
00010000
00000010
00000100
00000010
00000100
00001000
00010000
00001000
,
00010000
00001000
00010000
00001000
00010000
00001000
00010000
00000000
00001000
01000000
00001000
01000000
00001000
01000000
00001000
00000000
,
01000000
00010000
01000000
00010000
01000000
00010000
01000000
00000000
00010000
10000000
00010000
10000000
00010000
10000000
00010000
00000000
,
00000000
00000000
00000000
00000000
,
10110000
00000000
00000000
00000000
,
01001100
00000000
00000000
00000000
,
00011000
00000000
00000000
00000000
00001000
00000000
00000000
00000000
00000000
00100000
00000000
00000000
00001000
00000000
00000000
00000000
,
00010000
00000100
00010000
00000100
00010000
00000100
00001000
00000010
,
00001000
00000100
00000010
00000001
00000100
00000010
00001000
00000100
,
00001000
00000100
00010000
00001000
00100000
00010000
01000000
00100000
,
10000000
00010000
01000000
00001000
01000000
00000100
01000000
00000100
,
02000200
00000000
00100000
00100000
,
00010000
00010000
00001000
00001000
,
00000000
00000000
00000000
03000300
00000000
00000000
01000100
00000000
,
01001000
00000000
00000000
00000000
01010000
00000000
00000000
00000000
00000000
01000000
00000000
00000000
00001000
00000000
00000000
00000000
,
00010000
00001000
00010000
00000100
00010000
00000010
00001000
00000001
,
00001000
00000010
00000100
00000001
00000010
00000100
00010000
00001000
,
01000000
00001000
00000000
00000000
00000000
00000000
00000000
00000000
00100000
00001000
00000000
00000000
00000000
00000000
00000000
00000000
,
00010000
00000100
00000000
00000000
00000000
00000000
00000000
00000000
01001000
00000000
00000000
00000000
00001000
00000000
00000000
00000000
,
02000000
00000000
00000200
00000000
,
00020000
00000000
00002000
00000000
,
03133300
00000000
00000000
00000000
,
00010000
00000000
00001000
00000000
,
00100000
00000000
00010000
00000000
,
01000000
00001000
00100000
01000000
,
00100000
00000000
00001000
00000000
,
01000000
00000000
00010000
00000000
,
02000000
03000000
00000000
01000000
,
00000000
00010000
01000000
00000000
00000000
00001000
00010000
00000000
00000000
00000100
00000000
00000000
00010000
00000000
00000000
00000000
,
00000100
00000000
00000000
00001000
00000010
00000000
00000100
00000000
00000000
00000000
00000001
00001000
00000100
00001000
00000100
00000000
,
00000000
00010000
00001000
01000000
00001000
00010000
00001000
00000000
00000000
00000000
00000000
01000000
00000000
00001000
00000000
00000000
,
00100000
00001000
00100000
00010000
00100000
00000000
00001000
00000000
00010000
00000000
00000000
00000100
00010000
00000000
00000000
00000000
,
00000000
00001000
01000000
00000000
00000000
00010000
01000000
00000000
00100000
00000000
00000000
10000000
00100000
00000000
00000000
00000000
,
02020000
00000000
00000000
00000000
03030000
00000000
00000000
00000000
00000000
00000000
10000000
00010000
01000000
00010000
01000000
00000000
,
00000000
00001000
01000000
00001000
01000000
00001000
00010000
00000000
00001000
00000000
00000000
00000000
00200000
00000000
00002000
00000000
,
00000000
00000000
00000000
00303000
,
00000000
00001000
00100000
00000000
00000000
00001000
00000000
00000000
00010000
00000000
00000000
00000100
00000000
00000000
00001000
00000000
,
00000010
00000000
00000000
00001000
00000001
00000000
00000100
00000000
00000000
00000001
00000100
00000010
00000100
00000001
00000100
00000000
,
00000000
00000010
00010000
00000010
00010000
00001000
00000000
00000000
01000000
00000000
00001000
00000000
01000000
00000000
00000000
00000000
,
02000200
00100000
00100000
00000010
,
00000010
03000300
00000000
00000000
00000000
00000000
00000000
00000000
,
20020000
00000000
00000000
00000000
00000000
00000000
00000000
00000000
00030000
00000000
00000000
00000000
00200000
30000000
00020000
00300000
,
00230000
00000000
00000000
00000000
00000000
00000000
00000000
00000000
00000000
00000000
00000000
00000000
20000000
00300000
30020000
00000000
,
02000000
00030000
00000000
00000000
00000000
00000000
00000000
00000000
00020000
00000000
00000000
00000000
00000000
00000000
00000000
00000000
,
10000000
10000000
00100000
00100000
,
00000000
03030000
00000000
00000000
00000000
00000000
00001000
00002000
,
00020000
00003000
00000000
00000000
00000000
00000000
00000000
00000000
00000000
00000000
00000000
00000000
00002000
00030000
00020000
00003000
,
00000200
00030000
00020000
00000300
00000200
00030000
00002000
00000300
00000200
00003000
00000020
00000300
00000200
00000030
00000002
00000300
,
00000200
00000003
00000002
00000300
00002000
00000003
00000002
00003000
00000200
00000003
00000002
00000300
00000200
00000003
00000020
00000300
,
00000200
00000030
00002000
00000300
00000200
00003000
00020000
00000300
00000200
00030000
00020000
00000300
00002000
00030000
00020000
00003000
,
00002000
00030000
02000000
00003000
00020000
03000000
02000000
00030000
00020000
03000000
02000000
00030000
00200000
03000000
02000000
00300000
,
20000000
03000000
02000000
30000000
20000000
03000000
00020000
30000000
20000000
00030000
00020000
30000000
00200000
00030000
02000000
00300000
,
00200000
03000000
02000000
00300000
00020000
03000000
02000000
00030000
00002000
03000000
02000000
00003000
00002000
03000000
00020000
00003000
,
00000200
00030000
00002000
00000300
00000200
00003000
00000020
00000300
00000200
00000030
00002000
00000300
00000200
00003000
00000000
00000000
,
00010300
00000000
00000000
00000000
,
01011100
00000000
00000000
00000000
;

//---------------dance-double - C. Foy----------------
#NOTES:
     dance-double:
     C. Foy:
     Challenge:
     10:
     0.622,0.000,0.153,0.611,0.470,437.000,19.000,76.000,0.000,30.000,0.000:


00000000
00000000
00000000
00000000
,
00000000
00000000
00000000
00000000
,
00000000
00000000
00000000
00000000
,
00000000
00000000
00000000
00000000
,
00000000
00000000
00000000
00000000
,
02000200
00000000
00000000
00000000
00000000
00000000
00000000
00000000
00000000
00000000
00100000
00000000
00000000
00100000
00000000
00000000
,
00100000
03000300
00000000
00000000
00000000
00000000
00000000
00000000
00000000
00000000
00200000
00000000
00000000
00010000
00000000
00000000
,
00301000
00000000
00100000
00001000
00010000
00000000
00001000
00010000
00001000
00000000
00010000
00000100
00010000
00000000
00000100
00001000
,
00000001
00000000
00000010
00000001
00001000
00000000
00000100
00001000
00000100
00000000
00010000
00001000
00010000
00000000
00001000
00100000
,
00010000
00000000
00100000
00010000
00100000
00000000
00010000
10000000
00100000
00000000
01000000
00100000
10000000
00000000
01000000
00100000
,
00010000
00000000
00100000
00001000
00010000
00000000
00001000
00010000
00001000
00010000
00000000
00000000
00010100
00000000
00000100
00010000
,
00000100
00000000
00001000
00000100
00000010
00000000
00000001
00000100
00000010
00000000
00001000
00000100
00010000
00000000
00001000
00010000
,
00000100
00000000
00010000
00001000
00100000
00000000
00010000
00100000
01000000
00000000
10000000
00100000
01000000
00000000
00010000
01000000
,
00001000
00000000
01000000
00001000
00010000
00000000
00001000
00100000
00010000
00000000
00100000
00010000
00100000
00000000
00010000
01000000
,
00010000
00000000
00100000
00001000
00010000
00000000
00001000
00010000
00000100
00010000
00000000
00000000
00010100
00000000
00000000
00000000
,
00000100
00010000
00000100
00010000
00001000
00010000
00001000
00010000
00001000
01000000
00001000
01000000
00010000
01000000
00010000
01000000
,
00001000
01000000
00001000
00010000
00001000
00010000
00001000
00010000
00000010
00010000
00000010
00001000
00000010
00001000
00000010
00001000
,
00000001
00000000
00000000
00000000
,
01011100
00000000
00000000
00000000
,
01100110
00000000
00000000
00000000
,
01011100
00000000
00000000
00000000
00000000
00000000
00000000
00000000
00000000
00011000
00000000
00000000
01001000
00000000
00000000
00000000
,
00001000
01000000
00010000
01000000
00001000
00010000
00001000
00100000
,
00001000
00010000
00000100
00010000
00000010
00010000
00000100
00010000
,
00000100
00010000
00000100
00001000
00000010
00000100
00000010
00001000
,
00000001
00000100
00000010
00010000
00000100
00010000
00000100
01000000
,
02000200
00000000
00000000
00000000
00000000
00000000
00000000
00000000
00100000
00000000
00000000
00100000
00000010
00000000
00000000
00000000
,
00010000
00000000
00000000
00010000
00001000
00000000
00000000
00000000
00100000
00000000
00000000
00100000
00000010
00000000
00000000
00000000
,
00000000
00000000
00000000
03000300
00000000
00000000
01000100
00000000
,
00011000
00000000
00000000
00000000
00010100
00000000
00000000
00000000
00000000
00001000
00000000
00000000
00010000
00000000
00000000
00000000
,
00001000
00010000
00001000
00100000
00001000
00010000
00000010
00010000
,
00001000
01000000
00001000
00010000
00000100
00010000
00001000
00100000
,
00100000
00001000
00000000
00000000
00000000
00000000
00000000
00000000
00001000
00010000
00000000
00000000
00000000
00000000
00000000
00000000
,
00010000
00000100
00000000
00000000
00000100
00010000
00000000
00000000
00011000
00000000
00000000
00000000
01000000
00000000
00000000
00000000
,
02000200
00000000
00002000
00000000
,
00020000
00000000
00000000
00000000
00000000
00000000
00000000
00100010
,
03033300
00000000
00000000
00000000
,
00020000
00000000
00001000
00000000
,
00100000
00000000
10000000
00000000
,
01000000
00001000
00100000
10000000
,
01000000
00001000
00100000
10000000
,
01000000
00001000
00001000
00001000
,
00030100
00000000
00010000
00000000
00001000
00010000
00001000
00000000
01000000
00000000
00000000
00010000
01000000
00000000
00010000
00000000
,
00000000
01000000
00100000
00000000
00000000
10000000
01000000
00000000
00100000
00000000
00000000
00001000
00100000
00000000
00001000
00000000
,
00010000
00000000
00001000
00000000
00010000
00000000
00001000
00010000
00001000
00000000
00000000
00000000
00010000
00000000
00000000
00000000
00000000
00000000
00000100
00010000
00000100
00000000
00010000
00000000
00000100
00000000
00010000
00000000
00000100
00000000
00000000
00000000
,
00000000
00001000
00000010
00001000
00000010
00000100
00000010
00000000
00001000
00000000
00000000
00000001
00000010
00000001
00001000
00000000
,
00000010
00001000
00000001
00000100
00000000
00000010
00001000
00000000
00000100
00000000
00000000
00010000
00000100
00000000
00010000
00000000
,
00000000
00001000
00010000
00000000
00000000
00001000
00100000
00000000
00001000
00000000
00000000
00100000
00010000
00000000
01000000
00000000
,
00010000
00000000
01000000
00000000
00010000
00000000
01000000
00010000
01000000
00000000
00000000
00000000
00010000
00000000
00000000
00000000
00000000
00000000
00100000
00001000
00100000
00000000
00001000
00000000
01000000
00000000
00001000
00000000
01000000
00000000
00000000
00000000
,
00000000
00001000
00010000
00001000
00100000
00001000
00100000
00000000
00001000
00010000
00000000
00000100
00010000
00000100
00001000
00000000
,
00000100
00010000
00000100
00001000
00000010
00000100
00000010
00000000
00001000
00000000
00000000
00000100
00001000
00000000
00000100
00000000
,
00000000
00010000
00001000
00000000
00000000
00001000
00010000
00000000
00000100
00000000
00000000
00010000
00000100
00000000
00001000
00000000
,
00000100
00000000
00010000
00000000
00000100
00000000
00001000
00000100
00001000
00000000
00000000
00000000
00000100
00000000
00000000
00000000
00000000
00000000
00010000
00000100
00010000
00000000
00000100
00000000
00010000
00000000
00001000
00000000
00010000
00000000
00000000
00000000
,
00000000
00000100
00001000
00000001
00001000
00000010
00000100
00000000
00000001
00000100
00000000
00000000
00000010
00001000
00000000
00000000
,
00000202
00000000
00000000
00000000
00000010
00000000
00000000
00000010
00001000
00000000
00000000
00001000
00000010
00000000
00000000
00000010
,
00001000
00000303
00000000
00000000
00000000
00000000
00000000
00000000
,
00200020
00000000
00000000
00300000
00000000
00000000
00010000
00010000
,
02000000
00000000
00000000
00000000
00000000
00000000
00010000
00001000
,
00010000
03000030
00000000
00000000
00000000
00000000
00000000
00000000
00000000
00000000
00000000
00000000
00000000
00000000
00000000
00000000
,
01011100
00000000
00000000
00000000
,
00000000
00000000
00000000
00000000
00000000
00000000
00000000
00000000
00000000
00000000
00000000
00000000
00002000
00000000
02000000
00003000
,
00020000
03000000
00000000
00000000
00000000
00000000
00030000
00000000
00000000
00000000
00000000
00000000
00200000
00000000
00020000
00300000
,
20000000
00030000
00200000
30000000
00020000
00300000
20000000
00030000
02000000
30000000
00200000
03000000
20000000
00300000
02000000
30000000
,
00020000
03000000
02000000
00030000
00200000
03000000
00020000
00300000
00200000
00030000
00002000
00300000
00020000
00003000
00002000
00030000
,
00020000
00003000
00000200
00030000
00002000
00000300
00000200
00003000
00002000
00000300
00000200
00003000
00000020
00000300
00000200
00000030
,
00000002
00000300
00000200
00000003
00000002
00000300
00002000
00000003
00000002
00003000
00002000
00000003
00000002
00003000
00000200
00000003
,
00000020
00000300
00000200
00000030
00002000
00000300
00000002
00003000
00002000
00000003
00000200
00003000
00020000
00000300
00002000
00030000
,
00020000
00003000
00200000
00030000
00020000
00300000
00200000
00030000
02000000
00300000
00020000
03000000
02000000
00030000
00200000
03000000
,
02000000
00300000
00200000
03000000
02000000
00300000
20000000
03000000
00020000
30000000
20000000
00030000
02000000
30000000
00200000
03000000
,
10300000
00000000
00000000
00000000
,
11101000
00000000
00000000
00000000
;

//---------------lights-cabinet - ----------------
#NOTES:
     lights-cabinet:
     :
     Easy:
     1:
     1.000,0.170,1.000,0.000,0.177,449.000,255.000,0.000,0.000,189.000,0.000:


00000000
00000000
00000000
00000000
,
00000000
11110011
00000000
00000000
,
00000000
11110011
00000000
00000000
,
11110011
11110011
00000000
00000000
,
00000000
00000000
00000000
00000000
,
10000011
00000000
00000000
00000000
00000000
00000000
00000000
00000000
00000011
00000000
00010000
00000000
00000000
00010000
00000000
00000000
,
00010011
00000000
00000000
00000000
10010011
00000000
00000000
00000000
00000011
00000000
00100000
00000000
00000011
00100000
00000000
00000000
,
00100011
01000000
00100011
00000000
11110011
00000000
10000011
00010000
,
01000011
00100000
10000011
01000000
00100011
00010000
10000011
00100000
,
01000011
00100000
00010011
01000000
10000011
01000000
10000011
01000000
,
00100011
00000000
00000000
00000000
01000011
00000000
00000000
00000000
10000000
00000011
00000000
00000000
01000011
00000000
00000000
00000000
,
00010011
10010011
10000011
01100011
,
00100011
10000000
01000011
00010000
01000011
10000000
00100011
01000000
,
00010011
00100000
00010011
01000000
00100011
10000000
01000011
00100000
,
00010011
00000000
01000000
00000000
10000011
00000000
01000000
00000000
00010000
00000011
00100000
00000000
01000011
00000000
10000000
00000000
,
00010011
10000000
00010011
10000000
00010011
01000000
00010011
10000000
,
00100011
01000000
00010011
01000000
00100011
10000000
01010011
00100000
,
10010011
00000000
00100011
00000000
,
01110011
00000000
00100011
00000000
,
10110011
00000000
00100011
00000000
,
10010011
00000000
00000000
00000000
10000000
00000000
00000000
00000000
00000000
00100011
00000000
00000000
10000011
00000000
01000000
00000000
,
00010011
10000000
00010011
01000000
00100011
01000000
00100011
10000000
,
01000011
00100000
00010011
01000000
10000011
01000000
00100011
10000000
,
00100011
01000000
00100000
10000000
00100011
00010000
00100000
10000000
,
01000011
00010000
01000011
10000000
00100011
01000011
00010011
01000000
,
01010011
00000000
00000011
00000000
00100011
01000000
10000011
01000000
,
00100011
01000000
10000011
01000000
00100011
01000000
10000011
01000000
,
00100011
01000000
10000011
00000000
00010011
00000000
10100011
00000000
,
10010011
00000000
00000000
00000000
01010011
00000000
00000000
00000000
00000000
01000011
00000000
00000000
00100011
00000000
01000000
00000000
,
10000011
01000000
00010011
01000000
00010011
01000000
01000011
10000000
,
00100011
01000000
10000011
10000000
01000011
00010000
00100011
00010000
,
01000011
00010000
00000000
00000000
00000011
00000000
00000000
00000000
00010011
01000000
00000000
00000000
00000011
00000000
00000000
00000000
,
01000011
00010000
00000000
00000000
10010000
00000000
00000000
00000000
10010011
00000000
00000000
00000000
00010011
00000000
01000000
00000000
,
00000011
10100000
00000000
01010000
00000000
10100000
00000000
01010000
,
00000000
10100000
00000000
01010000
00000000
10100000
00000000
01010000
,
00000011
10100000
00000000
01010000
00000011
10100000
00000000
01010000
,
00000000
10100000
00000000
01010000
00000000
10100000
00000000
01010000
,
00000011
10100000
00000000
01010000
00000000
10100000
00000000
01010000
,
00000000
10100000
00000000
01010000
00000000
10100000
00000000
01010000
,
00000011
10100000
00000000
01010000
00000011
10100000
00000000
01010000
,
00000000
10100000
00000000
01010000
00000000
10100000
00000011
11110000
,
11110011
00000000
11110000
00000011
00000000
00000000
00100011
00000000
,
00000011
10000000
00010000
00000000
00000000
01000000
00100011
00000000
00000000
10000000
00000000
00000000
01000011
00000000
10000000
00000000
,
00100011
00000000
00000000
00010000
01000000
00000000
00100011
00000000
00000000
00000000
10000000
01000000
10000011
00010000
10000000
00000000
,
00000011
00100000
10000000
00100000
01000000
00100000
10000011
00000000
00000000
00000000
00000000
00010000
00000011
10000000
00000000
00000000
,
10000011
01000000
00100000
00010000
10000000
00000000
00010011
00000000
01000000
00000000
00000000
00100000
10000011
00000000
00000000
00000000
,
00000011
10000000
00100000
00000000
00000000
10000000
00010011
00000000
00100000
00000000
00000000
01000000
00100011
00000000
00000000
00000000
,
10010011
00000000
00000000
00000000
00000000
00000000
00000011
00000000
00000000
00000000
00010000
01000000
00100011
10000000
00010000
00000000
,
00000011
10000000
00010000
01000000
00100000
10000000
00010011
00000000
10000000
00000000
01000000
00000000
11110011
00000000
11110000
00000000
,
00000011
00000000
10100000
00000011
01010000
00000000
10100011
00000000
,
00000011
10000000
01000000
00000000
00000000
01000000
00000011
00000000
00010000
00000000
00000000
00010000
00000011
00000000
01000000
00000000
,
10000011
00000000
00000000
00100000
01000000
00000000
00010000
00000000
00000011
10000000
00100000
01000000
00100000
10000000
00100000
00000000
,
00000011
10000000
01000000
00100000
01000000
10000000
00000000
00000000
01000011
00000000
10000000
00000000
00010011
00000000
00000000
00000000
,
01010011
00000000
00100011
01000000
10000011
01000000
00100011
01000000
,
01010011
00000000
00100011
01000000
10000011
01000000
00100011
01000000
,
01010011
00000000
00100011
01000000
10000011
01000000
00100011
01000000
,
01010011
00000000
00000000
00000000
00100011
00000000
01000000
00000000
10000000
00000011
01000000
00000000
00100011
00000000
01000000
00000000
,
01010011
00000000
00100011
01000000
10000011
01000000
00100011
01000000
,
00100011
01000000
00100011
01000000
00100011
01000000
10000011
01000000
,
01010011
00000000
00100011
01000000
10000011
01000000
00100011
01000000
,
01010011
00000000
00000000
00000000
00100011
00000000
01000000
00000000
10000000
00000001
01000010
00000000
00100011
00000000
01000000
00000000
,
00100011
10000000
01000011
00100000
01000011
00100000
01000011
00010000
,
01000011
00010000
10000011
00010000
10000011
00010000
00100011
00010000
,
00100011
00010000
00100011
01000000
00100011
01000000
00100011
10000000
,
00100011
00000000
10000000
00000000
00010011
00000000
10000000
00000000
00010000
00000011
10000000
00000000
00100011
00000000
10000000
00000000
,
00100011
10000000
00100011
01000000
00100011
01000000
00100011
00010000
,
00100011
00010000
10000011
00010000
01000011
00010000
01000011
00100000
,
01000011
10000000
01000011
10000000
00010011
10000000
01000011
00100000
,
10000011
01000011
00100011
00010000
10000011
00010011
00100011
10000000
,
11110011
11110000
11110011
00000000
,
11110011
00000000
11110011
00000000
;

//---------------dance-single - M. Puls----------------
#NOTES:
     dance-single:
     M. Puls:
     Beginner:
     1:
     0.075,0.000,0.040,0.000,0.000,60.000,5.000,0.000,0.000,0.000,0.000:


0000
0000
0000
0000
,
0000
0000
0000
0000
,
0000
0000
0000
0000
,
0000
0000
0000
0000
,
0000
0000
0000
0000
,
0000
0000
0000
0000
,
0000
0000
0000
0000
,
0001
0000
0000
0000
,
1000
0000
0000
0000
,
0010
0000
0000
0000
,
1000
0000
0000
0000
,
0001
0000
0000
0000
,
0100
0000
0000
0000
,
0001
0000
0000
0000
,
0010
0000
0000
0000
,
0001
0000
0000
0000
,
0001
0000
0001
0000
,
1000
0000
0000
0000
,
1000
0000
0000
0000
,
0010
0000
0000
0000
,
0010
0000
0000
0000
,
1000
0000
0000
0000
,
1000
0000
0000
0000
,
1000
0000
0000
0000
,
0010
0000
0000
0000
,
1000
0000
1000
0000
,
1000
0000
0000
0000
,
0001
0000
0001
0000
,
0001
0000
0000
0000
,
1000
0000
0000
0000
,
0010
0000
0000
0000
,
0100
0000
0000
0000
,
0001
0000
0000
0000
,
1001
0000
0000
0000
,
0000
0000
0000
0000
,
1000
0000
0000
0000
,
0000
0000
0000
0000
,
0001
0000
0000
0000
,
0000
0000
0000
0000
,
1000
0000
0000
0000
,
0010
0000
0000
0000
,
1001
0000
0000
0000
,
0000
0000
0000
0000
,
1001
0000
0000
0000
,
0000
0000
0000
0000
,
1001
0000
0000
0000
,
0000
0000
0000
0000
,
1000
0000
0000
0000
,
0000
0000
0000
0000
,
0010
0000
0000
0000
,
0000
0000
0000
0000
,
1000
0000
0000
0000
,
1000
0000
0001
0000
,
1000
0000
0000
0000
,
1000
0000
0000
0000
,
0010
0000
0000
0000
,
0010
0000
0000
0000
,
0100
0000
0000
0000
,
0100
0000
0000
0000
,
0001
0000
0000
0000
,
0001
0000
0000
0000
,
1000
0000
0000
0000
,
0001
0000
0000
0000
,
0100
0000
0000
0000
,
0010
0000
0000
0000
,
1000
0000
0000
0000
,
1000
0000
0000
0000
,
0001
0000
0000
0000
,
0001
0000
1000
0000
,
1001
0000
0000
0000
;
