#TITLE:Euphoria;
#SUBTITLE:;
#ARTIST:KaW feat. ☺;
#TITLETRANSLIT:;
#SUBTITLETRANSLIT:;
#ARTISTTRANSLIT:;
#GENRE:;
#CREDIT:;
#BANNER:euphoriabanner.png;
#BACKGROUND:euphoria.png;
#LYRICSPATH:;
#CDTITLE:;
#MUSIC:KaW+Smiley-Euphoria.ogg;
#OFFSET:-0.047;
#SAMPLESTART:51.460;
#SAMPLELENGTH:13.460;
#SELECTABLE:YES;
#BPMS:0.000=140.000,152.000=70.000,184.250=140.000;
#STOPS:184.125=1.180
;
#BGCHANGES:0.000=euphoria.png=1.000=0=0=1=====,
16.000=vol3-15-ntsc.mpg=1.000=1=0=1===CrossFade==,
32.000=vol3-12-ntsc.mpg=1.000=0=0=1=====,
48.000=676_JumpBack.mpg=1.000=0=0=1=====,
64.000=675_JumpBack.mpg=1.000=0=0=1=====,
80.000=vol3-10-ntsc.mpg=1.000=0=0=1=====,
82.000=vis_vol3-10-ntsc.mpg=1.000=0=0=1=====,
84.000=vol3-10-ntsc.mpg=1.000=0=0=1=====,
85.000=vis_vol3-10-ntsc.mpg=1.000=0=0=1=====,
85.500=vol3-10-ntsc.mpg=1.000=0=0=1=====,
86.500=vis_vol3-10-ntsc.mpg=1.000=0=0=1=====,
87.000=vol3-10-ntsc.mpg=1.000=0=0=1=====,
88.000=738_JumpBack.mpg=1.000=0=0=1=====,
96.000=736_JumpBack.mpg=1.000=0=0=1=====,
104.000=EV01440N.mpg=1.000=0=0=1=====,
116.000=vis_EV01440N.mpg=1.000=0=0=1=====,
116.500=EV01440N.mpg=1.000=0=0=1=====,
117.500=vis_EV01440N.mpg=1.000=0=0=1=====,
118.500=EV01440N.mpg=1.000=0=0=1=====,
119.000=vis_EV01440N.mpg=1.000=0=0=1=====,
120.000=EV01457N.mpg=1.000=0=0=1=====,
128.000=vol3-10-ntsc.mpg=1.000=0=0=1=====,
136.000=jb_043.mpg=1.400=0=0=1=====,
144.000=EV01441N.mpg=1.000=0=0=1=====,
150.000=vis_VOL1-25-NTSC.mpg=1.000=0=0=1=====,
150.333=euphoria.png=1.000=0=0=1=====,
150.667=vis_VOL1-25-NTSC.mpg=1.000=0=0=1=====,
151.000=euphoria.png=1.000=0=0=1=====,
152.000=VOL1-49-NTSC.mpg=1.000=0=0=1=====,
159.750=vol4-03-ntsc.mpg=1.000=1=0=1===CrossFade==,
168.000=vol4-05-ntsc.mpg=1.000=0=0=1=====,
176.000=vol4-14-ntsc.mpg=1.000=0=0=1=====,
184.000=vis_vol4-03-ntsc.mpg=1.000=1=0=1===CrossFade==,
185.000=euphoria.png=1.000=0=0=1=====,
185.333=vis_vol4-03-ntsc.mpg=1.000=0=0=1=====,
185.667=euphoria.png=1.000=0=0=1=====,
186.000=vis_vol4-03-ntsc.mpg=1.000=0=0=1=====,
186.333=euphoria.png=1.000=0=0=1=====,
186.667=vis_vol4-03-ntsc.mpg=1.000=0=0=1=====,
187.000=vol3-15-ntsc.mpg=1.000=0=0=1=====,
203.000=vol3-12-ntsc.mpg=1.000=0=0=1=====,
219.000=vol3-11-ntsc.mpg=1.000=0=0=1=====,
235.000=vis_vol3-10-ntsc.mpg=1.000=0=0=1=====,
237.000=vol3-10-ntsc.mpg=1.000=0=0=1=====,
239.000=vis_vol3-10-ntsc.mpg=1.000=0=0=1=====,
240.000=vol3-10-ntsc.mpg=1.000=0=0=1=====,
240.500=vis_vol3-10-ntsc.mpg=1.000=0=0=1=====,
241.500=vol3-10-ntsc.mpg=1.000=0=0=1=====,
242.000=vis_vol3-10-ntsc.mpg=1.000=0=0=1=====,
243.000=euphoria.png=0.700=1=0=1===CrossFade==,
99999=-nosongbg-=1.000=0=0=0 // don't automatically add -songbackground-
;
#KEYSOUNDS:;
// cache tags:
#FIRSTBEAT:8.000;
#LASTBEAT:243.000;
#SONGFILENAME:/Songs/In The Groove/Euphoria/Euphoria.sm;
#HASMUSIC:1;
#HASBANNER:1;
#MUSICLENGTH:122.305;
// end cache tags

//---------------dance-single - K. Ward----------------
#NOTES:
     dance-single:
     K. Ward:
     Hard:
     9:
     0.538,0.000,0.221,0.164,0.454,414.000,27.000,20.000,24.000,0.000,0.000:


0000
0000
0000
0000
,
0000
0000
0000
0000
,
0000
0000
0000
0000
,
0000
0000
0000
0000
,
1000
0000
0000
0010
0100
0000
0010
0000
0100
0000
0100
0000
0000
0000
0010
0000
,
0100
0000
0000
0001
0010
0000
0001
0000
0010
0000
0010
0000
0000
0000
0001
0000
,
0100
0000
0000
0010
0100
0000
0010
0000
1000
0000
1000
0000
0000
0000
0000
0000
,
1000
0001
0000
1000
0001
0000
1000
0001
0000
1000
0001
0000
1000
0000
0000
0000
,
1000
0100
0000
1000
0010
0000
1000
0001
0000
1000
0010
0000
0100
0000
0001
0000
,
0010
0100
0000
1000
0100
0000
1000
0010
0000
1000
0100
0000
1000
0000
0001
0000
,
1000
0010
0000
0100
0001
0000
0010
0001
0000
0100
0010
0000
1000
0000
0100
0000
,
1000
0010
0000
0100
0010
0000
1000
0010
0000
0100
0001
0000
0010
0000
0000
0000
,
0000
0000
0000
0001
0010
0000
0000
0010
0001
0000
1000
0000
0000
0000
0000
M000
,
0000
0000
0000
1000
0100
0000
0000
0100
1000
0000
0010
0000
0000
0000
0000
00M0
,
0000
0000
0000
0100
0010
0000
0000
0100
0010
0000
1000
0000
0000
0000
0000
M000
,
0000
0000
0000
0010
0100
0000
0000
0010
0100
0000
0001
0000
0001
0000
0000
0000
,
0000
0000
0000
0000
0100
0000
0000
0000
0100
000M
0000
0000
0010
0000
0000
0000
0010
0M00
0000
0000
1000
0000
0000
0000
1000
00M0
0000
0000
0100
0000
0000
0000
,
0100
M000
0000
0000
0010
0000
0000
0000
0010
0000
0000
0000
0100
0000
0000
0000
0100
0000
0000
0000
0000
0000
0000
0000
0110
0000
0000
0000
0000
0000
0000
0000
,
0000
0000
0000
0000
0010
0000
0000
0000
0010
0000
0000
0000
0100
0000
0000
0000
0100
00M0
0000
0000
1000
0000
0000
0000
1000
0M00
0000
0000
0001
0000
0000
0000
,
0001
M000
0000
0000
1000
0000
0000
0000
1000
0000
0000
0000
0010
0000
0000
0000
0010
0000
0000
0000
0000
0000
0000
0000
1100
0000
0000
0000
0000
0000
0000
0000
,
0110
0MM0
1001
M00M
,
0101
0000
1100
1010
0000
0110
1010
0000
,
1000
0000
0000
0100
1000
0000
0100
0000
1000
0000
1000
0000
0000
0000
0010
0000
,
0100
0000
0000
0001
0010
0000
0001
0000
0010
0000
0010
0000
0000
0000
0001
0000
,
1000
0000
0000
0010
0100
0000
0001
0000
0100
0000
0100
0000
0000
0000
0001
0000
,
1000
0000
0000
0100
1000
0000
0100
0000
0010
0000
0001
0000
1000
0000
0000
0000
,
0001
0000
0000
0010
0001
0000
0010
0000
0001
0000
0001
0000
0000
0000
1000
0000
,
0001
0000
0000
1000
0100
0000
1000
0000
0100
0000
0100
0000
0000
0000
1000
0000
,
0001
0000
0000
0100
0010
0000
1000
0000
0010
0000
1010
0000
0000
0000
0100
0000
,
0001
0011
0000
0001
0000
0100
0110
0000
,
1000
0100
0010
0100
1000
0010
0100
0001
,
0010
0000
0100
0000
1000
0000
0001
0000
1000
0100
1000
0100
1000
0000
0000
0000
,
0001
0010
0100
0010
0001
0100
0010
1000
,
0100
0010
0001
1000
0100
0000
1100
0000
,
0100
0000
0000
0010
0100
0000
0010
0000
0001
0000
1000
0000
0100
0000
1000
0000
,
0001
0000
0000
0010
0100
0000
1000
0000
0001
0010
0001
0010
0001
0000
0000
0000
,
0001
0000
0000
0010
0100
0000
0010
0000
0100
0000
0000
1000
0100
0000
1000
0000
,
0010
0000
0000
1100
0000
0000
0010
0100
0001
0010
0000
0000
,
0002
0000
0010
0000
0013
0000
0001
0000
0020
0000
0000
0000
0030
0000
01MM
1000
,
0100
0000
0020
0000
0200
0000
0330
0010
0001
0000
1000
0000
0001
0010
0100
2000
,
0000
0000
3010
0100
0002
0010
0013
00MM
,
0002
0000
0000
0000
0020
0000
0003
0000
0130
0000
0100
0000
1000
0010
0001
0010
,
1000
0100
0000
0100
1000
0000
0010
0001
0000
0001
0010
0000
1000
0000
MM00
0000
,
0001
0100
0000
0100
0010
0000
1000
0010
0000
0010
1000
0000
0001
0000
0011
0000
,
1000
0010
0000
0100
1000
0000
0100
0001
0000
0001
0010
0000
0100
0000
0MM0
0000
,
1000
0100
0000
1000
0010
0000
0100
0001
0000
1000
0100
0010
0001
1000
0001
0000
,
2002
0000
0000
3000
0000
0000
0000
0000
0000
0000
0000
0000
1003
0000
0000
0000
0010
0000
0000
0000
0100
0000
0000
0000
0001
0000
0000
0000
0010
0000
0000
0000
0100
0000
0000
0000
2000
0000
0000
0000
0000
0000
0000
0000
0000
0000
0000
0000
,
3001
0010
0000
0001
0100
0000
0001
0000
2000
0000
0000
0000
3001
0000
0000
0000
,
0100
0010
0000
0100
0010
0000
1000
0000
0200
0000
0000
0000
1300
0000
0000
0000
,
0001
0100
0000
0010
1000
0000
0100
0000
2000
0000
0000
0000
3001
0000
0000
0000
,
0100
0001
0000
0010
0001
0000
1000
0000
0010
0000
0000
0000
1100
0000
0000
0000
,
1000
0100
0000
1000
0010
0000
1000
0000
0001
1000
0000
0000
1100
0000
0000
0000
,
0010
0100
0000
0010
0100
0000
0001
0000
0010
0001
0000
0000
0011
0000
0000
0000
,
1000
0100
0000
1000
0010
0000
0100
0000
0001
1000
0000
0000
1100
0000
0000
0000
,
0010
0100
0000
0001
0010
0000
0001
0000
0011
0000
0000
0000
1000
0000
0100
0000
,
0010
0100
0010
0001
0100
0010
1000
0100
,
0010
0000
0001
0000
0020
0000
0000
0000
0100
0000
0000
0031
1000
0000
0100
0000
,
0010
0000
0001
0000
0100
0000
0010
0000
0200
0000
0000
0301
1000
0000
0100
0000
,
1000
0000
0000
0000
0000
0000
0100
0000
0000
0000
0000
0000
0020
0000
0000
0000
0000
0000
0001
0000
0000
0000
0000
0000
0031
0000
0000
0000
0000
0000
0000
0000
0000
0200
0000
0000
2000
0000
0000
0000
0000
0000
0000
0000
3000
0000
0000
0000
,
0000
0000
0000
M000
0000
0000
0300
0000
0000
0010
0000
0000
0002
0000
0000
0000
0000
0000
0000
0000
0003
0000
0000
0000
0000
0000
0000
000M
0000
0000
0000
0000
0000
0000
0000
0000
1001
0000
0000
0000
0000
0000
0000
0000
0000
0000
0000
0000
,
0110
0101
0000
0110
1010
0000
1001
0000
;

//---------------dance-double - M. Emirzian----------------
#NOTES:
     dance-double:
     M. Emirzian:
     Easy:
     3:
     0.224,0.000,0.106,0.147,0.000,161.000,13.000,18.000,0.000,0.000,0.000:


00000000
00000000
00000000
00000000
,
00000000
00000000
00000000
00000000
,
00000000
00000000
00000000
00000000
,
00000000
00000000
00000000
00000000
,
10000000
00000000
00000000
00010000
,
02000000
00000000
03000000
00100000
,
20000000
00000000
30000000
01000000
,
00100000
00000000
00010000
01000000
,
00100000
10000000
01000000
00000000
,
00100000
00010000
01000000
00001000
,
00010000
00000000
00002020
00003030
,
00002002
00003003
00000010
00000100
,
00001000
00000001
00000100
00000000
,
00000010
00001000
00000100
00010000
,
00001000
00000000
02002000
03003000
,
02020000
03030000
00100000
10000000
,
00010000
00000000
00100000
00000000
,
01000000
10000000
01000000
00000000
,
00100000
00000000
00001000
00000000
,
00010000
00000100
00010000
00000000
,
00001000
00000000
00010000
00000000
,
00000100
00000010
00000100
00000000
,
00001000
00000001
00000000
00000100
,
00000010
00001000
00000000
00000100
,
00000010
00000001
00000000
00000100
,
00000010
00010000
00000000
00001000
,
01000000
00010000
00000000
00100000
,
01000000
10000000
00000000
00010000
,
01000000
00001000
00000000
00010000
,
00000100
00001000
00000000
00000001
,
00000010
00000000
00001100
00000000
,
00000010
00001000
00000100
00010000
,
00001000
00000000
00101000
00000000
,
00010000
01000000
00100000
10000000
,
01000000
00000000
00110000
00000000
,
00010000
01000000
00001000
00010000
,
00000100
00000000
00001100
00000000
,
00000001
00000100
00000010
00001000
,
00000100
00000000
00000010
00000000
,
00000001
00001000
00000100
00000000
,
00010000
00000000
00001000
00000000
,
00010000
00001000
01000000
00000000
,
00100000
00000000
10000000
00000000
,
01000000
00100000
00001000
00010000
,
00000010
00000000
00000100
00000000
,
00000001
00000000
00000010
00000000
00000100
00000000
00001000
00000001
,
00000100
00000000
00000000
00000010
,
00001000
00000001
00000000
00010000
,
00001000
01000000
00010000
00100000
,
00000000
22000000
33000000
20020000
,
30030000
00100000
10000000
01000000
,
00100000
00010000
00000000
01000000
,
00001000
00010000
00000100
00001000
,
00000000
00000202
00000303
00000022
,
00000033
00000100
00001000
00000001
,
00000000
00000100
00000000
00000010
,
00001000
00000100
00000000
00010000
,
00000000
00001000
00000000
01000000
,
00010000
00100000
00000000
01000000
,
00000000
10000000
00000000
00100000
,
01000000
00001000
00010000
00010010
;

//---------------dance-double - M. Emirzian----------------
#NOTES:
     dance-double:
     M. Emirzian:
     Medium:
     6:
     0.361,0.000,0.311,0.065,0.000,263.000,38.000,8.000,0.000,0.000,0.000:


00000000
00000000
00000000
00000000
,
00000000
00000000
00000000
00000000
,
00000000
00000000
00000000
00000000
,
00000000
00000000
00000000
00000000
,
10000000
00000000
00100000
00000000
02000000
00000000
03000000
00010000
,
10000000
01000000
00200000
00300000
,
00010000
00000000
00000000
00000000
01000000
00000000
00000000
00100000
,
10000000
00000000
00000000
01000000
00100000
00000000
00010000
00000000
,
01000000
00000000
00001000
00010000
00001000
00000000
00010000
00000000
,
00000100
00000000
00001000
00000010
00001000
00000000
00000100
00000000
,
00000010
00001001
00000010
00001001
,
00000100
00001001
00000010
00000100
,
00001000
00000000
00000001
00000100
00000001
00000000
00000010
00000000
,
00000100
00000000
00001000
00000010
00001000
00000000
00000100
00000000
,
00010000
00011000
00100000
00011000
,
01000000
00011000
00100000
00010000
,
10000000
00000000
01000000
00000000
00100000
00000000
00010000
10000000
,
01000000
00000000
00100000
00000000
00010000
00000000
01000000
00001000
,
00010000
00000000
00000100
00000000
00001000
00000000
00000010
00000100
,
00000001
00000010
00001100
00000001
,
00001100
00000000
00011000
00000000
,
01100000
00000000
00010000
10000000
00000000
00010000
10000000
00000000
,
01000000
00100000
00010000
00000000
00100000
00010000
00100000
00000000
,
01000000
10000000
00010000
00000000
01000000
00000000
01010000
00000000
,
00001000
00010000
00000100
00000000
00010000
00001000
00010000
00000000
,
00000100
00001000
00000001
00000000
00000010
00000000
00001001
00000000
,
00000010
00000100
00000001
00000000
00001000
00000100
00001000
00000000
,
00000010
00001000
00000100
00000000
00010000
00000000
00101000
00000000
,
01000000
10000000
00100000
00000000
01000000
00010000
01000000
00000000
,
00100000
10000000
00000000
01010000
00000000
00100000
10000000
00000000
,
01000000
00110000
01000000
00110000
,
01000000
00000000
00110000
00000000
00001000
00010000
00000100
00000000
,
00000010
00001100
00000010
00001100
,
00000010
00000000
00001100
00000000
00000001
00000100
00000010
00000000
,
00001000
00010010
00001000
00010010
,
00001000
00000000
00010010
00000000
00011000
00000000
00010000
00001000
,
01000000
10010000
01000000
10010000
,
00100000
00000000
10010000
00000000
00100000
10000000
01000000
00000000
,
00200000
00000000
00320000
00000000
20030000
00000000
30000000
00100000
,
10000000
01000000
00010000
00000000
00001000
00000000
00010000
00000000
,
00002000
00000000
00003200
00000000
00000302
00000000
00000003
00001000
,
00000001
00000100
00000010
00000000
00001000
00000000
00000000
00000000
,
00001000
00000001
00000100
00000000
00001000
00010000
00001000
00000000
,
00010000
01000000
10000000
00000000
01000000
00010000
00001000
00000000
,
00010000
01000000
10000000
00000000
00100000
00010000
00001000
00000000
,
00010000
00001000
00000100
00000000
00000001
00000010
00000100
00001000
,
00000001
00000000
00000000
00001000
,
00000100
00000010
00000100
00000000
00001000
00000000
00000001
00000000
,
00000100
00000010
00000100
00000000
00000001
00000000
00000010
00000000
,
00001100
00000001
00001100
00000010
,
00001100
00010000
00001000
01000000
,
00010000
00100000
00010000
00000000
01000000
00000000
00100000
00000000
,
10000000
01000000
10000000
00000000
00010000
00000000
00100000
00000000
,
00011000
00000100
00011000
01000000
,
00011000
00000010
00001000
00000100
,
00000010
00000000
00000001
00000000
00000100
00000010
00001000
00000000
,
00000001
00000000
00000100
00000000
00000010
00010000
00001000
00000000
,
00010000
00000000
00001000
00000000
01000000
00010000
10000000
00000000
,
00100000
01010000
10000000
11000000
,
00010000
01010000
00000000
00011000
,
00001000
00000001
00000000
00001000
00000001
00000000
00000110
00000000
;

//---------------dance-double - M. Emirzian----------------
#NOTES:
     dance-double:
     M. Emirzian:
     Hard:
     9:
     0.572,0.000,0.164,0.074,0.634,461.000,20.000,9.000,0.000,0.000,0.000:


00000000
00000000
00000000
00000000
,
00000000
00000000
00000000
00000000
,
00000000
00000000
00000000
00000000
,
00000000
00000000
00000000
00000000
,
00100000
00000000
10000000
00000000
00010000
00000000
00000000
00100000
,
10010000
00100000
01000000
00001000
,
00011000
00000000
00000000
00000000
00000010
00000000
00000000
00000001
,
00000110
00000000
00000000
00000010
00001100
00000000
00000011
00000000
,
00001000
00000100
00000000
00000100
00000010
00000000
00000010
00000001
00000000
00000000
00000100
00000000
00000010
00000000
00000000
00000000
,
00001000
00000100
00000000
00000100
00010000
00000000
00010000
00001000
00000000
01000000
00000000
01000000
00010000
00000000
00100000
00000000
,
01000000
10000000
00000000
10000000
00100000
00000000
00100000
01000000
00000000
00000000
00010000
00000000
10000000
00000000
00000000
00000000
,
01000000
00100000
00000000
00100000
00001000
00000000
00001000
00010000
00000000
00000010
00000000
00000010
00001000
00000000
00000001
00000000
,
00000100
00000001
00000000
00000001
00000010
00000000
00000010
00000100
00000000
00000000
00001000
00000000
00000001
00000000
00000000
00000000
,
00000100
00000010
00000000
00000010
00010000
00000000
00010000
00001000
00000000
00100000
00000000
00100000
00010000
00000000
10000000
00000000
,
00100000
01000000
00000000
01000000
00010000
00000000
00010000
00100000
00000000
00000000
01000000
00000000
10000000
00000000
00000000
00000000
,
00010000
01000000
00000000
01000000
00001000
00000000
00001000
00010000
00000000
00000010
00000000
00000010
00001000
00000000
00000100
00000000
,
00000010
00000001
00000000
00000001
00000100
00000000
00000000
00000000
00000010
00001000
00000000
00001000
00000100
00000000
00000000
00000000
,
00010000
00001000
00000000
01000000
00001000
00010000
00000000
00000000
00001000
01000000
00000000
00000000
00010000
00000000
00100000
00000000
,
01000000
10000000
00000000
10000000
00100000
00000000
00000000
00000000
01000000
00010000
00000000
00010000
00100000
00000000
00000000
00000000
,
01000000
10000000
00000000
00010000
01000000
00001000
00000000
00000000
00010000
00000010
00000000
00000000
00010000
00000000
00000100
00000000
,
00001000
00000010
00000000
00000010
00000100
00000000
00000000
00000000
00000001
00000010
00000000
00000010
00000100
00000000
00000000
00000000
,
00001100
00000000
00000001
00000110
00000000
00001000
00010100
00000000
,
00001000
00010000
00001000
00000000
01001000
00000000
00000000
00000000
00010000
01000000
00010000
00000000
10010000
00000000
00000000
00100000
,
10000000
01000000
00010000
00001000
00010000
01000000
10000000
00000000
,
00010000
00100000
00010000
00000000
00101000
00000000
00000000
00000000
00010000
00001000
00010000
00000000
00010100
00000000
00000000
00001000
,
00010000
00000100
00000010
00000001
00000100
00001000
00000100
00000000
,
00000001
00001000
00000001
00000000
00001100
00000000
00000000
00000000
00000010
00001000
00000010
00000000
00010010
00000000
00000000
00010000
,
00001000
00000100
00001000
00010000
00100000
01000000
00010000
00000000
,
00100000
01000000
00100000
00000000
11000000
00000000
00000000
00000000
00010000
01000000
00010000
00000000
10010000
00000000
00000000
01000000
,
10000000
00100000
00010000
00001000
00010000
00100000
10000000
00000000
,
01000000
00000000
00100000
00010000
00100000
00000000
01000000
00000000
10000000
00000000
00010000
00000000
01000000
00000000
00100000
00000000
,
10000000
01000000
00010000
00001000
00010000
01000000
00010000
00001000
,
00000010
00000000
00000100
00001000
00000100
00000000
00000010
00000000
00000001
00000000
00000100
00000000
00000010
00000000
00001000
00000000
,
00000100
00000001
00000100
00010000
00001000
00000100
00001000
00100000
,
00010000
00000000
01000000
00100000
01000000
00000000
00010000
00000000
10000000
00000000
00100000
00000000
00010000
00000000
00001000
00000000
,
00010000
00100000
10000000
01000000
00010000
00000100
00000010
00000001
,
00000100
00000000
00000010
00001000
00000010
00000000
00000100
00000000
00000001
00000000
00000010
00000000
00000100
00000000
00001000
00000000
,
00000010
00000000
00000000
00010000
00000000
00000000
00100000
00000000
00000000
10000000
00000000
00000000
01000000
00000000
00100000
00000000
00010000
00000000
00100000
00000000
00000000
00000000
00000000
00000000
,
02000000
00000000
00000000
00000000
23000000
00000000
00000000
00000000
30200000
00000000
00000000
00000000
00300000
00000000
01000000
00010000
,
01000000
00000000
00100000
00000000
10000000
00000000
00000000
01000000
00100000
00000000
00000000
00000000
00000100
00000000
00001000
00000002
,
00000000
00000000
00000000
00000003
00000200
00000000
00000000
00000000
00000320
00000000
00000000
00000000
00000030
00000000
00001000
00000100
,
00001000
00000000
00000001
00000000
00000100
00000000
00000010
00001000
00000000
00000000
00000000
00000000
00000100
00000000
00000000
00000000
,
00010000
00000000
00000000
00001000
01000000
00000000
00010000
00000000
10000000
00000000
01000000
00000000
00000000
00000000
00100000
00000000
00010000
00000000
00000000
01000000
00100000
00000000
10000000
00000000
01000000
00000000
00000000
00000000
00000000
00000000
00100000
00000000
,
00001000
00000000
00000000
00010000
00000100
00000000
00001000
00000000
00000010
00000000
00000100
00000000
00000000
00000000
00000001
00000000
00001000
00000000
00000000
00000100
00000010
00000000
00000001
00000000
00001000
00000000
00000000
00000000
00000000
00000000
00000010
00000000
,
00000100
00000000
00000000
00000001
00001000
00000000
00000100
00000000
00010000
00000000
00001000
00000000
00000000
00000000
01000000
00000000
00010000
00000000
00000000
00100000
01000000
00000000
10000000
00000000
00010000
00000000
00000000
00000000
00000000
00000000
01000000
00000000
,
00100000
00000000
00000000
10000000
01000000
00000000
00100000
00000000
00001000
00000000
00010000
00000000
00000000
00000000
00000100
00000000
00001000
00000000
00000000
00000010
00000100
00000000
00000001
00000000
00001000
00000000
00000100
00000000
00000010
00000000
00000000
00000000
,
00000002
00000000
00000000
00000000
00002003
00000000
00000000
00000000
00003200
00000000
00000000
00000000
00000310
00000001
00000000
00000001
,
00000100
00000000
00000100
00000010
00000000
00000000
00001000
00000000
00000100
00000000
00000000
00000000
00010000
00001000
00000000
00001000
,
01000000
00000000
01000000
00010000
00000000
00100000
00000000
01000000
10000000
00000000
00000000
00000000
00010000
01000000
00000000
01000000
,
00100000
00000000
00100000
10000000
00000000
00000000
01000000
00000000
00100000
00000000
00000000
00000000
00010000
01000000
00000000
01000000
,
00001000
00000000
00001000
00010000
00000000
00000100
00000000
00000100
00001000
00000000
00000000
00000000
00000001
00000100
00000000
00000100
,
00000010
00000000
00000010
00001000
00000000
00000000
00000100
00000000
00000010
00000000
00000000
00000000
00000001
00000100
00000000
00000100
,
00000010
00000000
00000010
00010000
00000000
00001000
00000000
00001000
01000000
00000000
00000000
00000000
00010000
00100000
00000000
00100000
,
01000000
00000000
01000000
10000000
00000000
00000000
00010000
00000000
01000000
00000000
00000000
00000000
00100000
10000000
00000000
10000000
,
01000000
00000000
01000000
00100000
00000000
00001000
00000000
00001000
00010000
00000000
00000000
00000000
00000100
00001000
00000000
00001000
,
00000010
00000000
00000000
00000000
00000100
00000001
00000000
00000001
00000010
00000000
00000000
00000000
00000100
00001000
00000000
00000010
,
00010000
00001000
00000000
00000000
01000000
00010000
00000000
00000000
00100000
00000000
01000000
00000000
10000000
00010000
00000000
00010000
,
01000000
00000000
00000000
00000000
00100000
10000000
00000000
10000000
01000000
00000000
00000000
00000000
00100000
00010000
00000000
01000000
,
00001000
00010000
00000000
00000000
00000010
00001000
00000000
00000000
00000100
00000000
00000010
00000000
00000001
00000100
00000000
00000100
,
00000010
00000000
00000000
00000000
00001000
00000100
00000000
00000100
00000010
00000000
00000000
00000000
00001001
00000000
00000000
00000000
,
00000100
00010100
00000000
00001000
00101000
00000000
10100000
00000000
;

//---------------dance-double - M. Emirzian----------------
#NOTES:
     dance-double:
     M. Emirzian:
     Challenge:
     10:
     0.680,0.000,0.131,0.049,0.948,560.000,16.000,6.000,0.000,0.000,0.000:


00000000
00000000
00000000
00000000
,
00000000
00000000
00000000
00000000
,
00000000
00000000
00000000
00000000
,
00000000
00000000
00000000
00000000
,
00000001
00000000
00001100
00000000
00001001
00000000
00000000
00000010
,
00001010
00011000
01001000
00000000
,
11000000
00000000
00000000
00000000
10100000
00000000
00000000
01000000
,
01010000
00000000
00000000
00100000
00011000
00000000
00010100
00000000
,
00001000
00000100
00000000
00000100
00000010
00000000
00000010
00000001
00000000
00001000
00000001
00001000
00000100
00000000
00000010
00000000
,
00000001
00000100
00000000
00000100
00000010
00000000
00000010
00001000
00000000
00000100
00000000
00010000
00001000
00010000
00000100
00000000
,
00010000
00001000
00000000
00001000
01000000
00000000
01000000
00010000
00000000
10000000
01000000
00100000
01000000
00000000
10000000
00000000
,
00010000
01000000
00000000
01000000
00100000
00000000
00100000
10000000
00000000
01000000
00000000
00010000
00001000
00100000
00001000
00000000
,
00010000
00000100
00000000
00000100
00001000
00000000
00001000
00000010
00000000
00000100
00000001
00000100
00000010
00000000
00001000
00000000
,
00000100
00000010
00000000
00000010
00000001
00000000
00000001
00000100
00000000
00001000
00000000
00010000
00000100
00010000
00001000
00000000
,
01000000
00010000
00000000
00010000
00100000
00000000
00100000
01000000
00000000
10000000
00010000
01000000
00100000
00000000
10000000
00000000
,
00010000
01000000
00000000
01000000
00100000
00000000
00100000
10000000
00000000
01000000
00000000
00100000
00001000
00010000
00001000
00000000
,
00010000
00000100
00000000
00001000
00000100
00001000
00000001
00000000
00001000
00000100
00000000
00000100
00000010
00000000
00000001
00000100
,
00000010
00000100
00000000
00000001
00001000
00000100
00000000
00000000
00010000
00001000
00000000
00000000
10000000
00000000
00100000
00000000
,
01000000
00010000
00000000
00100000
01000000
10000000
00000000
00000000
00010000
01000000
00000000
01000000
00100000
00000000
10000000
00000000
,
01000000
00100000
00000000
00010000
01000000
00001000
00000000
00000000
00001000
00000001
00000000
00000100
00000010
00000000
00001000
00000100
,
00000010
00000001
00000000
00001000
00000100
00001000
00000001
00000000
00000100
00000010
00000000
00000010
00001000
00000000
00000100
00000000
,
00000011
00000000
00001000
00010100
00000000
00010000
01001000
00000000
,
00100000
10000000
00100000
00000000
01000000
00010000
00000000
00100000
01000000
10000000
01000000
00000000
00100000
00010000
00000000
01000000
,
00001000
00010000
00000100
00000000
00001000
00000001
00000000
00000001
00000010
00000000
00000100
00000000
00001000
00000000
00000001
00000000
,
00000100
00000010
00000100
00000000
00000001
00001000
00000000
00000100
00010000
00001000
00010000
00000000
00100000
01000000
00000000
00010000
,
10000000
01000000
00100000
00000000
00010000
01000000
00000000
01000000
00100000
00000000
10000000
00000000
01000000
00000000
00100000
00000000
,
00010000
10000000
01000000
00000000
00010000
00001000
00000000
00100000
00001000
00010000
00000010
00000000
00001000
00000100
00000000
00000010
,
00000001
00000100
00000010
00000000
00001000
00000100
00000000
00000100
00000010
00000000
00000001
00000000
00000100
00000000
00001000
00000000
,
00010000
00001000
00100000
00000000
01000000
00100000
00000000
00010000
01000000
00100000
10000000
00000000
01000000
00100000
00000000
00010000
,
01000000
00001000
00010000
00000000
00000100
00001000
00000000
00001000
00000010
00000000
00000100
00000000
00000001
00000000
00000010
00000000
,
00000100
00001000
00000001
00000000
00000100
00000000
00000010
00000000
00010000
00000000
00001000
00000000
00000100
00000000
00000001
00000000
,
00000100
00000010
00001000
00000000
00000100
00000000
00010000
00000000
00001000
00000000
00000010
00000000
00001000
00000000
00010000
00000000
,
00100000
01000000
00010000
00000000
00100000
00000000
01000000
00000000
00100000
00000000
00010000
00000000
01000000
00000000
00100000
00000000
,
10000000
01000000
00100000
00000000
00010000
00000000
10000000
00000000
00100000
00000000
00010000
00000000
00001000
00000000
00010000
00000000
,
01000000
10000000
00010000
00000000
01000000
00000000
00100000
00000000
00010000
00000000
00001000
00000000
00000100
00000000
00000010
00000000
,
00010000
00000100
00000010
00000000
00000001
00000000
00000100
00000000
00000010
00000000
00010000
00000000
00001000
00000000
00000010
00000000
,
00000001
00000100
00000010
00000000
00001000
00000000
00000100
00000000
00010000
00000000
00100000
00000000
00010000
00000000
00001000
00000000
,
01000000
00000000
00000000
00010000
00000000
00000000
00100000
00000000
00000000
00000000
00000000
00000000
01000000
00000000
00000000
00000000
00000000
00000000
10000000
00000000
00000000
00000000
00000000
00000000
00010000
00000000
00000000
00000000
01000000
00000000
00000000
00000000
00100000
00000000
00000000
00000000
10000000
00000000
00000000
00000000
00000000
00000000
00000000
00000000
00000000
00000000
00000000
00000000
,
02000000
00000000
00000000
00000000
03200000
00000000
00000000
00000000
00320000
00000000
00000000
00000000
00030000
00000000
10000000
00100000
,
01000000
00000000
00010000
00000000
00100000
00000000
00000000
01000000
10000000
00000000
00000000
00000000
00010000
10000000
01000000
00020000
,
00000000
00000000
00000000
00030000
00002000
00000000
00000000
00000000
00003200
00000000
00000000
00000000
00000300
00000000
00000001
00000010
,
00000100
00000000
00001000
00000000
00000001
00000000
00001000
00000100
00000000
00000000
00000000
00000000
00100000
00000000
10000000
00000000
,
01000000
00000000
00000000
00100000
00010000
00000000
10000000
00000000
00100000
00000000
01000000
00000000
00000000
00000000
00010000
00000000
00100000
00000000
00000000
01000000
10000000
00000000
01000000
00000000
00010000
00000000
00001000
00000000
00000000
00000000
00010000
00000000
,
00000100
00000000
00000000
00001000
00000010
00000000
00000001
00000000
00000010
00000000
00001000
00000000
00000000
00000000
00000100
00000000
00000010
00000000
00000000
00000001
00000100
00000000
00001000
00000000
00010000
00000000
00001000
00000000
00000000
00000000
00000100
00000000
,
00001000
00000000
00000000
00010000
00001000
00000000
00010000
00000000
01000000
00000000
10000000
00000000
00000000
00000000
00010000
00000000
01000000
00000000
00000000
00100000
10000000
00000000
01000000
00000000
00100000
00000000
00010000
00000000
10000000
00000000
00100000
00000000
,
01000000
00000000
00000000
00001000
00010000
00000000
00001000
00000000
00000010
00000000
00000001
00000000
00000000
00000000
00000010
00000000
00000100
00000000
00000000
00001000
00000001
00000000
00000100
00000000
00000010
00000000
00001000
00000000
00000100
00000000
00000000
00000000
,
00011000
00000000
00000000
00000000
00000000
00000000
00000000
00000000
00000000
00000000
00000000
00000000
10000000
00000000
00000000
00000000
00100000
00000000
00000000
00000000
01000000
00000000
00000000
00000000
00010000
00000000
00000000
00000000
00100000
00000000
00000000
00000000
01000000
00000000
00000000
00000000
10000000
00000000
00000000
00010000
00000000
00000000
00000000
00000000
00000000
00010000
00000000
00000000
,
00100000
00000000
00100000
01000000
00000000
10000000
01000000
00100000
00010000
00000000
01000000
00000000
00001000
00010000
00000000
00010000
,
00000100
00000000
00000100
00001000
00000000
00000010
00000000
00000100
00000001
00000100
00000010
00000000
00001000
00000100
00000000
00000100
,
00000010
00000000
00000010
00000001
00000000
00000100
00000010
00010000
00001000
00000000
00010000
00000000
00001000
01000000
00000000
01000000
,
00010000
00000000
00010000
00100000
00000000
01000000
00000000
10000000
00010000
10000000
01000000
00000000
00010000
00001000
00000000
00001000
,
01000000
00000000
01000000
00001000
00000000
00010000
00000100
00010000
00001000
00000000
00000100
00000000
00000001
00001000
00000000
00001000
,
00000100
00000000
00000100
00000010
00000000
00000001
00000000
00000100
00000010
00001000
00000010
00000000
00000100
00001000
00000000
00001000
,
00010000
00000000
00001000
00000010
00000000
00000001
00000100
00000010
00001000
00000000
00000001
00000000
00000010
00000100
00000000
00000100
,
00001000
00000000
00000001
00000100
00000000
00001000
00000000
00010000
00000100
00010000
00001000
00000000
00100000
00010000
00000000
01000000
,
00100000
10000000
01000000
00000000
00100000
00010000
00000000
00010000
01000000
00000000
00100000
10000000
01000000
00100000
00000000
00010000
,
01000000
00001000
00000000
00000000
00001000
00000001
00000000
00000000
00000010
00000000
00000100
00000000
00001000
00000001
00000000
00000100
,
00000010
00001000
00000000
00000000
00000100
00000010
00000000
00000010
00000001
00000000
00000100
00000000
00000010
00001000
00000000
00000100
,
00000010
00000001
00000000
00000000
00000100
00000010
00000000
00000010
00001000
00000000
00000100
00010000
00001000
00010000
00000000
01000000
,
00100000
00010000
01000000
00000000
00100000
10000000
00000000
10000000
01000000
00000000
00100000
00010000
01000000
00010000
00000000
00100000
,
00001000
00010000
00000000
00000000
00000001
00001000
00000000
00000000
00010100
00000000
00000000
00000000
01001000
00000000
00000000
00000000
;

//---------------dance-single - K. Ward----------------
#NOTES:
     dance-single:
     K. Ward:
     Easy:
     3:
     0.206,0.000,0.155,0.082,0.000,147.000,19.000,10.000,0.000,0.000,0.000:


0000
0000
0000
0000
,
0000
0000
0000
0000
,
0000
0000
0000
0000
,
0000
0000
0000
0000
,
0001
0010
0010
0000
,
0001
1000
1000
0000
,
1001
0000
0001
0000
,
1000
0001
0001
0000
,
0001
1000
0000
0000
,
1000
0010
0000
0000
,
0001
0010
0000
0000
,
1000
0100
0000
1000
,
0000
1000
0100
0000
,
0000
0001
0010
0000
,
0000
0010
0100
0000
,
0000
1000
0001
0000
,
0000
1000
0000
1000
,
0000
0001
0001
0100
,
0000
0010
0000
0010
,
0000
1000
0100
1000
,
0011
0000
0011
0000
,
0022
0000
0033
0000
,
0001
0000
0010
0000
,
0001
0000
0010
0000
,
0001
0000
1000
0000
,
0100
0000
1000
0000
,
0001
0001
0001
0000
,
0001
1000
1000
0000
,
0001
0010
0010
0000
,
0022
0000
0033
0000
,
0001
1000
0001
1000
,
0001
0001
0001
0000
,
1000
0001
1000
1000
,
1000
0001
1000
0000
,
0100
0010
0100
0010
,
0100
0010
0100
0100
,
1000
0000
0010
0000
,
1000
0000
0001
0000
1000
0100
1000
0000
,
0001
1000
0020
0030
,
0010
0100
0002
0003
,
1000
1000
2000
3000
,
0010
0000
0010
0000
0020
0000
0000
0030
,
0000
0110
0000
0110
,
0000
1100
0000
1001
,
0000
0110
0000
0110
,
0000
0011
0000
1001
,
0000
0000
0000
0001
,
0100
0001
0000
1000
,
0010
1000
0000
0001
,
0100
0001
0000
1000
,
1000
1000
1000
0000
,
0001
0001
0010
0000
,
0010
0010
0100
0000
,
0100
0100
1000
0000
,
1000
1000
1000
1000
,
0000
1001
0000
0001
,
0000
1001
0000
1000
,
1000
1000
0000
0001
,
0001
0001
0000
1100
,
0000
1100
0000
2200
,
0000
3300
0000
1001
;

//---------------dance-single - K. Ward----------------
#NOTES:
     dance-single:
     K. Ward:
     Medium:
     6:
     0.340,0.000,0.139,0.131,0.000,258.000,17.000,16.000,1.000,0.000,0.000:


0000
0000
0000
0000
,
0000
0000
0000
0000
,
0000
0000
0000
0000
,
0000
0000
0000
0000
,
1001
0000
0000
0000
0000
0000
0000
1000
,
0010
0000
0000
0000
,
1100
0000
0000
0000
0000
0000
0000
0010
,
0100
0000
0000
0001
0010
0000
0001
0000
,
1000
0100
1000
0010
1000
0000
1000
0000
,
1000
0010
0100
0001
0100
0000
0100
0000
,
0001
0010
0001
0100
0001
0000
0001
0000
,
0100
0000
0010
0000
1000
1000
1000
0000
,
0001
0010
0001
0000
1000
0000
1000
0000
,
0010
0100
0010
0000
1000
0000
1000
0000
,
0001
0010
0001
0000
1000
0100
1000
0000
,
0002
1000
0100
1003
,
0000
0010
0000
0010
0000
1000
0000
1000
,
0000
0001
0000
0001
0001
0000
1000
0000
,
0000
0100
0000
0100
0000
1000
0000
1000
,
0000
0010
0000
0010
0010
0000
1000
0000
,
1100
0000
0011
0000
,
0001
0000
0010
0001
0000
0001
0100
0000
,
0010
1000
0001
0010
,
0001
1000
0001
0001
,
0100
0010
1000
1000
,
0001
0000
1000
0000
0010
0100
0001
0000
,
0001
0100
1000
0010
,
0001
0100
2000
000M
,
3001
0010
0010
0100
,
1000
0100
0000
1000
0000
0010
0100
0000
,
0001
0000
0001
0000
0001
0100
0000
0010
,
0000
0010
1000
0000
1000
0000
0100
0000
,
1000
0000
1000
0000
1000
0100
0000
0010
,
0000
0010
0001
0000
0100
0000
0101
0000
,
1000
0000
1000
0000
0010
0100
0000
0010
,
0000
0010
1000
0000
0010
0000
0100
0000
,
0100
0000
0001
0000
0010
0100
0000
0100
,
1000
0010
1010
0101
,
2000
3200
0320
0032
,
2003
0000
3020
0000
0230
0000
0301
0001
,
2000
3002
0203
0320
,
1030
0100
1000
0100
2000
0000
3001
0000
,
1000
0010
1010
0000
1000
0010
0110
0000
,
1000
0100
1100
0000
1000
0110
0001
0110
,
1000
0010
0110
0000
0100
0001
0011
0000
,
0001
0010
0100
1000
0010
0100
0001
0010
,
0002
0010
0013
0001
,
1000
0000
0001
0010
0001
0000
0100
0000
,
0010
0000
0100
0010
0100
0000
0001
0000
,
1000
0000
0100
1000
0100
0000
1000
0000
,
0010
0000
0100
0010
0100
0001
1000
0000
,
0001
0000
1000
0100
1000
0000
0010
0000
,
0100
0000
0010
0100
0010
0000
1000
0000
,
0001
0000
0010
0001
0100
0000
0010
1000
,
0100
1000
1100
0010
,
0001
0100
1000
0010
,
0001
0200
0000
0301
,
1000
0010
0001
0100
,
1000
0000
0010
0100
0010
0000
1000
0000
,
0000
1100
0000
0010
,
0100
0001
0000
0001
1000
0000
1001
0000
;

//---------------dance-single - C. Foy----------------
#NOTES:
     dance-single:
     C. Foy:
     Challenge:
     12:
     1.000,0.000,0.294,0.932,1.000,793.000,36.000,114.000,91.000,0.000,0.000:


0000
0000
0000
0000
,
0000
0000
0000
0000
,
1000
0001
0000
0100
0010
1000
0010
0000
0010
0100
0000
0001
0010
0100
0010
0000
,
0100
1000
0000
0010
0100
0001
1000
0000
0100
0020
0001
0000
0031
0100
0010
0000
,
1010
1000
0000
0010
1000
0001
0100
0000
0002
0010
0000
0013
0001
0010
0011
0000
,
0011
0001
0000
1000
0010
0100
0001
0000
0020
0000
0000
0130
2000
0000
0001
3000
,
1001
0001
0000
1000
0001
0200
0010
0000
0320
0100
0000
0130
0001
1000
1001
0000
,
1100
1000
0000
0001
1000
0001
0101
0000
0101
0001
0100
0000
0110
0020
0100
0000
,
0230
0001
0000
0302
0010
0000
0013
0100
0000
0010
0001
0100
0010
1000
0100
0010
,
0002
0100
0000
0203
0010
0000
0320
1000
0000
1030
0100
0010
0001
0100
0001
1000
,
0001
1000
0001
0000
0000
0000
0100
0000
0001
0000
0000
0000
0100
0000
0001
0000
0010
0000
0100
0000
1000
0000
0010
0000
0100
0000
0000
0000
0001
0000
0000
0000
,
1000
0001
1000
0000
0001
0000
0100
0000
0010
0000
0000
0000
1000
0000
0100
0000
1000
0000
0010
0000
0000
0000
0100
0001
0100
0001
0100
0000
0001
0000
1000
0000
,
0200
1000
0000
2300
0010
0000
3020
0100
0000
0130
0010
0001
0010
1000
0010
0001
,
0010
1000
0000
0020
0100
0000
0230
0001
0000
0301
0100
0001
0010
0100
1000
0010
,
0100
0010
0100
0000
0000
0000
0002
0000
1000
0000
0000
0000
1003
0000
0010
0000
1000
0000
0100
0000
0010
0000
0001
0000
0100
0000
0000
0000
0001
0000
0000
0000
,
0100
0001
0100
0000
0010
0000
2000
0000
0100
0000
0000
0000
3100
0000
0001
0000
0100
0000
1000
0000
0000
0000
0001
1000
0001
0000
0100
0000
0001
0000
0100
0000
,
1000
0100
0000
0002
0010
0000
0010
0000
0023
0001
0000
0032
1000
0000
2003
0010
,
0000
3020
0100
0000
0100
0000
0100
0030
0010
1000
0000
0100
0010
0000
0001
0000
,
0200
0010
0000
0310
1000
0001
0000
0100
0010
0100
0000
0200
0001
0000
0001
0000
,
0302
0010
0000
0013
0200
1000
0000
1300
0002
0100
0000
0103
0010
0000
1000
0000
,
1MM1
0001
0000
1000
0001
1000
0100
1000
11MM
0100
0000
1000
0010
0100
0001
0100
,
M1M1
0001
0000
1000
1MM1
0000
2M2M
0000
3030
0000
M1M1
0000
2M2M
0000
3030
0000
,
MM11
0000
0001
0000
0100
0000
0002
0000
0000
0000
0010
0000
0000
0000
0013
0000
0001
0000
0100
0000
0010
0000
1000
0000
0000
0000
0010
1000
0010
1000
0010
0000
,
1000
0000
0001
0000
0100
0000
0010
0000
0000
0000
1000
0000
0100
0000
0010
0000
0001
0000
1000
0000
0001
0000
0100
0000
0001
0100
0001
0100
0001
0000
0100
0000
,
0010
0000
1000
0000
0100
0000
0020
0000
0000
0000
0100
0000
0030
0000
1000
0100
1000
0000
0100
0000
1000
0000
0010
0000
0000
0000
0100
0000
0010
0000
0100
0010
,
0100
0000
0010
0000
1000
0000
0100
0000
1000
0000
0001
0000
0100
0000
0001
0100
0002
0000
0000
0000
0013
0000
0001
0010
0001
0000
1000
0001
1000
0001
1000
0000
,
0001
0000
0100
0000
0001
0000
0020
0000
0000
0000
0001
0000
0000
0000
0031
0000
1000
0000
0100
0000
1000
0000
0010
0000
0000
0000
1000
0010
1000
0010
1000
0000
,
0010
0000
0100
0000
0002
0000
0010
0000
0000
0000
0013
0000
0100
0000
1000
0000
0001
0000
1000
0000
0100
0000
1000
0000
0100
1000
0100
1000
0100
0000
1000
0000
,
0M1M
0000
0100
0000
0001
0000
2000
0000
0000
0000
0001
0000
3000
0000
1000
0001
1MM0
0000
0001
0000
0200
0000
0010
0000
0000
0000
0310
0000
0100
0000
0001
0100
,
M0M1
0000
0100
0000
0010
0000
1000
0000
01MM
0000
0010
0000
MM01
0000
0010
0001
0020
0000
0000
0000
MM00
0030
0001
0010
0M01
0000
1000
0001
1000
0001
1000
0000
,
0MM1
0000
0100
0000
0002
0000
0100
0000
0000
0000
0100
0000
0003
0000
0010
0000
0100
0000
0001
0000
1000
0000
0100
0000
0000
0000
1000
0100
1000
0100
1000
0000
,
0100
0000
1000
0000
0020
0000
1000
0000
0000
0000
1030
0000
0010
0000
1000
0000
0100
0000
0010
0000
0001
0000
0100
0000
0001
0100
0001
0100
0001
0000
0100
0000
,
0001
0000
0010
0000
0002
0000
1000
0000
0000
0000
1000
0000
0003
0000
0001
1000
0001
0000
1000
0000
0020
0000
0100
0000
0000
0000
0130
0000
0010
0000
0100
0010
,
0100
0000
0010
0000
0100
0000
0001
0000
0010
0000
0100
0000
1000
0000
1000
0100
2000
0000
0000
0000
3010
0000
1000
0010
1000
0000
0001
1000
0001
1000
0001
0000
,
1000
0000
0001
0000
0010
0000
0001
0000
0000
0000
0001
0000
0000
0000
1000
0000
0001
0000
0010
0000
0001
0000
0100
0000
0000
0000
0001
0100
0001
0100
0001
0000
,
0100
0000
0001
0000
0200
0000
0010
0000
0000
0000
0310
0000
1000
0000
0100
0000
0010
0000
0001
0000
0100
0000
0001
0000
1000
0001
1000
0001
1000
0000
0001
0000
,
0100
0000
0010
0000
1000
0000
0001
0000
0000
0000
0100
0000
0000
0000
0001
0100
0001
0000
0100
0000
0001
0000
1000
0000
0000
0000
1000
0000
0100
0000
1000
0100
,
1000
0000
0000
0001
0000
0000
1000
0000
0000
0100
0000
0000
0010
0000
0000
0001
0000
0000
1000
0000
0000
0000
0000
0000
0M11
0000
0000
0000
1001
0000
0000
0000
1100
0000
0000
0000
10M1
0000
0000
0000
0000
0000
0000
0000
0000
0000
0000
0000
,
0000
0000
0000
0000
0000
0000
0000
0000
0000
0000
0000
0000
1000
0001
1000
0002
2MM0
0000
0000
0000
0000
0000
0000
0000
3003
0000
0000
0000
0000
0000
0000
0000
0000
0000
0000
0000
1000
0100
1000
0000
0100
0000
1000
0000
0100
0000
2000
0000
02MM
0000
0000
0000
0000
0000
0000
0000
3300
0000
0000
0000
0000
0000
0000
0000
,
0000
0000
0000
0000
0000
0000
0000
0000
0000
0000
0000
0000
0001
0100
0001
0200
M0M2
0000
0000
0000
0000
0000
0000
0000
0303
0000
0000
0000
0000
0000
0000
0000
0000
0000
0000
0000
0001
0100
0001
0000
0100
0000
0001
0000
0100
0001
0200
0000
M0M2
0000
0000
0000
0000
0000
0000
0000
0303
0000
0000
0000
0000
0000
0000
0000
,
0000
0000
0000
0000
0000
0000
0000
0000
0000
0000
0000
0000
0100
0001
0100
0002
M2M0
0000
0000
0000
0000
0000
0000
0000
0303
0000
0000
0000
0000
0000
0000
0000
0000
0000
0000
0000
0001
1000
0001
0000
1000
0000
0100
0000
1000
0001
2000
0000
0MM2
0000
0000
0000
0000
0000
0000
0000
3003
0000
0000
0000
0000
0000
0000
0000
,
0000
0000
0000
0000
0000
0000
0000
0000
0000
0000
0000
0000
1000
0100
1000
0200
20MM
0000
0000
0000
0000
0000
0000
0000
3300
0000
0000
0000
0000
0000
0000
0000
0000
0000
0000
0000
0001
0010
0001
0000
0010
0000
0001
0000
1000
0001
2000
0000
0MM2
0000
0000
0000
0000
0000
0000
0000
3003
0000
0000
0000
0000
0000
0000
0000
,
0000
0000
0000
0000
0000
0000
0000
0000
0000
0000
0000
0000
1000
0010
1000
0020
2M0M
0000
0000
0000
0000
0000
0000
0000
3030
0000
0000
0000
0000
0000
0000
0000
0000
0000
0000
0000
1000
0001
1000
0000
0100
0000
1000
0000
0100
0000
2000
0000
00M2
0000
0000
0000
0000
0000
0000
0000
3003
0000
0000
0000
0000
0000
0000
0000
,
0000
0000
0000
0000
0000
0000
0000
0000
0000
0000
0000
0000
0001
0100
0001
0200
M0M2
0000
0000
0000
0000
0000
0000
0000
0303
0000
0000
0000
0000
0000
0000
0000
0000
0000
0000
0000
0001
0100
0001
0000
1000
0000
0010
0000
1000
0010
2000
0000
0M02
0000
0000
0000
0000
0000
0000
3000
0003
0000
0000
0000
0000
0000
0000
0000
,
0000
0000
0000
0000
0000
0000
0000
0000
0000
0000
0000
0000
0100
0001
0100
0002
M2M0
0000
0000
0000
0000
0000
0000
0000
0303
0000
0000
0000
0000
0000
0000
0000
0000
0000
0000
0000
0100
0001
0100
0000
0001
0000
1000
0000
0001
1000
0002
0000
02M0
0000
0000
0000
0000
0000
0000
0000
0303
0000
0000
0000
0000
0000
0000
0000
,
0000
0000
0000
0000
0000
0000
0000
0000
0000
0000
0000
0000
0001
0010
0001
0020
MM02
0000
0000
0000
0000
0000
0000
0000
0033
0000
0000
0000
0000
0000
0000
0000
0000
0000
0000
0000
1000
0100
1000
0000
0100
0000
1000
0000
0001
1000
0002
0000
2MM0
0000
0000
0000
0000
0000
0000
0000
3003
0000
0000
0000
0M00
0000
0000
0000
,
M1M2
0000
0000
0000
0000
0000
0003
0000
0000
0000
0000
0000
0M0M
0000
0000
0000
0000
0000
0000
0000
0000
0000
0000
0000
0000
0000
0000
0000
0000
0000
0000
0000
0000
0000
0000
0000
0000
0000
0000
0000
0000
0000
0000
0000
0000
0000
0000
0000
1M1M
0000
0000
0000
0000
0000
0000
0000
0000
0000
0000
0000
0000
0000
0000
0000
1M01
0000
0000
0000
0000
0000
0000
0000
0000
0000
0000
0000
0000
0000
0000
0000
01M1
0000
0000
0000
0000
0000
0000
0000
0000
0000
0000
0000
0000
0000
0000
0000
M1M1
0000
0000
0000
0000
0000
0000
0000
0000
0000
0000
0000
0000
0000
0000
0000
M110
0000
0000
0000
0000
0000
0000
0000
0000
0000
0000
0000
0000
0000
0000
0000
M101
0000
0000
0000
0000
0000
0000
0000
0000
0000
0000
0000
0000
0000
0000
0000
0002
0000
0000
0000
0000
0000
0000
0000
0000
0000
0000
0000
0010
0000
0000
0000
0000
0000
0000
0000
0000
0000
0000
0000
0000
0000
0000
0000
0000
0000
0000
0000
0000
0000
0000
0000
2000
0000
0000
0000
0000
0000
0003
0000
0000
0000
0000
0000
,
0001
0000
0000
0000
0200
3000
0010
0000
0000
0300
0100
0000
1000
0000
0010
0000
0100
0000
0001
0000
0010
0000
0001
0000
0200
0000
0010
0000
0000
0000
0002
0300
,
1000
0000
0000
0000
0200
0003
0010
0000
0000
0000
0001
0300
0010
0000
0100
0000
1000
0000
0010
0000
1000
0000
0001
0000
1000
0001
1000
0000
0000
0000
0020
0000
,
1000
0000
0000
0000
1000
0030
0100
0000
0010
0000
0001
0000
0100
0000
0001
0000
0020
0000
0000
0000
0001
0000
0030
0000
1000
0001
1000
0000
0100
0000
0010
0000
,
0001
0000
0000
0000
0001
0000
0010
0000
0002
0000
0100
0000
0000
0000
0103
0000
0010
1000
0010
0000
1000
0000
0001
0000
0020
0000
0100
0000
0000
0000
0002
0030
,
1000
0000
0000
0000
0203
0000
0001
0000
0000
0000
0010
0300
0100
0000
0010
0000
0100
0000
0001
0000
0100
0000
1000
0000
0100
0000
0001
0000
0000
0000
0200
0000
,
0001
0000
0000
0000
0020
0300
0100
0000
0000
0000
1000
0030
0010
0000
1000
0000
0100
0000
0010
0000
0001
0000
0100
0000
0010
0100
0010
0000
0000
0000
2000
0000
,
0010
0000
0000
0000
0001
3000
0100
0000
0001
0000
0010
0000
0100
0000
1000
0000
0020
0000
0000
0000
1000
0000
0030
0000
0010
1000
0010
0000
0100
0000
0001
0000
,
0020
0000
0000
0000
0001
0030
0010
0000
0100
0000
0010
0000
0000
0000
0001
0000
0010
0001
0010
0000
0001
0000
0000
0000
0200
0000
0010
0000
0000
0000
0002
0300
,
0010
0000
0000
0000
1000
0000
0000
0000
0020
0003
0001
0000
0000
0000
0100
0030
1000
0000
0000
0000
0001
1000
0001
1000
0001
0000
0100
0000
0000
0000
0100
0000
,
0002
0000
0010
0000
0000
0000
0000
0000
2000
0003
0010
0000
0000
0000
0001
3000
2000
0000
0000
0000
0010
3000
0000
0000
1000
0010
1000
0000
0000
0000
0100
0000
,
2000
0000
0010
0000
0000
0000
0001
3000
0200
0000
0001
0000
0000
0000
0020
0300
1000
0000
0000
0000
0100
0000
0000
0000
2000
0030
0001
0000
0000
0000
0200
3000
,
0020
0300
0100
0000
0000
0000
0100
0030
2000
0000
0001
0000
0000
0000
0100
3000
1000
0000
0000
0000
0100
0000
0000
0000
1MM1
0000
1000
0000
0000
0000
0001
0000
,
1000
0001
0010
0001
MM11
0010
0000
0001
0100
0010
1000
0010
1M1M
1000
0000
0001
,
1MM1
M2M2
0303
1M1M
M2M2
0303
11MM
0000
;

//---------------lights-cabinet - ----------------
#NOTES:
     lights-cabinet:
     :
     Easy:
     1:
     1.000,0.795,1.000,0.417,0.540,533.000,272.000,51.000,0.000,249.000,0.000:


00000000
11110000
00000000
11110000
00000000
11110000
00000000
11110000
,
00000000
11110000
00000000
11110000
00000000
11110000
00000000
11110000
,
00000000
11110000
00000000
11110000
00000000
11110000
00000000
11110000
,
11110000
11110000
11110000
11110000
,
22220022
00000000
33330033
00000000
00000000
00000000
00000000
00000011
,
22220022
33330033
00000000
00000000
,
22220022
00000000
33330033
00000000
00000000
00000000
00000000
11110011
,
11110011
00000000
00000000
11110011
11110011
00000000
22220022
33330033
,
10000011
01000000
00100011
00010000
10000011
01000000
00100011
00010000
,
10000011
01000000
00100011
00010000
10000011
01000000
00100011
00010000
,
00010011
00100000
01000011
10000000
00010011
00100000
01000011
10000000
,
00010011
00100000
01000011
10000000
00010011
00100000
01000011
10000000
,
10000011
01000000
00100011
00010000
10000011
01000000
00100011
00010000
,
10000011
01000000
00100011
00010000
10000011
01000000
00100011
00010000
,
00010011
00100000
01000011
10000000
00010011
00100000
01000011
10000000
,
00010011
00100000
01000011
10000000
00010011
00100000
01000011
10000000
,
00110011
11000000
00000011
01010000
10100011
00000000
11000011
01010000
,
10100011
00110000
00000011
11000000
10010011
00110000
11000011
00000000
,
01010011
10100000
00000011
11000000
01010011
10100000
00110011
00000000
,
11000011
10010000
01010011
10100000
01010011
01100000
10010011
01100000
,
11110011
00000000
11110011
00000000
,
10100011
00000000
01010011
10100011
00000000
11110011
11110011
00000000
,
10000011
01000000
00100000
00010000
10000011
00000000
01100000
00000000
00010011
00000000
01100000
00000000
10010011
00000000
00000000
00000000
,
10000011
01000000
00100000
00010000
10000011
00000000
01100000
00000000
00010011
00000000
01100000
00000000
10010011
00000000
00000000
00000000
,
00010011
00100000
01000000
10000000
00010011
00000000
01100000
00000000
10000011
00000000
01100000
00000000
10010011
00000000
00000000
00000000
,
00010011
00100000
01000000
00000000
10010011
00000000
00000000
00000000
10000011
01000000
00100011
00000000
10010011
00000000
00000000
00000000
,
10000011
01000000
00100000
00010000
10000011
00000000
01100000
00000000
00010011
00000000
01100000
00000000
10010011
00000000
00000000
00000000
,
10000011
01000000
00100000
00010000
10000011
00000000
01100000
00000000
00010011
00000000
01100000
00000000
10010011
00000000
00000000
00000000
,
00010011
00100000
01000000
10000000
00010011
00000000
01100000
00000000
10000011
00000000
01100000
00000000
10010011
00000000
00000000
00000000
,
11000011
00110011
00000000
11000011
00000000
10010011
11110011
00000000
,
10000011
00100000
01000000
00010000
10000011
00100000
01000000
00010000
10000011
00100000
01000000
00010000
10000011
00100000
01000000
00010000
,
10000011
00100000
01000000
00010000
10000011
00100000
01000000
00010000
10000011
00100000
01000000
00010000
10000011
00000000
00000000
00000000
,
00010011
01000000
00100000
10000000
00010011
01000000
00100000
10000000
00010011
01000000
00100000
10000000
00010011
01000000
00100000
10000000
,
00010011
01000000
00100000
10000000
00010011
01000000
00100000
10000000
00010011
00000000
01100011
00000000
11110011
00000000
00000000
00000000
,
10000011
01000000
00100000
00010000
10000011
01000000
00100000
00010000
10000011
01000000
00100000
00010000
10000011
01000000
00100000
00010000
,
10000011
01000000
00100000
00010000
10000011
01000000
00100000
00010000
10000011
01000000
00100000
00010000
20000011
00000000
00000011
30000000
,
00010011
00100000
01000000
10000000
00010011
00100000
01000000
10000000
00010011
00100000
01000000
10000000
00010011
00100000
01000000
10000000
,
00010011
00000000
00000000
00100000
00000000
00000000
01000000
00000000
00000000
10000000
00000000
00000000
00010011
00000000
00000000
00100000
00000000
00000000
01000000
00000000
00000000
10000000
00000000
00000000
10010010
00000000
00000000
00000000
01100001
00000000
00000000
00000000
10010010
00000000
00000000
00000000
11110001
00000000
00000000
00000000
00000000
00000000
00000000
00000000
00000000
00000000
00000000
00000000
,
10000022
01000000
00100000
00010000
10000033
01000000
00100000
00010000
10000000
01000000
00100000
00010000
10000000
01000000
00100000
00010000
,
10000000
01000000
00100000
00010000
10000000
01000000
00100000
00010000
10000000
01000000
00100000
00010000
10000000
00000000
01100000
00000000
,
10000000
01000000
00100000
00010000
10000000
01000000
00100000
00010000
10000000
01000000
00100000
00010000
10000000
01000000
00100000
00010000
,
10000000
01000000
00100000
00010000
10000000
01000000
00100000
00010000
10000000
01000000
00100000
00010000
10000000
00000000
01100000
00000000
,
10000022
00000000
00000000
01000000
10000033
00000000
00010000
00000000
01000000
00000000
00100000
00000000
00000000
00000000
10000011
00000000
01000022
00000000
00000000
00100000
00010033
00000000
00100000
00000000
10000000
00000000
00010000
00000000
00000000
00000000
10000000
00000000
,
00010022
00000000
00000000
00100000
00010033
00000000
10000000
00000000
00100000
00000000
01000000
00000000
00000000
00000000
00010011
00000000
00100022
00000000
00000000
01000000
10000033
00000000
01000000
00000000
00010011
00000000
10000011
00000000
00100011
00000000
01000000
00000000
,
00010022
00000000
00000000
00100000
00010033
00000000
10000000
00000000
00100000
00000000
01000000
00000000
00000000
00000000
00010011
00000000
00100022
00000000
00000000
01000000
10000033
00000000
01000000
00000000
00010000
00000000
10000000
00000000
00000011
00000000
00010011
00000000
,
10000022
00000000
00000000
01000000
10000033
00000000
00010000
00000000
01000022
00000000
00100000
00000000
00000033
00000000
10000011
00000000
01000022
00000000
00000000
00100000
00010033
00000000
00100011
00000000
10000011
00000000
00010011
00000000
01000011
00000000
00100000
00000000
,
20000022
00000000
00000000
00000000
00000033
00000000
00000000
00000000
00000000
00000000
00000000
00000000
00020010
00000000
00000000
00000000
00000001
00000000
00000000
00000000
00000010
00000000
00000000
00000000
02200001
00000000
00000000
00000000
00000010
00000000
00000000
00000000
00000001
33330000
00000000
00000000
10000011
00000000
00000000
00000000
00000000
00000000
01000000
00000000
00000000
00000000
00000000
00000000
,
00100011
00010000
10000011
01000000
00100011
00010000
10000011
01000000
,
00100011
00010000
10000011
01000000
00100011
00010000
00010011
00100000
,
01000011
10000000
00010011
00100000
01000011
10000000
00010011
00100000
,
01000011
10000000
00010011
00100000
01000011
10000000
10000011
01000000
,
00100011
00010000
10000011
01000000
00100011
00010000
10000011
01000000
,
00100011
00010000
10000011
01000000
00100011
00010000
00010011
00100000
,
01000011
10000000
00010011
00100000
01000011
10000000
00010011
00100000
,
01000011
10000000
00010011
00100000
01000011
10000000
00110011
11000000
,
00000011
01010000
10100011
00000000
11000011
01010000
10100011
00110000
,
00000011
11000000
10010011
00110000
11000011
00000000
01010011
10100000
,
00000011
11000000
01010011
10100000
00110011
00000000
11000011
10010000
,
01010011
10100000
01010011
01100000
10010011
01100000
11110011
00000000
,
00000000
11110011
00000000
10100011
,
01010011
10100011
00000000
11110011
11110011
00000000
11110011
00000000
;

//---------------dance-single - M. Puls----------------
#NOTES:
     dance-single:
     M. Puls:
     Beginner:
     1:
     0.076,0.000,0.016,0.000,0.000,63.000,2.000,0.000,0.000,0.000,0.000:


0000
0000
0000
0000
,
0000
0000
0000
0000
,
0000
0000
0000
0000
,
0000
0000
0000
0000
,
0001
0000
0000
0000
,
0001
0000
0000
0000
,
1000
0000
0000
0000
,
1000
0000
0000
0000
,
0001
0000
0000
0000
,
0001
0000
0000
0000
,
0100
0000
0000
0000
,
0010
0000
0000
0000
,
0100
0000
0000
0000
,
1000
0000
0000
0000
,
0100
0000
0000
0000
,
1000
0000
0000
0000
,
0001
0000
0000
0000
,
0010
0000
0000
0000
,
0001
0000
0000
0000
,
0100
0000
0000
0000
,
0100
0000
0000
0000
,
0100
0000
0000
0000
,
1001
0000
0000
0000
,
1000
0000
0000
0000
,
0001
0000
0000
0000
,
0010
0000
0000
0000
,
0001
0000
0000
0000
,
1000
0000
0000
0000
,
0100
0000
0000
0000
,
1000
0000
0000
0000
,
0000
1000
0000
0000
,
0000
0001
0000
0000
,
0000
0100
0000
0100
,
0000
0000
0010
0000
,
0000
0010
0000
0010
,
0000
0000
1000
0000
,
0000
0001
0000
0001
,
0000
1000
0000
0000
,
0000
0000
0000
0000
,
1000
0000
0100
0000
,
1000
0000
0000
0000
,
0001
0000
0010
0000
,
0001
0000
0000
0000
,
0100
0000
0001
0000
,
0100
0000
0000
0000
,
0010
0000
1000
0000
,
0010
0000
0000
0000
,
0000
0000
0000
0000
,
1000
0000
0000
0000
,
1000
0000
0000
0000
,
0001
0000
0000
0000
,
0001
0000
0000
0000
,
0100
0000
0000
0000
,
0010
0000
0000
0000
,
0100
0000
0000
0000
,
1000
0000
0000
0000
,
0100
0000
0000
0000
,
1000
0000
0000
0000
,
0001
0000
0000
1000
,
0000
0000
0000
0001
,
0000
0000
0000
1001
;
