#TITLE:Tension;
#SUBTITLE:;
#ARTIST:Inspector K;
#TITLETRANSLIT:;
#SUBTITLETRANSLIT:;
#ARTISTTRANSLIT:;
#GENRE:;
#CREDIT:;
#BANNER:tension-banner.png;
#BACKGROUND:tension-bg.png;
#LYRICSPATH:;
#CDTITLE:;
#MUSIC:Inspector K - Tension.ogg;
#OFFSET:-1.586;
#SAMPLESTART:46.790;
#SAMPLELENGTH:15.380;
#SELECTABLE:YES;
#BPMS:0.000=180.000,0.000=180.000,128.000=89.800,128.000=89.800,130.000=90.600,130.000=90.600,131.500=88.500,131.500=88.500,132.000=180.000,132.000=180.000,260.000=85.300,260.000=85.300,262.000=95.000,262.000=95.000,263.500=95.000,263.500=95.000,264.000=180.000,264.000=180.000;
#STOPS:;
#BGCHANGES:0.000=tension-bg.png=1.000=0=0=1=====,
15.000=EV01457N.mpg=1.000=1=0=1===CrossFade==,
32.000=EV01442N.mpg=1.000=0=0=1=====,
40.000=VOL1-16-NTSC.mpg=1.000=0=0=1=====,
48.000=vol3-06-ntsc.mpg=1.000=0=0=1=====,
56.000=EV01447N.mpg=1.000=0=0=1=====,
60.000=674_JumpBack.mpg=1.000=0=0=1=====,
64.000=736_JumpBack.mpg=1.000=0=0=1=====,
72.000=vol4-05-ntsc.mpg=1.000=0=0=1=====,
80.000=vol4-09-ntsc.mpg=1.000=0=0=1=====,
88.000=vol3-14-ntsc.mpg=1.000=0=0=1=====,
96.000=708_JumpBack.mpg=1.000=0=0=1=====,
112.500=EV01442N.mpg=1.000=0=0=1=====,
128.000=jb_042.mpg=1.000=0=0=1=====,
132.000=EV01440N.mpg=1.000=0=0=1=====,
148.000=742_JumpBack.mpg=1.000=0=0=1=====,
164.000=EV01451N.mpg=1.000=0=0=1=====,
180.000=EV01446N.mpg=1.000=0=0=1=====,
194.000=674_JumpBack.mpg=1.000=0=0=1=====,
196.000=EV01447N.mpg=1.000=0=0=1=====,
204.000=vol3-21-ntsc.mpg=1.000=0=0=1=====,
212.000=vol3-07-ntsc.mpg=1.000=0=0=1=====,
220.000=EV01443N.mpg=1.000=0=0=1=====,
227.000=674_JumpBack.mpg=1.000=0=0=1=====,
228.000=672_JumpBack.mpg=1.000=0=0=1=====,
236.000=EV01445N.mpg=1.000=0=0=1=====,
244.000=EV01456N.mpg=1.000=0=0=1=====,
252.000=EV01442N.mpg=1.000=0=0=1=====,
260.000=jb_042.mpg=1.200=0=0=1=====,
264.000=EV01451N.mpg=1.000=0=0=1=====,
280.000=742_JumpBack.mpg=1.000=0=0=1=====,
296.000=EV01440N.mpg=1.000=0=0=1=====,
312.000=EV01447N.mpg=1.000=0=0=1=====,
324.000=EV01442N.mpg=1.000=0=0=1=====,
325.000=EV01456N.mpg=1.000=0=0=1=====,
326.000=jb_042.mpg=1.000=0=0=1=====,
327.000=674_JumpBack.mpg=1.000=0=0=1=====,
328.000=tension-bg.png=1.000=0=0=1=====,
328.750=tension-bg.png=1.000=0=0=1=====,
99999=-nosongbg-=1.000=0=0=0 // don't automatically add -songbackground-
;
#KEYSOUNDS:;
// cache tags:
#FIRSTBEAT:8.000;
#LASTBEAT:328.750;
#SONGFILENAME:/Songs/In The Groove/Tension/Tension.sm;
#HASMUSIC:1;
#HASBANNER:1;
#MUSICLENGTH:116.239;
// end cache tags

//---------------dance-single - K. Ward----------------
#NOTES:
     dance-single:
     K. Ward:
     Easy:
     5:
     0.261,0.000,0.249,0.000,0.000,183.000,29.000,0.000,0.000,0.000,0.000:


0000
0000
0000
0000
,
0000
0000
0000
0000
,
0000
0000
0000
0000
,
0000
0000
0000
0000
,
0000
1001
0000
0000
,
0000
0000
0000
0000
,
0000
0110
0000
0000
,
0000
0000
1001
1001
,
0010
0000
0010
0000
,
1000
0000
0001
0001
,
0100
0000
0100
0000
,
0010
0000
0100
0001
,
1000
0000
1000
0000
,
0001
0000
0001
1000
,
0010
0000
1000
0000
,
1001
0000
0000
0000
,
0001
0000
1000
0000
,
0010
0000
1000
0010
,
1000
0000
0001
0000
,
0100
0000
0001
1000
,
0010
1000
0001
1000
,
0001
0000
0100
0000
,
0001
0100
0001
1000
,
0010
0000
1000
0001
,
0000
0101
0000
1010
,
0000
0011
0000
1100
,
0000
0101
0000
1010
,
0000
0011
0000
1100
,
0000
0101
0000
1010
,
0000
0011
0000
1100
,
0000
0101
0000
1010
,
0000
0011
0000
1100
,
0000
0010
0000
0010
,
1000
0000
1000
0000
,
0100
0000
0100
0000
,
0010
0000
0010
0000
,
0010
0010
0010
0001
,
1000
0000
1000
0000
,
0100
0000
0100
0000
,
0010
0000
0010
0000
,
0010
0010
0010
0001
,
1000
0001
1000
0001
,
0100
0010
0100
0010
,
1000
0000
1000
0000
,
0001
0000
0001
1000
,
1000
0001
1000
0001
,
0100
0000
0010
0000
,
1000
0010
1000
0010
,
1000
0000
0001
0000
,
1001
0000
0000
0000
,
0000
0000
0000
0000
,
1001
0000
0000
0000
,
0000
0000
0000
0000
,
1001
0000
0000
0000
,
0000
0000
0001
1000
,
0110
0000
0000
0000
,
0000
0000
0011
0110
,
1000
0000
1000
0000
,
0001
0000
0001
0000
,
0100
0000
0100
0000
,
0010
0000
0010
1000
,
0001
0000
1000
0000
,
0001
0000
0001
0000
,
1000
0000
1000
0000
,
0010
1000
0001
1000
,
0110
0001
0000
1000
,
0001
0000
0001
0000
,
0010
0000
0010
0000
,
0100
0000
0100
0000
,
0100
0100
0100
0100
,
0001
0000
0001
0000
,
0010
0000
0010
0000
,
0100
0000
0100
0000
,
0100
0100
0100
0100
,
0001
0000
1000
0000
,
0010
0000
0100
0000
,
0001
0100
0001
0100
,
0001
0001
0010
0001
,
1000
0000
0001
1000
,
0010
0000
0010
1000
,
0001
0000
1000
0000
,
0001
0100
0010
0100
,
1001
0000
0000
0000
;

//---------------dance-single - K. Ward----------------
#NOTES:
     dance-single:
     K. Ward:
     Hard:
     9:
     0.723,0.000,0.189,0.465,0.400,512.000,22.000,54.000,0.000,0.000,0.000:


0000
0000
0000
0000
,
0000
0000
0000
0000
,
0000
0000
0000
0000
,
0000
0000
0000
0000
,
0001
1000
0110
0000
0000
0000
0000
0000
,
0000
0000
0000
0000
,
1000
0001
0110
0000
0000
0000
0000
0000
,
0000
0000
1001
1001
,
0001
0000
1000
0010
1000
0000
0001
0100
0001
0000
1000
0010
1000
0000
0001
0100
,
0001
0000
1000
0010
1000
0000
0001
0100
0001
0000
0000
0000
1001
0000
0000
0000
,
1000
0000
0001
0100
0001
0000
1000
0010
1000
0000
0001
0100
0001
0000
1000
0010
,
1000
0000
0001
0100
0001
0000
1000
0010
1000
0000
0000
0000
0110
0000
0000
0000
,
0001
0000
1000
0010
1000
0000
0001
0100
0001
0000
1000
0010
1000
0000
0001
0100
,
0001
0000
1000
0010
1000
0000
0001
0100
0001
0000
0000
0000
1001
0000
0000
0000
,
1000
0000
0001
0100
0001
0000
1000
0010
1000
0000
0001
0100
0001
0000
1000
0010
,
1000
0000
1001
1001
,
0001
0000
1000
0000
0000
0000
0001
0000
0100
0000
0000
0010
0000
0000
1000
0000
,
0001
0010
0000
0001
0100
0010
1000
0000
,
0001
0000
0100
0000
0000
0000
0001
0000
0100
0000
0000
0001
0000
0000
1000
0000
,
0001
0100
0000
0001
1000
0000
1001
0000
,
0001
0000
1000
0000
0000
0000
0001
0000
0100
0000
0000
0010
0000
0000
1000
0000
,
0001
0010
0000
0001
0100
0010
1000
0000
,
0001
0000
0100
0000
0000
0000
0001
0000
0100
0000
0000
0001
0000
0000
1000
0000
,
0001
0100
0000
0001
1000
0000
1001
0000
,
0020
0130
0002
0013
,
0002
1003
0200
0310
,
0100
0020
0000
0000
0100
0030
0102
0000
,
0013
0000
0102
0000
0010
0003
0001
1000
,
0010
2000
0000
0000
3001
0000
0100
0000
,
0020
1030
0200
0310
,
0010
0200
0000
0000
0010
0300
1002
0000
,
0103
0000
2010
0000
0100
3000
1000
0000
,
0001
0000
0000
0000
1000
1000
0000
0000
0000
0000
0000
0000
0001
0001
0000
0000
,
1000
0000
0000
0001
1000
0000
0002
0000
0000
0000
1003
0000
0001
0100
0001
0100
,
0001
0000
0000
0100
0010
0000
2000
0000
0000
0000
3001
0000
1000
0010
1000
0010
,
1000
0000
0000
0010
0100
0000
0002
0000
0000
0000
1003
0000
0001
0100
0001
0100
,
0010
0000
1000
0000
0100
0000
0010
0000
0001
0000
1000
0000
0001
1000
0001
0000
,
1000
0000
0000
0001
1000
0000
0002
0000
0000
0000
1003
0000
0001
0100
0001
0100
,
0010
0000
0000
1000
0010
0000
2000
0000
0000
0000
3001
0000
0100
0001
0100
0001
,
1000
0000
0000
0010
1000
0000
0001
0000
0000
0000
0000
0000
1000
0010
1000
0010
,
0100
0000
0001
0000
0010
0000
0001
0000
1000
0000
0001
0000
1000
0010
1000
0000
,
0002
0000
0000
2003
0000
0000
3200
0000
0000
2300
0000
0000
3001
0000
1000
0000
,
0002
0000
0000
0023
0000
0000
0032
0000
0000
0023
0000
0000
0031
0000
1000
0000
,
0001
0000
0000
1000
0001
0000
0100
0000
0000
0000
0001
0000
1000
0001
1000
0001
,
1000
0000
0001
0000
0000
0000
1000
0000
0001
0000
1000
0000
0010
0100
0010
0000
,
1000
0000
0000
0001
1000
0000
0002
0000
0000
0000
1003
0000
0001
0100
0001
0000
,
1000
0010
1000
0001
1000
0010
0100
0001
,
2000
0000
0000
0010
3100
0000
0002
0000
0000
0000
1003
0000
0010
1000
0010
0000
,
1000
0010
0100
0001
1000
0001
0200
0300
,
0001
1000
0011
0000
0000
0000
0000
0000
,
0000
0000
0000
0000
,
1000
0001
1100
0000
0000
0000
0000
0000
,
0000
0000
0000
0000
,
1000
0010
0011
0000
0000
0000
0000
0000
,
0000
0000
0001
1000
,
0010
0100
1010
0000
0000
0000
0000
0000
,
0000
0000
1001
1001
,
1000
0100
0010
0001
1000
0100
0010
0001
,
1000
0001
1000
0001
1000
0002
2000
3003
,
1000
0100
0010
0001
1000
0100
0010
0001
,
1000
0001
1000
0001
1000
0002
0200
0303
,
0010
1000
0001
1000
0010
1000
0001
1000
,
0100
0010
0100
0010
0001
2000
0002
3003
,
1000
0001
1000
0100
0010
0100
1000
0001
,
1000
0100
2000
0000
3001
0100
0002
0000
,
1003
0000
0000
0000
0001
0001
0000
0000
0000
0000
0000
0000
1000
1000
0000
0000
,
0001
0000
0000
1000
0001
0000
2000
0000
0000
0000
3001
0000
1000
0010
1000
0010
,
1000
0000
0000
0010
0100
0000
0002
0000
0000
0000
1003
0000
0001
0100
0001
0100
,
0001
0000
0000
0100
0010
0000
2000
0000
0000
0000
3001
0000
1000
0010
1000
0010
,
1000
0000
0001
0000
0010
0000
0100
0000
1000
0000
0001
0000
1000
0010
1000
0000
,
0001
0000
0000
0100
0001
0000
2000
0000
0000
0000
3001
0000
1000
0010
1000
0010
,
0100
0000
0000
0001
0100
0000
0002
0000
0000
0000
1003
0000
0010
1000
0010
1000
,
0001
0000
0000
0100
0001
0000
1000
0000
0010
0000
1000
0000
0010
0100
0010
0000
,
1000
0000
0001
0000
0100
0000
0001
0000
0100
0000
0001
0000
1000
0010
1000
0000
,
0002
0000
0000
2003
0000
0000
3020
0000
0000
2030
0000
0000
3001
0000
1000
0000
,
0002
0000
0000
0203
0000
0000
0302
0000
0000
0203
0000
0000
0301
0000
1000
0000
,
0001
0000
0000
1000
0001
0000
0100
0000
0000
0000
0001
0000
1000
0001
1000
0001
,
1000
0000
0001
0000
0000
0000
1000
0000
0001
0000
1000
0000
0010
0100
0010
0000
,
1000
0000
0000
0001
1000
0000
0002
0000
0000
0000
1003
0000
0001
0100
0001
0000
,
1000
0010
1000
0001
1000
0010
0100
0001
,
2000
0000
0000
0010
3100
0000
0002
0000
0000
0000
1003
0000
0010
1000
0010
0000
,
1000
0001
0100
0001
0100
0001
1000
0001
,
1001
0000
0000
0000
;

//---------------dance-single - K. Ward----------------
#NOTES:
     dance-single:
     K. Ward:
     Medium:
     6:
     0.415,0.000,0.336,0.026,0.000,296.000,39.000,3.000,16.000,0.000,0.000:


0000
0000
0000
0000
,
0000
0000
0000
0000
,
0000
0000
0000
0000
,
0000
0000
0000
0000
,
0110
1001
0000
0000
,
0000
0000
0000
0000
,
0110
1001
0000
0000
,
0000
0000
0011
1001
,
0100
0100
0100
0100
,
0001
0000
0000
0000
1000
0100
1000
0000
,
0010
0010
0010
0010
,
0100
0000
0000
0000
0010
0100
0001
0000
,
0100
0000
0100
0000
,
0001
0000
0000
0000
1000
0010
1000
0001
,
0100
0000
0101
0000
,
1001
0000
1001
0110
,
1000
1000
0001
0100
,
0100
0000
0001
0000
1000
0010
0100
0000
,
0001
1000
0001
0001
,
0010
0000
0001
0000
1000
0010
1000
0001
,
1000
1000
0001
0100
,
0100
0000
0001
0000
1000
0001
1000
0000
,
1000
0010
1000
0001
,
0100
0000
0000
0000
0001
0010
0001
0000
,
0000
1010
00M0
0101
,
0M00
1100
00M0
0011
,
00M0
1010
00M0
0101
,
0M00
1100
0002
1003
,
0000
1010
00M0
0101
,
0M00
1100
00M0
0011
,
00M0
1010
0M00
0101
,
0M00
1100
0100
1000
,
0000
1000
0000
0001
,
1000
0001
1000
0000
1000
0000
1000
0000
,
0010
0100
0010
0000
0010
0000
0010
0000
,
0100
0001
0100
0000
0100
0000
0100
0000
,
0100
0001
0100
0000
0100
0001
1000
0000
,
1000
0001
1000
0000
1000
0000
1000
0000
,
0010
0100
0010
0000
0010
0000
0010
0000
,
0100
0001
0100
0000
0100
0000
0100
0000
,
0100
0001
0100
0000
0100
0001
1000
0000
,
0001
1000
0000
1000
0000
1000
0001
0000
,
0001
0100
0000
0100
0000
0100
0010
0000
,
0100
0001
0000
0001
0000
0001
1000
0000
,
1000
0000
0001
0000
0100
0001
1000
0000
,
0001
1000
0001
0000
0001
0000
0100
0000
,
0010
0100
0010
0000
0010
0000
1000
0000
,
0001
1000
0001
0100
,
0002
0000
1003
0110
,
1001
0000
0000
0000
,
0000
0000
0000
0000
,
1000
0011
0000
0000
,
0000
0000
0000
0000
,
0110
1001
0000
0000
,
0000
0000
1000
0001
,
1000
0011
0000
0000
,
0000
0000
1100
1100
,
0001
0001
0001
0001
,
0001
0000
0001
0000
0001
0000
0001
1000
,
0100
0100
0100
0100
,
0100
0000
0100
0000
0100
0000
0100
1000
,
0010
0010
0010
0010
,
0010
0000
0010
0000
0010
0000
0010
1000
,
1001
M00M
1001
M00M
,
1000
0010
0100
0001
,
0110
0001
0000
1000
,
1000
0001
1000
0000
1000
0000
1000
0000
,
0010
0100
0010
0000
0010
0000
0010
0000
,
0100
0001
0100
0000
0100
0000
0100
0000
,
0100
0001
0100
0001
0100
0000
1001
0000
,
1000
0001
1000
0000
1000
0000
1000
0000
,
0010
0100
0010
0000
0010
0000
0010
0000
,
0100
0001
0100
0000
0100
0000
0100
0000
,
0100
0001
0100
0001
0100
0000
1001
0000
,
0001
1000
0000
1000
0000
1000
0001
0000
,
0001
0100
0000
0100
0000
0100
0010
0000
,
0100
0001
0000
0001
0000
0001
1000
0000
,
1000
0000
0001
0000
0100
0001
1000
0000
,
0001
1000
0001
0000
0001
0000
0100
0000
,
0010
0100
0010
0000
0010
0000
1000
0000
,
0001
1000
0001
1000
,
0002
0000
1003
0110
,
1001
0000
0000
0000
;

//---------------dance-single - C. Foy----------------
#NOTES:
     dance-single:
     C. Foy:
     Challenge:
     10:
     0.900,0.000,0.714,0.447,0.465,597.000,83.000,52.000,0.000,0.000,0.000:


0000
0000
0000
0000
,
0000
0000
0000
0000
,
0010
0100
0101
0001
0000
0010
0100
1000
,
0000
0000
0000
0000
0000
0000
0001
0000
1000
0100
0000
0000
0010
0000
0000
0000
,
0001
0010
0011
0001
0000
1000
0000
0010
,
0000
0000
0000
1000
0010
0100
0001
0010
,
0100
0000
1000
0000
1100
0000
1000
0000
0000
0000
0001
0010
0100
0000
1000
0000
,
0000
0000
0000
0000
0000
0000
0001
1000
0001
0000
0000
0000
1010
0000
0000
0000
,
0001
0000
0100
0010
1000
0000
0100
1000
0010
0000
0100
0001
1000
0000
0100
0010
,
0001
0000
0010
0001
1000
0000
0100
0010
0001
0000
0000
0000
0101
0000
0000
0000
,
0010
0000
1000
0100
0010
0000
0100
0010
0001
0000
0010
0001
1000
0000
0010
0100
,
0001
0000
0100
0010
1000
0000
0100
0010
0100
0000
0000
0000
1010
0000
0000
0000
,
0100
0000
0010
0100
0001
0000
0100
0010
1000
0000
0100
1000
0001
0000
1000
0010
,
0100
0000
0001
0100
0010
0000
1000
0001
0100
0000
0000
0000
0101
0000
0000
0000
,
1000
0000
0001
0100
0010
0000
1000
0001
0100
0000
0001
1000
0010
0000
1000
0001
,
0100
0000
0101
1010
,
1001
0000
1100
0000
0000
0000
0011
0000
0110
0000
0000
1100
0000
0000
1010
0000
,
0110
0101
0000
0011
0110
1100
1001
0000
,
0101
0000
1001
0000
0000
0000
0011
0000
1001
0000
0000
1010
0000
0000
0110
0000
,
0101
0110
0000
1001
1010
0000
1001
0000
,
0110
0000
1001
0000
0000
0000
0011
0000
1001
0000
0000
1010
0000
0000
0110
0000
,
0101
0110
0000
1001
1100
1010
0110
0000
,
0101
0000
1001
0000
0000
0000
0011
0000
0110
0000
0000
1100
0000
0000
1010
0000
,
0110
0101
0000
0110
1001
0000
1001
0000
,
1000
0100
1100
1000
0000
0010
1001
0100
,
0001
0000
1000
0000
1001
0000
0100
0001
0000
0000
1010
0000
0110
0000
0101
0000
,
0001
0100
0101
0001
0000
0010
1001
0100
,
1000
0000
0000
0000
0001
0000
0000
0000
0101
0000
0000
0000
0001
0000
0000
0000
0100
0000
0000
0000
0000
0000
0001
1000
0001
0000
0000
0000
1000
0000
0000
0000
,
0010
0100
1001
0100
0000
0001
0101
0001
,
0010
0100
0110
1000
0100
1100
1001
0101
,
0001
0000
0010
0000
1001
0000
0001
0000
0000
0100
0001
0000
0101
0000
0001
0000
,
0010
0000
0000
0000
0100
0000
0000
0000
1001
0000
0000
0000
0100
0000
0001
0000
0000
0000
0000
0000
0000
0000
0001
1000
0001
0000
0000
0000
1000
0000
0000
0000
,
0001
0000
0000
0000
2001
0200
3300
0000
0000
0000
0000
0000
1002
0200
0303
0000
,
0010
0000
0000
1000
0100
0000
0020
0000
0000
0000
0001
0030
1000
0010
0100
0001
,
1000
0000
0000
0010
1000
0000
0200
0000
0000
0000
0010
0300
0001
0100
0010
1000
,
0100
0000
0000
0010
0001
0000
0020
0000
0000
0000
0001
0030
0100
0010
1000
0001
,
0100
0000
0010
0000
0100
0000
1000
0000
0100
0000
0010
0000
1000
0001
0100
0000
,
0010
0000
0000
1000
0100
0000
0020
0000
0000
0000
0001
0030
1000
0010
0100
0001
,
0010
0000
0000
0001
1000
0000
0200
0000
0000
0000
1000
0300
0100
0010
0001
1000
,
0010
0000
0000
0100
0010
0000
1000
0000
0000
0000
0000
0000
0100
0010
0001
0010
,
0100
0000
1000
0000
0100
0000
0001
0000
0100
0000
1000
0000
0010
1000
0001
0000
,
2000
0000
0000
0020
3000
0000
0002
0030
0000
0020
0003
0000
1000
0030
0100
0000
,
0002
0000
0000
0200
0003
0000
2000
0300
0000
0020
3000
0000
0031
0000
0010
0000
,
0100
0000
0000
0010
1000
0000
0100
0000
0000
0000
0010
0000
0001
0010
0100
1000
,
0001
0000
0100
0000
0000
0000
0010
0000
0100
0000
0001
0000
0010
0100
0010
0000
,
0001
0000
0000
0100
0010
0000
2000
0000
0000
0000
0010
3000
0100
0001
1000
0000
,
0010
0100
0001
0010
0001
1000
0001
1000
,
0002
0000
0000
0013
0100
0000
0002
0000
0000
0000
0103
0000
0010
0001
1000
0000
,
0010
0100
0010
0100
0001
1000
0200
0300
,
0100
0000
0100
0010
0001
0000
0100
0000
0000
0000
0001
0000
0100
0000
1000
0000
,
0000
0000
1000
0100
,
0001
0000
0010
0100
1000
0000
0100
0000
0000
0000
0001
0000
0100
0000
1000
0000
,
0000
0000
0000
0000
0000
0000
0000
0000
0000
0010
0000
0000
0000
0000
0100
0000
0000
0000
0010
0000
0000
1000
0000
0000
,
0100
0010
0011
0001
0100
0010
0000
1000
,
0000
0000
0000
1000
0001
0000
0100
0000
,
0010
0000
1000
0000
1010
0000
0010
0000
0000
0000
0010
1000
0001
0000
0010
0000
,
0000
0000
0000
0000
0000
0000
0001
0100
0002
0000
1003
0000
1001
0000
0000
0000
,
1000
0100
0010
0001
1000
0100
0010
0001
,
1000
0001
1000
0001
1000
0002
2000
3003
,
1000
0100
0010
0100
1000
0010
1000
0010
,
1000
0010
0001
0010
1000
0002
0200
0303
,
0010
1000
0100
0010
1000
0010
1000
0010
,
0100
1000
0001
0100
0010
2000
0002
3003
,
1000
0001
1000
0100
0010
0100
1000
0001
,
0100
1000
0200
0000
0301
0010
2000
0000
,
3010
0000
0000
0000
2001
0200
3300
0000
0000
0000
0000
0000
1002
0200
0303
0000
,
0010
0000
0000
0100
0001
0000
0020
0000
0000
0000
0031
0000
1000
0001
0100
0010
,
1000
0000
0000
0100
0010
0000
0002
0000
0000
0000
0103
0000
0010
1000
0001
0100
,
0010
0000
0000
1000
0100
0000
0020
0000
0000
0000
0130
0000
1000
0010
0100
0001
,
0100
0000
0010
0000
1000
0000
0100
0000
0001
0000
0100
0000
1000
0001
0100
0000
,
0010
0000
0000
0100
0001
0000
0020
0000
0000
0000
0130
0000
1000
0100
0010
0001
,
1000
0000
0000
0010
1000
0000
0200
0000
0000
0000
0310
0000
0001
0100
0010
1000
,
0010
0000
0000
1000
0100
0000
0010
0000
0100
0000
1000
0000
0010
0100
0010
0000
,
0100
0000
0001
0000
0010
0000
1000
0000
0010
0000
0001
0000
1000
0010
0100
0000
,
1002
0000
0000
2003
0000
0000
3020
0000
0000
2030
0000
0000
3001
0000
1000
0000
,
0102
0000
0000
0023
0000
0000
0032
0000
0000
0203
0000
0000
0301
0000
1000
0000
,
0001
0000
0000
1000
0001
0000
0100
0000
0000
0000
0010
0000
1000
0010
0100
0001
,
0010
0000
0100
0000
0000
0000
0010
0000
0001
0000
0100
0000
0010
0100
0010
0000
,
1000
0000
0000
0010
0100
0000
0002
0000
0000
0000
0013
0000
0100
1000
0001
0000
,
1000
0010
1000
0100
0010
0001
0100
0010
,
2000
0000
0000
0010
3100
0000
0002
0000
0000
0000
1003
0000
0010
1000
0001
0000
,
2000
0000
0001
3000
0100
0000
0002
0000
0010
0003
0100
0000
1000
0000
0010
0000
,
0110
0000
0000
0000
;

//---------------dance-double - M. Emirzian----------------
#NOTES:
     dance-double:
     M. Emirzian:
     Easy:
     5:
     0.306,0.000,0.172,0.017,0.000,227.000,20.000,2.000,0.000,0.000,0.000:


00000000
00000000
00000000
00000000
,
00000000
00000000
00000000
00000000
,
00000000
00000000
00000000
00000000
,
00000000
00000000
00000000
00000000
,
10000000
10010000
00000000
00000000
,
00000000
00000000
00000000
00000000
,
00001000
00011000
00000000
00000000
,
00000000
00000000
00000001
00001001
,
00000100
00000000
00000010
00000000
,
00000000
00000000
00000000
00000000
,
00000010
00000000
00001000
00000000
,
00000100
00000000
00000000
00000000
,
00010000
00000000
00001000
00000000
,
00100000
00000000
00000000
00000000
,
01000000
00000000
10000000
00000000
,
00020000
00000000
00000000
00000000
,
01030000
00001000
00010000
00000000
,
00001000
00010000
00000100
00000010
,
00001001
00000110
00000000
00000000
,
00000001
00000100
00000010
00010000
,
00011000
01001000
00000000
00000000
,
00010000
01000000
00100000
10000000
,
01010000
01001000
00000000
00000000
,
00010000
00000100
00001000
00000010
,
00001100
00010100
00000000
00000000
,
00001000
00000010
00000100
00000000
,
00000001
00000100
00000010
00000000
,
00001000
00000100
00010000
00000000
,
00001000
01000000
00010000
00000000
,
10000000
01000000
00100000
00000000
,
01000000
00000000
00000000
00000000
,
00010000
00000000
00000000
00000000
,
00001000
00010000
00000000
00001000
,
00010000
00000100
00001000
00000010
,
00000100
00000001
00000100
00000010
,
00000100
00000010
00001000
00000100
,
00010000
00010000
00011000
00000000
,
00001000
01000000
00010000
01000000
,
00100000
10000000
00100000
10000000
,
01000000
00100000
00001000
00010000
,
00001000
00001000
00010100
00000000
,
00000100
00001000
00000010
00000100
,
00000001
00000010
00000001
00000010
,
00000100
00010000
00001000
01000000
,
00010000
00010000
01100000
00000000
,
00100000
10000000
01000000
00100000
,
00010000
01000000
00100000
01000000
,
00100000
01000000
00001000
00010000
,
00000100
00000100
00001010
00000000
,
00000100
00000000
00000100
00000000
,
00000100
00000000
00000000
00000000
,
00001001
00000000
00000100
00000000
,
00000100
00000000
00000000
00000000
,
00011000
00000000
00010000
00000000
,
00010000
00000000
00000000
00000000
,
01001000
00000000
01000000
00000000
,
02000000
00000000
00000000
00000000
,
03010000
01000000
00100000
10000000
,
00010000
01000000
00100000
00000000
,
10000000
01000000
00100000
00001000
,
00010000
00001000
01000000
00000000
,
00001000
00010000
00000010
00001000
,
00000100
00000010
00000001
00000000
,
00000100
00000010
00010000
00001000
,
00010000
00000100
00010000
00001000
,
00010000
00001000
00000000
00010000
,
00001000
01000000
00100000
00000000
,
10000000
10000000
10000000
00000000
,
00100000
10000000
00100000
01000000
,
00001000
00010000
00001000
00000000
,
00010000
00000010
00000100
00000001
,
00000100
00000010
00001000
00000100
,
00000010
00000001
00001000
00000100
,
00010000
00010000
00010000
00000000
,
00001000
01000000
00010000
01000000
,
00100000
10000000
00100000
01000000
,
00010000
10000000
01000000
00100000
,
00001000
00001000
00001000
00000000
,
00010000
00000100
00010000
00001000
,
00010000
00000010
00001000
00000100
,
00000010
00000001
00000100
00000010
,
00001000
00000100
00001001
00000000
,
00000110
00000000
00000000
00000000
;

//---------------dance-double - M. Emirzian----------------
#NOTES:
     dance-double:
     M. Emirzian:
     Medium:
     6:
     0.363,0.000,0.232,0.009,0.000,267.000,27.000,1.000,0.000,0.000,0.000:


00000000
00000000
00000000
00000000
,
00000000
00000000
00000000
00000000
,
00000000
00000000
00000000
00000000
,
00000000
00000000
00000000
00000000
,
10000000
00000000
00000000
00010000
00000000
00000000
00000000
10010000
,
00000000
00000000
00000000
00000000
,
00001000
00000000
00000000
00010000
00000000
00000000
00000000
00011000
,
00000000
00000000
00000000
00000000
,
00000001
00000000
00000110
00000000
00000000
00000000
00000000
00001001
,
00000000
00000000
00000100
00000000
,
00001000
00000000
00000000
00010000
00000000
00000000
00000000
00011000
,
00000000
00000000
00000000
00000000
,
00100000
00000000
00000000
01000000
00000000
00000000
00000000
10010000
,
00000000
00000000
00000000
00000000
,
00001000
00000000
00000000
00010000
00000000
00000000
00000000
00001000
,
00020000
00000000
00000000
00000000
,
00030100
00001000
00000010
00000100
,
00000001
00001000
00000100
00000000
,
00001000
00000100
00010000
00001000
,
00100000
00010000
10000000
00000000
,
01000000
00100000
00001000
00010000
,
00000100
00000000
00001000
00000000
00000010
00000100
00000001
00000000
,
00001100
00000010
00000001
00000100
,
00001000
00000000
00010000
00000000
00001000
01000000
00010000
00000000
,
01010000
00000000
00100000
00000000
,
10000000
01000000
01000000
00000000
,
00100000
00000000
00001000
00000000
,
00010000
00001000
00001000
00000000
,
00010000
00000000
00000100
00000000
,
00001000
00000010
00000010
00000000
,
00001001
00000000
00000010
00000000
,
00000100
00000000
00010000
00000000
,
00001000
00000000
00010000
00001000
01000000
00000000
00010000
01000000
,
00100000
00000000
00000000
10000000
00000000
00000000
01000000
00000000
,
00010000
00000000
00000000
00001000
00000000
00000000
00000100
00000000
,
00000001
00000000
00000000
00000010
00000000
00000000
00000100
00000000
,
00001000
00000000
00000000
00000010
00000000
00000000
00000100
00000000
,
00000010
00000000
00000000
00010000
00000000
00000000
00001000
00000000
,
01000000
00000000
00000000
00001000
00000000
00000000
01000000
00000000
,
00100000
00000000
00000000
10000000
00000000
00000000
01000000
00000000
,
00010000
00000000
00000000
00001000
00000000
00000000
00000010
00000000
,
00000001
00000000
00000000
00000010
00000000
00000000
00001000
00000000
,
00010000
00000000
00000000
00100000
00000000
00000000
01000000
00000000
,
00010000
00000000
00000000
10000000
00000000
00000000
01000000
00000000
,
00100000
00000000
00000000
00001000
00000000
00000000
00010000
00000000
,
00000100
00000000
00000000
00001000
00000000
00000000
00000010
00000000
,
00000100
00000000
00000000
00000001
00000000
00000000
00000100
00000000
,
00001000
00000000
00000000
00100000
00000000
00000000
01000000
00000000
,
10000000
00000000
00000000
00100000
00000000
00000000
01000000
00000000
,
10010000
00000000
00000000
10000000
00000000
01000000
00000000
10010000
,
00000000
00000000
01000000
00000000
,
00110000
00000000
00000000
00100000
00000000
00001000
00000000
00011000
,
00000000
00000000
00010000
00000000
,
00010100
00000000
00000000
00001000
00000000
00000010
00000000
00000101
,
00000000
00000000
00000010
00000000
,
00001001
00000000
00000000
00000100
00000000
00001000
00000000
00010010
,
00000000
00000000
00000000
00000000
,
00010000
00001000
00010000
00100000
,
10000000
00010000
01000000
00000000
00100000
10000000
00010000
00000000
,
01000000
00100000
10000000
01000000
,
00100000
00001000
00010000
00000000
00001000
00010000
00000010
00000000
,
00001000
00000100
00000010
00000001
,
00000100
00000010
00001000
00000000
00000100
00010000
00001000
00000000
,
00010000
00001000
01000000
00100000
,
10000000
00010000
01000000
00000000
00100000
01000000
00010000
00000000
,
10010000
00000000
10000000
00010000
01000000
00000000
00001000
00010000
,
00000100
00000000
00000000
00001000
00000000
00000010
00000100
00000000
,
00001001
00000000
00000000
00000100
00000000
00000010
00001000
00000000
,
00001100
00000000
00000000
00010000
00000000
00001000
01000000
00000000
,
00010000
01000000
00100000
10000000
01000000
00100000
00010000
00000000
,
01000000
00000000
00000000
00100000
00000000
10000000
01000000
00000000
,
00110000
00000000
00000000
01000000
00000000
00001000
00010000
00000000
,
00001100
00000000
00000000
00000010
00000000
00000100
00000001
00000000
,
00001000
00000100
00000010
00000001
00001000
00000100
00000010
00000000
,
00000100
00000000
00000000
00010000
00000000
00001000
00010000
00000000
,
00101000
00000000
00000000
00001000
00000000
01000000
00010000
00000000
,
10100000
00000000
00000000
10000000
00000000
00010000
01000000
00000000
,
00010000
01000000
00100000
10000000
01000000
00100000
00010000
00000000
,
10000000
00000000
00000000
00010000
00000000
01000000
00001000
00000000
,
00011000
00000000
00000000
00000010
00000000
00001000
00000100
00000000
,
00000011
00000000
00000000
00000100
00000000
00000010
00001000
00000000
,
00000100
00001000
00000010
00000100
00000001
00000010
00000100
00000000
,
00001001
00000000
00000000
00000000
;

//---------------dance-double - M. Emirzian----------------
#NOTES:
     dance-double:
     M. Emirzian:
     Hard:
     9:
     0.648,0.000,0.525,0.086,0.017,456.000,61.000,10.000,4.000,0.000,0.000:


00000000
00000000
00000000
00000000
,
00000000
00000000
00000000
00000000
,
00000000
00000000
00000000
00000000
,
00000000
00000000
00000000
00000000
,
00000010
00000100
00001000
00010000
00000000
00010010
00000000
00022000
,
00000000
00033000
00001000
00000000
01000000
00000000
00100000
00000000
,
01000000
00010000
00100000
01000000
00000000
11000000
00000000
20020000
,
00000000
30030000
00000000
M00M0000
10000000
00000000
01000000
00000000
,
00110000
00000000
00000000
00010100
00000000
00010000
00001000
00000020
,
00000000
00000030
00000001
00000000
00000100
00000000
00000010
00000000
,
00001010
00000000
00000000
00101000
00000000
00001000
00010000
02000000
,
00000000
03000000
10000000
00000000
00010000
00000000
01000000
00000000
,
10100000
00000000
00000000
01001000
00000000
01000000
00100000
00020000
,
00000000
00030000
00001000
00000000
00010000
00000000
00000010
00000000
,
00001100
00000000
00000000
00010010
00000000
00001000
00000100
00000010
,
00002002
00000000
00000000
00003003
,
0000M01M
00000000
00000100
00001000
00010000
00000000
00001000
01000000
,
00010000
00100000
00000000
01000000
10000000
01000000
00010000
01000000
,
00100000
00000000
00000000
00000000
00001000
00000000
00010000
00000000
00100000
00000000
00000000
00010000
00000000
00000000
00001000
00000000
,
01000000
00001000
00010000
00000000
00000100
00001000
00000010
00000100
,
00000001
00000000
00000000
00000000
00001000
00000000
00000100
00000000
00000001
00000000
00000000
00000100
00000000
00000000
00000010
00000000
,
00001000
00010000
00100000
00000000
10000000
00010000
01000000
10000000
,
01000000
00000000
00000000
00000000
00010000
00000000
01000000
00000000
00100000
00000000
00000000
00010000
00000000
00000000
00001000
00000000
,
00100000
00000000
00001000
00010000
01000000
00010000
00001000
00010000
,
00000010
00000000
00000100
00000001
00000010
00000000
00000100
00000000
,
00001100
00000000
00000010
00000001
00000100
00000010
00010000
00000000
,
00010100
00000000
00010000
00001000
01000000
00100000
00000000
10100000
,
00000000
00000000
01000000
00010000
00100000
01000000
10000000
00010000
,
00100000
00000000
00100000
00001000
00010000
00000010
00000000
00001010
,
00000000
00000000
00000001
00000100
00000010
00010000
00001000
00000100
,
00000010
00000000
00000010
00010000
00001000
00100000
00000000
11000000
,
00000000
00000000
00010000
10000000
01000000
00100000
01000000
00000000
,
20000000
30000000
01010000
00100000
11000000
00000000
01010000
00010000
,
00011000
00000000
00010000
00000100
00000000
00000010
00001000
00010000
,
00000100
00000000
00000010
00000001
00000100
00000000
00001010
00000000
,
00000100
00000000
00000001
00000100
00000000
00001000
00010000
00100000
,
01000000
00010000
00000000
01100000
00000000
11000000
00000000
10000000
,
10100000
00000000
00010000
01000000
00000000
10000000
01000000
00100000
,
00010000
00000000
00001000
00010000
00000010
00000000
00001100
00000000
,
00000100
00000000
00000001
00000100
00000000
00001000
00000010
00000100
,
00001000
00000000
00010000
01000000
00000000
00100000
00001000
00000000
,
00110000
00000000
00010000
01000000
00000000
00100000
00010000
00001000
,
00100000
00000000
01000000
00010000
00000000
00001000
00000010
00000000
,
00000001
00000000
00000100
00000010
00000000
00000001
00000100
00001000
,
00000100
00000010
00000000
00001000
00000100
00000000
00010100
00000000
,
00011000
00000000
00001000
01000000
00000000
00100000
10000000
01000000
,
10000000
00000000
00100000
00010000
00001000
00000000
01010000
00000000
,
00100000
00000000
01000000
00010000
00000000
00001000
00000010
00000100
,
00001000
00000001
00000100
00000010
00001000
00000100
00000010
00000001
,
00000101
00000000
00000100
00001100
00000000
00000100
00001000
00010000
,
01000000
00000000
10000000
00010000
,
10100000
00000000
01000000
01010000
00000000
01000000
00010000
00001000
,
00000100
00000000
00000000
00001001
00000000
00000000
00000100
00000000
,
00000101
00000000
00001000
00001010
00000000
00000010
00001000
00010000
,
00100000
00000000
10000000
01000000
,
11000000
00000000
00100000
00110000
00000000
00100000
00010000
00001000
,
00000010
00000000
00001001
00000101
,
00000010
00001000
00000100
00001000
00000001
00000100
00001000
00010000
,
01000000
10000000
00010000
01000000
10100000
00010000
01010000
00000000
,
00100000
00010000
00100000
10000000
00100000
00010000
00001000
00000010
,
00000100
00000010
00000001
00001000
00000011
00001000
00001100
00000000
,
00000010
00000100
00001000
00000100
00000010
00001000
00000100
00010000
,
00001000
00100000
01000000
10000000
00110000
10000000
01010000
00000000
,
00100000
10000000
00100000
00010000
00100000
01000000
00010000
00001000
,
00000010
00000001
00001000
00000010
00000101
00000001
00000011
00001000
,
00001100
00000010
00000101
00000000
00001010
00000100
00010010
00000100
,
00011000
00000000
00010000
00001000
00000000
01000000
00100000
10000000
,
01000000
00010000
01000000
00100000
00001000
00010000
01000000
00010000
,
00001000
00000000
00010000
00010100
00000000
00000010
00001100
00000000
,
00000010
00000100
00001000
00000100
00000001
00000010
00001000
00010000
,
00000100
00000000
00010000
00001000
00000000
01000000
10000000
01000000
,
00010000
00000000
00100000
01000000
00000000
10000000
00100000
00010000
,
00001000
00000000
00100000
00011000
00000000
00010000
00010010
00000000
,
00000100
00000010
00001000
00010000
00000100
00001000
00000010
00000100
,
00000001
00000000
00000010
00000100
00000000
00001000
00000010
00000100
,
00001000
00000000
00010000
01000000
00000000
00100000
00001000
00010000
,
00100000
00000000
00010000
00001000
00000000
00000010
00001100
00000000
,
00000100
00001000
00000010
00000001
00000010
00000100
00001000
00010000
,
01000000
00000000
10000000
01000000
00010000
01000000
00100000
00001000
,
00010000
00100000
00010000
00001000
01000000
00100000
10000000
01000000
,
00010000
01000000
00100000
00001000
00000100
00000001
00000010
00001000
,
00010000
00000000
00100000
00000000
00010000
00000000
00001000
00000000
00000010
00000000
00000001
00000000
00000100
00000010
00000100
00000000
,
00001001
00000000
00000000
00000000
;

//---------------dance-double - M. Emirzian----------------
#NOTES:
     dance-double:
     M. Emirzian:
     Challenge:
     10:
     0.752,0.000,0.430,0.095,0.219,551.000,50.000,11.000,21.000,2.000,0.000:


00000000
00000000
00000000
00000000
,
00000000
00000000
00000000
00000000
,
00000000
00000000
00000000
00000000
,
00000000
00000000
00000000
00000000
,
00002010
00000000
000000M0
00000010
00000000
00010000
00000000
00000100
,
00003000
00001000
00010000
01000000
,
00210000
00000000
0M000000
01000000
00000000
00010000
00000000
00001000
,
00300000
00000000
00010000
00000000
00001000
00000100
00000001
00000000
,
00002100
00000000
00000M00
00000100
00000000
00010000
00000000
00000010
,
00003000
00001000
00010000
00100000
,
02100000
00000000
M0000000
10000000
00000000
00010000
00000000
00001000
,
03000000
00000000
00010000
00000000
01000000
00010000
00001000
00000000
,
00002010
00000000
000000M0
00000010
00000000
00010000
00000000
00000100
,
00003000
00000000
00001000
00000000
00000100
00001000
00010000
00000000
,
00202000
00000000
00000000
00000000
00000000
00000000
01000000
00000000
00000000
00000000
00010000
00300000
00000000
00000000
00000000
00000000
,
00013000
00000000
10010000
00000000
00100000
00001000
00010000
01000000
,
00100000
00000000
00010000
01000000
10000000
01000000
00000000
00001000
,
00010000
00000000
01000000
00000000
00010000
00000000
00001000
00000000
00100000
00000000
00010000
00000000
01000000
00100000
01000000
00000000
,
00001000
00010000
00000100
00000010
00000001
00001000
00001001
00001100
,
00000000
00000011
00000000
00000100
00001000
00000100
00000010
00000000
,
00010000
00000000
00001000
00000010
00000100
00010000
00000000
00001000
,
00000100
00000000
00001000
00000000
00010000
00000000
01000000
00000000
00100000
00000000
01000000
00000000
10000000
00010000
10000000
00000000
,
00100000
00010000
00100000
01000000
00001000
00100000
00110000
10010000
,
00000000
11000000
00000000
10000000
01000000
00010000
00001000
00000000
,
00000100
00001000
00020000
01000000
0000M000
00001000
00000000
00130000
,
00000000
10100000
00000000
01000000
00100000
00001000
01000000
00001000
,
00010000
00000010
00000200
00001000
0000000M
00000001
00000000
00000310
,
00000000
00011000
00000000
00000010
00001000
00000100
00000010
00001000
,
00010000
00100000
02000000
00001000
000M0000
00010000
00000000
13000000
,
00000000
01010000
00000000
00100000
01000000
00010000
00001000
00100000
,
00001000
00010000
00000200
00000010
0000M000
00001000
00000000
00000301
,
00000000
00001100
00000000
00000010
00000100
00000000
00011000
00000000
,
01010000
00100000
10000000
00000000
01000000
00000000
00110000
00000000
00101000
00001000
00010000
00000000
00000010
00000000
00001100
00000010
,
00000001
00000100
00000010
00001000
00000000
00000100
00000010
00000100
,
00010000
00000000
00001000
00000000
00000100
00000000
00000010
00000000
00001000
00000100
00001000
00000000
00001001
00000000
00000000
00000000
,
00000010
00000100
00001000
00010000
00001000
00100000
01000000
10000000
,
00010000
01000000
00010000
00000000
00100000
00000000
01000000
00000000
10000000
00000000
00100000
00000000
00010000
00000000
00000000
00000000
,
00001000
01000000
00100000
01000000
00000000
00001000
00100000
01000000
,
00010000
00000000
00000010
00000000
00001000
00000000
00000100
00000000
00000010
00000001
00000010
00000000
00001001
00000000
00000000
00000000
,
00000010
00000100
00000001
00000010
00000100
00001000
00000010
00000100
,
00000001
00000010
00000001
00000000
00001000
00000000
00000010
00000000
00010000
00000000
00001000
00000000
00100000
00000000
00000000
00000000
,
00010000
00100000
10000000
00100000
00000000
00001000
00010000
00100000
,
01000000
00000000
00001000
00000000
00100000
00000000
01000000
00000000
10000000
00010000
10000000
00000000
01100000
00000000
00000000
00000000
,
00010000
01000000
00100000
00010000
00000010
00001000
00000100
00000010
,
00000100
00001000
00000100
00000000
00000001
00000000
00000100
00000000
00001000
00000000
00000100
00000000
00000010
00000000
00000000
00000000
,
00000001
00000100
00001000
00000100
00000000
00000010
00010000
00100000
,
01000000
00000000
00001000
00000000
00010000
00000000
01000000
00000000
10000000
00010000
10000000
00000000
01100000
00000000
00000000
00000000
,
00010000
01000000
00100000
10000000
01000000
00010000
01000000
00100000
,
00001000
00010000
00001000
00010000
00000100
00000000
00001000
00000000
00000010
00000100
00000010
00000100
00000001
00000000
00000010
00000000
,
00001001
00000000
00000000
00000100
00000000
00000010
00001000
00010000
,
01000000
00000000
00000000
0M0M0000
00001010
00000000
00101000
00000000
,
10010000
00000000
00000000
01000000
00000000
00100000
00010000
00001000
,
00000100
00000000
00000000
0000MM00
00110000
00000000
00010100
00000000
,
00001001
00000000
00000000
00000010
00000000
00000100
00001000
00010000
,
00100000
00000000
00000000
00MM0000
00001010
00000000
00101000
00000000
,
10010000
00000000
00000000
01100000
00000000
10010000
00000000
01100000
,
00000000
0MM00000
00010000
00000000
00011000
00000000
00001001
00000000
,
0000M01M
00000100
00001000
00000001
00000100
00001000
00010000
00000010
,
00000100
00000000
00000001
00000000
00000010
00000000
00001000
00000000
00000010
00000001
00000010
00000000
00001001
00000000
00000000
00000000
,
00000010
00000100
00001000
00100000
01000000
00010000
00001000
01000000
,
10000000
00000000
01000000
00000000
00010000
00000000
00100000
00000000
01000000
10000000
01000000
00000000
10010000
00000000
00000000
00000000
,
00100000
01000000
10000000
00100000
00010000
00100000
01000000
00001000
,
00010000
00000000
01000000
00000000
00010000
00000000
00001000
00000000
00000100
00000010
00000100
00000000
00001001
00000000
00000000
00000000
,
00000100
00000010
00000001
00000010
00000100
00001000
00000010
00000100
,
00000001
00001000
00000010
00000000
00010000
00001000
01000000
00000000
00001000
01000000
00010000
00000000
00100000
00000000
00010000
00000000
,
10010000
00000000
11000000
00000000
00110000
01000000
00001000
00000000
00100000
00000000
00110000
00000000
00101000
00010000
00001000
00000000
,
00010000
00000100
00001000
00000010
00000100
00001000
00000100
00000010
,
00001000
00000100
00000010
00000000
00000001
00000000
00000010
00000000
00001000
00000000
00000010
00000000
00000100
00000000
00010000
00000000
,
00001000
00010000
00001000
00000000
01000000
00000000
00100000
00000000
00010000
00000000
00001000
00000000
01000000
00000000
00010000
00000000
,
00100000
01000000
10000000
00000000
00010000
00000000
01000000
00000000
00100000
10000000
00010000
00000000
10000000
00010000
01000000
00010000
,
01000000
00100000
10000000
01000000
00100000
00001000
00010000
00000010
,
00001000
00000001
00000100
00000000
00000010
00000000
00000100
00000000
00000001
00000000
00000010
00000000
00001000
00000000
00000010
00000000
,
00000100
00001000
00000100
00000000
00000001
00000000
00000100
00000000
00010000
00001000
00010000
00000000
00100000
00000000
01000000
00000000
,
00010000
10000000
01000000
00000000
00100000
00000000
01000000
00000000
10000000
00010000
01000000
00000000
00010000
01000000
00100000
01000000
,
00100000
10000000
01000000
00010000
01000000
00100000
00001000
00010000
,
00000010
00001000
00000001
00000000
00000100
00000000
00000001
00000000
00000010
00000000
00000100
00000000
00001000
00000000
00000010
00000000
,
00001000
00000001
00000100
00000000
00000010
00000000
00001000
00000000
00000100
00000000
00000010
00000000
00000100
00000000
00010000
00000000
,
00100000
00010000
00100000
00000000
10000000
00000000
01000000
00000000
00100000
01000000
10000000
00000000
01000000
10000000
00010000
10000000
,
00010000
01000000
00100000
10000000
01000000
00010000
01000000
10000000
,
00010000
01000000
00010000
00000000
00100000
00000000
00001000
00000000
00000100
00000000
00000001
00000000
00000010
00000000
00000100
00000000
,
00001000
00000001
00000100
00000000
00000010
00000000
00000100
00000000
00000001
00001000
00000100
00000000
00000010
00000000
00000100
00000000
,
00001000
00000100
00010000
00000000
00001000
00010000
00000010
00000000
00010000
00001000
01000000
00000000
00100000
10000000
01000000
00000000
,
10010000
00000000
00000000
M00M0000
00000000
00000000
00000000
00000000
00000000
00000000
00000000
00000000
00000000
00000000
00000000
00000000
;

//---------------lights-cabinet - ----------------
#NOTES:
     lights-cabinet:
     :
     Easy:
     1:
     1.000,0.000,1.000,0.000,0.374,569.000,351.000,0.000,0.000,253.000,0.000:


00000000
00000000
00000000
00000000
,
00000000
00000000
00000000
00000000
,
00000011
00000011
00000011
00000000
00000000
00000000
00000000
00000000
,
00000000
00000000
11110011
11110011
,
00010011
10000011
01100011
00000000
00000000
00000000
00000000
00000000
,
00000000
00000000
00000000
00000000
,
10000011
00010011
01100011
00000000
00000000
00000000
00000000
00000000
,
00000000
00000000
10010011
01100011
,
00010011
10000011
00100000
10000000
00100000
01000000
10010000
01000000
,
00100000
01000000
10010000
01000000
00100000
10000000
10010000
00000000
,
10000011
00010011
01000000
00100000
10000000
00100000
01000000
00010000
,
01000000
00100000
10000000
00100000
01000011
10010000
01100011
00000000
,
00010011
10000011
00100000
00010000
01000000
10000000
00100000
01000000
,
00010000
10000000
00100000
01000000
00100000
10000000
01100000
00000000
,
10000011
00010011
01000000
00010000
01000011
00100000
10010000
00100000
,
01100011
00000000
00000000
00000000
10010000
00000011
10010000
00000011
,
00010011
00000000
10000011
00000000
00000000
00000000
00010011
00000000
01000011
00000000
00000000
00100011
00000000
00000000
10000011
00000000
,
00010011
00100011
00000000
00010011
01000011
00100000
10000011
00000000
,
00010011
00000000
01000011
00000000
00000000
00000000
00010011
00000000
01000011
00000000
00000000
00010011
00000000
00000000
10000011
00000000
,
00010011
01000011
00000000
00010011
10000011
00000000
10010011
00000000
,
00010011
00000000
10000011
00000000
00000000
00000000
00010011
00000000
01000011
00000000
00000000
00100011
00000000
00000000
10000011
00000000
,
00010011
00100011
00000000
00010011
01000011
00100000
10000011
00000000
,
00010011
00000000
01000011
00000000
00000000
00000000
00010011
00000000
01000011
00000000
00000000
00010011
00000000
00000000
10000011
00000000
,
00010011
01000011
00000000
00010011
10000011
00000000
10010011
00000000
,
00101011
01000100
00011000
00100100
,
00011000
00000000
10000100
00000000
01001000
00000000
00100100
00001000
,
01000111
00100011
00001000
00000000
01000100
00000000
01011000
00000000
,
00100100
00000000
01011000
00000000
00100100
00000000
00011000
10000100
,
00101011
10000011
00000100
00000000
00011000
00000000
01000100
00000000
,
00101000
00000000
10000100
00000000
01001000
00000000
00100100
00001000
,
00100111
01000011
00001000
00000000
00100100
00000000
10011000
00000000
,
01000100
00000000
10101000
00000000
01000100
00000000
00101000
00000100
,
10011111
00000000
00000000
00000000
11110011
11110011
00000000
00000000
00000000
00000000
00000000
00000000
11110011
11110011
00000000
00000000
,
10000011
00000000
00000011
00010000
10000000
00000000
00010011
00000000
00000011
00000000
10000000
00000011
00010000
01000000
00010011
01000000
,
00010011
00000000
00000011
01000000
00100000
00000000
10000011
00000000
00000011
00000000
00010000
00000000
10000011
00100000
10000000
00100000
,
10000011
00000000
00000011
00100000
01000000
00000000
00010011
00000000
00000011
00000000
10000000
00000011
00010000
01000000
00010011
01000000
,
00100011
00000000
10000011
00000000
01000000
00000000
00100011
00000000
00010011
00000000
10000000
00000000
00010011
10000000
00010000
00000000
,
10000011
00000000
00000011
00010000
10000000
00000000
00010011
00000000
00000011
00000000
10000000
00000011
00010000
01000000
00010011
01000000
,
00100011
00000000
00000011
10000000
00100000
00000000
10000011
00000000
00000011
00000000
00010000
00000000
01000011
00010000
01000000
00010000
,
10000011
00000000
00000011
00100000
10000000
00000000
00010011
00000000
00000011
00000000
00000000
00000011
10000000
00100000
10000011
00100000
,
01000011
00000000
00010011
00000000
00100000
00000000
00010011
00000000
10000011
00000000
00010000
00000000
10000011
00100000
10000000
00000000
,
00010011
00000000
00000011
10000000
00000000
00000000
01000011
00000000
00000011
10000000
00000000
00000011
00010000
00000000
10000011
00000000
,
00010011
00000000
00000011
00100000
00000000
00000000
00010011
00000000
00000011
00100000
00000000
00000000
00010011
00000000
10000000
00000000
,
00010011
00000000
00000011
10000000
00010000
00000000
01000011
00000000
00000011
00000000
00010000
00000011
10000000
00010000
10000011
00010000
,
10000011
00000000
00010011
00000000
00000000
00000000
10000011
00000000
00010011
00000000
10000000
00000000
00100011
01000000
00100000
00000000
,
10000011
00000000
00000011
00010000
10000000
00000000
00010011
00000000
00000011
00000000
10000000
00000011
00010000
01000000
00010011
00000000
,
10000011
00100011
10000000
00010011
10000011
00100000
01000011
00010000
,
10000011
00000000
00000011
00100000
01000000
00000000
00010011
00000000
00000011
00000000
10000000
00000011
00100000
10000000
00100011
00000000
,
10000011
00100011
01000000
00010011
10000011
00010000
01000011
00000000
,
10010011
01100011
10010011
00000000
00000000
00000000
00000000
00000000
,
00000000
00000000
00000000
00000000
,
10010011
01100011
10010011
00000000
00000000
00000000
00000000
00000000
,
00000000
00000000
00000000
00000000
,
10010011
01100011
10010011
00000000
00000000
00000000
00000000
00000000
,
00000000
00000000
10010011
10010011
,
00100011
01000011
10100011
00000000
00000000
00000000
00000000
00000000
,
00000000
00000000
10010011
10010011
,
10000011
01000000
00100011
00010000
10000011
01000000
00100011
00010000
,
10000011
00010000
10000011
00010000
10000011
00010000
10000011
00000011
,
10000011
01000000
00100011
00010000
10000011
01000000
00100011
00010000
,
10000011
00010000
10000011
00010000
10000011
00010000
01000011
00000011
,
00100011
10000000
00010011
10000000
00100011
10000000
00010011
10000000
,
01000011
00100000
01000011
00100000
00010011
10000000
00010011
00000011
,
10000011
00010000
10000011
01000000
00100011
01000000
10000011
00010000
,
10000011
01000000
10000011
00000000
00010011
01000000
00010011
00000011
,
11110011
00000000
00000000
00000000
11110011
11110011
00000000
00000000
00000000
00000000
00000000
00000000
11110011
11110011
00000000
00000000
,
10000011
00000000
00000011
00100000
01000000
00000000
00010011
00000000
00000011
00000000
00010000
00000011
10000000
00100000
10000011
00100000
,
10000011
00000000
00000011
00100000
01000000
00000000
00010011
00000000
00000011
00000000
10000000
00000000
00010011
01000000
00010000
01000000
,
00010011
00000000
00000011
01000000
00100000
00000000
10000011
00000000
00000011
00000000
00010000
00000011
10000000
00100000
10000011
00100000
,
10000011
00000000
00010011
00000000
00100000
00000000
01000011
00000000
10000011
00000000
00010000
00000000
10000011
00100000
10000000
00000000
,
00010011
00000000
00000011
01000000
00010000
00000000
10000011
00000000
00000011
00000000
00010000
00000011
10000000
00100000
10000011
00100000
,
01000011
00000000
00000011
00010000
01000000
00000000
00010011
00000000
00000011
00000000
10000000
00000000
00100011
10000000
00100000
10000000
,
00010011
00000000
00000011
01000000
00010000
00000000
10000011
00000000
00100011
00000000
10000000
00000011
00100000
01000000
00100011
00000000
,
10000011
00000000
00010011
00000000
01000000
00000000
00010011
00000000
01000011
00000000
00010000
00000000
10000011
00100000
10000000
00000000
,
00010011
00000000
00000011
10000000
00000000
00000000
00100011
00000000
00000011
10000000
00000000
00000011
00010000
00000000
10000011
00000000
,
00010011
00000000
00000011
01000000
00000000
00000000
00010011
00000000
00000011
01000000
00000000
00000000
00010011
00000000
10000000
00000000
,
00010011
00000000
00000011
10000000
00010000
00000000
01000011
00000000
00000011
00000000
00010000
00000011
10000000
00010000
10000011
00010000
,
10000011
00000000
00010011
00000000
00000000
00000000
10000011
00000000
00010011
00000000
10000000
00000000
00100011
01000000
00100000
00000000
,
10000011
00000000
00000011
00010000
10000000
00000000
00010011
00000000
00000011
00000000
10000000
00000011
00010000
01000000
00010011
00000000
,
10000011
00100011
10000000
00010011
10000011
00100000
01000011
00010000
,
10000011
00000000
00000011
00100000
01000000
00000000
00010011
00000000
00000011
00000000
10000000
00000011
00100000
10000000
00100011
00000000
,
10000011
00010011
01000000
00010011
01000011
00010000
10000011
00010000
,
10010011
00000000
00000000
00000000
;

//---------------dance-single - M. Puls----------------
#NOTES:
     dance-single:
     M. Puls:
     Beginner:
     1:
     0.107,0.000,0.000,0.000,0.000,87.000,0.000,0.000,0.000,0.000,0.000:


0000
0000
0000
0000
,
0000
0000
0000
0000
,
0000
0000
0000
0000
,
0000
0000
0000
0000
,
1000
0000
0000
0000
,
0000
0000
0000
0000
,
1000
0000
0000
0000
,
0000
0000
0000
0000
,
0001
0000
0000
0000
,
1000
0000
0000
0000
,
0001
0000
0000
0000
,
1000
0000
1000
0000
,
0001
0000
0000
0000
,
1000
0000
0000
0000
,
0001
0000
0000
0000
,
1000
0000
1000
0000
,
0001
0000
0000
0000
,
0001
0000
0000
0000
,
1000
0000
0000
0000
,
1000
0000
0000
0000
,
0010
0000
0000
0000
,
0010
0000
0000
0000
,
1000
0000
0000
0000
,
1000
0000
0000
0000
,
0001
0000
0000
0000
,
0001
0000
0000
0000
,
0001
0000
0000
0000
,
0001
0000
1000
0000
,
0001
0000
0000
0000
,
0001
0000
0000
0000
,
0001
0000
0000
0000
,
0001
0000
1000
0000
,
0001
0000
0000
0000
,
1000
0000
0000
0000
,
1000
0000
0000
0000
,
0001
0000
0000
0000
,
0001
0000
0000
0000
,
1000
0000
0000
0000
,
1000
0000
0000
0000
,
0001
0000
0000
0000
,
0001
0000
0000
0000
,
1000
0000
0001
0000
,
1000
0000
0001
0000
,
1000
0000
0000
0000
,
1000
0000
0000
0000
,
0001
0000
0000
0000
,
1000
0000
0001
0000
,
1000
0000
0000
0000
,
1000
0000
0000
0000
,
0001
0000
0000
0000
,
0000
0000
0000
0000
,
0001
0000
0000
0000
,
0000
0000
0000
0000
,
0001
0000
0000
0000
,
0000
0000
0000
0000
,
0001
0000
0000
0000
,
0000
0000
1000
0000
,
0001
0000
0000
0000
,
0001
0000
0000
0000
,
0001
0000
0000
0000
,
0001
0000
1000
0000
,
0001
0000
0000
0000
,
0001
0000
0000
0000
,
0001
0000
0000
0000
,
1000
0000
0001
0000
,
1000
0000
0000
0000
,
1000
0000
0000
0000
,
1000
0000
0000
0000
,
0001
0000
0000
0000
,
0001
0000
0000
0000
,
1000
0000
0000
0000
,
1000
0000
0000
0000
,
0001
0000
0000
0000
,
0001
0000
0000
0000
,
1000
0000
0001
0000
,
1000
0000
0001
0000
,
1000
0000
0000
0000
,
1000
0000
0000
0000
,
0001
0000
0000
0000
,
1000
0000
0001
0000
,
1000
0000
0000
0000
,
1000
0000
1000
0000
,
0001
0000
0000
0000
,
;
