#TITLE:Zodiac;
#SUBTITLE:;
#ARTIST:Banzai;
#TITLETRANSLIT:;
#SUBTITLETRANSLIT:;
#ARTISTTRANSLIT:;
#GENRE:;
#CREDIT:;
#BANNER:Zodiac-banner.png;
#BACKGROUND:Zodiac-bg.png;
#LYRICSPATH:;
#CDTITLE:;
#MUSIC:Banzai - Zodiac.ogg;
#OFFSET:-0.001;
#SAMPLESTART:94.183;
#SAMPLELENGTH:8.900;
#SELECTABLE:YES;
#BPMS:0.000=107.000;
#STOPS:;
#BGCHANGES:0.000=Zodiac-bg.png=1.000=0=0=1=====,
8.000=EV01442N.mpg=1.000=0=0=1=====,
24.000=670_JumpBack.mpg=1.000=0=0=1=====,
36.000=EV01440N.mpg=1.000=0=0=1=====,
40.000=689_JumpBack.mpg=1.000=0=0=1=====,
56.000=EV01453N.mpg=1.000=0=0=1=====,
72.000=EV01454N.mpg=0.900=0=0=1=====,
80.000=670_JumpBack.mpg=1.000=0=0=1=====,
88.000=700_JumpBack.mpg=1.000=0=0=1=====,
96.000=738_JumpBack.mpg=1.000=0=0=1=====,
104.000=jb_047.mpg=1.000=0=0=1=====,
120.000=jb_117.mpg=1.000=0=0=1=====,
136.000=VOL1-39-NTSC.mpg=1.000=0=0=1=====,
144.000=jb_048.mpg=1.000=0=0=1=====,
152.000=jb_043.mpg=1.000=0=0=1=====,
168.000=670_JumpBack.mpg=1.000=0=0=1=====,
176.000=689_JumpBack.mpg=1.000=0=0=1=====,
184.000=700_JumpBack.mpg=1.000=0=0=1=====,
192.000=738_JumpBack.mpg=1.000=0=0=1=====,
200.000=Zodiac-bg.png=1.000=0=0=1=====,
200.375=Zodiac-bg.png=1.000=0=0=1=====,
99999=-nosongbg-=1.000=0=0=0 // don't automatically add -songbackground-
;
#KEYSOUNDS:;
// cache tags:
#FIRSTBEAT:8.000;
#LASTBEAT:200.375;
#SONGFILENAME:/Songs/In The Groove/Zodiac/Zodiac.sm;
#HASMUSIC:1;
#HASBANNER:1;
#MUSICLENGTH:116.691;
// end cache tags

//---------------dance-single - K. Ward----------------
#NOTES:
     dance-single:
     K. Ward:
     Medium:
     5:
     0.307,0.000,0.146,0.026,0.000,231.000,17.000,3.000,0.000,0.000,0.000:







0000
0000
0000
0000
,
0000
0000
0000
0000
,
1000
0100
1000
0010
,
0100
0010
0100
0011
,
0001
0010
0001
0100
,
0010
1000
0100
1100
,
1000
1001
0001
0101
,
0100
0110
0010
1010
,
1000
1100
0100
0110
,
0000
0100
0010
0000
0000
0010
0001
0000
,
0001
0000
0001
0000
0100
0010
1000
0000
,
1000
0000
1000
0000
0010
0100
0001
0000
,
0010
0000
0010
0000
0001
0100
0010
0000
,
1000
0100
1000
0100
1000
0000
0001
0000
,
1000
0000
1000
0000
0010
0100
0001
0000
,
0001
0000
0001
0000
0100
0010
1000
0000
,
0100
0000
0100
0000
1000
0010
0100
0000
,
0000
0001
0010
0000
0000
0100
0010
0000
,
0001
0000
0100
0000
0010
0100
0010
0000
,
1000
0000
0001
0000
0010
0001
0010
0000
,
0001
0000
0100
0000
0010
0100
0010
0000
,
2000
0000
0010
3010
,
1000
0000
0010
0000
0100
0001
0100
0000
,
0001
0000
0100
0000
0010
1000
0010
0000
,
1000
0010
0100
0001
,
0002
0000
0010
0013
,
0001
1001
0010
0110
,
0001
0000
1001
0000
1000
0001
1000
0000
,
0001
0011
0010
1100
,
0001
0000
0110
0000
1000
0001
1000
0000
,
0001
0000
0001
0000
0001
1000
0001
0000
,
0100
0000
0100
0000
0100
0010
0100
0000
,
0010
0000
0010
0000
0010
1000
0010
0000
,
0100
0000
0010
0000
1000
0001
0020
0000
,
0031
1000
0001
0000
0010
0100
0010
0000
,
0001
1000
0001
0000
0010
0100
0010
0000
,
0001
0010
0001
0000
0100
0010
0100
0000
,
0010
1000
0010
0000
1000
0000
1001
0000
,
1000
0001
0001
0000
0100
0001
0001
0000
,
1000
0001
0001
0000
0100
0010
0010
0000
,
1000
0100
0100
0000
1000
0010
0010
0000
,
0000
1000
0010
0000
0000
0100
0001
0000
,
1000
0000
1000
0000
0010
0100
0001
0000
,
0001
0000
0001
0000
0100
0010
1000
0000
,
0100
0000
0100
0000
1000
0010
0100
0000
,
0001
0010
0001
0010
0001
0000
0011
0000
,
0100
0000
0100
0000
0010
1000
0100
0000
,
1000
0000
1000
0000
0010
0100
0010
0000
,
1000
0000
1000
0000
0001
0010
0001
0000
,
0000
0100
0010
0000
0000
1000
0100
0000
,
1001
0000
0000
0000
;

//---------------dance-single - K. Ward----------------
#NOTES:
     dance-single:
     K. Ward:
     Easy:
     2:
     0.185,0.000,0.094,0.000,0.000,140.000,11.000,0.000,0.000,0.000,0.000:







0000
0000
0000
0000
,
0000
0000
0000
0000
,
1000
0000
1000
0000
,
1000
0000
0001
0001
,
0100
0000
0100
0000
,
0100
0000
0001
0001
,
1000
1000
0100
1000
,
0001
0010
0001
0001
,
1000
0010
1000
1000
,
0110
0000
0110
0000
,
1000
0000
0010
0000
,
0100
0000
0001
0000
,
1000
0000
0100
0000
,
0010
0000
0001
0001
,
1000
0000
0010
0000
,
0100
0000
0001
1000
,
1000
0000
0100
0000
,
1000
0000
0001
0001
,
0101
0000
0100
0000
,
1100
0000
1000
0000
,
0011
0000
0001
0000
,
1001
0000
0001
1000
,
1010
0000
0010
0000
,
1100
0000
0100
0000
,
1001
0000
0100
0010
,
1000
0000
0000
0000
,
0000
0010
0010
0001
,
0000
0100
0100
1000
,
0000
0010
0001
1000
,
0000
0100
1000
0010
,
1000
0000
0001
0000
,
0100
0000
0010
0010
,
1000
0000
0010
0000
,
1000
0001
0001
0000
,
1000
0010
0100
0001
,
1000
0010
0100
0001
,
0010
0001
0100
0001
,
1000
0001
1000
1000
,
0001
0100
0010
1000
,
0001
0100
0010
1000
,
0100
1000
0010
1000
,
0001
0000
1000
0000
,
0001
0001
0100
0100
,
0010
0010
1000
0001
,
1000
1000
0010
0010
,
1000
0001
1000
0000
,
1001
0000
0100
0000
,
0010
0010
1000
0000
,
0001
0001
0100
0100
,
0001
0000
1000
0001
,
1001
0000
0000
0000
;

//---------------dance-single - K. Ward----------------
#NOTES:
     dance-single:
     K. Ward:
     Hard:
     7:
     0.458,0.000,0.137,0.206,0.060,334.000,16.000,24.000,32.000,0.000,0.000:








0000
0000
0000
0000
,
0000
0000
0000
0000
,
1000
0100
1000
0100
1000
0100
1000
0100
,
0001
0100
0001
0100
0001
0100
0001
0100
,
1000
0010
1000
0010
1000
0010
1000
0010
,
0001
0010
0001
0010
0001
0010
1001
0000
,
1000
0000
0100
0000
1000
0000
0100
0000
0010
0000
0001
0000
0010
0000
0001
0010
,
0001
0100
0001
0100
0010
1000
0020
1000
,
1030
0000
0100
0000
1000
0000
0100
0000
0010
0000
0001
0000
0010
0000
0001
1000
,
0002
0100
0103
0M0M
0020
0100
0130
0MM0
,
0001
0000
0100
0000
0010
0000
0001
0000
0010
0000
0100
0000
0010
0000
1000
0010
,
0100
0000
0010
0000
1000
0000
0010
0000
0100
0000
0001
0000
0100
0000
0001
0100
,
0010
0000
0100
0000
0010
0000
1000
0000
0010
0000
0100
0000
0010
0000
1000
0001
,
0100
0000
0010
0000
1000
0000
0010
0000
0100
0010
1000
0000
0100
1000
0010
0000
,
1000
0010
0100
1000
0100
0001
0100
0010
,
1000
0100
0010
0001
0100
0010
1000
1000
,
0010
0100
0010
0001
0010
0100
0010
0010
,
2000
0010
3010
0MM0
0200
0001
0301
0M0M
,
0002
0100
1000
0103
,
0020
0000
0100
0000
0001
0001
0031
0000
,
0002
0100
1000
0103
,
0020
0000
0001
0000
0100
0001
0130
0000
,
2000
0010
0001
3010
,
0200
0000
1000
0000
0010
0010
0310
0000
,
1000
0010
0100
0001
0200
0000
0310
0000
,
2000
0000
0001
0000
0001
0010
3001
M00M
,
1000
1001
0010
0110
,
0001
0000
1100
0000
0001
0100
0100
0001
,
2000
3001
0200
0310
,
1000
0100
0010
0100
1000
0000
1001
0000
,
0100
0100
0002
0000
0103
0100
0020
0000
,
1030
0000
0100
0000
1000
0000
0001
0100
0020
0000
0100
0000
0130
0000
0000
0000
,
0100
0010
2000
0000
3100
0010
0002
0000
,
1003
0010
0100
0010
0110
0MM0
1001
M00M
,
1000
0010
1000
1000
0010
0100
0010
0010
,
0100
0001
1000
0010
0010
1000
1100
MM00
,
1000
0001
0001
0100
0010
1000
1000
0001
,
0100
0000
0001
0000
1000
0000
0010
0100
0001
0000
0010
0000
0011
0000
00MM
0000
,
0001
1000
1100
0000
1000
0001
0011
0000
,
1000
0000
0001
0000
0100
0000
0001
0100
0001
0000
0010
0000
0011
0000
M00M
0000
,
0001
1000
1100
0000
0010
0100
0110
0000
,
0002
0100
0103
0M0M
0200
0001
0301
0M0M
,
1000
0000
0010
0000
0100
0000
0001
0000
1000
0000
0100
0000
0010
0000
0100
1000
,
0010
0100
0001
0100
0010
1000
0010
0010
,
0100
0000
0001
0000
0010
0000
0100
0000
1000
0000
0100
0000
0010
0000
0100
1000
,
0100
0000
1000
0000
0010
0000
0100
0000
0001
0010
0001
0010
0001
0000
000M
0000
,
1000
0100
0001
0100
1000
0100
1000
M000
,
1000
0100
0001
0100
1000
0010
0110
0000
,
0010
0100
0001
0010
0001
1000
0001
0M0M
,
2000
0100
3100
MM00
0200
0010
0310
0MM0
,
1001
0000
0000
0000
;

//---------------dance-single - K. Ward----------------
#NOTES:
     dance-single:
     K. Ward:
     Challenge:
     9:
     0.732,0.000,0.454,0.617,0.728,473.000,53.000,72.000,72.000,6.000,0.000:







0000
0000
0000
0000
,
0000
0000
0000
0000
,
0002
0000
1000
0000
0010
0000
0103
0000
2000
0000
0010
0000
3001
0000
1000
0001
,
2000
0000
0010
0000
3010
0000
0200
0000
0001
0000
0301
0000
2010
0000
3002
M000
,
2003
000M
3010
0000
0010
0000
0100
0000
0010
0000
1000
0000
0001
0000
1000
0001
,
1000
0020
0130
0002
1000
0103
2000
0001
,
3001
0100
M001
0000
0100
0000
0001
0000
0100
0010
1000
0000
1000
0000
0001
1000
,
0002
0000
0103
0000
001M
0000
0000
0000
1000
0000
0000
0000
0001
0000
1000
0000
0001
0000
0100
0000
0010
0000
0000
0000
0100
0000
0000
0000
0001
1000
0001
1000
,
0001
0000
0100
0000
0010
0000
0100
0010
1000
0001
1000
0000
0010
0000
1000
0001
,
2000
0000
3010
M100
0002
0010
0013
0M0M
,
1000
0001
1000
0000
0010
1000
0001
0100
0000
0001
0100
0000
0010
0000
1000
0000
,
0001
1000
0010
0000
0100
0001
0100
0010
0000
1000
0001
0000
1100
0000
0011
0000
,
0100
0010
1000
0000
0001
0100
0010
1000
0000
0001
0100
0000
0011
0000
1100
0000
,
0001
0100
0010
0000
1000
0001
1000
0010
0000
0100
0001
0000
0110
0000
1001
0000
,
1000
0001
0100
0000
0010
0100
0001
1000
0000
0001
1000
0000
0110
0000
1100
0000
,
0001
0100
0010
0000
1000
0001
1000
0010
0000
0100
0001
0000
1100
0000
0011
0000
,
1000
0010
0100
0000
0001
1000
0010
0100
0000
0001
1000
0000
0011
0000
1100
0000
,
0100
0001
0100
0000
0010
1000
0001
0100
0000
0010
1000
0000
0101
0000
M00M
0000
,
1002
1000
1000
1000
1000
1000
1003
M00M
,
1002
1000
1000
1000
1000
1000
1003
M00M
,
2001
0000
0001
0000
0001
0000
0001
0000
0001
0000
0001
0000
0001
0000
0001
0000
0001
0000
3001
0000
0000
M00M
0000
0000
,
2001
0000
0001
0000
0001
0000
0001
0000
0001
0000
0001
0000
3001
0000
0000
M00M
0000
0000
1001
0000
0000
M00M
0000
0000
,
1001
0000
0001
1000
0001
0000
1001
0000
0001
1000
0001
0000
1001
0000
0001
1000
0001
0000
1001
0000
0000
M00M
0000
0000
,
1001
0000
0001
1000
0001
0000
1001
0000
0001
1000
0001
0000
1001
0000
0001
1000
0001
0000
1001
0000
0000
M00M
0000
0000
,
1001
0000
0001
1000
0001
0000
1001
0000
0001
1000
0001
0000
1001
0000
0001
1000
0001
0000
1001
0000
0000
M00M
0000
0000
,
1001
0110
1001
0110
0011
1100
0011
0110
,
2200
0000
0001
0000
0010
0000
0001
3300
,
0022
0000
1000
0000
0100
0000
1000
0033
,
0202
0000
0000
0303
0M0M
0202
0303
0M0M
0202
0000
0000
0303
1010
0000
0000
0000
,
2020
0000
0000
3030
M0M0
2020
3030
M0M0
2020
0000
0000
3030
0101
0000
0000
0000
,
1000
0010
100M
0000
0010
0000
1000
0001
0100
0010
0100
0000
0002
0000
1003
0000
,
0002
0000
0103
0000
001M
0000
0000
0000
1000
0000
0000
0000
0001
0000
1000
0000
0001
0000
0100
0000
0010
0000
0000
0000
0100
0000
0000
0000
0001
1000
0001
1000
,
0001
0000
0100
0000
0010
0000
0100
0010
1000
0001
1000
0000
0020
0000
1030
0001
,
2000
0010
0000
0000
3010
0000
M00M
0000
0200
0010
0000
0300
1001
0000
M00M
0000
,
1000
0001
1000
1000
0001
1000
0001
0001
1000
0001
1000
1000
0001
1000
0001
0001
,
0100
0010
0100
0100
0010
0100
0010
0010
1000
0010
1000
1000
0010
1000
0010
1000
,
0001
0100
0001
0001
0100
0001
0100
0100
0001
1000
0001
0001
1000
0010
1000
1000
,
0001
0100
0010
1000
0001
0100
0010
1000
0010
1000
0001
2000
0000
0002
0000
3003
,
0000
0000
0000
M001
0000
0000
0010
0000
0000
0100
0000
0000
00M0
0000
0000
1M00
0000
0000
0010
0000
0000
1000
0000
0000
000M
0000
M000
0100
0000
0000
0010
0000
0000
0001
0000
0000
2000
0000
0000
0000
0000
0000
3001
0000
0000
0MM0
0000
0000
,
000M
0000
M001
0000
0100
0000
0001
0000
00M0
0M00
0010
0000
0100
0000
0010
0000
M00M
0000
0100
0000
0010
0000
0100
0000
2000
0000
0000
0000
3010
0000
0000
0000
,
0M0M
0000
0000
1000
0000
0000
0100
0000
0000
1000
0000
0000
0000
0000
M000
0001
0000
0000
0010
0000
0000
0002
0000
0000
0000
0000
0000
0103
0000
0000
0010
0000
0000
1000
0000
0000
0010
0000
0000
0000
0000
0000
0100
0000
0000
0000
0000
0000
,
0001
0100
0010
0000
0010
0100
0010
1000
0000
0010
1000
0000
0100
0010
0001
1000
,
0001
0000
0001
0020
0002
0000
0030
0000
20M0
0000
0003
0000
0002
0000
0003
0000
,
0010
0000
3001
2000
0002
3000
0100
0000
M203
0000
0001
0000
032M
0000
0000
0000
,
1030
0000
0001
1000
0002
M000
0000
0000
0010
0000
2003
0000
3200
0000
0000
M000
,
0320
0000
0130
1000
0200
000M
0320
0000
0031
0000
1000
M00M
2002
0000
3003
0000
,
0002
M000
1000
0023
1000
0000
1030
0000
2000
0000
3002
0000
2000
0000
0003
0000
,
0010
0000
3010
0100
M002
0000
1003
0000
2M2M
0000
0030
0000
00M1
0000
3001
0000
,
0200
0000
000M
0000
0000
0000
0310
0000
0000
0100
0000
0000
0020
0000
0000
0000
0000
0000
1000
0000
0000
0000
0000
0000
010M
0000
0000
0000
0000
0000
1030
0000
0000
0000
0000
0000
1002
0000
0000
0000
0000
0000
1000
0000
0000
0000
0000
0000
,
M200
0000
0003
0300
0002
0000
10M0
0000
1003
0100
0010
0100
1000
0100
0010
0001
,
1000
0000
0000
0000
;

//---------------dance-double - M. Emirzian----------------
#NOTES:
     dance-double:
     M. Emirzian:
     Easy:
     2:
     0.160,0.000,0.069,0.240,0.000,95.000,8.000,28.000,0.000,0.000,0.000:







00000000
00000000
00000000
00000000
,
00000000
00000000
00000000
00000000
,
00001000
00001000
00000000
00010000
,
00000100
00000000
00000000
00000010
,
00000010
00000010
00000000
00000001
,
00001000
00000000
00000000
00000100
,
00000100
00000100
00000000
00010000
,
00001000
00000000
00000000
00010000
,
00010000
00010000
00000000
00001000
,
01000000
00000000
00000000
00100000
,
10010000
00000000
00000000
10000000
,
11000000
00000000
00000000
00100000
,
00110000
00000000
00000000
00010000
,
00010100
00000000
00000000
00001000
,
00001001
00000000
00000000
00000010
,
00001010
00000000
00000000
00001000
,
00010010
00000000
00000000
00001000
,
00011000
00000000
00000000
00000000
,
00020000
00030000
00020000
00030000
,
00200000
00300000
00200000
00300000
,
20000000
30000000
00020000
00030000
,
20000000
30000000
00000000
00000000
,
02000000
03000000
02000000
03000000
,
00020000
00030000
00020000
00030000
,
00002000
00003000
00020000
00030000
,
00002000
00003000
00000000
00000000
,
00010000
00000000
00000000
00000000
,
00000001
00000000
00000000
00000000
,
00001000
00000000
00000000
00000000
,
00010000
00000000
00000000
00000000
,
10000000
00000000
00000000
00000000
,
01000000
00000000
00000000
00000000
,
00100000
00000000
00000000
00000000
,
00001000
00000000
00001000
00001000
,
00000100
00000001
00000000
00001000
,
00000100
00000000
00000000
00000010
,
00000010
00000010
00000000
00000001
,
00000100
00000000
00000000
00000010
,
00000010
00000010
00000000
00010000
,
00001000
00000000
00000000
00010000
,
00010000
00010000
00000000
00100000
,
10000000
00000000
00000000
00000000
,
20000000
30000000
20000000
30000000
,
02000000
03000000
02000000
03000000
,
00020000
00030000
00002000
00003000
,
00020000
00030000
00000000
00000000
,
00002000
00003000
00002000
00003000
,
00000020
00000030
00000020
00000030
,
00000002
00000003
00002000
00003000
,
00000002
00000003
00000100
00000010
,
00010000
00000000
00000000
00000000
;

//---------------dance-double - M. Emirzian----------------
#NOTES:
     dance-double:
     M. Emirzian:
     Challenge:
     10:
     0.724,0.000,0.660,0.069,0.707,506.000,77.000,8.000,12.000,4.000,0.000:







00000000
00000000
00000000
00000000
,
00000000
00000000
00000000
00000000
,
00000010
00010000
00001000
00010000
01000000
00000000
10000000
00100000
00000000
01000000
00010000
00000000
00100000
01000000
10000000
00000000
,
00110000
00000000
01000000
00100000
00000000
00010000
00001000
00000100
00000000
00001000
00010000
00000000
00110000
00000000
00011000
00000000
,
00001000
00000000
00000010
00000100
00000000
00000010
00000001
00000100
00000000
00000010
00000100
00000000
00001000
00010000
00100000
00000000
,
00010000
00001000
01000000
00000000
00110000
00000000
01000000
10000000
00000000
01000000
00010000
00000000
00011000
00000000
00001100
00000000
,
00000001
00000010
00000100
00001000
00000010
00000000
00000100
00000001
00000000
00000100
00001000
00000000
00010000
00001000
00000100
00000000
,
00011000
00000000
00010000
00001000
00000000
01000000
00100000
01000000
00000000
00010000
00100000
00000000
11000000
00000000
01010000
00000000
,
00001000
00010000
00100000
00010000
00001000
00000000
00010000
00000100
00000000
00000010
00000100
00000000
00001000
00000010
00000100
00000000
,
00001001
00000000
00000110
00000000
00000001
00000010
00000100
00001000
00000010
00000000
00001100
00000000
00011000
00000000
00000100
00000000
,
00001000
00010000
00100000
00000000
00010000
00001000
01000000
00100000
00000000
01000000
00010000
00000000
00110000
00000000
01001000
00000000
,
00100000
01000000
10000000
00000000
01000000
00010000
00001000
00000100
00000000
00000010
00001000
00000000
00000101
00000000
00001100
00000000
,
00000010
00001000
00000100
00000000
00000010
00000100
00010000
00100000
00000000
01000000
00010000
00000000
10100000
00000000
00110000
00000000
,
00001000
00100000
01000000
00000000
00100000
00001000
00010000
00000010
00000000
00000100
00000001
00000000
00001100
00000000
00011000
00000000
,
00001000
00000100
00000010
00000000
00010000
00100000
01000000
00001000
00000000
01000000
00100000
00000000
11000000
00000000
01010000
00000000
,
00100000
01000000
10000000
00000000
01000000
00100000
00001000
00000010
00000000
00000100
00010000
00000000
00001100
00000000
00000011
00000000
,
00000100
00000010
00000001
00000000
00000010
00000100
00010000
00100000
00000000
01000000
00001000
00000000
00110000
00000000
01100000
00000000
,
10000000
00100000
01000000
00100000
10000000
01000000
00100000
00001000
00000100
00000010
00000100
00000001
00000010
00000100
00010000
00001000
,
00011000
00000000
00000100
00001000
00010M00
00000000
00100000
00010000
00M01000
00000000
01000000
00000000
00110000
00000000
01001000
00000000
,
00100000
00000000
01000000
00010000
0M001000
00000000
00000100
00001000
00010M00
00000000
00000010
00000000
00011000
00000000
00110000
00000000
,
10000000
00000000
01000000
00100000
0M001000
00000000
00010000
00000010
000M0100
00000000
00000001
00000000
00000110
00000000
00001100
00000000
,
00000010
00000000
00010000
00001000
001M0000
00000000
00001000
00010000
0000M010
00000000
00000100
00000000
00001100
00000000
00011000
00000000
,
00100000
00000000
00010000
00001000
000M0100
00000000
00001000
00010000
0100M000
00000000
00100000
00000000
11000000
00000000
01010000
00000000
,
00001000
00000000
00000100
00000010
00001M00
00000000
00100000
01000000
00M10000
00000000
00100000
00000000
01010000
00000000
00011000
00000000
,
00000010
00000000
00010000
00000100
00000010
00000001
00000010
00000000
00000100
00001000
00000010
00000100
00000001
00000000
00000100
00000000
,
00001000
00010000
00001000
00000000
00010000
01000000
10000000
01000000
11000000
00000000
00100000
00000000
01010000
00000000
00100000
00000000
,
20010000
00000000
00000000
00000000
00020000
00000000
00000000
00000000
01100000
30030000
00000000
00000000
00100000
00000000
00001000
00000000
,
00020000
00000000
00000000
00000000
00000020
00000000
00000000
00000000
00001100
00030030
00000000
00000000
00001000
00000000
00000100
00000000
,
00000020
00000000
00000000
00000000
00000002
00000000
00000000
00000000
00001100
00000033
00000000
00000000
00000100
00000000
00000010
00000000
,
00020000
00000000
00000000
00000000
00200000
00000000
00000000
00000000
01001000
00330000
00000000
00000000
01000000
00000000
00010000
00000000
,
00100000
00000000
01000000
10000000
00100000
00000000
01000000
00000000
00010000
00000000
00100000
00000000
01000000
00000000
10000000
00000000
,
00000000
00000000
01000000
00000000
00100000
00000000
00001000
00010000
00000010
00000000
00001000
00000000
00000100
00000000
00000010
00000000
,
00001001
00000000
00000100
00000000
00001000
00000000
00000001
00000100
00001000
00000000
00000100
00000010
00001000
00000000
00010010
00000000
,
00000100
00010000
00001000
00000000
01000000
00100000
00010000
00000000
00100000
01000000
00001000
00000000
01000000
00100000
10000000
01000000
,
00100000
00000000
10100000
00000000
00110000
00000000
01000000
00001000
00000000
00010000
00001000
00000000
00000100
00001000
00010000
00000000
,
00000010
00001000
00000100
00000010
00000001
00000000
00000100
00000010
00000000
00010000
00001000
00000000
00001100
00000000
00011000
00000000
,
00000100
00010000
00001000
00010000
00100000
00000000
10000000
01000000
00000000
00100000
00001000
00000000
00010000
01000000
10000000
00000000
,
01000000
00100000
00001000
00010000
00000100
00000000
00000010
00000100
00000000
00001000
00000001
00000000
00001100
00000000
00011000
00000000
,
00010000
00100000
01000000
00010000
00100000
00000000
01000000
10000000
00000000
01000000
00100000
00000000
00001000
00010000
00000010
00000000
,
00010000
00100000
01000000
00001000
00010000
00000000
00000010
00000100
00000000
00000001
00000100
00000000
00001100
00000000
00011000
00000000
,
00001000
01000000
00100000
10000000
01000000
00000000
00100000
01000000
00000000
00100000
00001000
00000000
00010000
00001000
00000100
00000000
,
00001100
00000000
00000101
00000000
00000010
00001000
00000100
00000010
00000001
00000000
00001100
00000000
00011000
00000000
00110000
00000000
,
01000000
00010000
00100000
00000000
01000000
10000000
00100000
01000000
00000000
00010000
00100000
00000000
00011000
00000000
00001010
00000000
,
00000100
00001000
00000010
00000000
00001000
00000100
00000010
00000001
00000000
00000100
00000010
00000000
00001010
00000000
00011000
00000000
,
00000100
00001000
00010000
00000000
00001000
01000000
00100000
10000000
00000000
01000000
00100000
00000000
01010000
00000000
00011000
00000000
,
00100000
01000000
00001000
00000000
00010000
00000100
00000010
00000001
00000000
00000100
00000010
00000000
00001010
00000000
00000011
00000000
,
00000100
00001000
00010000
00000000
00000010
00010000
00100000
01000000
00000000
00001000
00010000
00000000
01010000
00000000
11000000
00000000
,
00100000
00010000
00001000
00000000
00010000
00100000
01000000
00100000
00000000
01000000
00001000
00000000
00110000
00000000
00011000
00000000
,
00001000
00000100
00000010
00000000
00000100
00000001
00000010
00000100
00000000
00001000
00000001
00000000
00001100
00000000
00011000
00000000
,
01000000
00100000
10000000
01000000
00100000
01000000
00010000
00000010
00001000
00000001
00000100
00000010
00010000
01000000
10000000
00100000
,
01010000
00000000
00000000
00000000
;

//---------------dance-double - M. Emirzian----------------
#NOTES:
     dance-double:
     M. Emirzian:
     Medium:
     7:
     0.391,0.000,0.120,0.077,0.201,296.000,14.000,9.000,3.000,0.000,0.000:







00000000
00000000
00000000
00000000
,
00000000
00000000
00000000
00000000
,
10000000
00000000
00100000
00000000
01000000
00001000
00010000
00000010
,
00000000
00000000
00010000
00000000
00001000
00000000
00000000
00100000
00000000
00000000
00001000
00000000
00010000
00000000
00000000
00000000
,
00000010
00000000
00000100
00000000
00001000
00010000
00000010
00010000
,
00000000
00000000
00001000
00000000
01000000
00000000
00000000
00001000
00000000
00000000
00010000
00000000
00100000
00000000
00000000
00000000
,
10000000
00000000
01000000
00000000
00010000
01000000
00100000
00001000
,
00000000
00000000
00010000
00000000
00000010
00000000
00000000
00000100
00000000
00000000
00000001
00000000
00000010
00000000
00000000
00000000
,
00000100
00000000
00010000
00000000
00001000
01000000
00001000
00010000
,
00000000
01000000
10000000
00100000
10010000
00000000
00011000
00000000
,
00000010
00000000
00000001
00000000
00000100
00000000
00000010
00001000
00000000
00000100
00000000
00000000
00000010
00000000
00000000
00000000
,
00000001
00000000
00000100
00000000
00001000
00000000
00010000
00001000
00000000
00100000
00000000
00000000
00010000
00000000
00000000
00000000
,
00100000
00000000
01000000
00000000
10000000
00000000
00100000
01000000
00000000
00010000
00000000
00000000
00100000
00000000
00000000
00000000
,
01000000
00000000
00010000
00000000
00001000
00000000
01000000
00001000
00000000
00010000
00000000
00000000
00000110
00000000
00000000
00000000
,
00000100
00000000
00000001
00000000
00000010
00000000
00000100
00001000
00000000
00000010
00000000
00000000
00000100
00000000
00000000
00000000
,
00000001
00000000
00000010
00000000
00000100
00000000
00010000
00001000
00000000
01000000
00000000
00000000
00010000
00000000
00000000
00000000
,
00100000
00000000
00010000
00000000
01000000
00000000
00100000
10000000
00000000
01000000
00000000
00000000
00100000
00000000
00000000
00000000
,
00010000
00000000
01000000
00000000
00001000
00000000
00010000
00000100
00000000
00001000
00000010
00000000
00000100
00000000
00000000
00000000
,
00001002
00000000
00000010
00000000
00001000
00001000
00001003
00000000
,
00020100
00000000
00001000
00000000
00100000
00100000
00130000
00000000
,
10020000
00000000
00100000
00000000
01000000
01000000
01030000
00100000
,
10000000
00000000
00100000
01000000
00001000
00010000
00000100
00000000
,
00010020
00000000
00001000
00000000
00010000
00010000
00010030
00000000
,
00021000
00000000
00000010
00000000
00000100
00000100
00030100
00000000
,
00102000
00000000
00000010
00000000
00010000
00010000
00013000
01000000
,
10000000
00000000
10000000
01000000
00100000
00001000
00010000
00000010
,
00000100
00000020
00000000
00001030
,
000001M0
00020000
00000000
00031000
,
010M0000
00200000
00000000
10300000
,
01M00000
00000000
00010000
00000000
00001000
00010000
00000010
00000000
,
00000100
00000001
00000010
00000100
,
00010000
00001000
01000000
00010000
,
00100000
01000000
10000000
00100000
,
00010000
00000000
00001000
00000000
00000010
00000001
00000100
00000010
,
00001000
00000000
00000100
00000010
00000000
00000000
00000001
00000000
00000100
00000000
00000010
00001000
00000000
00000000
00000010
00000000
,
00010000
00000000
00001000
00010000
00000000
00000000
00001000
00000000
01000000
00010000
00000000
00000000
10010000
00000000
00000000
00000000
,
00100000
00000000
10000000
01000000
00000000
00000000
10000000
00000000
00100000
00000000
01000000
00010000
00000000
00000000
00100000
00000000
,
01000000
00000000
10000000
00010000
00000000
00000000
00100000
00000000
00001000
00010000
00000000
00000000
00010100
00000000
00000000
00000000
,
00000010
00000000
00000001
00000100
00000000
00000000
00000010
00000000
00001000
00000000
00000100
00000010
00000000
00000000
00000100
00000000
,
00001000
00000000
00000010
00010000
00000000
00000000
00001000
00000000
00010000
00001000
00000000
00000000
01001000
00000000
00000000
00000000
,
00001000
00010000
01000000
10000000
00100000
01000000
00010000
10000000
,
00000000
01000000
00100000
00001000
00010000
00000100
00000010
00000000
,
00000100
00000000
00001000
00000000
00000010
00000000
00000100
00000001
00000000
00000010
00000000
00000000
00000100
00000000
00000000
00000000
,
00001000
00000000
00000010
00000000
00010000
00000000
00001000
00100000
00000000
00001000
00000000
00000000
01000000
00000000
00000000
00000000
,
00010000
00000000
00100000
00000000
01000000
00000000
10000000
00100000
00000000
01000000
00000000
00000000
00010000
00000000
00000000
00000000
,
10000000
00000000
01000000
00000000
00100000
00000000
00001000
00010000
00000000
00000010
00000000
00000000
00011000
00000000
00000000
00000000
,
00001000
00000000
00000010
00000000
00000100
00000000
00001000
00000010
00000000
00000100
00000000
00000000
00000001
00000000
00000000
00000000
,
00000100
00000000
00001000
00000000
00010000
00000000
01000000
10000000
00000000
01000000
00000000
00000000
00100000
00000000
00000000
00000000
,
00010000
00000000
01000000
00000000
00001000
00000000
00010000
00000100
00000000
00001000
00000000
00000000
00000010
00000000
00000000
00000000
,
00000100
00000000
00000001
00000000
00000010
00000000
00000100
00010000
00000000
00001000
00100000
00000000
00010000
00000000
01000000
00000000
,
10010000
00000000
00000000
00000000
;

//---------------dance-double - M. Emirzian----------------
#NOTES:
     dance-double:
     M. Emirzian:
     Hard:
     9:
     0.618,0.000,0.343,0.154,0.583,447.000,40.000,18.000,47.000,6.000,0.000:







00000000
00000000
00000000
00000000
,
00000000
00000000
00000000
00000000
,
10000000
00000000
00010000
00000000
01000000
00000000
00100000
10000000
00000000
01000000
00100000
00000000
00010000
01000000
00100000
00000000
,
10000000
00000000
01000000
00000000
00100000
00000000
00001000
00010000
00000000
00000010
00001000
00000000
00001001
00000000
00000110
00000000
,
00001100
00000000
0000MM01
00000000
00000100
00000000
00000010
00001000
00000000
00000100
00000010
00000000
00000001
00000100
00000010
00000000
,
00001000
00000000
00000100
00000000
00010000
00000000
00100000
10000000
00000000
01000000
00100000
00000000
10010000
00000000
01100000
00000000
,
11000000
00000000
1M000000
00000000
01000000
00000000
00100000
00010000
00000000
10000000
01000000
00000000
00100000
00001000
00010000
00000000
,
00000100
00000000
00000010
00000000
00000001
00000000
00000100
00000010
00000000
00001000
00000100
00000000
00000110
00000000
00001001
00000000
,
00000110
00000000
00000M10
00000000
00000100
00000000
00001000
00000010
00000000
00010000
00001000
00000000
01000000
00100000
10000000
00000000
,
10010000
00000000
01000000
00000000
00100000
00010000
01000000
00100000
10000000
00000000
01000000
00000000
00110000
00000000
00101000
00000000
,
00100000
00000000
00001000
00000000
00010000
00000000
00000100
00000010
00000000
00000001
00000100
00000010
00001000
00000000
00000101
00000000
,
00000010
00000000
00001000
00000000
00000100
00000000
00000010
00000001
00000000
00000100
00000010
00010000
00001000
00000000
00101000
00000000
,
01000000
00000000
00100000
00000000
10000000
00000000
01000000
00100000
00000000
00010000
01000000
00100000
10000000
00000000
01010000
00000000
,
00100000
00000000
00000000
00000000
10000000
00000000
00000000
00000000
01000000
00000000
00000000
00000000
00100000
00000000
00001000
00000000
00000000
00000000
00010000
00000000
00000100
00000000
00000010
00000000
00000110
00000000
00000000
00000MM0
00001000
00000000
00000000
00000000
,
00000001
00000000
00000100
00000000
00000010
00000000
00001000
00000100
00000000
00000010
00000001
00000100
00000010
00000000
00010010
00000000
,
00001000
00000000
00000100
00000000
00010000
00000000
00001000
01000000
00000000
00100000
10000000
01000000
00100000
00000000
11000000
00000000
,
00100000
00000000
01000000
00000000
00010000
00000000
00100000
01000000
00000000
10000000
00100000
01000000
00001000
00000000
00010000
00000010
,
00000100
00000000
00000001
00000000
00000010
00000000
00000100
00000000
00000010
00000000
00000001
00000000
00000100
00000000
00000010
00000000
00001000
00000000
00000100
00000000
00000010
00000000
00000001
00000000
00001001
00000000
00000000
0000M00M
00000100
00000000
00000000
00000000
,
00000100
00000000
00000100
00001000
00010000
00M0M000
00010000
00000000
00010000
00100000
10000000
0MMM0000
10000000
00000000
10000000
00000000
,
01000000
00000000
01000000
00010000
00001000
000M0M00
00001000
00000000
00001000
00000100
00000001
0000MMM0
00000001
00000000
00000001
00000000
,
00000010
00000000
00000010
00001000
00010000
00M0M000
00010000
00000000
00010000
00100000
10000000
0MMM0000
10000000
00000000
10000000
00000000
,
01000000
00000000
00010000
00001000
00000100
00000000
00000100
00000000
00000001
00000010
00000100
00001000
00000001
00000000
00000000
00000000
,
00000010
00000000
00000010
00000001
00000100
0000M0MM
00000100
00000000
00000100
00001000
00010000
00M0M000
00010000
00000000
00010000
00000000
,
00100000
00000000
10000000
00100000
00010000
00M0M000
00010000
00000000
00010000
00001000
00000100
0000M00M
00000100
00000000
00000100
00000000
,
00000001
00000000
00000001
00000010
00001000
000M0M00
00001000
00000000
00001000
00010000
00100000
MM0M0000
00100000
00000000
00100000
00000000
,
00010000
00000000
00001000
00000100
00000001
00000000
00000010
00000000
00001100
00000000
00000010
00000000
00000101
00000000
00000110
00000000
,
00001001
00000000
00000200
00000000
00000320
00000M00
00020000
00000000
,
00001000
00030030
00000000
00000000
00200000
00000000
00000000
00000000
20300000
00000000
00M00000
00000000
02000000
00000000
00000000
00000000
,
00010000
33000000
00000000
00000000
00020000
00000000
00000000
00000000
00032000
00000000
000M0000
00000000
00000200
00000000
00000000
00000000
,
00000001
00003300
00000000
00000000
00000001
00000000
00000010
00000000
00000100
00000000
00010000
00000000
00001000
00000000
00000000
00000000
,
00000020
00000000
00000000
00000000
00002030
00000000
000000M0
00000000
00020000
00000000
00000000
00000000
01000000
00033000
00000000
00000000
,
02000000
00000000
00000000
00000000
23000000
00000000
0M000000
00000000
00200000
00000000
00000000
00000000
00010000
30300000
00000000
00000000
,
02000000
00000000
00000000
00000000
03002000
00000000
0M000000
00000000
00200000
00000000
00000000
00000000
01000000
00303000
00000000
00000000
,
01000000
00000000
00000000
00000000
10000000
00000000
10000000
00000000
10000000
00000000
10000000
00000000
01000000
00100000
00001000
00010000
,
00000010
00000000
00000100
00000000
00000001
00000000
00000010
00000100
00000000
00001000
00000001
00000100
00000010
00000000
00001000
00000000
,
00000100
00000000
00000010
00000001
00000000
00000100
00000010
00010000
00000000
00001000
01000000
00000000
01100000
00000000
10010000
00000000
,
00100000
00000000
01000000
00000000
00010000
00000000
00100000
01000000
00000000
10000000
00100000
01000000
00010000
00000000
10000000
00000000
,
01000000
00000000
00100000
00001000
00000000
00010000
00000100
00000010
00000000
00000001
00000100
00000000
00000110
00000000
00001001
00000000
,
00000100
00000000
00000010
00000000
00000001
00000000
00000100
00000010
00000000
00001000
00000100
00000010
00000001
00000000
00000100
00000000
,
00000010
00000000
00010000
00001000
00000000
01000000
00100000
10000000
00000000
01000000
00100000
00000000
10010000
00000000
01100000
00000000
,
00100000
00000000
10000000
00000000
00010000
00000000
00100000
01000000
00000000
00100000
00001000
00010000
00000010
00000000
00000100
00000000
,
00000001
00000000
00000010
00000000
00000100
00001000
00000010
00000100
00000001
00000000
00000110
00000000
00001001
00000000
0000M10M
00000000
,
00000010
00000000
00000001
00000000
00000100
00000000
00000010
00001000
00000000
00000100
00010000
00001000
01000000
00000000
00110000
00000000
,
01000000
00000000
10000000
00000000
00100000
00000000
01000000
00010000
00000000
00100000
01000000
10000000
00100000
00000000
10010000
00000000
,
01000000
00000000
00001000
00000000
00100000
00000000
00001000
00010000
00000000
00000010
00001000
00000100
00000010
00000000
00000011
00000000
,
00000100
00000000
00001000
00000000
00000001
00000000
00000100
00000010
00000000
00010000
00001000
00100000
00110000
00000000
10010000
00000000
,
01000000
00000000
00100000
00000000
00010000
00000000
10000000
00100000
00000000
10000000
01000000
00100000
00001000
00000000
00101000
00000000
,
00010000
00000000
00000100
00000000
00001000
00000000
00000010
00001000
00000000
00000100
00010000
00000010
00000100
00000000
00001001
00000000
,
00000010
00000000
00001000
00000000
00000100
00000000
00000010
00000001
00000000
00000100
00000010
00000000
00000110
00000000
00001000
00000001
,
00000100
00000010
00000100
00000001
00001000
00000100
00010000
00001000
00100000
01000000
00100000
00010000
01000000
00100000
10000000
00010000
,
10010000
00000000
00000000
M00M0000
00000000
00000000
00000000
00000000
00000000
00000000
00000000
00000000
00000000
00000000
00000000
00000000
00000000
00000000
00000000
00000000
00000000
00000000
00000000
00000000
00000000
00000000
00000000
00000000
00000000
00000000
00000000
00000000
;

//---------------lights-cabinet - ----------------
#NOTES:
     lights-cabinet:
     :
     Easy:
     1:
     1.000,0.000,1.000,0.000,0.484,473.000,221.000,0.000,0.000,167.000,0.000:


00000000
00000000
00000000
00000000
,
00000000
00000000
00000000
00000000
,
00010011
00000000
10000000
00000000
00100011
00000000
01000000
00000000
10000011
00000000
00100000
00000000
00010011
00000000
10000000
00010000
,
10000011
00100000
00100011
01000000
00010011
00010000
10100011
00010000
,
10000011
00000000
00100000
00000000
00100011
00000000
01000000
00000000
00100011
00000000
10000000
00000000
00010011
00000000
10000000
00010000
,
10000011
00100000
01000011
00010000
10000011
10010000
11110011
00000000
,
00010011
01000000
00010000
00000000
01000011
00000000
00010000
00000000
01000011
00100000
10000000
00000000
10000011
00000000
00010000
10000000
,
00010011
01000000
00100000
00000000
10000011
00000000
00010000
10000000
00010011
01000000
00100000
00000000
01000011
00000000
01100000
00000000
,
10010011
00000000
01000000
00000000
00100011
00000000
01000000
00100000
10000011
00010000
10000000
00000000
00100011
00000000
10000000
00010000
,
10000011
00001100
10011100
00000000
01100011
10011100
11111100
00000000
,
10000011
00010000
10000000
00000000
00100011
10000000
00010000
01000000
00000011
00010000
01000000
00000000
00100011
00000000
10000000
00000000
,
00010011
10000000
00100000
00000000
01000011
00010000
01000000
00100000
00000011
10000000
00010000
00000000
11000011
00000000
00110000
00000000
,
01000011
00100000
10000000
00000000
00010011
01000000
00100000
10000000
00000011
00010000
01000000
00000000
00110011
00000000
11000000
00000000
,
00010011
01000000
00100000
00000000
10000011
00010000
10000000
00100000
00000011
01000000
00010000
00000000
01100011
00000000
10010011
00000000
,
10000011
00010000
01000000
00000000
00100011
01000000
00010000
10000000
00000011
00010000
10000000
00000000
01100011
00000000
11000000
00000000
,
00010011
01000000
00100000
00000000
10000011
00010000
10000000
00100000
00000011
01000000
00010000
00000000
11000011
00000000
00110000
00000000
,
10000011
00100000
01000000
00000000
00010011
10000000
00100000
01000000
00000011
00010000
10000000
00000000
00110011
00000000
11000000
00000000
,
01000011
00010000
01001100
00000000
00101100
10000000
00010000
01000000
00000011
00100000
10001100
00000000
01011111
00000000
00000000
00000000
,
10010011
01000000
00101111
00010000
00100011
01000000
10001111
00000000
,
10010011
01000000
00101111
00010000
00100011
01000011
10001111
00000000
,
10010011
00100000
01001111
10000000
01000011
00100000
10011111
00000000
,
10010011
00100000
01001111
10000000
01001111
00101111
10011111
00000000
,
11110011
01000000
00101111
11110000
00100011
01000000
11111111
00000000
,
11110011
01000000
00101111
11110000
00100011
01000000
11111111
00000000
,
11110011
00100000
01001111
11110000
01000011
00100000
11111111
00000000
,
11110011
00100000
01001111
10000000
11111111
00001111
11111111
00000000
,
10010011
00000000
00010000
00000000
00100000
01000000
10010000
00000000
,
11110000
00000000
10000000
00000000
01000000
10000000
00010000
01000000
,
10100000
01010000
10100000
00000000
01010000
00000000
10100000
00000000
,
10100000
10100000
01010000
01010000
10100000
00000000
11110000
00000000
,
10000000
00100000
10000000
00000000
00100000
00000000
10000000
00010000
01000000
00100000
01000000
00000000
00010000
00000000
10000000
00000000
,
00010000
01000000
00100000
00000000
10000000
00000000
00010000
10000000
00010000
01000000
00100000
00000000
01000000
00000000
01100000
00000000
,
10010000
00000000
01000000
00000000
00100000
00000000
01000000
00100000
10000000
00010000
10000000
00000000
00100000
00000000
10000000
00010000
,
10000000
00100000
00000000
00000000
00100000
00000000
01000000
00000000
10010000
00000000
01100000
00000000
10010000
00000000
01100000
00000000
,
10100011
00010000
11000000
10000000
00110011
10000000
01010000
00010000
10100011
00010000
11000000
10000000
00110011
10000000
01010000
00010000
,
01010011
00100000
11000000
01000000
00110011
01000000
10100000
00100000
10010011
00100000
11000000
10000000
00110011
10000000
01100000
10000000
,
00110011
01000000
10010000
00010000
01100011
00010000
11000000
01000000
00110011
10000000
01010000
00010000
10000011
00100000
10000000
10000000
,
00010011
01000000
00100000
10000000
00010011
01000000
00100000
10000000
01100011
00000000
10010000
00000000
11110011
00000000
00000011
00000000
,
10000011
00010000
00100000
01000000
00000011
10000000
00100000
10000000
00010011
01000000
00100000
00010000
10000011
01000000
00010000
01000000
,
00000011
00010000
01000000
00010000
10000011
00100000
01000000
00100000
00010011
01000000
00100000
01000000
11000011
00000000
00110000
00000000
,
10000011
00100000
01000000
00100000
10000011
00100000
01000000
00010000
10000011
01000000
00100000
10000000
00100011
10000000
00010000
00100000
,
11110011
00000000
01101100
00000000
11001100
00000000
00110000
00000000
11110011
00000000
11111100
00000000
11111111
00000000
00000011
10000000
,
00010011
00000000
00010000
00100000
00010011
00000000
10000000
00000000
10000011
00000000
00010000
00000000
00010011
00000000
01000000
00000000
,
00100011
00000000
00010000
10000000
00010011
00000000
01000000
00000000
01000011
00000000
00010000
00000000
00100011
00000000
00000000
00000000
,
10000011
00000000
00010000
10000000
00010011
00000000
10000000
00000000
00100011
00000000
10000000
00000000
01000011
00000000
10000000
00000000
,
00100011
00000000
01000000
10000000
01000011
00000000
00100000
00000000
00010011
00000000
10000000
00000000
10010011
00000000
00000011
00000000
,
00010011
00000000
10000000
00100000
10000011
00000000
10000000
00000000
10000011
00000000
00010000
00000000
10000011
00000000
00000000
00000000
,
00100011
00000000
00100000
01000000
00010011
00000000
10000000
00000000
10100011
00000000
01000000
00000000
00010011
00000000
00010000
00000000
,
01000011
00000000
00100000
01000000
00100011
00000000
10000000
00000000
01000011
00000000
10000000
00000000
10010011
00000000
10000000
00000000
,
01000011
00000000
00001100
00000000
00111100
00000000
10000000
00000000
10000011
01000000
00101100
01000000
10001111
00000000
01100000
00000000
,
11110011
00000000
00000000
00000000
;

//---------------dance-single - K. Ward----------------
#NOTES:
     dance-single:
     K. Ward:
     Beginner:
     1:
     0.105,0.000,0.077,0.000,0.000,77.000,9.000,0.000,0.000,0.000,0.000:







0000
0000
0000
0000
,
0000
0000
0000
0000
,
0001
0000
0000
0000
,
0001
0000
0000
0000
,
1000
0000
0000
0000
,
1000
0000
0010
0010
,
1000
0000
0000
0000
,
1000
0000
0000
0001
,
0010
0000
0000
0000
,
1001
0000
0000
0000
,
0010
0000
0010
0000
,
0001
0000
0001
0000
,
0100
0000
0100
0000
,
1000
0000
1000
0000
,
0100
0000
0100
0000
,
1000
0000
1000
0000
,
0010
0000
0010
0000
,
0001
0000
0000
0000
,
1001
0000
0000
0000
,
1001
0000
0000
0000
,
0110
0000
0000
0000
,
0110
0000
0000
0000
,
1001
0000
0000
0000
,
0110
0000
0000
0000
,
1001
0000
0000
0000
,
0110
0000
0000
0000
,
0001
0000
0000
0000
,
1000
0000
0000
0000
,
0010
0000
0000
0000
,
0100
0000
0000
0000
,
1000
0000
1000
0000
,
0100
0000
0100
0000
,
0010
0000
0010
0000
,
0100
0000
1000
0000
,
0001
0000
1000
0000
,
0001
0000
1000
0000
,
0001
0000
1000
0000
,
0010
0000
0010
0000
,
1000
0000
0001
0000
,
1000
0000
0001
0000
,
1000
0000
0001
0000
,
1000
0000
0000
0000
,
0010
0000
0010
0000
,
0100
0000
0100
0000
,
0001
0000
0001
0000
,
1000
0000
1000
0000
,
0001
0000
0001
0000
,
0010
0000
0010
0000
,
0100
0000
0100
0000
,
1000
0000
0000
0000
,
0001
0000
0000
0000
;
