#TITLE:Birdie;
#SUBTITLE:;
#ARTIST:Doolittle;
#TITLETRANSLIT:;
#SUBTITLETRANSLIT:;
#ARTISTTRANSLIT:;
#GENRE:Bubblegum Dance;
#CREDIT:;
#BANNER:Birdie-banner.png;
#BACKGROUND:Birdie-bg.png;
#LYRICSPATH:;
#CDTITLE:;
#MUSIC:Birdie.ogg;
#OFFSET:0.014;
#SAMPLESTART:8.820;
#SAMPLELENGTH:11.940;
#SELECTABLE:YES;
#BPMS:0.000=136.000,148.000=68.000,154.000=136.000;
#STOPS:154.000=1.320
;
#BGCHANGES:0.000=Birdie-bg.png=1.000=0=0=1=====,
16.000=In The Groove 2/814_JumpBack.mpg=0.000=0=0=1===FadeRight==,
20.000=In The Groove 2/814_JumpBack.mpg=1.000=0=0=1=====,
36.000=In The Groove 2/966_JumpBack.mpg=1.000=0=0=1===FadeLeft==,
52.000=In The Groove 2/446_JumpBack.mpg=1.000=0=0=1=====,
68.000=-random-=1.000=0=0=1===FadeUp==,
82.000=In The Groove 2/817_JumpBack.mpg=1.000=0=0=1=SongBgWithMovieViz====0.5^0.5^0.5^1,
84.000=In The Groove 2/814_JumpBack.mpg=1.000=0=0=1=====,
100.000=In The Groove 2/966_JumpBack.mpg=1.000=0=0=1===FadeLeft==,
116.000=-random-=1.000=0=0=1===FadeRight==,
132.000=-random-=1.000=0=0=1===FadeUp==,
148.000=In The Groove 2/462_JumpBack.mpg=1.000=0=0=1=SongBgWithMovieViz==FadeDown==,
154.000=Birdie-bg.png=1.000=1=0=1===CrossFade==,
155.000=In The Groove 2/428_JumpBack.mpg=1.000=0=0=1=====,
171.000=-random-=1.000=0=0=1===FadeLeft==,
187.000=-random-=1.000=0=0=1=====,
203.000=-random-=1.000=0=0=1===FadeUp==,
219.000=Birdie-bg.png=1.000=0=0=1=====,
99999=-nosongbg-=1.000=0=0=0 // don't automatically add -songbackground-
;
#BGCHANGES2:20.000=white flash=1.000=0=0=1=====,
52.000=yellow flash=1.000=0=0=1=====,
82.000=yellow flash=2.000=0=0=1=====,
84.000=white flash=1.000=0=0=1=====,
155.000=white flash=1.000=0=0=1=====,
187.000=white flash=1.000=0=0=1=====,
219.000=yellow flash=1.000=0=0=1=====,
;
#KEYSOUNDS:;
// cache tags:
#FIRSTBEAT:20.000;
#LASTBEAT:221.000;
#SONGFILENAME:/Songs/In The Groove 2/Birdie/Birdie.sm;
#HASMUSIC:1;
#HASBANNER:1;
#MUSICLENGTH:102.352;
// end cache tags

//---------------dance-single - K.W----------------
#NOTES:
     dance-single:
     K.W:
     Hard:
     7:
     0.396,0.000,0.107,0.293,0.068,243.000,11.000,30.000,25.000,0.000,0.000:
0000
0000
0000
0000
,
0000
0000
0000
0000
,
0000
0000
0000
0000
,
0000
0000
0000
0000
,
0000
0000
0000
0000
,
0002
0000
0003
000M
2000
0000
3000
M000
,
0021
0100
0031
0000
,
1000
0010
0001
0010
1000
0000
0001
0010
,
0001
0100
1000
0100
0101
0000
0000
0000
,
2000
0000
3000
M000
0002
0000
0003
000M
,
0200
0010
1300
0000
,
1000
0100
0001
1000
0001
0000
0010
0000
,
0100
0000
0010
1001
0000
0000
0000
0000
,
0100
0000
0001
0000
0100
0000
0001
0100
0000
0001
0100
0000
0001
0000
0100
0000
,
0010
0000
0001
0000
0010
0000
0001
0010
0000
0001
0010
0000
0100
0000
0010
0000
,
1000
0000
0100
0000
1000
0000
0100
1000
0000
0100
1000
0000
0100
0000
1000
0000
,
0010
0001
0010
0001
0020
0000
0130
0000
,
1000
0000
0100
0000
1000
0000
0000
0010
0100
0000
0001
0000
0010
0000
0000
0001
,
0100
0000
1000
0000
0100
0000
0000
0010
0100
0000
0001
0000
0010
0000
0011
0000
,
0000
0000
00MM
0000
0000
0100
1000
0100
,
0001
1000
1001
0000
,
2000
3100
0200
0310
,
0020
0100
0031
0000
,
0001
0100
1000
0100
0001
0000
1000
0000
,
0001
0010
0100
0010
0001
0000
0000
0000
,
0020
0130
0200
1300
,
0020
0100
0031
0000
,
0010
0100
0001
1000
0100
0000
0010
0000
,
0100
0000
1000
1001
0000
0000
0000
0000
,
0010
0001
0100
1000
,
0010
0000
0100
0000
0001
0000
0000
0000
1000
0000
0000
0000
0000
0000
0100
1000
,
0100
0000
0010
0000
,
0001
1000
0020
0000
0130
0000
0001
0000
,
1000
0000
0000
0000
0000
0000
0000
0001
0010
0000
0000
0000
0000
0000
0000
0000
,
0001
0000
0100
0000
1000
0000
0100
0000
0001
0000
0000
0000
0000
0000
0010
0100
,
0010
0001
1000
0010
,
0100
0001
0010
0000
1001
0000
0000
0000
,
0020
0000
0032
0000
,
0203
0000
1300
0002
,
0013
000M
2000
0000
3100
M000
0021
0000
,
0100
0000
0031
0000
1000
1000
1000
0010
,
0001
0010
0100
0000
0001
0010
0001
0100
,
1000
0100
0101
0000
0000
0000
2000
0000
,
3001
M00M
0002
0000
1003
M00M
1200
0000
,
0010
0000
1300
0000
0M00
0000
0001
0100
,
1000
0100
0001
0010
0100
1000
0001
1000
,
1000
1000
0000
0000
MMMM
0000
0002
0010
,
0013
000M
0200
0010
0310
0M00
0001
0100
,
1000
0100
0001
0000
0000
0000
0200
0000
,
1000
0000
0310
0000
MMMM
1000
0100
0010
,
0100
0010
0001
0000
0010
0000
0200
1000
,
1300
0000
0000
0000
0M00
0000
0020
0000
0000
0100
0000
0000
0130
0000
0000
0000
0M00
0000
0001
0000
0000
0010
0000
0000
,
0100
0010
0001
0000
0000
0100
0200
0000
,
1000
0000
0310
0000
0001
1000
0100
0010
,
0100
2000
0000
0000
3001
0000
1001
0000
;

//---------------dance-single - K.W----------------
#NOTES:
     dance-single:
     K.W:
     Medium:
     5:
     0.315,0.000,0.186,0.166,0.000,190.000,19.000,17.000,0.000,0.000,0.000:
0000
0000
0000
0000
,
0000
0000
0000
0000
,
0000
0000
0000
0000
,
0000
0000
0000
0000
,
0000
0000
0000
0000
,
0002
0003
2000
3000
,
0010
1000
0110
0000
,
0001
1000
0001
0000
0010
0000
0100
1000
,
0100
0010
1001
0000
,
0002
0003
2000
3000
,
0001
0010
0100
0000
1100
0000
0000
0000
,
1000
0010
0100
0000
0001
0010
0001
0000
,
1000
0000
0010
0110
0000
0000
0000
0000
,
0001
1000
0001
0000
1000
0001
1000
0000
,
0010
0100
0001
0000
0100
0010
1000
0000
,
0100
0010
0100
0000
1000
0010
0100
0000
,
0001
0001
0110
0000
,
1000
1000
1000
0000
0001
0000
1000
0000
,
0100
0100
0100
0000
1000
0000
0001
0000
,
0010
0010
0010
0000
0001
0000
1000
0000
,
0110
1001
0110
0000
,
0002
0003
2000
3000
,
0100
0010
0001
0000
,
1000
0100
0010
0100
1000
0000
1000
0001
,
0100
0010
1001
0000
,
0020
0030
0200
0300
,
1000
0010
0100
0000
0010
0000
0000
0000
,
1000
0100
0010
0100
1000
0000
0010
0000
,
0100
0000
0001
0011
0000
0000
0000
0000
,
0002
0000
2003
0000
,
3010
0100
0100
0001
,
0020
0000
0031
0000
,
0100
0010
1000
0000
0001
0000
0010
0000
,
0200
0000
0320
0000
,
0031
0100
1000
0100
,
0020
0000
0230
0000
,
0301
1000
1001
0000
,
0002
0000
0000
0000
,
0020
0000
0033
1000
,
0100
0010
0100
1001
,
0010
0000
1001
0000
0001
0010
0001
0000
,
1000
0000
0001
0000
1000
0100
1000
0010
,
0100
0101
0000
0001
,
1000
1000
0001
0011
,
0100
0000
1001
0000
0000
0000
1000
0010
,
0100
0000
0001
0010
0001
0000
1000
0000
,
0001
1001
0000
0000
0000
0000
0010
0000
,
0001
0000
0100
0000
1000
0000
1000
0010
,
0100
0001
0000
0010
,
0001
0000
0100
0000
0000
1000
0100
0000
,
0010
0100
0001
0000
0100
0000
1000
0000
,
0000
0000
0100
0000
0000
0000
0001
0010
,
0001
1000
0000
0010
,
0001
0000
0100
0000
1000
0001
0010
0001
,
0000
0110
0000
0000
0000
0000
1001
0000
;

//---------------dance-single - K.W----------------
#NOTES:
     dance-single:
     K.W:
     Easy:
     3:
     0.202,0.000,0.147,0.010,0.000,129.000,15.000,1.000,0.000,0.000,0.000:
0000
0000
0000
0000
,
0000
0000
0000
0000
,
0000
0000
0000
0000
,
0000
0000
0000
0000
,
0000
0000
0000
0000
,
0001
0000
1000
0000
,
0010
1000
0001
0000
,
1000
1000
0010
0001
,
0100
1000
0001
0000
,
1001
0000
1001
0000
,
0001
0100
0001
0000
,
0100
1000
0010
0001
,
1001
0000
0000
0000
,
1000
0000
0001
0000
,
0100
0000
0010
0000
,
1000
0000
0001
0000
,
1000
0001
1000
0000
,
0001
0000
1000
0000
,
0010
0000
0100
0000
,
0001
0000
0000
0000
,
0110
0000
0011
0000
,
1000
0000
1000
0000
,
0100
1000
0001
0000
,
0010
0001
0100
1000
,
1001
0000
0110
0000
,
1000
0000
1000
0000
,
0100
1000
0001
0000
,
0010
0001
0100
1000
,
1001
0000
0110
0000
,
0001
0000
0100
0000
,
0010
0010
1000
0000
,
0001
0000
1000
0000
,
0001
0001
0010
0000
,
0100
0000
1000
0000
,
0010
0100
0001
0000
,
1000
0000
0010
0000
,
1000
0000
1001
0000
,
0020
0000
0030
0000
,
0000
0000
1001
0001
,
0000
0001
0000
0010
,
0001
1000
0000
0001
,
0010
0100
1000
0100
,
0010
1001
0000
0001
,
0000
1000
0000
0010
,
1000
0100
0000
1000
,
0100
0010
0001
0010
,
0100
1000
0000
0110
,
0000
0110
0000
0001
,
0010
0001
0000
0010
,
0001
0100
0000
1000
,
0010
1000
0000
0001
,
0000
0001
0000
0010
,
0001
1000
0000
0010
,
0001
0100
1000
0010
,
0010
0100
0000
1001
;

//---------------dance-single - K. Ward----------------
#NOTES:
     dance-single:
     K. Ward:
     Challenge:
     9:
     0.569,0.000,0.361,0.205,0.122,350.000,37.000,21.000,7.000,0.000,0.000:
0000
0000
0000
0000
,
0000
0000
0000
0000
,
0000
0000
0000
0000
,
0000
0000
0000
0000
,
0000
0000
0000
0000
,
1000
0002
0100
0000
1003
0002
0010
0000
,
0103
0010
0100
1000
0100
0000
0110
0000
,
0001
0010
0001
0100
1000
0000
0100
0001
,
0010
0001
0100
0010
1100
0000
0000
0000
,
0100
2000
0100
0000
3010
2000
0001
0000
,
3001
0001
0100
0010
0100
0000
1001
0000
,
0001
0010
0100
0010
0001
0100
1000
0100
,
0010
0100
0010
1001
0000
0000
0000
0000
,
0001
0000
0100
0000
0001
0000
0010
0100
0000
0100
0010
0000
0100
0000
1000
0000
,
0001
0000
1000
0000
0010
0000
0100
0010
0000
0010
0100
0000
1000
0000
0100
0000
,
0001
0000
0010
0000
0100
0000
0010
0100
0000
0100
1000
0000
0100
0000
0010
0000
,
0200
0320
0032
1003
,
0110
0000
0100
0000
0001
0000
1000
0100
0000
0010
0001
0000
0010
0000
0100
0000
,
1001
0000
0001
0000
1000
0000
0100
1000
0000
0100
0010
0000
0100
0000
1000
0000
,
1010
0000
0010
0000
0100
0000
0010
0001
0000
0001
0010
0000
0100
0000
0001
0000
,
0011
0000
1100
0110
1001
0000
0000
0000
,
1001
0100
0010
0000
1001
0100
0010
0000
,
1000
0100
1000
0010
0110
0000
0000
0000
,
0010
1000
0010
0100
0010
0001
0010
0100
,
0010
1000
0100
0010
0100
1000
1100
0000
,
1001
0010
0100
0000
1001
0010
0100
0000
,
0001
0100
1000
0100
0001
0000
0011
0000
,
0100
1000
0100
0010
0100
0001
0010
0100
,
1000
0100
0010
1001
0000
0000
0000
0000
,
0100
0010
1000
0100
0001
0100
1000
0100
,
0010
0000
0100
0000
0010
0000
0001
0000
0100
0000
1000
0000
0100
0000
0010
0100
,
0001
0010
0100
0010
0010
0001
0100
0100
,
1000
0000
0100
0000
0010
0000
0100
0000
0002
0000
0000
0000
1003
0000
0000
0010
,
0100
0000
0010
0000
0001
0000
0000
0010
1000
0000
0100
0000
1000
0000
0000
0100
,
0010
0000
0100
0000
0010
0000
0001
0000
1000
0000
0010
0000
0010
0000
0100
0001
,
0010
0000
0100
0000
0010
0000
0100
1000
0100
0000
0010
0000
0001
0000
0100
0010
,
0100
1000
0100
0010
1001
0000
0000
0000
,
0020
0000
0032
0000
,
0203
0000
0000
0000
1300
MM0M
0012
0010
,
0013
0001
0200
1000
1300
0100
0010
0001
,
0010
0100
0101
0000
1010
1000
0010
0100
,
0001
0010
0021
0000
0130
0010
0100
1000
,
0100
0010
0101
0000
1100
0000
0210
0010
,
0310
0100
2000
0100
3100
0010
0100
0010
,
0001
1000
0010
0100
1001
0000
0001
1000
,
0010
0100
0001
0010
0001
0100
0010
0100
,
0001
1000
1100
0110
1001
0000
0002
1000
,
1003
0000
0001
0000
0200
0000
0010
0000
0310
0000
0100
0000
0001
0010
0001
0000
,
0100
0000
1000
0000
0100
0000
0100
0000
0010
0000
0100
0001
0010
0000
0001
0000
,
0001
0000
1000
0000
0200
0000
0000
0000
0310
0000
0010
0000
0100
1000
0100
0000
,
0010
0000
0100
0000
0010
0001
0010
0000
0100
0000
0010
0000
2100
0000
0000
0000
,
3001
0100
0120
0000
0130
0010
0001
0010
,
0100
0010
1001
0000
0100
0010
0110
0000
,
1100
0000
0001
0010
0000
0000
0100
0000
1000
0000
0100
0000
0010
0000
0001
0000
,
0010
0000
0100
0010
0000
0000
0100
0000
1000
0000
0001
0000
1001
0000
0000
0000
,
M00M
0MM0
0000
0000
;

//---------------dance-single - K. Ward----------------
#NOTES:
     dance-single:
     K. Ward:
     Beginner:
     1:
     0.094,0.000,0.029,0.000,0.000,64.000,3.000,0.000,0.000,0.000,0.000:

0000
0000
0000
0000
,
0000
0000
0000
0000
,
0000
0000
0000
0000
,
0000
0000
0000
0000
,
0000
0000
0000
0000
,
1000
0000
1000
0000
,
0001
0000
0000
0000
,
0100
0000
0000
0000
,
0010
0000
0000
0000
,
1000
0000
1000
0000
,
0001
0000
0000
0000
,
0010
0000
0010
0000
,
0001
0000
0000
0000
,
1000
0000
0000
0000
,
1000
0000
0000
0000
,
0001
0000
0000
0000
,
0001
0000
0000
0000
,
0100
0000
0000
0000
,
0100
0000
0000
0000
,
0001
0000
0000
0000
,
1000
0000
1001
0000
,
0001
0000
0001
0000
,
0001
0000
0000
0000
,
1000
0000
1000
0000
,
0010
0000
0000
0000
,
0100
0000
0100
0000
,
0001
0000
0000
0000
,
0010
0000
0001
0000
,
1000
0000
0000
0000
,
0001
0000
0000
0000
,
1000
0000
0000
0000
,
0010
0000
0000
0000
,
1000
0000
0000
0000
,
0001
0000
0000
0000
,
0100
0000
0000
0000
,
0010
0000
0000
0000
,
1000
0000
1001
0000
,
0000
0000
0000
0000
,
0000
0000
0000
0001
,
0000
0000
0000
1000
,
0000
0000
0000
0010
,
0000
0000
0000
1000
,
0000
0000
0000
0001
,
0000
0001
0000
0001
,
0000
0000
0000
0100
,
0000
0010
0000
0100
,
0000
0000
0000
0001
,
0000
0001
0000
1000
,
0000
0000
0000
1000
,
0000
0000
0000
0010
,
0000
0010
0000
0100
,
0000
0100
0000
0100
,
0000
0000
0000
0010
,
0000
0010
0000
0100
,
0000
0000
0000
1001
;

//---------------dance-double - J.Casarino----------------
#NOTES:
     dance-double:
     J.Casarino:
     Hard:
     8:
     0.508,0.000,0.147,0.352,0.020,311.000,15.000,36.000,20.000,2.000,0.000:
00000000
00000000
00000000
00000000
,
00000000
00000000
00000000
00000000
,
00000000
00000000
00000000
00000000
,
00000000
00000000
00000000
00000000
,
00000000
00000000
00000000
00000000
,
00022000
00000000
00033000
000MM000
00022000
00000000
00033000
00000000
,
00100000
00010000
01000000
00001000
00100000
00000000
00020000
00000000
,
10030000
01000000
00010000
01000000
10000000
00000000
00100000
00010000
,
00100000
01000000
00001000
00010000
00021000
00000000
00030010
00000000
,
00002020
00000000
00003030
0000M0M0
00002020
00000000
00003030
0000M0M0
,
00000100
00010000
00000010
00001000
00000100
00000000
00000011
00000000
,
00000001
00000100
00001000
00000100
00000002
00000000
00000023
00000000
,
00000230
00000000
00010300
00011000
00000000
00010000
00010000
00000000
,
00001000
00000100
00001000
00000100
00000001
00000010
00000001
00000010
,
00001000
00000010
00001000
00000010
00001000
00010000
00001000
00010000
,
00100000
00010000
00100000
00010000
00100000
10000000
00100000
10000000
,
01000000
00010000
01000000
00010000
02000000
00000000
03100000
00000000
,
00001000
00010000
00001000
00010000
00100000
00010000
00100000
00010000
,
00001000
00000010
00001000
00000010
00001000
00010000
01000000
00010000
,
01000000
00010000
00001000
00000100
00001000
00000100
00001000
00010000
,
01000000
00010000
00001000
00000100
00001000
00010000
00000100
00000000
,
00000010
00000001
00000100
00000000
00000010
00000001
00000100
00000000
,
00000010
00000001
00000100
00001000
00010000
00000000
01010000
00000000
,
10000000
00100000
00010000
00100000
01000000
00000000
01000000
00001000
,
00010000
00001000
01000000
00100000
00010000
00000000
01001000
00000000
,
00010000
00100000
01000000
00000000
00010000
00100000
01000000
00000000
,
00010000
00100000
01000000
10000000
00100000
00000000
01010000
00000000
,
00001000
00010000
00000010
00001000
00000010
00000000
00000100
00000001
,
00001000
00000000
00000100
00000110
00000000
00000000
00001000
00000000
,
00000001
00000100
00000001
00000100
00001000
00010000
00001000
00010000
,
00200000
00000000
10000000
00000000
10000000
00000000
00000000
00000000
01000000
00000000
00300000
00000000
00000000
00000000
00100000
01000000
,
00010000
00100000
00001000
00010000
01000000
00010000
00001000
00000100
,
00000001
00000000
00001000
00000000
00000020
00000000
00000000
00000000
00000001
00000000
00000000
00000000
00001030
00000000
00000000
00000010
,
00000100
00000001
00000010
00001000
00010000
00001000
00000010
00000000
,
00000001
00000000
00000100
00000000
00001000
00000000
00000000
00000000
00010000
00000000
00000000
00000000
00001000
00000000
00100000
00010000
,
00100000
00001000
00010000
00000010
00001000
00000010
00010000
00001000
,
00000100
00000001
00000200
00000000
00001000
00000000
00000310
00000000
,
00000220
00000000
00000000
00000000
,
00000000
00000000
00000000
00000000
00000330
00000000
00000000
00000000
02102000
03003000
00000000
00000000
20000000
00000000
00010000
00000000
,
30010000
00000000
00020000
00100000
00130000
00010000
01000000
00100000
,
10000000
01000000
00100000
00000000
00001000
01000000
00001000
00010000
,
00000100
00010000
00000010
00000000
00001000
00000010
00000001
00000010
,
00001000
00000001
00000102
00000000
00000013
00000000
00002000
00000100
,
00003100
0000MM00
00000002
00000100
00000103
00000M0M
00001000
00000100
,
00000010
00000001
00000200
00000000
00001300
00000000
00001000
00010000
,
00001000
01000000
00010000
00100000
01000000
10000000
00010000
00100000
,
00100000
00100000
00002000
00000000
00013000
00000000
00020000
00000010
,
00030010
000M00M0
00002000
00100000
00103000
00001000
00010000
01000000
,
10000000
01000000
00020000
00000000
00001000
00000000
00030010
00001000
,
00000100
00001000
00000001
00000000
0000MMMM
00000001
00000100
00000001
,
00000010
00001000
00010000
00000000
00100000
00000000
00020000
00000100
,
00030100
00000000
00000000
000M0M00
00000000
00000000
00002000
00000000
00000000
01000000
00000000
00000000
01003000
00000000
00000000
0000M000
0M000000
00000000
00001000
00000000
00000000
00000100
00000000
00000000
,
00000010
00000100
00002000
00000000
00013000
00001000
01000000
00100000
,
01000000
00010000
00100000
00001000
00010000
00000010
00000100
00000010
,
00001000
00000001
00000100
00000000
00000000
00000000
00021200
00000000
,
00030300
00000000
00000000
00000000
;

//---------------dance-double - J.Casarino----------------
#NOTES:
     dance-double:
     J.Casarino:
     Challenge:
     9:
     0.585,0.000,0.332,0.176,0.093,363.000,34.000,18.000,6.000,5.000,0.000:
00000000
00000000
00000000
00000000
,
00000000
00000000
00000000
00000000
,
00000000
00000000
00000000
00000000
,
00000000
00000000
00000000
00000000
,
00000000
00000000
00000000
00000000
,
00001000
00020000
01000000
00000000
00031000
00020000
00100000
00000000
,
00031000
00010000
01000000
10000000
00100000
00000000
11000000
00000000
,
10000000
00100000
00010000
00000100
00001000
00000000
00000010
00000001
,
00000010
00001000
00000100
00010000
01000000
00000000
10100000
00000000
,
00010000
00002000
00000100
00000000
00013000
00002000
00000010
00000000
,
00013000
00001000
00000100
00000010
00001000
00000000
00001001
00000000
,
00000001
00000010
00000100
00010000
00000010
00000100
00000001
00000010
,
00001000
00010000
00001000
00100000
00010000
00000000
00101000
00000000
,
00010000
00000000
00000100
00000000
00010000
00000000
00000010
00000100
00000000
00000100
00000001
00000000
00000010
00000000
00001000
00000000
,
00010000
00000000
00001000
00000000
01000000
00000000
00010000
00100000
00000000
00100000
01000000
00000000
10000000
00000000
00100000
00000000
,
00010000
00000000
00001000
00000000
00100000
00000000
01000000
10000000
00000000
10000000
00100000
00000000
00010000
00000000
00001000
00000000
,
00000010
00000000
00000000
00000000
00000200
00000000
00000000
00000000
00002000
00000000
00000000
00000000
00010010
00003300
00000000
00000000
,
00001000
00000000
00000100
00000000
00010000
00000000
00001000
01000000
00000000
00100000
00010000
00000000
00100000
00000000
01000000
00000000
,
00001000
00000000
00010000
00000000
00000010
00000000
00001000
00000100
00000000
00000010
00000100
00000000
00001000
00000000
00000010
00000000
,
00010000
00000000
00001000
00000000
01000000
00000000
00100000
00010000
00000000
00001000
00000010
00000000
00000100
00000000
00010000
00000000
,
00000100
00000000
00100000
00000000
00001000
00000000
01000000
00001000
00000000
00100000
00001000
00000000
00011000
00000000
00000000
00000000
,
00001001
00000100
00000010
00001000
00001000
00000100
00010000
00001000
,
00001000
01000000
00001000
00100000
00010000
01000000
10100000
00000000
,
10010000
00100000
01000000
00100000
00010000
00000000
00001000
00010000
,
01000000
00010000
00000100
00000010
00000001
00000100
00001010
00000000
,
00011000
00001000
00100000
01000000
01000000
00010000
01000000
10000000
,
10000000
00100000
00010000
00001000
00000010
00000100
00001001
00000000
,
00011000
00010000
00100000
00010000
00001000
01000000
10000000
01000000
,
00001000
00100000
01000000
10010000
00000000
00010000
00101000
00000000
,
10000000
00100000
01000000
10000000
01000000
00100000
10000000
01000000
,
00010000
00000000
00001000
00000000
00010000
00000000
00000010
00000000
00000100
00000000
00001000
00000000
00000100
00000000
00000010
00010000
,
00001000
00100000
00001000
01000000
00100000
00010000
00100000
01000000
,
00001000
00000000
00000100
00000000
00000001
00000000
00000100
00000000
00000010
00000000
00000001
00000000
00000010
00000000
00010000
00001000
,
00000010
00000000
00001000
00000000
00010000
00000000
00100000
00000000
01000000
00000000
10000000
00000000
01000000
00000000
00001000
01000000
,
00010000
00000000
00100000
00000000
10000000
00000000
00100000
00000000
00010000
00000000
01000000
00000000
00001000
00000000
00010000
00100000
,
10000000
00000000
01000000
00000000
00100000
00000000
00001000
00000000
00010000
00000000
00000100
00000000
00001000
00000000
00000010
00000100
,
00000001
00000010
00000100
00010000
00001000
00000000
00010000
00000000
,
02000200
00000000
00001000
00000000
,
03010300
00000000
00000000
00000000
01011100
000MM000
00020100
00000100
,
00030100
00010000
00002000
01000000
01003000
00010000
01000000
00100000
,
01000000
10000000
11000000
00000000
10010000
01000000
00100000
00001000
,
00010000
00100000
00010000
00000000
00001001
00000100
00000010
00001000
,
00010000
00001000
00000010
00000000
00001100
00000000
00102000
00100000
,
00103000
00001000
00020000
00000010
00030010
00010000
00001000
00000100
,
00000001
00000010
00000100
00001000
00001010
00000000
00010000
00000010
,
00100000
00001000
00010000
00000100
01000000
00001000
00010000
00100000
,
10000000
01000000
00010000
00000000
01010000
00000000
00020000
01000000
,
01030000
00010000
00002000
00000100
00003100
00001000
00010000
00100000
,
00010000
00001000
00000010
00000100
00010100
00000000
00011000
00100000
,
10000000
00100000
00101000
00000000
00000000
00010010
00000010
00000001
,
00000010
00001000
00000100
00010000
00101000
00000000
02010000
00010000
,
03010000
01000000
01000200
00001000
00001300
00000100
00010000
00001000
,
00000010
00001000
00010000
00100000
00110000
00010000
00001000
00010000
,
01000000
00100000
10000000
00010000
01000000
00010000
00001000
00000100
,
00000010
00000001
00001000
00000001
00000010
00000000
00002211
00000000
,
000033MM
0000MM00
00000000
00000000
;

//---------------dance-double - J.Casarino----------------
#NOTES:
     dance-double:
     J.Casarino:
     Easy:
     3:
     0.234,0.000,0.225,0.039,0.000,141.000,23.000,4.000,0.000,0.000,0.000:
00000000
00000000
00000000
00000000
,
00000000
00000000
00000000
00000000
,
00000000
00000000
00000000
00000000
,
00000000
00000000
00000000
00000000
,
00000000
00000000
00000000
00000000
,
10010000
00000000
10010000
00000000
,
00100000
00100000
01000000
00000000
,
10000000
01000000
00010000
00000000
,
00001000
00010000
00010000
00000000
,
00011000
00000000
00011000
00000000
,
00010000
00000100
00001000
00000000
,
00000001
00000100
00000010
00001000
,
00000100
00010000
00011000
00000000
,
00001000
00000000
00010000
00000000
,
01000000
00000000
10000000
00000000
,
00100000
00000000
01000000
00000000
,
00010000
00100000
00001000
00000000
,
00010000
00000000
00001000
00000000
,
00000100
00000000
00000001
00000000
,
00000010
00000000
00001000
00000000
,
00010000
00000100
00001000
00000000
,
00001001
00000000
00001001
00000000
,
00000010
00000010
00000100
00000000
,
00000001
00000100
00001000
00000000
,
00010000
00001000
00001000
00000000
,
00011000
00000000
00011000
00000000
,
00001000
01000000
00010000
00000000
,
10000000
01000000
00100000
00010000
,
01000000
00001000
00011000
00000000
,
00001000
00010000
00001000
00010000
,
00000100
00001000
00000100
00000000
,
00001000
00000001
00001000
00000001
,
00000100
00000010
00000100
00000000
,
00001000
00010000
00001000
00010000
,
00001000
01000000
00010000
00000000
,
10000000
01000000
00010000
01000000
,
10000000
01000000
00010000
01000000
,
20020000
00000000
00000000
00000000
,
00000000
00000000
30030000
10010000
,
00000000
10010000
00000000
10000000
,
01000000
00010000
00000000
01000000
,
00010000
00001000
00000000
00001000
,
00000010
00000110
00000000
00001001
,
00000000
00001001
00000000
00000001
,
00000100
00001000
00000000
00000100
,
00001000
00010000
00001000
01000000
,
00010000
10010000
00000000
01100000
,
00000000
01100000
00000000
10000000
,
00100000
01000000
00000000
00100000
,
01000000
00010000
00000000
00100000
,
00001000
00010000
00000000
00011000
,
00000000
00011000
00000000
00010000
,
00000010
00001000
00000000
00000001
,
00000100
00000010
00001000
00000100
,
00010000
00011000
00000000
00022000
,
00033000
00000000
00000000
00000000
;

//---------------dance-double - J.Casarino----------------
#NOTES:
     dance-double:
     J.Casarino:
     Medium:
     6:
     0.391,0.000,0.352,0.352,0.000,208.000,36.000,36.000,0.000,0.000,0.000:
00000000
00000000
00000000
00000000
,
00000000
00000000
00000000
00000000
,
00000000
00000000
00000000
00000000
,
00000000
00000000
00000000
00000000
,
00000000
00000000
00000000
00000000
,
00002002
00003003
00002002
00003003
,
00000001
00000000
00000100
00000010
00000100
00000000
00000000
00000000
,
00000001
00000010
00000100
00000000
00001000
00000000
00000010
00010000
,
00001000
00100000
00110000
00000000
,
22000000
33000000
00220000
00330000
,
10000000
00100000
01000000
00000000
01010000
00000000
00000000
00000000
,
00010000
00100000
00001000
00000000
00010000
00000100
00001000
00000000
,
00000001
00000000
00000010
00000100
00000000
00000000
00000000
00000000
,
00000000
00000001
00001000
00000001
00001000
00000000
00000000
00000010
,
00020000
00000000
00032000
00000000
00013000
00000000
00001000
00000100
,
00000000
00000000
00000010
00000000
00001000
00000010
00001000
00000000
,
00010010
00011000
01001000
00000000
,
00001000
00010000
00001000
00010000
00000000
00000000
00000000
00001000
,
00200000
00000000
00320000
00000000
01030000
00000000
00010000
10000000
,
00000000
00000000
00100000
00000000
10000000
01000000
00100000
00000000
,
01010000
00101000
00011000
00000000
,
00020200
00030300
00022000
00033000
,
00001000
00010000
01000000
00010000
00001000
00000000
00110000
00000000
,
10000000
00100000
01000000
00000000
00001000
00000000
00010000
00001000
,
00000100
00001000
00010000
00000000
,
00202000
00303000
02020000
03030000
,
00010000
00100000
00001000
00000000
00011000
00000000
00000000
00000000
,
00000100
00001000
00000100
00000000
00000010
00000000
00000001
00001000
,
00000001
00000000
00000100
00000001
00000000
00000000
00000000
00000000
,
00000200
00000000
00002300
00000000
,
00013000
00001000
00010000
00000000
01000000
00000000
00000000
00010000
,
02000000
00000000
23000000
00000000
,
30100000
01000000
00100000
00000000
01000000
00000000
00001000
00000000
,
00020000
00000000
00230000
00000000
,
00310000
00100000
00010000
00000000
00001000
00000000
00000000
00000000
,
00000020
00000000
00000032
00000000
,
00001003
00000010
00001000
00000000
00010100
00000000
00011000
00000000
,
02002000
03003000
02020000
03030000
,
20020000
30030000
01100000
20020000
,
30030000
00000000
01100000
00000000
00010000
00000000
10000000
00100000
,
10000000
00010000
01000000
00000000
00110000
00000000
00001000
00010000
,
00001000
00000000
00010100
00000000
00001000
00000010
00001000
00000001
,
00000100
00000101
00000000
00001001
,
00000000
00000000
00000110
00000000
00001000
00000000
00000001
00000010
,
00000100
00001000
00000010
00000000
00010000
00000000
00001000
00010000
,
00001000
00000000
00100000
00010000
00100000
00001000
00000000
01000000
,
00000000
00001000
00000000
00000000
00000000
00000000
00011000
00000000
,
00000100
00000000
00011000
00000000
01000000
00000000
00001000
00010000
,
00001000
01000000
00010000
00000000
00000000
00000000
00100000
00001000
,
00010000
00000010
00001000
00000000
00000000
00000001
00000010
00000001
,
00000010
00000001
00000010
00000000
00000100
00000000
00001001
00000000
,
00000010
00000000
00001001
00000000
00000100
00000000
00000010
00010000
,
00001000
00010000
00010000
00000000
00001000
00000000
00100000
00010000
,
00100000
00010000
00010000
00010000
10000000
00010000
10000000
00010000
,
10000000
10000000
00000000
00000000
00000000
00000000
10010000
00000000
;
