#TITLE:Hip Hop Jam;
#SUBTITLE:;
#ARTIST:Indiggo;
#TITLETRANSLIT:;
#SUBTITLETRANSLIT:;
#ARTISTTRANSLIT:;
#GENRE:;
#CREDIT:;
#BANNER:Hip Hop Jam-banner.png;
#BACKGROUND:Hip Hop Jam-bg.png;
#LYRICSPATH:;
#CDTITLE:;
#MUSIC:Indiggo - HipHopjam.ogg;
#OFFSET:-0.551;
#SAMPLESTART:30.196;
#SAMPLELENGTH:9.800;
#SELECTABLE:YES;
#BPMS:0.000=193.980;
#STOPS:;
#BGCHANGES:0.000=Hip Hop Jam-bg.png=1.000=0=0=1=====,
16.000=714_JumpBack.mpg=1.000=0=0=1=====,
32.000=VOL1-24-NTSC.mpg=1.000=0=0=1=====,
48.000=VOL1-41-NTSC.mpg=1.000=0=0=1=====,
64.000=VOL1-16-NTSC.mpg=1.000=0=0=1=====,
80.000=VOL1-13-NTSC.mpg=1.000=0=0=1=====,
96.000=714_JumpBack.mpg=1.000=0=0=1=====,
112.000=708_JumpBack.mpg=1.000=0=0=1=====,
128.000=739_JumpBack.mpg=1.000=0=0=1=====,
144.000=EV01453N.mpg=1.000=0=0=1=====,
160.000=EV01448N.mpg=1.000=0=0=1=====,
176.000=EV01441N.mpg=1.000=0=0=1=====,
192.000=VOL1-08-NTSC.mpg=1.000=0=0=1=====,
200.000=VOL1-13-NTSC.mpg=1.000=0=0=1=====,
216.000=VOL1-41-NTSC.mpg=1.000=0=0=1=====,
232.000=VOL1-16-NTSC.mpg=1.000=0=0=1=====,
248.000=VOL1-24-NTSC.mpg=1.000=0=0=1=====,
264.000=714_JumpBack.mpg=1.000=0=0=1=====,
280.000=739_JumpBack.mpg=1.000=0=0=1=====,
296.000=EV01453N.mpg=1.000=0=0=1=====,
312.000=708_JumpBack.mpg=1.000=0=0=1=====,
328.000=EV01448N.mpg=1.000=0=0=1=====,
344.000=739_JumpBack.mpg=1.000=0=0=1=====,
360.000=EV01441N.mpg=1.000=0=0=1=====,
376.000=714_JumpBack.mpg=1.000=0=0=1=====,
392.000=Hip Hop Jam-bg.png=1.000=0=0=1=====,
396.000=Hip Hop Jam-bg.png=1.000=0=0=1=====,
99999=-nosongbg-=1.000=0=0=0 // don't automatically add -songbackground-
;
#KEYSOUNDS:;
// cache tags:
#FIRSTBEAT:16.000;
#LASTBEAT:396.000;
#SONGFILENAME:/Songs/In The Groove/Hip Hop Jam/HipHopJam.sm;
#HASMUSIC:1;
#HASBANNER:1;
#MUSICLENGTH:125.658;
// end cache tags

//---------------dance-single - K. Ward----------------
#NOTES:
     dance-single:
     K. Ward:
     Easy:
     2:
     0.165,0.000,0.008,0.000,0.000,144.000,1.000,0.000,0.000,0.000,0.000:






0000
0000
0000
0000
,
0000
0000
0000
0000
,
0000
0000
0000
0000
,
0000
0000
0000
0000
,
0010
0000
0000
0000
,
1000
0000
0000
0000
,
1000
0000
0000
0000
,
0010
0000
0000
0000
,
0010
0000
0010
0000
,
0000
0000
0001
0000
,
1000
0000
0001
0000
,
1000
0000
0000
0000
,
0001
0000
0100
0000
,
0010
0000
0000
0000
,
0010
0000
0100
0000
,
0010
0000
0000
0000
,
0100
0000
0000
0000
,
0010
0000
0000
0000
,
0001
0000
0001
0000
,
0100
0000
0000
0000
,
0100
0000
0100
0000
,
0010
0000
0000
0000
,
0010
0000
0000
0000
,
0010
0000
0000
0000
,
1000
0000
0001
0000
,
1000
0000
0001
0000
,
1000
0000
1000
0000
,
0001
0000
0000
0000
,
0001
0000
1000
0000
,
0001
0000
1000
0000
,
0001
0000
0001
0000
,
1000
0000
0000
0000
,
1000
0000
0001
0000
,
1000
0000
0001
0000
,
1000
0000
1000
0000
,
0001
0000
0000
0000
,
0001
0000
1000
0000
,
0001
0000
1000
0000
,
0001
0000
0001
0000
,
1000
0000
0000
0000
,
0010
0000
0000
0000
,
0100
0000
0000
0000
,
0010
0000
0010
0000
,
0100
0000
0000
0000
,
0010
0000
0000
0000
,
0100
0000
0000
0000
,
0100
0000
0100
0000
,
0010
0000
0000
0000
,
1000
0000
0000
0000
,
0000
0000
0000
0000
,
0010
0000
0010
0000
,
0000
0000
0001
0000
,
1000
0000
0001
0000
,
1000
0000
0000
0000
,
0001
0000
0100
0000
,
0010
0000
0000
0000
,
0010
0000
0100
0000
,
0010
0000
0000
0000
,
0100
0000
0000
0000
,
0010
0000
0000
0000
,
0001
0000
0001
0000
,
0100
0000
0000
0000
,
0100
0000
0100
0000
,
0010
0000
0000
0000
,
0010
0000
0000
0000
,
0010
0000
0000
0000
,
1000
0000
0001
0000
,
1000
0000
0001
0000
,
1000
0000
1000
0000
,
0001
0000
0000
0000
,
0001
0000
1000
0000
,
0001
0000
1000
0000
,
0001
0000
0001
0000
,
1000
0000
0000
0000
,
1000
0000
0001
0000
,
1000
0000
0001
0000
,
1000
0000
1000
0000
,
0001
0000
0000
0000
,
0001
0000
1000
0000
,
0001
0000
1000
0000
,
0001
0000
0001
0000
,
0010
0000
0000
0000
,
0100
0000
0010
0000
,
0100
0000
0010
0000
,
0100
0000
0100
0000
,
0010
0000
0000
0000
,
0010
0000
0100
0000
,
0010
0000
0100
0000
,
0010
0000
0010
0000
,
0100
0000
0000
0000
,
0100
0000
0010
0000
,
0100
0000
0010
0000
,
0100
0000
0100
0000
,
0010
0000
0000
0000
,
0010
0000
0100
0000
,
0010
0000
0100
0000
,
0010
0000
0010
0000
,
0100
0000
0000
0000
,
1001
0000
0000
0000
;

//---------------dance-single - K. Ward----------------
#NOTES:
     dance-single:
     K. Ward:
     Medium:
     4:
     0.302,0.000,0.167,0.032,0.000,241.000,21.000,4.000,0.000,0.000,0.000:






0000
0000
0000
0000
,
0000
0000
0000
0000
,
0000
0000
0000
0000
,
0000
0000
0000
0000
,
1000
0000
0010
0000
,
0010
0000
1000
0000
,
1000
0000
0001
0000
,
0002
0000
0000
0000
,
1003
0010
1000
0000
,
0010
0100
0010
0000
,
1000
0100
1000
0000
,
0002
0000
0000
0000
,
0103
0001
0100
0000
,
0010
1000
0010
0000
,
1000
0000
0001
0000
,
0200
0000
0000
0000
,
0310
0000
1000
0010
,
0100
0000
0100
0001
,
0010
0000
0001
0100
,
0010
0000
1000
0100
,
1000
0000
0010
0100
,
0010
0000
0100
0001
,
1001
0000
0110
0000
,
1001
0000
0000
0000
,
0001
0000
0001
0000
,
0100
0000
0100
0000
,
0010
1000
1000
0001
,
0001
0000
0000
0000
,
1000
0000
1000
0000
,
0010
0000
0010
0000
,
0100
0001
0001
1000
,
1000
0000
1001
0000
,
1001
0000
0001
0000
,
0100
0000
0100
0000
,
0010
1000
1000
0001
,
0001
0000
1001
0000
,
0001
0000
1000
0000
,
0010
0000
0010
0000
,
0100
0001
0001
1000
,
1000
0000
1000
0000
,
0001
0100
0001
0100
,
0010
0100
0001
0000
,
1000
0000
0110
0000
,
1001
0000
0000
0000
,
1000
0010
1000
0010
,
0100
0010
1000
0000
,
0110
0000
0110
0000
,
1001
0000
0000
0000
,
1000
0100
1000
0100
,
1000
0100
1000
0000
,
0010
0010
1000
0000
,
0100
0100
1000
0000
,
0001
1000
0001
1000
,
0001
0000
0000
0000
,
0100
0100
0001
0000
,
1000
1000
0010
0000
,
1000
0000
0001
0000
,
0020
0000
0000
0000
,
0031
0000
1000
0010
,
0100
0000
0001
0010
,
0001
0000
1000
0000
,
0010
1000
1000
0000
,
0010
0000
1000
0010
,
0100
0000
0100
0001
,
1001
0000
0110
0000
,
1001
0000
0000
0000
,
0001
0000
0001
0000
,
0100
0000
0100
0000
,
0010
1000
1000
0001
,
0001
0000
0000
0000
,
1000
0000
1000
0000
,
0010
0000
0010
0000
,
0100
0001
0001
1000
,
1000
0000
1000
0000
,
0001
0000
0001
0000
,
0100
0000
0100
0000
,
0010
1000
1000
0001
,
0001
0000
1001
0000
,
1000
0000
1000
0000
,
0010
0000
0010
0100
,
0100
0001
0001
0010
,
0011
0000
0000
0000
,
0001
0010
0001
0000
,
0100
0010
0100
0000
,
0001
0001
1000
1000
,
1100
0000
0000
0000
,
1000
0010
1000
0000
,
0010
0100
0010
0000
,
0100
0001
0001
1000
,
1000
0000
1000
0000
,
0001
0010
0001
0000
,
0100
0010
0100
0000
,
0010
1000
0100
1000
,
1000
0000
1001
0000
,
1000
0010
1000
0000
,
0010
0100
0010
0000
,
0100
0001
0010
0001
,
0010
0000
0011
0000
,
1001
1001
0000
0000
;

//---------------dance-single - K. Ward----------------
#NOTES:
     dance-single:
     K. Ward:
     Hard:
     6:
     0.474,0.000,0.223,0.056,0.000,382.000,28.000,7.000,0.000,0.000,0.000:






0000
0000
0000
0000
,
0000
0000
0000
0000
,
0000
0000
0000
0000
,
0000
0000
0000
0000
,
1000
0000
0000
0001
0000
0000
0001
0000
,
0100
0000
0000
0010
0000
0000
0010
0000
,
1000
0000
0000
0100
0000
0000
0100
0000
,
2200
0000
0000
3300
,
0001
0000
0001
0000
1000
0000
0000
0001
,
0000
1000
0010
0000
0100
0000
0000
0000
,
0001
0000
0001
0000
1000
0001
0000
0020
,
0000
0000
0031
0000
,
0001
0000
0001
0000
0100
0000
0000
0010
,
0000
1000
0100
0000
1000
0000
0000
0000
,
0001
0000
1000
0000
0010
1000
0000
0020
,
0000
0100
0000
0000
0130
0000
0000
0000
,
0001
0000
0000
1000
0000
0000
0001
0000
,
0000
0010
0000
0001
1000
0000
0010
0000
,
0100
0000
0000
0001
0000
0000
0010
0000
,
0000
0001
0000
0000
0100
0000
0010
0000
,
1000
0000
0000
0010
0000
0000
0100
0000
,
0000
0001
0000
0010
0001
0000
0010
0000
,
0011
0000
0000
0110
0000
0011
0000
0000
,
0110
0000
0000
0000
,
1000
0000
0010
0000
0100
0000
0001
0010
,
0001
0010
0000
0001
0000
0100
0000
0010
,
1000
1000
0001
0010
,
0011
0000
0000
0000
,
1000
0000
1000
0000
0001
0000
0100
0010
,
1000
0100
0000
0100
0000
1000
0000
0010
,
0100
0001
0010
0001
,
1000
0000
0000
0000
0010
1000
0010
1000
,
0010
0000
0100
0000
0001
0000
0010
0001
,
0010
0001
0000
1000
0000
0001
0000
0100
,
0010
0010
0100
0100
,
0110
0000
1001
1001
,
0010
0000
1000
0000
0001
0000
0010
0001
,
0010
0001
0000
1000
0000
0010
0000
0100
,
0010
0000
1000
0000
0001
0010
0000
0011
,
0000
0000
0000
0000
0001
1000
0001
1000
,
0001
1000
0010
1000
,
0001
0010
0001
1000
,
0010
0100
0010
0100
0010
0100
0000
0010
,
0000
1000
0000
1000
0100
0000
1000
0000
,
0001
1000
0010
1000
,
0010
0100
0000
0110
0000
0110
0000
0000
,
0001
0010
0001
0010
0001
0010
0000
0001
,
0000
0200
0000
0000
0010
0000
0310
0000
,
1000
0000
0100
1000
0000
0010
0000
0100
,
0000
0001
0000
0010
0000
0100
1000
0000
,
0001
0000
0001
0000
0100
0000
0000
0001
,
0000
1000
0100
0000
1000
0000
0000
0000
,
0001
0100
0010
0000
1000
0100
1000
0000
,
0002
0000
0000
0000
0000
0003
0000
0000
,
1000
0000
1000
0000
0001
0000
0000
0010
,
0000
0001
0100
0000
0010
0000
0000
0000
,
1000
0100
1000
0000
0010
0100
0010
0100
,
0002
1000
1003
0000
,
0001
0000
0000
0100
0000
0000
0010
0000
,
0000
1000
0000
0100
1000
0000
0010
0000
,
0100
0000
0000
0010
0000
0000
0100
0000
,
0000
0001
0000
0000
0010
0000
0001
0000
,
1000
0000
0000
0100
0000
0000
1000
0000
,
0000
0010
0000
0100
0001
0000
1000
0000
,
1100
0000
0000
0110
0000
1100
0000
0000
,
0110
0000
0000
0000
,
0001
0000
0100
0000
0010
0000
1000
0100
,
1000
0100
0000
1000
0000
0010
0000
0100
,
0001
0001
1000
0100
,
1100
0000
0000
0000
,
0001
0000
0001
0000
1000
0000
0010
0100
,
0001
0010
0000
0010
0000
0001
0000
0100
,
0010
1000
0100
1000
,
0001
0000
0000
0000
0100
0001
0100
0001
,
0100
0000
0010
0000
1000
0000
0100
1000
,
0100
1000
0000
0001
0000
1000
0000
0010
,
0100
0100
0010
0010
,
0110
0000
1001
1001
,
0100
0000
0001
0000
1000
0000
0100
1000
,
0100
1000
0000
0001
0000
0100
0000
0010
,
0100
0000
0001
0000
1000
0100
0000
1100
,
0000
0000
0000
0000
0001
1000
0001
1000
,
0001
0000
1000
0000
0001
0100
0010
0000
,
1000
0000
0010
0000
0100
0001
0010
0000
,
0001
0100
0010
0000
0100
0010
1000
0000
,
1100
0000
0001
0001
,
1000
0000
0001
0000
1000
0010
0100
0000
,
0001
0000
0100
0000
0010
1000
0100
0000
,
1000
0010
0100
0000
0010
0100
0001
0000
,
0011
0000
0001
1100
,
1000
0100
1000
0000
0001
0000
0001
0000
,
0100
0010
0100
0000
0010
0000
0010
0000
,
1000
0100
1000
0000
0010
0100
0001
0000
,
0011
0000
1001
1001
,
0001
0010
0001
0000
1000
0000
1000
0000
,
0010
0100
0010
0000
0100
0000
0100
0000
,
0001
0010
0001
0000
0100
0010
1000
0000
,
1100
0000
0000
0001
0000
0001
1000
0001
,
1000
1000
0000
0000
;

//---------------dance-single - M. Puls----------------
#NOTES:
     dance-single:
     M. Puls:
     Challenge:
     9:
     0.692,0.000,0.597,0.183,0.060,511.000,75.000,23.000,25.000,0.000,0.000:






0000
0000
0000
0000
,
0000
0000
0000
0000
,
0000
0000
0000
0000
,
0000
0000
0000
0000
,
1000
0000
0010
1000
0000
0001
1000
0100
,
1000
0000
0010
1000
0000
0001
1000
0100
,
1000
0000
0010
1000
0000
0001
1000
0000
,
0100
1000
0000
0000
0100
0001
0000
0000
1010
0000
0000
0000
0011
0000
0000
0000
,
1000
0000
0100
1000
0010
0000
1000
0001
,
1000
0000
0000
0000
0001
0010
0000
0000
1000
0100
0000
0000
1100
0000
0000
0000
,
0011
0000
0100
1000
0001
0000
1000
0010
,
1000
0001
0020
0030
,
0001
1000
0001
0000
1000
0100
1000
0000
,
0001
0010
0001
0000
0200
0000
0300
0000
,
0001
1000
0100
1000
0010
0100
0010
0100
,
2002
0000
0000
3003
,
0010
0100
0000
0010
0100
0000
0001
0100
,
0000
1000
0001
0000
,
0100
1000
0100
0010
0001
0010
0100
1000
,
0010
1000
0100
0010
0001
0100
1000
0000
,
0001
1000
0000
0001
1000
0000
0100
1000
,
0000
1000
0001
0000
,
1001
0000
1100
0011
0000
0110
0000
1100
,
2002
3003
0000
0000
,
1001
MM1M
1001
M1MM
,
0011
0000
1100
0000
0001
0010
0100
0000
,
1100
0001
0011
0100
,
1010
0000
0100
0000
1000
0001
1000
0100
,
0010
0000
0011
0000
0100
1000
0010
1000
,
0100
1000
0001
0010
0100
0000
1001
0000
,
0100
0010
0001
1000
0100
0010
0100
0000
,
0001
0001
1000
1000
0001
1000
0100
0000
,
1001
M1MM
1001
MM1M
,
1100
0000
0011
0000
1000
0100
0010
0000
,
0011
1000
1100
0010
,
0101
0000
0010
0000
0001
1000
0001
0010
,
0100
0000
1100
0000
0010
0001
0100
0001
,
0010
0001
1000
0100
0010
0000
1001
0000
,
0010
0100
0001
1000
0010
0100
0010
0000
,
1000
1000
0001
0001
1000
0001
0010
0000
,
0000
1000
0000
0001
,
0000
1000
0000
0001
,
1000
0010
1000
0010
1000
0010
1000
0000
,
0001
1000
0010
1000
,
0001
1000
0010
1000
,
0100
1000
0001
1000
,
0001
0100
0001
0100
0001
0100
0001
0000
,
1000
0010
1000
0100
,
1001
0100
1001
0010
,
1001
0100
0011
0100
,
1010
0000
0100
1000
0100
0000
0001
0000
,
0010
0000
0001
0010
0001
0000
0010
0000
,
0001
0000
1000
0010
0100
0000
0001
0000
,
1000
0000
0000
0000
1000
0000
0001
0000
1000
0000
0000
0000
0100
0001
0000
0000
,
0100
1000
0000
0000
0110
0000
0000
0000
1001
0000
0000
0000
1000
0000
0010
0000
,
1000
0001
0100
0000
0010
1000
0001
0000
,
1000
0000
0100
1000
0001
0000
1000
0100
,
0010
0000
0001
0100
1000
0010
1100
0000
,
2000
3000
0001
0100
0020
0030
1000
0100
,
2000
3000
0001
0100
0002
0003
1000
0100
,
0020
0030
0001
0100
0020
0030
1000
0100
,
0020
0030
0001
0100
0020
0030
0100
0010
,
2000
3000
0001
0100
0020
0030
1000
0100
,
2000
3000
0010
0100
0002
0003
0010
0001
,
0200
0300
0001
1000
0000
0001
0000
0010
,
2002
0000
3003
0000
,
1001
MM1M
1001
M1MM
,
0011
0000
1100
0000
0001
0010
0100
0000
,
1000
0100
0000
0000
0001
0000
0000
0000
0001
0010
0000
0000
1000
0000
0000
0000
,
1000
0010
0000
0000
0001
0000
0000
0000
1000
0000
0001
0000
1000
0000
0100
0000
,
0010
0000
0011
0000
0100
1000
0010
1000
,
0100
1000
0001
0010
0100
0000
1001
0000
,
0100
0010
0001
1000
0100
0010
0100
0000
,
0001
0001
1000
1000
0001
1000
0100
0000
,
1001
0000
0000
0000
0100
0001
0000
0000
1001
0000
0000
0000
0010
1000
0000
0000
,
1100
0000
0011
0000
1000
0100
0010
0010
,
0010
0000
0100
0100
0100
0000
0010
0000
,
1001
0000
0110
0000
1000
0001
1000
0000
,
1001
0000
0101
0000
1100
0001
0100
0001
,
0010
0001
1000
0100
0010
0000
1001
0000
,
0010
0100
0001
1000
0010
0100
0010
0000
,
0000
0100
0010
1000
0001
1000
0010
1000
,
0110
0000
0M0M
0000
1000
0010
0000
0000
0110
0000
M0M0
0000
0001
0100
0000
0000
,
1010
0000
0101
0000
0010
1000
0001
0000
,
0101
0010
1010
0001
,
1100
0000
0001
0000
0100
0010
0100
0001
,
1000
0000
1010
0000
0001
0100
1000
0100
,
0001
0100
0010
1000
0001
0000
0110
0000
,
0001
1000
0010
0100
0001
1000
0001
0000
,
0010
0010
0100
0100
0010
0100
0001
0000
,
0110
0000
0000
0000
0001
0100
0000
0000
0110
0000
0000
0000
1000
0010
0000
0000
,
0101
0000
1010
0000
0100
0001
1000
000M
,
1010
0100
0101
0001
,
0011
0000
1000
0000
0010
0100
0010
1000
,
0001
M000
0101
0000
1000
0010
0001
0010
,
1000
0010
0100
0001
1000
000M
0110
0000
,
1000
0001
0100
0010
1000
0001
1000
0000
,
0100
0100
0010
0010
0100
0010
1001
0000
,
0110
2002
0000
0000
,
3003
0000
0000
0000
;

//---------------dance-double - M. Emirzian----------------
#NOTES:
     dance-double:
     M. Emirzian:
     Easy:
     3:
     0.229,0.000,0.088,0.191,0.000,166.000,11.000,24.000,0.000,0.000,0.000:






00000000
00000000
00000000
00000000
,
00000000
00000000
00000000
00000000
,
00000000
00000000
00000000
00000000
,
00000000
00000000
00000000
00000000
,
10000000
00000000
00000000
00000000
,
00010000
00000000
00000000
01000000
,
00001000
00000000
00010000
00000000
,
00000100
00000000
00000010
00000000
,
00000002
00000000
00000003
00000000
,
00000200
00000000
00000300
00000000
,
00000020
00000000
00000030
00000000
,
00020000
00000000
00030000
00000000
,
00002000
00000000
00003000
00000000
,
02000000
00000000
03000000
00000000
,
00100000
00000000
10000000
00000000
,
20020000
00000000
00000000
30030000
,
10000000
00000000
00000000
00000000
,
00010000
00000000
00000000
00000000
,
00001000
00000000
00000000
00000000
,
00000001
00000000
00000000
00000000
,
00010000
00000000
01000000
00000000
,
00010000
00000000
00000000
00000000
,
00001000
00000000
00000001
00000000
,
00002002
00000000
00000000
00003003
,
00000100
00000000
00010000
00000000
,
00001000
00000000
01000000
00000000
,
00100000
00000000
10000000
00000000
,
01100000
00000000
00000000
00000000
,
10000000
00000000
00010000
00000000
,
01000000
00000000
00001000
00000000
,
00010000
00000000
00000100
00000000
,
00002020
00000000
00000000
00003030
,
00000100
00000000
00000001
00000000
,
00000010
00000000
00000100
00000000
,
00010000
00000000
00001000
00000000
,
02020000
00000000
00000000
03030000
,
00100000
00000000
01000000
00000000
,
10000000
00000000
00010000
00000000
,
01000000
00000000
00001000
00000000
,
00022000
00000000
00000000
00033000
,
00001000
00000000
00000100
00000000
,
00000001
00000000
00000100
00000000
,
00001000
00000000
00010000
00000000
,
00100000
00000000
10000000
00000000
,
10000000
00000000
01000000
00000000
,
00010000
00000000
00001000
00000000
,
00000010
00000000
00000001
00000000
,
00001000
00000001
00000100
00000000
,
00000010
00000000
00000010
00000000
,
00000010
00000000
00000100
00000000
,
00000100
00000000
00001000
00000000
,
00010000
00000000
00001000
00000000
,
01000000
00000000
00010000
00000000
,
10000000
00000000
00000000
00000000
,
00010000
00000000
01000000
00000000
,
00001000
00000000
00010000
00000000
,
00000010
00000000
00000100
00000000
,
00000001
00000000
00000000
00000000
,
00000010
00000000
00000100
00000000
,
00001000
00000000
00000000
00000000
,
00000100
00000000
00010000
00000000
,
00001000
00000000
00000000
00000000
,
01000000
00000000
00100000
00000000
,
10000000
00000000
00010000
00000000
,
00100000
00000000
00001000
00000000
,
00011000
00000000
00000000
00000000
,
00000010
00000000
00000001
00000000
,
00000010
00000000
00000100
00000000
,
00010000
00000000
00001000
00000000
,
00220000
00000000
00000000
00330000
,
01000000
00000000
10000000
00000000
,
00100000
00000000
01000000
00000000
,
00001000
00000000
00010000
00000000
,
00002002
00000000
00000000
00003003
,
00000100
00000000
00000010
00000000
,
00010000
00000000
00001000
00000000
,
01000000
00000000
00010000
00000000
,
02200000
00000000
00000000
03300000
,
10000000
00000000
00100000
00000000
,
01000000
00000000
00001000
00000000
,
00010000
00000000
00000010
00000000
,
00002020
00000000
00000000
00003030
,
00000100
00000000
00000001
00000000
,
00000100
00000000
00001000
00000000
,
00010000
00000000
00010000
00000000
,
01000000
00000000
01000000
00000000
,
10000000
00000000
10000000
00000000
,
00100000
00000000
00100000
00000000
,
00010000
00000000
00010000
00000000
,
00001000
00010000
00001000
00000000
,
00000010
00000000
00000010
00000000
,
00000001
00000000
00000001
00000000
,
00000100
00000000
00000100
00000000
,
00001000
00000000
00001000
00000000
,
00010000
00000000
00010000
00000000
,
01000000
00000000
01000000
00000000
,
10000000
00000000
10000000
00000000
,
01000000
00000000
00010000
00001000
,
00000100
00000001
00000000
00000000
;

//---------------dance-double - M. Emirzian----------------
#NOTES:
     dance-double:
     M. Emirzian:
     Medium:
     7:
     0.432,0.000,0.127,0.151,0.000,345.000,16.000,19.000,0.000,0.000,0.000:






00000000
00000000
00000000
00000000
,
00000000
00000000
00000000
00000000
,
00000000
00000000
00000000
00000000
,
00000000
00000000
00000000
00000000
,
20000000
00000000
00000000
31000000
00000000
00000000
00010000
00000000
,
00002000
00000000
00000000
00003010
00000000
00000000
00000001
00000000
,
00000200
00000000
00000000
00000310
00000000
00000000
00001000
00000000
,
00000100
00010000
00001000
00000000
,
00010000
00000000
00100000
00000000
,
20000000
00000000
00000000
31000000
00100000
00000000
00000000
00000000
,
02000000
00000000
00000000
13000000
00010000
00000000
00000000
00000000
,
01000000
00001000
00010000
00000000
,
00002000
00000000
00000000
00003010
00000100
00000000
00000000
00000000
,
00002000
00000000
00000000
00003001
00000100
00000000
00000010
00000000
,
00001000
00000100
00010000
00010000
,
00001000
00001000
01000000
00000000
,
00100000
00000000
00000000
00000000
10020000
00000000
00000000
01030000
,
00100000
00000000
10000000
01000000
,
00010000
00000000
00000000
00000000
00021000
00000000
00000000
00031000
,
00010000
00000010
00000100
00000000
,
00000001
00000000
00000000
00000000
00001020
00000000
00000000
00010030
,
00001000
00000000
01000000
00000000
,
00100000
00000000
10000000
01000000
00000000
00010000
00000000
01000000
,
10000000
00100000
00100000
00100000
,
01000000
00010000
00000000
10000000
01000000
00000000
00010000
00000000
,
00001000
00000100
00000001
00000000
,
00001000
00000001
00000000
00001000
00000100
00000000
00010000
00000000
,
00001000
00001000
00001000
00000000
,
01000000
00100000
00000000
10000000
00010000
00000000
00100000
00000000
,
01000000
00100000
00001000
00000000
,
00001000
00010000
00000000
00000100
00001000
00000000
00000010
00000000
,
00000100
00000100
00000100
00000000
,
00000001
00000100
00000000
00000010
00001000
00000000
00000100
00000000
,
00010000
00001000
01000000
00000000
,
00010000
01000000
00000000
00100000
10000000
00000000
01000000
00000000
,
00010000
00010000
00010000
00000000
,
00001000
00010000
00000000
00000010
00001000
00000000
00000001
00000000
,
00000010
00001000
00010000
00000000
,
00001000
01000000
00000000
00010000
01000000
00000000
00100000
00000000
,
10000000
10000000
10000000
00000000
,
20000000
00000000
00000000
31000000
00000000
00000000
00010000
00000000
,
02000000
00000000
00000000
13000000
00000000
00000000
00010000
00000000
,
02000000
00000000
00000000
03001000
00000000
00000000
00010000
00000000
,
00000100
00001000
00001001
00000000
,
00000020
00000000
00000000
00000031
00000000
00000000
00000100
00000000
,
00002000
00000000
00000000
00013000
00000000
00000000
01000000
00000000
,
20000000
00000000
00000000
30100000
00000000
00000000
01000000
00000000
,
00010000
00100000
00101000
00000000
,
00010000
00000000
00001000
00010000
00000000
00001000
00000000
00010000
,
00000000
00001000
00000000
00000010
00000000
00000001
00001000
00000000
,
00000001
00000100
00001000
00010000
,
00100000
10000000
00000000
00000000
,
10000000
01000000
00010000
00001000
,
00000010
00000001
00000100
00000000
,
00000001
00000010
00001000
00010000
,
00100000
10000000
01000000
00000000
,
10000000
00000000
00010000
01000000
00000000
00010000
00000000
00100000
,
00000000
00100000
00000000
00100000
00000000
00000000
00000000
00000000
,
00001000
00000000
00000000
00000000
00010200
00000000
00000000
00001300
,
00000010
00000000
00000001
00000010
,
00001000
00000000
00000000
00000000
00001200
00000000
00000000
00010300
,
00001000
00010000
00100000
00000000
,
10000000
00000000
00000000
00000000
02010000
00000000
00000000
03100000
,
10000000
01000000
00100000
00000000
,
00010000
00000000
01000000
10000000
00000000
01000000
00000000
00010000
,
10000000
01000000
01000000
01000000
,
00100000
00010000
00000000
10000000
01000000
00000000
00010000
00000000
,
00001000
00000010
00000001
00000000
,
00000010
00000100
00000000
00001000
00000001
00000000
00000100
00000000
,
00000010
00000010
00000010
00000000
,
00001000
00000100
00000000
00010000
00001000
00000000
01000000
00000000
,
00100000
01000000
00001000
00000000
,
00001000
00010000
00000000
00000100
00001000
00000000
00000001
00000000
,
00000100
00000100
00000100
00000000
,
00000001
00001000
00000000
00000010
00000100
00000000
00001000
00000000
,
00010000
01000000
10000000
00000000
,
00100000
10000000
00000000
00010000
00100000
00000000
01000000
00000000
,
10000000
10000000
10000000
00000000
,
00010000
01000000
00000000
00001000
00010000
00000000
00001000
00000000
,
00000010
00000001
00000100
00000000
,
00000010
00001000
00000000
00000100
00010000
00000000
00001000
00000000
,
01000000
01000000
01000000
00000000
,
00100000
10000000
00000000
01000000
00100000
00000000
00010000
00000000
,
01000000
00001000
00101000
00000000
,
00001000
00010000
00000000
00000010
00001000
00000000
00000100
00000000
,
00000010
00000010
00000011
00000000
,
00000010
00000100
00000000
00010000
00001000
00000000
00100000
00000000
,
01000000
10000000
10100000
00000000
,
00010000
01000000
00000000
00001000
00010000
00000000
00000100
00000000
,
00000010
00000010
00000011
00000000
,
00000100
00001000
00000000
00000010
00000100
00000000
00001000
00000000
,
00010000
00100000
10100000
00000000
,
00100000
01000000
00000000
00010000
01000000
00000000
00100000
00000000
,
10000000
01000000
00110000
00000000
,
00100000
00001000
00000000
00010000
00000100
00000000
00000100
00000000
,
00001000
00001000
00001010
00000000
,
00000100
00000010
00000000
00000001
00001000
00000000
00000010
00000000
,
00000100
00000001
00001010
00010000
,
00001000
01000000
00000000
00000000
;

//---------------dance-double - M. Emirzian----------------
#NOTES:
     dance-double:
     M. Emirzian:
     Hard:
     9:
     0.622,0.000,0.318,0.064,0.000,499.000,40.000,8.000,0.000,0.000,0.000:






00000000
00000000
00000000
00000000
,
00000000
00000000
00000000
00000000
,
00000000
00000000
00000000
00000000
,
00000000
00000000
00000000
00000000
,
10000000
00100000
00010000
00002000
00000000
01003000
00010000
00000000
,
00100000
00001000
00010000
02000000
00000000
03010000
00001000
00000000
,
00000010
00001000
00010000
00002000
00000000
00003100
00000001
00000000
,
00000010
00001000
00010000
00000000
00001000
00000100
00000001
00000000
,
00000100
00000000
00000010
00001000
00000000
00000100
00010000
00000000
,
00001000
01000000
00010000
00000000
10100000
00000000
01000000
00000000
,
00100000
00000000
00010000
01000000
00000000
00100000
10000000
01000000
,
00010000
00000000
00001000
00010000
00100000
00000000
00020000
00000000
,
00031000
00000010
00000001
00000000
00000100
00000000
00000010
00001000
,
00000100
00000000
00000011
00000000
00000101
00000000
00000100
00001000
,
00010000
00000000
00100000
00010000
00000000
00001000
00000000
00000010
,
00000000
00001000
00000000
00010000
01000000
10000000
00010000
01000000
,
00100000
00000000
10000000
01000000
00000000
01000000
00010000
00000000
,
00010000
00001000
00000000
00001000
00000020
00000000
00000130
00000000
,
00001000
00000000
00000010
00000100
00000000
00000100
00000001
00000000
,
00000001
00000010
00000000
00000010
00002000
00000000
00013000
00000000
,
01000000
00000000
10000000
00100000
00000000
00100000
00010000
00000000
,
00010000
00001000
00000000
00001000
00000100
00000000
00000001
00000000
,
00000010
00000000
00000100
00010000
00000000
00001100
00000000
00000010
,
00000100
00000000
00000000
00000000
,
01000000
00000000
00010000
00000000
00100000
01000000
00000000
01000000
,
10000000
00000000
00010000
00000000
01100000
00000000
00010000
00001000
,
00000010
00000000
00001000
00010000
00100000
00000000
00010000
00000000
,
00001000
00000010
00000001
00000000
00000100
00000010
00001000
00000000
,
00000100
00000000
00010000
00000000
00001000
00000100
00000000
00000100
,
00001000
00000000
00010000
00000000
00110000
00000000
10000000
01000000
,
00010000
00000000
00100000
01000000
10000000
00100000
00000000
00010000
,
00000000
00001000
00000000
00000100
00000000
00001000
00010000
01000000
,
00010000
00000000
00001000
00000000
00010000
00100000
00000000
00100000
,
00010000
00000000
00001000
00000000
00001010
00000000
00000001
00000100
,
00001000
00000000
00000001
00000100
00000010
00000000
00000100
00000000
,
00001000
00010000
00100000
00000000
00010000
00001000
00000010
00000000
,
00001000
00000000
00010000
00000000
00100000
01000000
00000000
01000000
,
00100000
00000000
00010000
00000000
10100000
00000000
01000000
00010000
,
00001000
00000000
00010000
01000000
10000000
00100000
00000000
00010000
,
00000000
00001000
00000000
00000100
00000001
00000010
00000100
00001000
,
00001001
00000000
00000110
00000000
00000100
00000001
00000000
00000100
,
00000010
00001000
00000000
00000100
00000000
00010000
00001000
00000000
,
00101000
00011000
01001000
00011000
,
00010000
00100000
10000000
00000000
01000000
00100000
00000000
01000000
,
00010000
00000000
00001000
00000000
00010000
00100000
00000000
00010000
,
00001000
00000010
00000000
00000001
00000000
00000001
00000100
00000000
,
00001010
00010010
00011000
00010100
,
00010000
00001000
00000010
00000000
00001000
00010000
00100000
10000000
,
01000000
00000000
01000000
00100000
00000000
00001000
00000000
00010000
,
00000000
00000100
00000000
00001000
00000000
00000100
00000010
00000000
,
00000100
00000000
00001000
00000010
00000000
00000100
00000001
00000000
,
00000010
00000100
00001000
00000000
00010100
00000000
00010000
00000000
,
00001000
00000000
00010000
00100000
00000000
10000000
01000000
00100000
,
01000000
00000000
00100000
00001000
00010000
00000000
01000000
00000000
,
10000000
00100000
01000000
00000000
00001000
00000000
00010000
00000100
,
00001000
00000000
00010100
00000000
00000110
00000000
00000001
00000100
,
00000010
00000000
00010000
00001000
00000000
00000100
00000000
00001000
,
00000000
00010000
00000000
01000000
10000000
00100000
01000000
00010000
,
10000000
00000000
00100000
00010000
00000000
00010000
00001000
00000000
,
00001000
00000010
00000000
00000010
00000200
00000000
00001300
00000000
,
00000010
00000000
00000100
00000001
00000000
00000001
00000100
00000000
,
00000100
00001000
00000000
00001000
00020000
00000000
01030000
00000000
,
10000000
00000000
00100000
01000000
00000000
01000000
00010000
00000000
,
00010000
00100000
00000000
00100000
01000000
00000000
10000000
00000000
,
00100000
00000000
01000000
00001000
00000000
00010000
00000000
00000100
,
00000010
00000000
00000000
00000000
,
00001000
00000000
00010000
00000000
00001000
00000100
00000000
00000100
,
00001000
00000000
00010000
00000000
01010000
00000000
10000000
00100000
,
00010000
00000000
01000000
00100000
00010000
00000000
00001000
00000000
,
00000010
00001000
00010000
00000000
00001000
00000100
00000001
00000000
,
00000100
00000000
00000010
00000000
00010000
00001000
00000000
00001000
,
01000000
00000000
00100000
00000000
10100000
00000000
00010000
00001000
,
00000100
00000000
00001000
00010000
01000000
00010000
00000000
00001000
,
00000000
00000010
00000000
00000001
00000010
00000100
00010000
00000000
,
00001000
00000000
00000100
00000000
00001000
00010000
00000000
00010000
,
01000000
00000000
10000000
00000000
01010000
00000000
00001000
00000100
,
00000001
00000000
00000100
00001000
00010000
00000000
01000000
00000000
,
00010000
00001000
00000010
00000000
00001000
00010000
00100000
00000000
,
10000000
00000000
01000000
00000000
00100000
00001000
00000000
00001000
,
00000010
00000000
00000001
00000000
00001010
00000000
00000001
00000100
,
00001000
00000000
00000010
00000100
00001000
00010000
00000000
00100000
,
00000000
10000000
01000000
00010000
00001000
00000010
00000001
00000000
,
00000010
00000001
00000100
00000001
00000010
00000000
00001000
00010000
,
00100000
00010000
00001000
00000000
00000010
00000100
00001000
00000000
,
00000010
00000100
00001000
00000000
00010000
00100000
10000000
00000000
,
10010000
00110000
00101000
00011000
,
00000100
00001000
00000010
00001000
00000100
00000000
00000010
00000001
,
00000100
00001000
00000100
00000000
00000001
00000010
00001000
00000000
,
00010000
00001000
00000010
00000000
00001000
00010000
00100000
00000000
,
10010000
01010000
01001000
00011000
,
01000000
10000000
00100000
10000000
01000000
00000000
00010000
01000000
,
10000000
01000000
00010000
00000000
00001000
00010000
00100000
00000000
,
00010000
00001000
00000010
00000000
00000100
00001000
00000010
00000000
,
00000101
00000110
00010100
00011000
,
00010000
00100000
10000000
00100000
00010000
00000000
00001000
00010000
,
01000000
10000000
00100000
00010000
00000000
00001000
00000000
00000010
,
00001000
00010000
01000000
00010000
00001000
00000100
00000000
00001000
,
00000000
00011000
00000000
00010000
00100000
10000000
01000000
00010000
,
00011000
00000110
00000000
00000000
;

//---------------dance-double - M. Emirzian----------------
#NOTES:
     dance-double:
     M. Emirzian:
     Challenge:
     10:
     0.681,0.000,0.406,0.032,0.008,544.000,51.000,4.000,4.000,0.000,0.000:






00000000
00000000
00000000
00000000
,
00000000
00000000
00000000
00000000
,
00000000
00000000
00000000
00000000
,
00000000
00000000
00000000
00000000
,
01000000
10000000
00100000
00010000
00100000
10000000
01000000
00100000
,
00001000
00010000
01000000
00010000
00001000
00000100
00000001
00000010
,
00000100
00001000
00000001
00000100
00001000
00000010
00001000
00010000
,
01000000
00010000
00001000
00000000
00000100
00000001
00000010
00000000
,
00000001
00000000
00000010
00000100
00010000
00000000
00001000
00010000
,
00100000
10000000
00100000
00000000
01000000
00000000
01001000
00000000
,
00010000
00000000
00100000
01000000
10000000
00000000
00100000
00010000
,
00001000
00000100
00001000
00000000
00010000
00000000
00001100
00000000
,
00000001
00000000
00000010
00001000
00010000
00000000
00000001
00000100
,
00001000
00000100
00000001
00000000
00000010
00000000
00001000
00000000
,
00010000
00000000
00100000
00010000
00000000
00001000
00000000
00000010
,
00000000
00001000
00000000
00010000
00000000
01000000
10000000
01000000
,
00100000
00000000
00010000
01000000
10000000
00000000
01000000
00010000
,
00100000
10000000
00100000
00101000
,
00001000
00000000
00010000
00000100
00001000
00000000
00000010
00001000
,
00000100
00000001
00000100
00010100
,
00000100
00000000
00010000
00001000
00000100
00000000
00001000
00010000
,
01000000
10000000
00100000
01010000
,
00100000
00000000
01000000
00020000
00000000
00032000
00000000
00003100
,
00000001
00000000
00000000
00000000
,
00000001
00000010
00000100
00001000
00000001
00000000
00000100
00001000
,
00010000
00001000
00100000
01000000
00000000
00010000
00000000
00001000
,
00000100
00000000
00001000
00010000
00100000
00000000
10000000
01000000
,
00100000
00010000
00101000
00010000
,
01000000
00010000
00001000
00010000
00100000
00000000
10000000
00100000
,
00010000
00100000
10000000
01000000
00000000
00100000
00000000
00001000
,
00010000
00000000
00001000
00000100
00000001
00000010
00000000
00000100
,
00000000
00001000
00000000
00000010
00000000
00010000
00001000
00000100
,
00000001
00000010
00001000
00000010
00000001
00000000
00000100
00001000
,
00000010
00001000
00010000
01000000
00000000
00010000
00000000
00001000
,
00000100
00000000
00001000
00010000
00100000
00000000
00001000
00010000
,
00100000
10000000
00110000
10000000
,
00010000
01000000
10000000
01000000
00010000
00000000
00100000
01000000
,
10000000
00100000
01000000
00010000
00000000
10000000
00000000
01000000
,
00010000
00000000
00000010
00001000
00000100
00000010
00000000
00000110
,
00000000
00001001
00000000
00000010
00000100
00000001
00000010
00000100
,
00001000
00000010
00010000
00001000
00000100
00000000
00001000
00010000
,
00100000
00010000
00001000
00010000
00000000
00100000
00000000
00010000
,
00101000
00011000
01001000
00110000
,
01000000
10000000
00000000
10000000
00010000
00000000
01000000
00000000
,
00100000
00010000
00001000
00000010
00001000
00000000
00010000
00001000
,
00000100
00000001
00001000
00000100
00000000
00000010
00000000
00000001
,
00001001
00010010
00001100
00010100
,
00011000
00000000
00001000
00000000
00000100
00001000
00010000
01000000
,
10000000
00000000
00100000
10000000
00000000
01000000
00000000
00010000
,
00000000
00100000
00000000
00010000
00000000
00001000
01000000
00000000
,
00010000
00000000
01000000
10000000
01000000
00000000
00010000
00100000
,
01000000
10000000
00010000
00000000
01000000
00000000
01001000
00000000
,
00010000
00000000
00100000
00010000
00001000
00000000
00100000
01000000
,
00010000
00001000
00000010
00000001
00000100
00000000
00001001
00000000
,
00000010
00000000
00001000
00000010
00000001
00000000
00001000
00000100
,
00000010
00010000
00001000
00000000
00101000
00000000
00000100
00000000
,
00001000
00000000
00010000
01000000
00000000
00010000
00000000
00001000
,
00000000
00000010
00000000
00001000
00000000
00010000
01000000
10000000
,
00100000
00000000
00010000
01000000
00010000
00000000
00001000
00010000
,
00100000
10000000
01000000
11000000
,
00010000
00000000
00001000
00000100
00001000
00000000
00010000
00100000
,
00010000
00001000
00000010
00000011
,
00000100
00000000
00001000
00000010
00000001
00000000
00000010
00000100
,
00000001
00000010
00000100
00001001
,
00000100
00000000
00001000
00020000
00000000
02030000
00000000
13000000
,
01000000
00000000
00000000
00000000
,
00100000
00010000
01000000
10000000
01000000
00000000
00010000
00100000
,
01000000
00010000
00001000
00010000
00000000
01000000
00000000
10000000
,
01000000
00000000
00010000
00100000
00010000
00000000
00001000
00010000
,
01000000
00010000
00011000
00000100
,
00000001
00000010
00001000
00000100
00000010
00000000
00000001
00000100
,
00001000
00000100
00000001
00000010
00000000
00001000
00000000
00000100
,
00001000
00010000
00001000
00000100
00001000
00010000
01000000
10000000
,
00000000
01000000
00000000
10010000
00000000
00010000
00100000
10000000
,
00100000
00010000
01000000
00100000
00010000
00000000
00100000
00010000
,
00001000
00010000
01000000
10000000
00000000
01000000
00000000
00010000
,
00100000
00010000
00001000
00010000
00100000
00000000
01000000
00000000
,
01001000
00110000
00101000
01100000
,
00001000
00010000
01000000
00010000
00001000
00000000
00000100
00000001
,
00001000
00000100
00000001
00000100
00000000
00001000
00000000
00000010
,
00000100
00000000
00000001
00000010
00000100
00001000
00000000
00001001
,
00000000
00000110
00000000
00000001
00000010
00001000
00010000
00001000
,
00010000
01000000
10000000
00100000
00010000
01000000
00010000
00001000
,
00000100
00001000
00010000
01000000
10000000
01000000
00100000
00000000
,
00101000
00011000
00010100
00011000
,
00010000
00001000
00000010
00000001
00000010
00001000
00010000
00000100
,
00000010
00001000
00000100
00001000
01000000
00100000
00010000
00000010
,
00000100
00001000
00100000
01000000
00010000
00001000
00000100
00000000
,
00011000
00010010
00011000
01001000
,
00100000
10000000
01000000
00010000
00100000
00010000
00001000
00000100
,
00000001
00000010
00000100
00010000
00100000
00010000
00000100
00001000
,
01000000
00100000
00001000
00000100
00000001
00000010
00000100
00000000
,
00001100
00001001
00010010
00011000
,
00010000
00001000
00000100
00000001
00000100
00001000
00010000
00100000
,
10000000
01000000
00010000
00100000
00010000
00000010
00001000
00000100
,
00000001
00000100
00010000
00100000
01000000
00001000
00010000
00000000
,
01001000
00000000
00011000
00000000
00010100
00001000
00000000
00010010
,
00000000
00000101
00000000
00000010
00000100
00001000
00000001
00000100
,
00001010
00000000
00000000
0000M0M0
00110000
00000000
00000000
00MM0000
00000000
00000000
00000000
00000000
00000000
00000000
00000000
00000000
;

//---------------lights-cabinet - ----------------
#NOTES:
     lights-cabinet:
     :
     Easy:
     1:
     1.000,0.000,1.000,0.103,0.000,425.000,203.000,13.000,0.000,158.000,0.000:


00000000
00000000
00000000
00000000
,
00000000
00000000
00000000
00000000
,
00000000
00000000
00000000
00000000
,
00000000
00000000
00000000
00000000
,
11000011
00000000
00000000
00010000
00000011
00000000
00010000
00000000
,
11000011
00000000
00000000
00100000
00000011
00000000
00100000
00000000
,
10100011
00000000
00000000
01000000
00000011
00000000
01000000
00000000
,
22000011
00000000
00000011
33000011
,
00010011
00000000
00010000
00000000
10100011
00000000
00000000
00010000
,
00000011
10000000
00100000
00000000
01100011
00000000
00000000
00000000
,
01010011
00000000
00010000
00000000
11000011
00010000
00000000
00200000
,
00000022
00000000
00310033
00000000
,
00010011
00000000
00010000
00000000
11000011
00000000
00000000
00100000
,
00000011
10000000
01000000
00000000
10100011
00000000
00000000
00000000
,
00110011
00000000
10000000
00000000
00110011
10000000
00000000
00200000
,
00000011
01000000
00000000
00000000
01300011
00000000
00000000
00000000
,
00010011
00000000
00000000
10000000
00000011
00000000
00010000
00000000
,
00000011
00100000
00000000
00010000
11000011
00000000
00100000
00000000
,
01100011
00000000
00000000
00010000
00000011
00000000
00100000
00000000
,
00000011
00010000
00000000
00000000
01100011
00000000
00100011
00000000
,
11000011
00000000
00000000
00100000
00000011
00000000
01000000
00000000
,
00000011
00010000
00000000
00100000
00110011
00000000
00100000
00000000
,
00110011
00000000
00000000
01100011
00000000
00110011
00000000
00000011
,
01100011
00000000
00000000
00000000
,
11000011
00000000
00100000
00000000
01100011
00000000
00010000
00100000
,
01010011
00100000
00000000
00010000
00000011
01000000
00000000
00100000
,
10100011
10000000
00110011
00100000
,
00110011
00000000
00000011
00000011
,
11000011
00000000
10000000
00000000
00010011
00000000
01000000
00100000
,
11000011
01000000
00000000
01000000
00000011
10000000
00000000
00100000
,
11000011
00010000
00110011
00010000
,
10100011
00000000
00000000
00000000
01100000
10000000
00100000
10000000
,
00110011
00000000
01000000
00000000
01010011
00000000
00100000
00010000
,
00110011
00010000
00000000
10000000
00000011
00010000
00000000
01000000
,
01100011
00100000
01100011
01000000
,
01100011
00000000
10010011
10010000
,
00100011
00000000
10000000
00000000
00110011
00000000
00100000
00010000
,
00110011
00010000
00000000
10000000
00000011
00100000
00000000
01000000
,
00110011
00000000
10000000
00000000
00010011
00100000
00000000
00110000
,
00000011
00000000
00000000
00000000
00010000
10000000
00010000
10000000
,
01010011
10000000
00110011
10000000
,
00010011
00100000
00110011
10000000
,
00110011
01000000
00100000
01000000
10100011
01000000
00000000
00100000
,
00000011
10000000
00000000
10000000
01010011
00000000
10000011
00000000
,
00110011
10000000
00110011
10000000
,
10100011
01000000
00000000
01100000
00000011
01100000
00000000
00000000
,
00010011
00100000
00010000
00100000
00110011
00100000
00000000
00010000
,
00000011
02000000
00000000
00000000
00100011
00000000
03100011
00000000
,
11000011
00000000
01000000
10000000
00000000
00100000
00000000
01000000
,
00000000
00010000
00000000
00100000
00000000
01000000
10000000
00000000
,
01010011
00000000
00010000
00000000
01100011
00000000
00000000
00010000
,
00000011
10000000
01000000
00000000
11000011
00000000
00000000
00000000
,
00010011
01000000
00100000
00000000
11000011
01000000
10000000
00000000
,
00020022
00000000
00000000
00000000
00000000
00030033
00000000
00000000
,
11000011
00000000
10000000
00000000
00010011
00000000
00000000
00100000
,
00000011
00010000
01000000
00000000
00110011
00000000
00000000
00000000
,
10100011
01000000
10000000
00000000
01100011
01000000
00100000
01000000
,
00020022
10000000
10030033
00000000
,
00010011
00000000
00000000
01000000
00000011
00000000
00100000
00000000
,
00000011
10000000
00000000
01000000
11000011
00000000
00100000
00000000
,
11000011
00000000
00000000
00100000
00000011
00000000
01000000
00000000
,
00000011
00010000
00000000
00000000
01100011
00000000
00010011
00000000
,
11000011
00000000
00000000
01000000
00000011
00000000
10000000
00000000
,
00000011
00100000
00000000
01000000
00010011
00000000
10000000
00000000
,
11000011
00000000
00000000
01100011
00000000
11000011
00000000
00000011
,
01100011
00000000
00000000
00000000
,
00010011
00000000
01000000
00000000
01100011
00000000
10000000
01000000
,
11000011
01000000
00000000
10000000
00000011
00100000
00000000
01000000
,
00010011
00010000
10100011
01000000
,
11000011
00000000
00000011
00000011
,
01010011
00000000
00010000
00000000
11000011
00000000
00100000
01000000
,
00010011
00100000
00000000
00100000
00000011
00010000
00000000
01000000
,
00110011
10000000
11000011
10000000
,
00010011
00000000
00000000
00000000
01010011
00010000
01000011
00010000
,
11000011
00000000
00100000
00000000
11000011
00000000
01000000
10000000
,
11000011
10000000
00000000
00010000
00000011
10000000
00000000
00100000
,
01010011
01000000
01100011
00100000
,
01100011
00000000
10010011
10010000
,
01100011
00000000
00010000
00000000
10100011
00000000
01000000
10000000
,
11000011
10000000
00000000
00010000
00000011
01000000
00000000
00100000
,
11000011
00000000
00010000
00000000
11000011
01000000
00000000
11000000
,
00000011
00000000
00000000
00000000
00110000
10000000
00010000
10000000
,
00010011
00000000
10000000
00000000
01010011
01000000
00100000
00000000
,
11000011
00000000
00100000
00000000
01010011
00010000
00100000
00000000
,
00110011
01000000
00100000
00000000
01100011
00100000
10000000
00000000
,
11000011
00000000
00010011
00010000
,
10100011
00000000
00010000
00000000
11000011
00100000
01000000
00000000
,
00010011
00000000
01000000
00000000
10100011
10000000
01000000
00000000
,
11000011
00100000
01000000
00000000
00100011
01000000
00010000
00000000
,
00110011
00000000
00010011
11000000
,
11000011
01000000
10000011
00000000
00010011
00000000
00010000
00000000
,
01010011
00100000
01000000
00000000
01100011
00000000
00100000
00000000
,
11000011
01000000
10000000
00000000
10100011
01000000
00010000
00000000
,
00110011
00000000
10010011
10010011
,
00110011
00100000
00010000
00000000
11000011
00000000
10000000
00000000
,
10100011
01000000
00100000
00000000
01100011
00000000
01000000
00000000
,
00010011
00100000
00010000
00000000
11000011
00100000
10000000
00000000
,
11000011
00000000
00000000
00010000
00000011
00010000
10000011
00010000
,
10010011
10010011
00000000
00000000
;

//---------------dance-single - M. Puls----------------
#NOTES:
     dance-single:
     M. Puls:
     Beginner:
     1:
     0.106,0.000,0.056,0.000,0.000,86.000,7.000,0.000,0.000,0.000,0.000:






0000
0000
0000
0000
,
0000
0000
0000
0000
,
0000
0000
0000
0000
,
0000
0000
0000
0000
,
1000
0000
0000
0000
,
0000
0000
0000
0000
,
0001
0000
0000
0000
,
0000
0000
0000
0000
,
1000
0000
0000
0000
,
1000
0000
0000
0000
,
0001
0000
0000
0000
,
0001
0000
0000
0000
,
0010
0000
0000
0000
,
0100
0000
0000
0000
,
1000
0000
0000
0000
,
0100
0000
0000
0000
,
0010
0000
0000
0000
,
0001
0000
0000
0000
,
0001
0000
0000
0000
,
1000
0000
0000
0000
,
1000
0000
0000
0000
,
0001
0000
0000
0000
,
0001
0000
0000
0000
,
1001
0000
0000
0000
,
1000
0000
0000
0000
,
0010
0000
0000
0000
,
1000
0000
0000
0000
,
0100
0000
0000
0000
,
0100
0000
0000
0000
,
0001
0000
0000
0000
,
0100
0000
0000
0000
,
0001
0000
0000
0000
,
0010
0000
0000
0000
,
0010
0000
0000
0000
,
0100
0000
0000
0000
,
0010
0000
0000
0000
,
0100
0000
0000
0000
,
0001
0000
0000
0000
,
1000
0000
0000
0000
,
0001
0000
0000
0000
,
1001
0000
0000
0000
,
0000
0000
0000
0000
,
1001
0000
0000
0000
,
0000
0000
0000
0000
,
1001
0000
0000
0000
,
0100
0000
0000
0000
,
0010
0000
0000
0000
,
0100
0000
0000
0000
,
1000
0000
0000
0000
,
0100
0000
0000
0000
,
0010
0000
0000
0000
,
0001
0000
0000
0000
,
0010
0000
0000
0000
,
0100
0000
0000
0000
,
1000
0000
0000
0000
,
0100
0000
0000
0000
,
0010
0000
0000
0000
,
0001
0000
0000
0000
,
0001
0000
0000
0000
,
0000
0000
0000
0000
,
1000
0000
0000
0000
,
0000
0000
0000
0000
,
0001
0000
0000
0000
,
0000
0000
0000
0000
,
0010
0000
0000
0000
,
1001
0000
0000
0000
,
1000
0000
0000
0000
,
0010
0000
0000
0000
,
1000
0000
0000
0000
,
0100
0000
0000
0000
,
0100
0000
0000
0000
,
1000
0000
0000
0000
,
0000
0000
0000
0000
,
0001
0000
0000
0000
,
0010
0000
0000
0000
,
0010
0000
0000
0000
,
0001
0000
0000
0000
,
0000
0000
0000
0000
,
0100
0000
0000
0000
,
0001
0000
0000
0000
,
1000
0000
0000
0000
,
0001
0000
0000
0000
,
1001
0000
0000
0000
,
1000
0000
0000
0000
,
1000
0000
0000
0000
,
0100
0000
0000
0000
,
0100
0000
0000
0000
,
0010
0000
0000
0000
,
0010
0000
0000
0000
,
0001
0000
0000
0000
,
0001
0000
0000
0000
,
0010
0000
0000
0000
,
0010
0000
0000
0000
,
0100
0000
0000
0000
,
0100
0000
0000
0000
,
1000
0000
0000
0000
,
1000
0000
0000
0000
,
0001
0000
0000
0000
,
1001
0000
0000
0000
;
