#TITLE:Determinator;
#SUBTITLE:;
#ARTIST:Dust Devil;
#TITLETRANSLIT:;
#SUBTITLETRANSLIT:;
#ARTISTTRANSLIT:;
#GENRE:Electronic Score;
#CREDIT:;
#BANNER:Determinator-banner.png;
#BACKGROUND:Determinator-bg.png;
#LYRICSPATH:;
#CDTITLE:;
#MUSIC:Determinator.ogg;
#OFFSET:0.009;
#SAMPLESTART:19.380;
#SAMPLELENGTH:11.960;
#SELECTABLE:YES;
#BPMS:0.000=147.000;
#STOPS:;
#BGCHANGES:0.000=Determinator-bg.png=1.000=0=0=1=====,
16.000=In The Groove 2/461_JumpBack.mpg=1.000=1=0=1===CrossFade==,
32.000=-random-=1.000=0=0=1=====,
48.000=-random-=1.000=0=0=1=====,
60.000=Determinator-bg.png=1.000=0=0=1=====,
64.000=-random-=1.000=0=0=1===FadeLeft==,
72.000==1.000=0=0=1===FadeRight==,
80.000=-random-=1.000=0=0=1===FadeUp==,
88.000=-random-=1.000=0=0=1===FadeDown==,
96.000=-random-=1.000=0=0=1=====,
112.000=-random-=1.000=0=0=1=====,
128.000=-random-=1.000=0=0=1=====,
144.000=-random-=1.000=0=0=1=====,
156.000=Determinator-bg.png=1.000=0=0=1=====,
160.000=In The Groove 2/627_JumpBack.mpg=1.000=1=0=1=SongBgWithMovieViz==CrossFade==,
168.000=-random-=1.000=0=0=1=====,
184.000=-random-=1.000=0=0=1=====,
200.000=Determinator-bg.png=0.500=0=0=1=Checkerboard2File2x2=In The Groove 2/451_JumpBack.mpg===,
208.000=In The Groove 2/449_JumpBack.mpg=0.500=0=0=1=Checkerboard2File2x2=Determinator-bg.png=FadeLeft==,
216.000=Determinator-bg.png=0.500=0=0=1=Checkerboard2File2x2=In The Groove 2/464_JumpBack.mpg=FadeRight==,
224.000=In The Groove 2/461_JumpBack.mpg=0.500=0=0=1=Checkerboard2File2x2=Determinator-bg.png=FadeUp==,
232.000=-random-=1.000=0=0=1=====,
248.000=-random-=1.000=0=0=1=====,
259.500=Determinator-bg.png=1.000=0=0=1=====,
99999=-nosongbg-=1.000=0=0=0 // don't automatically add -songbackground-
;
#BGCHANGES2:60.000=white flash=1.000=0=0=1=====,
156.000=white flash=1.000=0=0=1=====,
168.000=white flash=1.000=0=0=1=====,
232.000=white flash=1.000=0=0=1=====,
259.500=white flash=1.000=0=0=1=====,
;
#KEYSOUNDS:;
// cache tags:
#FIRSTBEAT:14.000;
#LASTBEAT:265.000;
#SONGFILENAME:/Songs/In The Groove 2/Determinator/Determinator.sm;
#HASMUSIC:1;
#HASBANNER:1;
#MUSICLENGTH:111.020;
// end cache tags

//---------------dance-single - C. Foy----------------
#NOTES:
     dance-single:
     C. Foy:
     Easy:
     4:
     0.268,0.000,0.126,0.324,0.000,158.000,14.000,36.000,0.000,0.000,0.000:
0000
0000
0000
0000
,
0000
0000
0000
0000
,
0000
0000
0000
0000
,
0000
0000
0000
0000
0000
0000
0000
2002
,
0000
0000
0000
0000
,
0000
3003
0000
1100
0000
0011
0000
2002
,
0000
0000
0000
0000
,
0000
3003
0000
1000
0100
1000
0000
1010
,
0000
0000
0000
0000
,
0000
0000
1000
0001
1000
0001
0000
1001
,
0000
0000
0000
0000
,
0000
0000
0001
0100
0001
0100
0000
0101
,
0000
0000
0000
0000
,
0000
0000
0010
1000
0010
1000
0010
1000
,
0000
0000
0000
0000
,
0200
0000
0000
0300
0000
0000
0000
0000
,
1000
0100
1000
0100
,
0010
0100
0010
0100
,
0010
0001
0010
0001
,
1000
0100
1000
0100
,
1000
0100
1000
1000
,
0010
0001
0100
1000
,
0010
0001
0100
1000
,
0010
0001
0100
1000
,
0001
0002
0003
0000
,
0200
0000
0300
0002
0000
0003
0020
0000
,
0030
0200
0300
0000
,
2000
0000
3000
0002
0000
0003
0020
0000
,
0030
0200
0300
0000
,
2000
0000
3000
0020
0000
0030
2000
0000
,
3001
0000
0000
1010
0000
0000
0000
0000
,
1100
0000
0000
0011
0000
0000
0000
0000
,
2002
3003
0000
0000
,
0000
0000
0001
1000
0001
1000
0000
0200
,
0000
0300
0000
0000
0000
0000
0000
0000
,
0000
0000
0000
0000
1000
0010
0000
0200
,
0000
0300
0000
0000
0000
0000
0000
0000
,
0000
0000
0001
0100
0001
0100
0001
0100
,
0000
0000
0000
0000
,
2002
0000
0000
0000
,
0000
0000
0000
0000
,
0000
0000
0000
3003
,
0110
0000
1000
0001
0000
0000
0000
0000
,
0000
1000
0000
0010
0000
0100
0000
0001
,
0000
1000
0001
0000
0000
0000
0000
0000
,
0000
0000
0000
0000
0000
0000
0000
1000
,
0000
0001
0100
0000
0000
0010
0100
0010
,
0000
1000
0100
1000
0000
0001
0000
0000
,
1000
0010
0001
0100
,
1000
0010
0001
0100
,
1000
0020
0030
0000
,
0002
0000
0003
0200
0000
0300
2000
0000
,
3000
0020
0030
0000
,
0002
0000
0003
0200
0000
0300
2000
0000
,
3000
0020
0030
0000
,
0002
0000
0003
0200
0000
0300
2000
0000
,
3001
1000
0001
0100
,
0001
1000
0001
0010
,
0001
0000
0000
0000
,
0000
0000
1000
0010
1000
0010
1000
0010
,
0000
0000
0000
0000
,
0000
0000
0100
0001
0100
0001
0100
0001
,
0000
0000
0000
0000
,
0000
0000
1000
0001
1000
0001
1000
0002
,
0000
0000
0000
0000
0000
0003
0000
1001
;

//---------------dance-single - C. Foy----------------
#NOTES:
     dance-single:
     C. Foy:
     Medium:
     6:
     0.381,0.000,0.378,0.207,0.000,231.000,42.000,23.000,0.000,0.000,0.000:
0000
0000
0000
0000
,
0000
0000
0000
0000
,
0000
0000
0000
0000
,
0000
0000
0000
0000
0000
0110
0000
2002
,
0000
0000
0000
0000
,
0000
3003
0000
1010
0000
0101
0000
2002
,
0000
0000
0000
0000
,
0000
3003
0000
1000
0001
0100
0000
1010
,
0000
0000
0000
0000
,
0000
0000
1000
0010
0100
0001
0000
1010
,
0000
0000
0000
0000
,
0000
0000
0001
0100
0010
1000
0000
1010
,
0000
0000
0000
0000
,
0000
0000
0001
0100
1000
0100
0001
0010
,
0000
0000
0000
0000
,
0200
0000
0000
0300
0000
0000
0000
0000
,
1000
0100
0001
0100
,
1000
0010
0001
0010
,
1000
0100
0010
1000
,
0010
0001
0010
1000
,
0010
0001
0100
0001
,
1000
0100
1000
0001
1000
0010
1000
0100
,
1000
0001
1000
0010
1000
0001
0100
0001
,
1000
0001
0010
0001
0100
0001
1000
0001
,
0010
0001
0101
0000
,
1000
0000
1001
0001
0000
1001
1000
0000
,
1001
0010
0110
0000
,
0010
0000
0110
0100
0000
0110
0010
0000
,
1001
1000
1001
0000
,
0001
0000
1001
1000
0000
1100
0100
0000
,
1100
0000
0000
1010
0000
0000
0000
0000
,
0101
0000
0000
1010
0000
0000
0000
2002
,
0000
3003
0000
0001
0100
0010
1000
0002
,
0003
0000
1000
0010
0100
0001
0000
0020
,
0000
0030
0000
0000
0001
0010
0100
2000
,
3000
0010
1000
0001
0100
0010
0000
0200
,
0000
0301
0100
0010
1000
0000
0000
0000
,
0000
0000
0001
1000
0010
0100
0001
2000
,
0000
0000
0000
0000
0000
0000
0000
3000
,
2002
0000
0000
0000
,
0000
0000
0000
0000
,
0000
0000
0000
3003
,
0110
0000
0001
1000
0000
0000
0000
0000
,
0000
1000
0010
0100
0001
1000
0010
1000
,
0000
1000
0001
0000
0000
0000
0000
0000
,
0000
0000
0000
0000
0000
0000
0000
0001
,
0000
0001
0100
0000
0000
0010
0100
0001
,
0000
1000
0100
0010
0000
0001
0000
1000
,
0000
0001
0100
0001
1000
0001
0010
0001
,
1000
0001
0100
0001
0010
0001
0100
0001
,
0100
0001
1001
0000
,
1000
0000
1010
1000
0000
1010
0010
0000
,
1001
1000
1001
0000
,
0001
0000
0011
0010
0000
0011
0001
0000
,
0011
0100
1001
0000
,
0010
0000
1001
1000
0000
1001
1000
0000
,
1001
0000
0000
0101
0000
0000
0000
0000
,
0110
0000
0000
1000
0010
0100
0000
2002
,
3003
0000
0000
1000
0010
1000
0001
2000
,
3000
0000
0001
0010
0100
2000
3000
0020
,
0000
0000
0030
0000
1000
0001
1000
0002
,
0003
0001
0010
0100
1000
0002
0003
2000
,
3000
0000
0000
1000
0100
0010
0001
1000
,
0000
0000
1000
0001
0100
0010
1000
0002
,
0000
0000
0000
0000
0000
0003
0000
1001
;

//---------------dance-single - C. Foy----------------
#NOTES:
     dance-single:
     C. Foy:
     Hard:
     8:
     0.465,0.000,0.405,0.513,0.090,259.000,45.000,57.000,0.000,0.000,0.000:
0000
0000
0000
0000
,
0000
0000
0000
0000
,
0000
0000
0000
0000
,
0000
0000
0000
0000
0000
1010
0000
0202
,
0000
0000
0000
0000
,
0000
0000
0303
1010
0000
0101
0000
2002
,
0000
0000
0000
0000
,
0000
0000
3003
1000
0001
0100
0000
2020
,
0000
3030
0000
0000
,
0000
0000
0000
0000
0001
0000
1000
0000
1000
0000
0002
0000
0000
0003
2020
0000
,
0000
3030
0000
0000
0000
0000
0000
0000
0000
0000
0000
0000
0000
0000
0000
0000
,
0000
0000
0010
1000
1000
0001
0000
2020
,
0000
3030
0000
0000
0000
0000
0000
0000
0000
0000
0000
0000
0000
0000
0000
0000
,
0000
0000
0001
1000
1000
0001
0100
0200
,
0000
0300
0000
0000
0000
0000
0000
0000
0000
0000
0000
0000
0000
0000
0000
0000
,
1000
0000
0000
0000
0001
0000
0000
0000
1000
0000
0000
0000
0002
0000
0000
0000
0000
0000
0000
0000
0000
0003
0000
0000
0000
0000
0000
0000
0000
0000
0000
0000
0000
0000
0000
0000
0000
0000
0000
0000
0000
0000
0000
0000
0000
0000
0000
0000
,
1000
0100
0001
1000
,
0001
0100
0010
0001
,
0100
1000
0001
0010
,
1000
0000
0100
0000
0100
1000
0000
0000
,
0001
0001
1000
1000
,
1000
0010
0100
0001
1000
0100
0010
0001
,
0100
0010
0100
0001
1000
0100
0010
0001
,
1000
0100
1000
0001
0100
0010
1000
0100
,
0010
0000
0000
0000
0002
0000
0000
0003
0101
0000
0000
0000
0000
0000
0000
0000
,
0200
0000
0000
0300
0101
0000
0002
0000
0000
0003
1001
0000
0200
0000
0000
0300
,
1001
0000
0000
0000
0020
0000
0000
0030
0101
0000
0000
0000
0000
0000
0000
0000
,
2000
0000
0000
3000
1010
0000
0020
0000
0000
0030
1010
0000
0200
0000
0000
0300
,
1001
0000
0000
0000
0020
0000
0000
0030
1010
0000
0000
0000
0000
0000
0000
0000
,
0200
0000
0000
0300
1010
0000
0002
0000
0000
0003
0101
0000
2000
0000
0000
3000
,
1001
0000
0000
1010
0000
0000
0000
0000
,
0101
0000
0000
1010
0000
0000
0000
2002
,
0000
3003
0000
0001
0100
0100
0010
2000
,
0000
3000
0000
0000
1000
0000
0010
0000
0100
0000
0001
0000
0000
0000
0200
0000
,
0000
0300
0000
0000
0001
0100
0010
2000
,
0000
3000
0010
0000
1000
0000
0001
0000
0100
0000
0010
0000
0000
0000
0200
0000
,
0000
0301
0100
0010
1000
0100
0010
0002
,
0000
0003
1000
0000
0010
0000
0100
0000
0001
0000
0100
0000
0001
0000
0002
0000
,
0000
0000
0000
0003
,
2002
0000
0000
0000
,
0000
0000
0000
0000
,
0000
0000
0000
3003
,
0110
0000
0001
0101
0000
0000
0000
0000
,
0000
1000
0010
0100
0001
0001
1000
0010
,
0000
0000
0010
0000
2000
0000
0000
0000
0000
0000
0000
0000
0000
0000
3000
0001
,
1000
0002
0000
0000
0000
0000
0003
1000
0100
0000
1000
0000
0000
0000
0001
0000
,
0000
0001
0100
0000
0000
0010
0100
0001
,
0000
1000
0100
0010
0000
0001
0000
1000
,
0000
0000
0001
0100
0001
0100
0001
1000
0001
1000
0001
0010
0001
0010
0001
1000
,
0001
1000
0001
0100
0001
0100
0001
1000
0001
1000
0001
0010
0001
0010
0001
1000
,
0001
0000
0000
0000
2000
0000
0000
3000
1010
0000
0000
0000
0000
0000
0000
0000
,
0020
0000
0000
0030
1010
0000
2000
0000
0000
3000
1001
0000
0020
0000
0000
0030
,
1001
0000
0000
0000
0200
0000
0000
0300
1010
0000
0000
0000
0000
0000
0000
0000
,
0002
0000
0000
0003
0101
0000
0200
0000
0000
0300
0101
0000
0020
0000
0000
0030
,
1001
0000
0000
0000
0200
0000
0000
0300
0101
0000
0000
0000
0000
0000
0000
0000
,
0020
0000
0000
0030
0101
0000
2000
0000
0000
3000
1010
0000
0002
0000
0000
0003
,
1010
0000
0000
0101
0000
0000
0000
0000
,
0110
0000
0000
1000
0010
0100
0000
2002
,
0000
0000
0000
0000
0000
3003
0001
0000
0100
0000
0001
0000
0010
0000
0100
0000
,
0000
0000
1000
0100
1000
0010
0000
0220
,
0000
0330
0000
0000
0000
0000
0000
0000
0100
0000
0010
0000
1000
0000
0002
0000
,
0000
0003
0001
0000
1000
0000
0010
0000
0100
0000
0100
0000
0000
0000
2002
0000
,
0000
3003
0000
0000
0000
0000
0100
0000
0001
0000
0010
0000
0100
0000
1000
0000
,
0000
0000
1000
0010
1000
0100
0010
0002
,
0000
0000
0000
0000
0000
0003
0000
1001
;

//---------------dance-single - C. Foy----------------
#NOTES:
     dance-single:
     C. Foy:
     Challenge:
     12:
     0.818,0.000,0.090,0.036,1.000,622.000,10.000,4.000,0.000,0.000,0.000:
0000
0000
0000
0000
,
0000
0000
0000
0000
,
0000
0000
0000
0000
,
0000
0000
0000
0000
,
1000
0000
0000
0000
0101
0000
0010
1000
0001
0000
1100
0000
0000
0000
0000
0000
,
1000
0000
0000
0000
0101
0000
0010
1000
0100
0000
1100
0000
0000
0000
0000
0000
,
0010
0000
0000
0000
1001
0000
0010
1000
0100
0000
0101
0000
0000
0000
0001
0000
,
0001
0100
0010
0000
0010
1000
0100
0010
0001
0000
0001
0100
0010
1000
0100
0000
,
0100
0000
0000
0000
1000
0000
1000
0010
0100
0000
0100
0000
0000
0000
0000
0001
,
0010
0000
0100
0000
0100
0000
1000
0010
0100
0000
0001
0000
0000
0000
0000
0001
,
1000
0000
0010
0000
0010
0000
1000
0100
0010
0000
0100
0000
0000
0000
0000
0100
,
1000
0000
0100
0000
0001
0000
0100
0010
0100
0000
1000
0000
0010
0000
0000
0010
,
1000
0000
1000
0000
0100
0000
0100
0010
0001
0000
0100
0000
0000
0000
0000
0000
,
0001
0000
0100
0000
0010
0000
0010
1000
0010
0000
1000
0000
0000
0000
0000
1000
,
0100
0010
0100
1000
0010
0100
0001
1000
,
0010
0000
0000
0000
1000
0000
0000
0000
0001
0000
0000
0000
0200
0000
0000
0000
0000
0000
0300
0000
0000
0000
0000
0000
0001
0000
0000
0000
0000
0000
0000
0000
0000
0001
0000
0000
0100
0000
0000
0010
0000
0000
1000
0000
0000
0001
0000
0000
,
1000
0000
0000
0000
0001
0000
0000
0001
0100
0000
0010
0000
0000
0000
0000
0010
,
1000
0000
0000
0000
0010
0000
0000
0100
0001
0000
1000
0000
0000
0000
0000
1000
,
0010
0000
0000
0000
0100
0000
0000
0100
0001
0000
0000
0000
1000
0000
0000
1000
,
0010
0000
0010
0100
0000
0001
0000
0000
,
1000
0000
0000
0000
0010
0000
0100
0000
0000
0100
0001
0000
0000
0000
0000
0001
,
0100
0000
0000
0000
0010
0000
1000
0000
0000
0000
0100
0000
0000
0000
0000
0100
,
0010
0000
0000
0000
0001
0000
0100
0000
0000
0000
0010
0000
0000
0000
0000
0010
,
0100
0000
0010
0000
0010
1000
0100
0000
0100
0000
0100
0010
0001
0100
0010
0100
,
0001
0000
0000
0000
0000
0000
0001
0010
0100
1000
0001
0100
0001
0000
0000
0000
0000
0000
0000
0000
0000
0000
0000
0000
,
1000
0100
0010
0001
1000
0001
1000
0000
0000
0010
1000
0001
0100
0010
1000
0010
0000
0000
0100
0001
1000
0010
0100
0010
,
1000
0000
0000
0000
0000
0000
0010
1000
0001
1000
0001
1000
0100
0000
0000
0000
0000
0000
0000
0000
0000
0000
0000
0000
,
1000
0010
1000
0001
1000
0001
0100
0000
0000
0001
0010
0001
1000
0001
1000
0100
0000
0000
2000
0000
0000
3000
0000
0000
,
1001
0000
0000
0000
0000
0000
0001
1000
0010
0100
0001
1000
0001
0000
0000
0000
0000
0000
0000
0000
0000
0000
0000
0000
,
0100
0001
0100
0010
1000
0010
0100
0000
0000
0010
0100
0010
1000
0010
1000
0001
0000
0000
1000
0001
1000
0001
1000
0100
,
1000
0000
0000
0000
1000
0000
0100
0000
0000
0000
0010
0001
0100
0000
0000
0000
,
0001
1000
0010
0100
0000
0100
0010
1000
0001
0100
0010
0100
0000
0100
0001
1000
,
0001
0020
0000
0030
0001
0000
0001
0100
0010
1000
0001
0000
0000
0000
0000
0001
,
1000
0000
1000
0000
0010
0000
0010
1000
0001
0100
0010
0000
0000
0000
0000
0010
,
1000
0000
1000
0000
0100
0000
0100
0010
0000
0000
0001
0000
0000
0000
0000
0000
,
0001
0000
0100
0000
0010
0000
0010
1000
0001
0000
0001
0000
0100
0000
0010
0000
,
1000
0000
0000
0000
0001
0000
0001
0010
0000
0000
0100
0000
0000
0000
0000
0100
,
0010
0000
0000
0000
0001
0000
0100
0000
0000
0000
0010
0000
0000
0000
0000
0010
,
0100
0000
1000
0000
0100
0000
0001
0000
0010
0000
0100
0000
0100
1000
0001
1000
,
1001
0000
0000
0000
0000
0000
0000
0000
0000
0000
0000
0000
1000
0100
0010
0100
1000
0100
0010
0100
0010
0001
0010
0100
,
1000
0100
0010
0001
0010
0100
1000
0100
0010
0001
0010
0001
1000
0001
1000
0001
1000
0100
1000
0100
1000
0001
1000
0001
,
0010
0001
0010
0001
1000
0001
1000
0100
0010
0100
0010
0001
0010
0100
1000
0100
0010
0001
0010
0100
1000
0100
1000
0001
,
0200
0000
0300
0000
0001
0000
0101
0000
0000
0000
0001
0000
0001
0100
0010
1000
,
0100
0000
0010
0000
0010
0001
0000
0000
0100
0000
0000
0100
0010
1000
0001
0100
,
0010
0000
0010
0000
1000
0000
1000
0100
0000
0000
0010
0000
0000
0000
0000
0010
,
0100
0000
0100
0000
1000
0000
1000
0010
0000
0010
0100
0000
0000
0000
0000
0100
,
0001
0000
1000
0000
0010
0000
0010
1000
0001
0100
0010
0000
0000
0000
0000
0010
,
1000
0000
0100
0000
1000
0000
1000
0100
1000
0001
0100
0000
0000
0000
0000
0000
,
0010
1000
0001
1000
0010
0100
0001
0010
0100
1000
0100
0010
0001
1000
0010
0100
,
0010
1000
0001
0010
0100
0010
0001
1000
0010
0100
0010
1000
0001
1000
0100
1000
,
0001
0000
0000
0000
0000
0000
1000
0100
0010
0001
1000
0100
0010
0000
0000
0000
0000
0000
0000
0000
0000
0000
0000
0000
,
0010
0100
1000
0001
0010
0100
1000
0000
0000
0100
1000
0001
0010
0100
1000
0001
0000
0000
1000
0010
0100
0001
1000
0010
,
1000
0000
0000
0000
0000
0000
0001
0100
0010
0100
0001
1000
0001
0000
0000
0000
0000
0000
0000
0000
0000
0000
0000
0000
,
0001
0100
0010
1000
0001
0100
0010
0000
0000
1000
0010
0100
0001
1000
0010
1000
0000
0000
0010
1000
0010
1000
0010
1000
,
0010
0000
0000
0000
0000
0000
0100
0001
0100
0001
0100
0001
0100
0000
0000
0000
0000
0000
0000
0000
0000
0000
0000
0000
,
0001
0010
0100
1000
0100
0010
0001
0000
0000
1000
0100
0010
0001
0010
0100
1000
0000
0000
0001
0100
0010
1000
0010
0100
,
0001
0000
0000
0000
0000
0000
0101
0000
0000
0000
0001
1000
0100
0000
0000
0000
,
0100
0010
0001
0000
0001
0000
0001
0100
0010
0000
0010
0100
0001
1000
0100
0010
,
0001
0000
0000
0000
1000
0000
1000
0010
0100
0010
1000
0000
0000
0000
0000
1000
,
0001
0000
0010
0000
0001
0000
0001
0100
0010
0100
0001
0000
0000
0000
0000
0001
,
0010
0000
0001
0000
0010
0000
0010
0100
0010
0100
1000
0000
0001
0000
0000
0001
,
0100
0000
0010
0000
1000
0000
1000
0010
0100
0001
0010
0000
0000
0000
0000
0010
,
0001
0000
0100
0000
0001
0000
0001
0010
0100
0010
0001
0000
0000
0000
0000
0001
,
1000
0000
0000
0000
0000
0000
0010
0000
0000
0000
0000
0000
1000
0000
0000
0000
0000
0000
1000
0000
0000
0001
0000
0000
0100
0000
0000
0010
0000
0000
1000
0000
0000
0000
0000
0000
0000
0000
0000
0000
0000
0000
0000
0000
1000
0000
0100
0000
,
0010
0001
1000
0100
0010
0001
1000
0100
0010
0001
1000
0010
0100
0001
1000
0010
0100
0001
1000
0010
0100
0001
0000
0000
;

//---------------dance-double - M.Emirzian----------------
#NOTES:
     dance-double:
     M.Emirzian:
     Hard:
     9:
     0.575,0.000,0.297,0.207,0.068,391.000,33.000,23.000,0.000,14.000,0.000:
00000000
00000000
00000000
00000000
,
00000000
00000000
00000000
00000000
,
00000000
00000000
00000000
00000000
,
00000000
00000000
00000000
00000000
,
01100000
00000000
10010000
00000000
10000000
01000000
00000000
00100000
,
00001000
00000000
01000000
00100000
00010000
00001000
00000000
01000000
,
00001000
00000000
00011000
00000000
00000010
00001000
00000000
00000100
,
00000010
00000001
00000010
00000000
00000100
00000000
00000000
00001000
00000001
00000000
00000100
00000000
00000010
00001000
00000100
00000000
,
00000010
00000001
00000100
00001000
00000100
00000001
00000000
00010000
,
00001000
00000010
00001000
00100000
01000000
00010000
00000000
00001000
,
01000000
10000000
00100000
10000000
01000000
00010000
00000000
00100000
,
01000000
10000000
00100000
00010000
00001000
00100000
00000000
00010000
,
01000000
10000000
01000000
00010000
00100000
01000000
00000000
10000000
,
01000000
00100000
00001000
00000100
00000001
00000010
00000000
00000100
,
00001000
00000010
00010000
00001000
00000010
00000001
00001000
00000010
,
00000100
00000000
00000000
00000000
00000001
00000000
00000000
00000000
00000010
00000000
00000000
00000000
00000002
00000000
00000000
00000000
00000000
00000000
00000000
00000000
00000000
00000000
00000000
00000000
00000100
00000000
00000000
00000000
00000000
00000000
00000000
00000000
00000000
00000100
00000000
00000000
00000003
00000000
00000000
00000000
00000000
00000000
00000000
00000000
00000000
00000000
00000000
00000000
,
00002020
00000000
00000000
00000000
00010000
00003030
00000000
00000000
00002200
00000000
00000000
00000000
00010000
00003300
00000000
00000000
,
00202000
00000000
00000000
00000000
00010000
00303000
00000000
00000000
02200000
00000000
00000000
00000000
00010000
03300000
00000000
00000000
,
10000000
01000000
00100000
00010000
01000000
00100000
00010000
00001000
,
00100000
00001000
00010000
00100000
00010000
00001000
01000000
00000000
,
02020000
00000000
00000000
00000000
00001000
03030000
00000000
00000000
00220000
00000000
00000000
00000000
00001000
00330000
00000000
00000000
,
00020200
00000000
00000000
00000000
00001000
00030300
00000000
00000000
00000220
00000000
00000000
00000000
00001000
00000330
00000000
00000000
,
00000001
00000100
00000010
00001000
00000100
00000001
00000010
00000001
,
00000100
00001000
00100000
01000000
00010000
00001000
01000000
00100000
,
10000000
00000000
01000000
00100000
10010000
00000000
11000000
00000000
,
00100000
00010000
01000000
10000000
01000000
00010000
00100000
00001000
,
00011000
00000000
01000000
00010000
00011000
00000000
00010010
00000000
,
00001000
00000100
00010000
00001000
00000100
00000010
00010000
00001000
,
00010100
00000000
00001000
00000010
00000110
00000000
00001001
00000000
,
00000100
00001000
00000010
00000001
00010000
00001000
01000000
00001000
,
00011000
00000000
00001000
00010000
01000000
00010000
00001000
01000000
,
00100000
01000000
00100000
00000000
10000000
00000000
00000000
01000000
00100000
00000000
00010000
00000000
01000000
00001000
00010000
00000000
,
01000000
00100000
00010000
01000000
00100000
00010000
00000000
00001000
,
00100000
10000000
00100000
00001000
00010000
00000100
00000000
00000010
,
00001000
00000100
00001000
00000010
00000001
00000100
00000000
00001000
,
00010000
00000100
00000010
01000000
00100000
00010000
00000000
01000000
,
10000000
01000000
00001000
01000000
00100000
10000000
00000000
01000000
,
00100000
00001000
00000100
00000010
00001000
00000100
00000000
00000010
,
00000100
00001000
00000001
00000100
00001000
00010000
00000100
00010000
,
00022000
00000000
00000000
00000000
,
00000000
00000000
00000000
00000000
,
00000000
00000000
00000000
00033000
,
10100000
00000000
01000000
02020000
00000000
00000000
00100000
00000000
,
10000000
00000000
00000000
00000000
00001000
03030000
00000000
00000000
01000000
00000000
00000000
00000000
00100000
00000000
00000000
00000000
,
10000000
00100000
00010000
00100000
01000000
00000010
00000100
00001000
,
00100000
00001000
00000010
00000100
00000001
00000100
00001000
00000001
,
00000000
00000100
00002002
00000000
00000000
00000000
00010000
00000000
,
00000100
00003013
00001000
00000100
,
00000010
00000001
00001000
00100000
00010000
00001000
00010000
01000000
,
00100000
00001000
10000000
01000000
00010000
00001000
01000000
00000000
,
00001000
00000000
00010000
00000100
00011000
00000000
01001000
00000000
,
01000000
10000000
00100000
10000000
01000000
00001000
00010000
00000100
,
00011000
00000000
00001000
00000010
00001001
00000000
00000110
00000000
,
00000001
00000010
00001000
00010000
00000100
00010000
00100000
00010000
,
00011000
00000000
00000100
00001000
00001010
00000000
00000110
00000000
,
00000001
00001000
00000100
00010000
00100000
10000000
01000000
00100000
,
11000000
00000000
00010000
01000000
00100000
10000000
01000000
00100000
,
00010000
01000000
00010000
00000000
00100000
00000000
00000000
00001000
00010000
00000000
01000000
00000000
00010000
00001000
01000000
00000000
,
00010000
00100000
01000000
00010000
00000010
00000100
00000000
00000001
,
00001000
00000100
00010000
01000000
00010000
00001000
00000000
00100000
,
10000000
01000000
10000000
00100000
00001000
00010000
00000000
00100000
,
10000000
01000000
00010000
01000000
10000000
00100000
00000000
01000000
,
00001000
00010000
01000000
00010000
00001000
00000010
00000000
00000001
,
00010000
00001000
00010000
00000001
00000100
00000010
00001000
00000100
,
00000010
00000001
00000010
00000000
00000100
00000000
00000000
00001000
00000010
00000000
00010000
00000000
00001000
01000000
00100000
00000000
;

//---------------dance-double - J.Casarino----------------
#NOTES:
     dance-double:
     J.Casarino:
     Medium:
     6:
     0.408,0.000,0.486,0.162,0.000,245.000,54.000,18.000,20.000,0.000,0.000:
00000000
00000000
00000000
00000000
,
00000000
00000000
00000000
00000000
,
00000000
00000000
00000000
00000000
,
00000000
00000000
00000000
00000000
10000000
01000000
00000000
20020000
,
00000000
00000000
00000000
00000000
,
00000000
30030000
00000000
10000000
00000000
00010000
00000000
M0022000
,
00000000
00000000
00000000
00000000
,
00000000
00033000
00000000
00001000
00000000
00000100
00000000
000M0220
,
00000000
00000000
00000000
00000000
,
00000330
00000000
00000001
00000100
00000010
00001000
00000000
00000220
,
00000000
00000000
00000000
00000000
,
00000330
00000000
00000100
00000010
00010000
00001000
00000000
00202000
,
00000000
00000000
00000000
00000000
,
00303000
00000000
00001000
00010000
00100000
00010000
00001000
00100000
,
00000000
00000000
00010000
00000000
00000000
10010000
00000000
00000000
,
00020000
00000000
02000000
03030000
,
10000000
00000000
01000000
00000000
00000000
MM110000
00000000
00000000
,
00001000
00000000
00010000
00000000
00000000
0001M010
00000000
00000000
,
00000100
00000000
00000001
00000000
00000000
00001M1M
00000000
00000000
,
00000100
00000000
00010000
00000000
00000000
00011M00
00000000
00000000
,
00001000
00000000
01001000
00000000
00000000
0M11M000
00000000
00000000
,
01000000
00000000
10100000
00000000
00000000
M1M01000
00000000
00000000
,
00010000
00000000
00010010
00000000
00000000
000M0110
00000000
00000000
,
00001001
00000000
00001100
00000000
00000000
000M0011
00000000
00000000
,
00001001
00000000
00000010
00001000
00000000
000101M0
00000000
00000000
,
00011000
00000000
01000000
00010000
00000000
01100000
000M0000
00000000
,
10100000
00000000
10000000
01000000
00000000
M0101000
00000000
00000000
,
00011000
00000000
00010000
00000100
00000000
000M1010
00000000
00000000
,
00000001
00000100
00000010
00001000
00000000
00001100
00000000
00000000
,
00000100
00010000
00001000
01000000
00000000
00011000
00000000
00000000
,
00001000
00100000
00010000
01000000
00000000
10100000
00000000
00000000
,
10000000
01000000
00100000
00010000
00000000
00101000
00000000
00012000
,
00000000
00010000
00010000
00000000
00010000
00010000
00000000
00013000
,
00000000
00000000
00001000
00010000
01000000
00010000
00001000
02000000
,
00000000
00001000
00001000
00000000
00001000
00001000
03000000
00000000
,
01010000
00000000
10000000
10000000
01000000
01000000
00100000
00100000
,
00000000
00001000
00001000
00000000
00010000
00010000
00000000
00000000
,
00011000
00000000
00001000
00000010
00000100
00000010
00000100
00010000
,
00000000
00010000
00000100
00000000
00001000
00000001
00000000
00000000
,
00002002
00000000
00000000
00000000
,
00000000
00000000
00000000
00000000
,
00000000
00000000
00000000
00003003
,
00001001
00000000
00000000
00000110
00000000
00000110
00000000
00000000
,
00000000
00000000
00000010
00010000
00000000
00010010
00000000
00011000
,
00000000
00010000
00001000
00000000
01000000
00000000
00010000
00000000
,
00100000
00000000
00101000
00000000
00000000
00011000
00000000
00011000
,
00000000
00001000
01000000
00000000
00000000
01010000
00000000
00010000
,
00000000
10000000
01000000
00000000
00100000
00000000
00010000
10000000
,
00000000
00010000
01000000
00000000
00010000
10000000
00010000
00000000
,
01000000
00010000
01000000
00000000
00001000
00010000
00001000
00000000
,
00011000
00000000
00010000
00010000
00000000
00000010
00000010
00000000
,
00001010
00000000
00001000
00001000
00000000
00000001
00000001
00000000
,
00000101
00000000
00000100
00000100
00000000
00000010
00000010
00000000
,
00001010
00000000
00010000
00010000
00000000
00001000
00001000
00000000
,
00101000
00000000
00100000
00100000
00000000
01000000
01000000
00000000
,
10010000
00000000
01000000
01000000
00000000
00001000
00001000
00000000
,
00101000
00000000
00010000
00010000
00000000
01000000
01000000
00000000
,
10010000
00000000
01000000
01000000
00000000
00001000
00001000
00011000
,
00000000
00000000
00001000
00010000
00100000
00010000
00000000
00001000
,
00000000
00010000
00001000
00000100
00000010
00001000
00000100
00000010
,
00000000
00000001
00000100
00000000
00001000
00000100
00000000
00000001
,
00000000
00001000
00000010
00010000
00001000
00100000
00010000
01000000
,
00000000
00010000
10000000
00000000
00010000
01000000
00000000
00000000
,
01000000
00001000
00010000
01000000
00100000
00001000
00010000
01000000
,
00000000
00100000
00001000
00000000
00010000
00100000
00000000
20020000
,
00000000
30030000
00000000
00000000
M00M0000
00000000
00000000
00000000
;

//---------------dance-double - J.Casarino----------------
#NOTES:
     dance-double:
     J.Casarino:
     Easy:
     3:
     0.253,0.000,0.153,0.477,0.000,127.000,17.000,53.000,2.000,0.000,0.000:
00000000
00000000
00000000
00000000
,
00000000
00000000
00000000
00000000
,
00000000
00000000
00000000
00000000
,
00000000
00000000
00000000
00000000
,
20020000
00000000
00000000
00000000
,
00000000
30030000
00100000
01000000
,
02200000
00000000
03300000
00000000
,
00000000
00000000
00010000
02000000
,
00200000
00000000
03300000
00000000
,
00000000
00010000
00001000
00000200
,
00000002
00000000
00000303
00000000
,
00000000
00000010
00000100
00000020
,
00000200
00000000
00000330
00000000
,
00000000
00000100
00010000
00002000
,
02000000
00000000
03003000
00000000
,
00022000
00000000
00000000
00033000
,
00001000
00002000
00003000
00000000
,
00010000
00020000
00030000
00000000
,
01000000
02000000
03000000
00000000
,
10000000
20000000
30000000
00000000
,
00100000
00200000
00300000
00000000
,
00010000
00020000
00030000
00000000
,
00001000
00001000
00010000
00010000
,
00000100
00000100
00001000
00001000
,
00000002
00000203
00000300
00000000
,
00000020
00020030
00030000
00000000
,
00002000
00203000
00300000
00000000
,
02000000
23000000
30000000
00000000
,
00200000
02300000
03000000
00000000
,
00001000
00011000
00000000
00000000
,
00000100
00001100
00000000
00000000
,
00001001
00001001
00000000
00000000
,
00002002
00000000
00000000
00003003
,
00000000
00000001
00000100
00000010
,
00002000
00000000
00000000
00003000
,
00000000
00000100
00010000
00001000
,
02000000
00000000
00000000
03000000
,
00000000
00010000
00100000
01000000
,
20000000
00000000
00000000
30000000
,
20020000
00000000
00000000
00000000
,
00000000
00000000
00000000
00000000
,
00000000
00000000
00000000
30030000
,
10010000
00000000
00000000
10010000
00000000
00000000
00000000
00000000
,
10000000
01000000
00100000
01000000
,
00010000
00000000
00001000
00000000
,
00010000
00000000
00001000
00000100
,
00000010
00000000
00000100
00000000
,
00010000
00001000
00010000
00000000
,
00001000
00000100
00000001
00000100
,
00001000
00000100
00000001
00000100
,
00000002
00000023
00000030
00000000
,
00000200
00020300
00030000
00000000
,
00002000
02003000
03000000
00000000
,
00200000
20300000
30000000
00000000
,
02000000
03200000
00300000
00000000
,
00001000
00011000
00000000
00000000
,
00000010
00001010
00000000
00000000
,
00001001
00001001
00000000
00000000
,
00002002
00000000
00000000
00003003
,
00000000
00000001
00000010
00000100
,
00002000
00000000
00000000
00003000
,
00000000
00000010
00010000
00001000
,
02000000
00000000
00000000
03000000
,
00000000
00010000
01000000
00100000
,
10000000
00000000
01000000
00000000
00010000
00000000
10000000
20020000
,
00000000
00000000
00000000
00000000
,
30030000
M00M0000
00000000
00000000
;

//---------------dance-double - M.Emirzian----------------
#NOTES:
     dance-double:
     M.Emirzian:
     Challenge:
     12:
     0.852,0.000,0.216,0.162,0.941,613.000,24.000,18.000,4.000,8.000,0.000:
00000000
00000000
00000000
00000000
,
00000000
00000000
00000000
00000000
,
00000000
00000000
00000000
00000000
,
00000000
00000000
00000000
00000000
,
00010000
00000000
01100000
10000000
00010000
01000000
0M0M0000
00010000
,
00001000
00000000
00011000
00001000
00010000
00000100
000M0M00
00000100
,
00000001
00000000
00000101
00001000
00000100
00000010
00000000
00000001
,
00001000
00000010
00000100
00000000
00000001
00000100
00000010
00001000
00000100
00000000
00000010
00000100
00001000
00000001
00000100
00000000
,
00000010
00000000
00001000
00000100
00010000
00001000
01000000
00000000
00001000
00000000
00020000
00000000
00100000
00000000
00000000
00000000
,
00031000
00000000
01000000
00010000
00100000
01000000
10000000
00000000
00010000
00000000
02000000
00000000
10000000
00000000
00000000
00000000
,
03010000
00000000
10000000
01000000
00100000
00010000
01000000
00000000
00001000
00000000
00020000
00000000
00100000
00000000
00000000
00000000
,
00030100
00000000
00001000
00000010
00001000
00000100
00000010
00000000
00000001
00000000
00002000
00000000
00000010
00000000
00000000
00000000
,
00003100
00000000
00000010
00000100
00001000
00000010
00010000
00000000
00001000
00000000
02000000
00000000
00100000
00000000
00000000
00000000
,
03000100
00000000
00010000
00001000
01000000
00100000
10000000
00000000
01000000
00000000
00200000
00000000
00010000
00000000
00000000
00000000
,
10300000
00000000
00010000
01000000
00100000
00010000
00100000
00000000
00001000
00000000
00010000
00000000
00000100
00000000
00000010
00000000
,
00000001
00000000
00000000
00000000
00001000
00000000
00000000
00000000
00000010
00000000
00000000
00000000
00001001
00000000
00000000
00000000
00000000
00000000
00000000
00000000
00000000
00000000
00000000
00000000
00000010
00000000
00000000
00000000
00000000
00000000
00000000
00000000
00000000
00000100
00000000
00000000
00000000
00000000
00000000
00001000
00000000
00000000
00000001
00000000
00000000
00000100
00000000
00000000
,
00000010
00000000
00000000
00001100
00000000
00000000
00000000
00000000
,
00111010
00000000
00000000
00000000
00000000
00000000
00022000
00000000
00000000
00000000
00100010
00033000
00000000
00000000
00000000
00000000
,
01011000
00000000
00000000
01100000
00000000
00000000
00000000
00000000
,
01100110
00000000
00000000
00000000
00000000
00000000
00200020
00000000
00000000
00000000
00011000
00300030
00000000
00000000
00000000
00000000
,
00010110
00000000
00000000
00011000
00000000
00000000
00000000
00000000
,
01101000
00000000
00000000
00000000
00000000
00000000
02002000
00000000
00000000
00000000
10010000
03003000
00000000
00000000
00100000
00000000
,
10000000
01000000
00100000
00000100
00000010
00001000
01000000
00100000
,
00000100
00000010
00001000
00000100
00000010
00000001
00000100
00000010
,
00001000
00000000
00000000
00000000
00000000
00000000
00000001
00000100
00000001
00001000
00000001
00000000
00000010
00000000
00000000
00000100
00000000
00000000
00001000
00000000
00000000
00000000
00000000
00000000
,
00000100
00010000
00001000
00010000
00001000
00000000
01000000
00000000
00000000
00001000
00010000
00001000
01000000
00010000
00000000
01000000
00000000
00000000
00100000
10000000
00100000
10000000
00010000
00000000
,
00100000
00000000
00000000
00000000
00000000
00000000
00001000
00010000
00001000
00010000
00000100
00000000
00001000
00000000
00000000
00000010
00000000
00000000
00000100
00000000
00000000
00000000
00000000
00000000
,
00001000
00000001
00001000
00000001
00001000
00000000
00000100
00000000
00000000
00001000
00000010
00010000
00001000
00010000
00000000
00001000
00000000
00000000
01000000
00000000
00000000
00010000
00000000
00000000
,
01000000
00000000
00000000
00000000
00000000
00000000
01000000
00010000
01000000
00010000
10000000
00000000
01000000
00000000
00000000
00100000
00000000
00000000
00010000
00000000
00000000
00000000
00000000
00000000
,
00100000
00010000
00100000
00001000
00010000
00000000
00001000
00000000
00000000
00010000
00000100
00010000
00000100
00001000
00000000
00000100
00000000
00000000
00000010
00000001
00000010
00000001
00001000
00000000
,
00000001
00000000
00000000
00000000
00000001
00000000
00001001
00000000
00000000
00000000
00000100
00001000
00000001
00000000
00000000
00000000
,
00000100
00000010
00001000
00000100
00000000
00000010
00000001
00000100
00000010
00001000
00000100
00010000
00000000
00001000
01000000
00010000
,
00100000
00000000
00010000
01000000
00100000
10000000
01000000
00000000
00100000
00000000
00020000
00000000
10000000
00000000
00000000
00000000
,
01030000
00000000
00100000
10000000
01000000
00100000
00010000
00000000
01000000
00000000
00002000
00000000
00100000
00000000
00000000
00000000
,
00003100
00000000
00001000
00010000
00000100
00001000
00000010
00000000
00000100
00000000
00000002
00000000
00000010
00000000
00000000
00000000
,
00010003
00000000
00000100
00001000
00000010
00010000
00001000
00000000
00000100
00000000
00002000
00000000
00000010
00000000
00000000
00000000
,
00103000
00000000
00010000
01000000
10000000
01000000
00010000
00000000
10000000
00000000
02000000
00000000
00100000
00000000
00000000
00000000
,
03010000
00000000
01000000
10000000
00010000
01000000
00001000
00000000
00010000
00000000
00000020
00000000
00000100
00000000
00000000
00000000
,
00100030
00000000
00001000
00000000
00010000
00000000
01000000
00000000
00010000
00000000
00001000
00000000
01000000
00000000
00010000
01000000
,
00100000
00000000
00000000
00000000
00000000
00000000
00000000
00000000
00000000
00000000
00000000
00000000
10000000
00010000
10000000
00010000
01000000
00000000
00010000
00100000
00010000
00100000
00001000
00000000
,
00100000
00010000
00100000
00010000
00100000
00000000
00001000
00010000
00001000
00010000
00000010
00000000
00001000
00000010
00001000
00000010
00000100
00000000
00000001
00000100
00000001
00000100
00000010
00000000
,
00001000
00000010
00001000
00000010
00010000
00000000
00001000
00010000
00001000
00010000
00000100
00000000
00010000
00001000
00010000
00001000
01000000
00000000
00010000
01000000
00010000
01000000
00100000
00000000
,
01000000
00000000
10000000
10100000
00000000
00010000
00000000
00000000
,
00100000
00000000
01000000
10000000
00010000
00000000
01000000
00000000
00100000
10000000
01000000
00000000
00100000
00010000
01000000
00010000
,
00100000
00000000
01000000
00100000
00001000
00000000
00010000
00000100
00010000
00001000
00000010
00000000
00000001
00000000
00001000
00000010
,
00000100
00000000
00000001
00001000
00000100
00000000
00000010
00000000
00000001
00000100
00000010
00000000
00010000
00000100
00010000
00001000
,
01000000
00000000
00001000
00010000
01000000
00000000
00100000
00010000
01000000
10000000
01000000
00000000
00010000
00000000
00100000
01000000
,
10000000
00000000
01000000
00010000
00001000
00000000
01000000
00000000
00100000
00010000
00001000
00000000
00000010
00000100
00001000
00000000
,
00000100
00000010
00000001
00000100
00001000
00000100
00000010
00000100
00000001
00001000
00000100
00010000
00001000
00010000
00000100
00010000
,
00001000
01000000
00010000
01000000
00100000
10000000
01000000
00100000
00010000
01000000
00001000
00010000
00100000
01000000
00010000
10000000
,
01000000
00000000
00000000
00000000
00000000
00000000
00100000
00010000
00100000
00010000
10000000
00000000
01000000
00000000
00000000
00000000
00000000
00000000
00000000
00000000
00000000
00000000
00000000
00000000
,
00100000
00010000
00100000
00001000
00010000
00000000
00001000
00000000
00000000
00010000
00000100
00001000
00000100
00001000
00000000
00000100
00000000
00000000
00000010
00000001
00000010
00000001
00001000
00000000
,
00000100
00000000
00000000
00000010
00000000
00000000
00000001
00001000
00000100
00001000
00000100
00000000
00000010
00000000
00000000
00000100
00000000
00000000
00010000
00000000
00000000
00001000
00000000
00000000
,
00010000
00001000
01000000
00001000
01000000
00000000
00010000
00000000
00000000
01000000
00100000
10000000
00100000
01000000
00000000
00010000
00000000
00000000
00000000
00000000
00000000
00000000
00000000
00000000
,
10010000
00000000
00000000
00000000
00000000
00000000
00100000
00010000
00100000
00001000
00010000
00000000
00001000
00000000
00000000
00010000
00000000
00000000
00000100
00000000
00000000
00000000
00000000
00000000
,
00001000
00000001
00001000
00000001
00000100
00000000
00000010
00000000
00000000
00001000
00000100
00001000
00000100
00000010
00000000
00000001
00000000
00000000
00000100
00000010
00001000
00000010
00001000
00000000
,
00000100
00000000
00000000
00011000
00000000
01000000
00010000
00100000
,
01000000
10000000
01000000
00000000
00100000
00000000
00010000
01000000
10000000
00000000
01000000
00010000
10000000
01000000
00100000
00001000
,
00010000
00000000
00100000
00010000
00001000
00000000
00010000
00000000
00000100
00001000
00000010
00000000
00000100
00000001
00001000
00000100
,
00000010
00000000
00000100
00001000
00000001
00000000
00000100
00000010
00001000
00000100
00000010
00000000
00000001
00000000
00000010
00000100
,
00001000
00000000
00000001
00000100
00001000
00000000
00010000
00000000
00000100
00010000
00001000
00000000
00010000
01000000
00100000
00010000
,
01000000
00000000
00100000
10000000
01000000
00000000
00100000
00010000
01000000
00100000
10000000
00000000
01000000
00000000
00100000
00001000
,
00010000
00000000
01000000
00010000
00001000
00000000
00000010
00000000
00000100
00001000
00000001
00000000
00000010
00000001
00000100
00000010
,
00001000
00000000
00000100
00000010
00000001
00000000
00000100
00001000
00010000
01000000
10000000
00000000
00100000
00000000
10010000
00000000
,
10000000
01000000
00100000
00000000
00010000
01000000
00000000
00100000
10000000
00000000
01000000
00000000
00100000
00001000
00011000
00000000
;

//---------------dance-single - ----------------
#NOTES:
     dance-single:
     :
     Beginner:
     1:
     0.080,0.000,0.036,0.000,0.000,58.000,4.000,0.000,0.000,0.000,0.000:

0000
0000
0000
0000
,
0000
0000
0000
0000
,
0000
0000
0000
0000
,
0000
0000
0000
0000
,
0010
0000
0010
0000
,
0010
0000
0000
0000
,
0100
0000
0100
0000
,
0100
0000
0000
0000
,
0001
0000
0000
0000
,
0000
0000
0000
0000
,
1000
0000
0000
0000
,
0000
0000
0000
0000
,
0010
0000
0000
0000
,
0000
0000
0000
0000
,
0100
0000
0000
0000
,
1001
0000
0000
0000
,
1000
0000
1000
0000
,
0000
0000
0000
0000
,
0001
0000
0001
0000
,
0000
0000
0000
0000
,
0100
0000
0100
0000
,
0000
0000
0000
0000
,
0010
0000
0100
0000
,
0010
0000
0000
0000
,
1000
0000
0000
0000
,
0001
0000
0000
0000
,
0010
0000
0000
0000
,
0100
0000
0000
0000
,
0001
0000
0000
0000
,
1000
0000
0000
0000
,
0010
0000
0000
0000
,
0100
0000
0000
0000
,
0001
0000
1000
0000
,
0000
0000
0000
0000
,
1000
0000
0001
0000
,
0000
0000
0000
0000
,
0010
0000
0010
0000
,
0000
0000
0000
0000
,
0100
0000
0000
0000
,
1001
0000
0000
0000
,
0000
0000
0000
0000
,
0000
0000
0000
0000
,
1001
0000
0000
0000
,
0000
0000
0001
0000
,
1000
0000
0000
0000
,
0100
0000
0000
0000
,
0010
0000
0000
0000
,
0100
0000
0000
0000
,
1000
0000
0000
0000
,
0001
0000
0000
0000
,
0100
0000
0000
0000
,
0010
0000
0000
0000
,
0010
0000
0000
0000
,
0100
0000
0000
0000
,
0100
0000
0000
0000
,
1000
0000
0000
0000
,
0010
0000
0010
0000
,
0010
0000
0000
0000
,
1001
0000
0000
0000
,
0000
0000
0000
0000
,
1000
0000
0000
0000
,
0000
0000
0000
0000
,
0001
0000
0000
0000
,
0000
0000
0000
0000
0000
0000
0000
0010
,
0000
0000
0000
0000
0000
0000
0000
0001
;
