#TITLE:Touch Me;
#SUBTITLE:;
#ARTIST:E-Rotic;
#TITLETRANSLIT:;
#SUBTITLETRANSLIT:;
#ARTISTTRANSLIT:;
#GENRE:;
#CREDIT:;
#BANNER:Touch Me-banner.png;
#BACKGROUND:Touch Me-bg.png;
#LYRICSPATH:;
#CDTITLE:;
#MUSIC:E-rotic - TouchMe.ogg;
#OFFSET:0.000;
#SAMPLESTART:51.031;
#SAMPLELENGTH:15.980;
#SELECTABLE:YES;
#BPMS:0.000=138.000;
#STOPS:;
#BGCHANGES:0.000=Touch Me-bg.png=1.000=0=0=1=====,
20.000=vol4-21-ntsc.mpg=1.000=0=0=1=====,
36.000=vol3-15-ntsc.mpg=1.000=0=0=1=====,
48.000=VOL1-25-NTSC.mpg=1.000=0=0=1=====,
52.000=VOL1-24-NTSC.mpg=1.000=0=0=1=====,
60.000=vol4-18-ntsc.mpg=1.000=0=0=1=====,
68.000=676_JumpBack.mpg=1.000=0=0=1=====,
80.000=VOL1-21-NTSC.mpg=1.000=0=0=1=====,
84.000=vol3-19-ntsc.mpg=1.000=0=0=1=====,
100.000=vol4-21-ntsc.mpg=1.000=0=0=1=====,
116.000=VOL1-18-NTSC.mpg=1.000=0=0=1=====,
120.000=VOL1-25-NTSC.mpg=1.000=0=0=1=====,
121.000=VOL1-26-NTSC.mpg=1.000=0=0=1=====,
128.000=VOL1-21-NTSC.mpg=1.000=0=0=1=====,
129.000=vol3-10-ntsc.mpg=0.900=0=0=1=====,
136.000=VOL1-29-NTSC.mpg=1.000=0=0=1=====,
137.000=VOL1-17-NTSC.mpg=1.000=0=0=1=====,
144.000=VOL1-18-NTSC.mpg=1.000=0=0=1=====,
145.000=vol4-13-ntsc.mpg=1.000=0=0=1=====,
152.000=675_JumpBack.mpg=1.000=0=0=1=====,
168.000=VOL1-24-NTSC.mpg=1.000=0=0=1=====,
184.000=VOL1-39-NTSC.mpg=1.000=0=0=1=====,
200.000=vol3-23-ntsc.mpg=1.000=0=0=1=====,
208.000=VOL1-15-NTSC.mpg=1.000=0=0=1=====,
216.000=Touch Me-bg.png=1.000=0=0=1=====,
220.000=vol3-16-ntsc.mpg=1.000=0=0=1=====,
221.000=vol4-12-ntsc.mpg=1.000=0=0=1=====,
228.000=VOL1-29-NTSC.mpg=1.000=0=0=1=====,
229.000=vol4-03-ntsc.mpg=1.000=0=0=1=====,
236.000=VOL1-21-NTSC.mpg=1.000=0=0=1=====,
237.000=jb_072.mpg=1.000=0=0=1=====,
244.000=VOL1-18-NTSC.mpg=1.000=0=0=1=====,
245.000=vol4-11-ntsc.mpg=1.000=0=0=1=====,
252.000=676_JumpBack.mpg=1.000=0=0=1=====,
260.000=vol4-01-ntsc.mpg=1.000=0=0=1=====,
268.000=vol4-18-ntsc.mpg=1.000=0=0=1=====,
276.000=vol3-15-ntsc.mpg=1.000=0=0=1=====,
280.000=vol4-21-ntsc.mpg=1.000=0=0=1=====,
282.000=VOL1-15-NTSC.mpg=1.000=0=0=1=====,
284.000=Touch Me-bg.png=1.000=0=0=1=====,
292.000=Touch Me-bg.png=1.000=0=0=1=====,
99999=-nosongbg-=1.000=0=0=0 // don't automatically add -songbackground-
;
#KEYSOUNDS:;
// cache tags:
#FIRSTBEAT:20.000;
#LASTBEAT:292.000;
#SONGFILENAME:/Songs/In The Groove/Touch Me/Touch Me.sm;
#HASMUSIC:1;
#HASBANNER:1;
#MUSICLENGTH:128.928;
// end cache tags

//---------------dance-single - K. Ward----------------
#NOTES:
     dance-single:
     K. Ward:
     Challenge:
     9:
     0.739,0.000,0.310,0.396,0.566,576.000,40.000,51.000,28.000,1.000,0.000:



0000
0000
0000
0000
,
0000
0000
0000
0000
,
0000
0000
0000
0000
,
0000
0000
0000
0000
,
0000
0000
0000
0000
,
0200
0000
0000
0000
0310
0000
0000
1000
0000
0001
1000
0000
0001
0000
0100
0000
,
0020
0000
0000
0000
1030
0000
0000
0100
0000
0010
0100
0000
0100
0000
1000
0000
,
0002
0000
0000
0000
0103
0000
0000
0010
0000
1000
0001
0000
0100
0000
0010
0000
,
0020
0000
1000
0000
1030
0000
0000
0010
0000
1000
0001
0000
0100
0000
0001
0000
,
0020
0000
0000
0000
0031
0000
0000
0100
0000
0010
1000
0000
1000
0000
0010
0000
,
0200
0000
0000
0000
0301
0000
0000
0100
0000
0010
0100
0000
0001
0000
1000
0000
,
2000
0000
0000
0000
3010
0000
0000
1000
0000
0100
1000
0000
1000
0000
0001
0000
,
0200
0000
0000
0000
0000
0000
0000
0000
0010
0000
0000
0000
0000
0000
0000
0000
0301
0000
0000
0000
0000
0000
0000
0000
1100
0000
0000
0000
0000
MM00
0000
0000
,
1000
0000
0001
0000
1000
0000
0100
1000
0000
1000
0100
0000
1000
0010
0100
0001
,
1000
0000
0100
0000
1000
0000
0010
0100
0000
0100
0010
0000
1000
0010
0100
0001
,
1000
0000
0010
0000
0100
0000
0001
1000
0000
1000
0100
0000
1000
0001
0100
0010
,
2000
0000
0010
0000
3010
0000
0100
0010
0000
0010
1000
0000
0010
0000
1000
0000
,
1100
0000
0010
0000
0110
0000
0001
1000
0000
1000
0010
0000
0100
0010
1000
0001
,
1000
0000
0010
0000
0100
0000
0010
0100
0000
0100
0010
0000
1000
0010
0100
0010
,
1000
0000
0001
0000
1000
0000
0001
0100
0000
0100
0001
0000
0100
0000
0010
0000
,
2200
0000
0000
0000
0001
3300
0000
0000
,
1000
0010
1000
0000
0001
0100
0010
0000
1000
0010
0100
0000
0001
0100
0010
0000
,
1000
0010
0100
0000
0001
0100
0010
0000
1000
0010
0100
0001
0100
0010
1000
0000
,
0010
0100
0001
0000
0100
0010
1000
0000
0010
0100
0010
0000
0100
0000
0010
0000
,
1000
0100
1000
0001
2000
0001
3001
0100
,
0001
0100
0001
0000
1000
0010
0100
0000
0001
0100
0010
0000
1000
0010
0100
0000
,
0001
0100
0010
0000
1000
0010
0100
0000
0001
0100
0010
1000
0010
0100
0001
0000
,
0100
0010
1000
0000
0010
0100
0001
0000
0100
0010
1000
0000
0001
0100
0010
0000
,
1100
0010
0110
0001
2000
0001
0001
3001
,
0200
0000
0010
0000
0001
0001
0310
0000
,
1100
0000
0000
0000
0110
0000
0000
0000
0011
0000
0000
0000
0000
00MM
0000
0000
0100
0000
0010
0000
0100
0000
0001
0000
0100
0000
0000
0000
0002
0000
0000
0000
,
0000
1003
1000
0010
0100
0001
0100
0010
,
1100
0000
0000
0000
0110
0000
0000
0000
1100
0000
0000
0000
0000
00MM
0000
0000
1000
0000
0010
0000
0100
0000
0010
0000
0100
0000
0000
0000
0002
0000
0000
0000
,
0000
1000
0010
2003
0010
0001
3010
0000
,
0101
0000
0000
0000
0110
0000
0000
0000
1010
0000
0000
0000
0000
M0M0
0000
0000
0001
0000
0010
0000
0001
0000
0010
0000
0001
0000
0000
0000
0200
0000
0000
0000
,
0000
0310
1000
1000
0010
0100
0001
1000
,
1100
0000
0000
0000
0110
0000
0000
0000
0101
0000
0000
0000
0000
0M0M
0000
0000
0010
0000
0001
0000
0010
0000
0001
0000
0010
0000
0000
0000
0002
0000
0000
0000
,
0000
0103
0200
0001
0301
1000
0010
0100
,
0001
0000
1000
0000
0001
0000
0010
0001
0000
0001
0010
0000
0001
0100
0010
1000
,
0001
0000
0010
0000
0001
0000
0100
0010
0000
0010
0100
0000
0001
0100
0010
1000
,
0001
0000
0100
0000
0010
0000
1000
0001
0000
0001
0010
0000
0001
1000
0010
0100
,
0002
0000
0100
0000
0103
0000
0010
0100
0000
0100
0001
0000
0100
0000
0010
0000
,
1100
0000
0010
0000
0110
0000
0010
1000
0000
1000
0010
0000
0100
0010
1000
0001
,
1000
0000
0010
0000
0100
0000
0010
0100
0000
0100
0010
0000
1000
0010
0100
0010
,
1000
0000
0010
0000
1100
0000
0001
0100
0000
0100
0010
0000
0100
0000
0001
0000
,
1000
0100
1000
0100
1000
0000
0010
0000
0100
0010
0100
0010
1000
0000
1000
0000
,
0020
0000
0230
0000
0302
0000
0013
0100
,
2000
0000
3200
0000
0320
0000
0031
0001
,
0020
0000
0032
0000
2003
0000
3100
0010
,
0002
0000
0000
0000
0000
0000
0000
0000
0023
0000
0000
0000
0000
0000
0000
0000
0032
0000
0000
0000
0100
0000
0000
0000
0103
0000
0000
0000
0000
0M0M
0000
0000
,
1100
0000
0000
0000
0110
0000
0000
0000
1010
0000
0000
0000
0000
M0M0
0000
0000
1000
0000
0010
0000
0100
0000
0000
0000
0002
0000
0000
0000
1000
0000
0000
0000
,
2003
0000
300M
0000
M002
0000
0000
0000
0100
0013
0200
0000
0001
0000
0301
0000
,
0002
0000
0000
0000
0000
0000
0000
0000
0103
0000
0000
0000
0000
0M0M
0000
0000
0001
0000
0100
0000
0010
0000
0000
0000
0100
0000
0000
0000
0001
0000
0000
0000
,
0002
0000
0000
0000
0103
0000
0000
0001
0100
0000
0010
0000
1000
0000
0100
0000
,
2000
0000
0000
0000
0000
0000
0000
0000
0001
0000
0000
0000
0000
0000
0000
0000
0100
0000
0000
0000
0100
0000
0000
0000
3100
0000
0000
0000
0000
MM00
0000
0000
,
1100
0000
0000
0000
0110
0000
0000
0000
0011
0000
0000
0000
0000
00MM
0000
0000
0100
0000
0010
0000
0100
0000
0010
0000
1000
0000
0000
0000
0001
0000
0000
0000
,
0100
0010
2000
0010
3010
0100
0001
1000
,
0011
0000
0000
0000
0110
0000
0000
0000
1100
0000
0000
0000
0000
MM00
0000
0000
1000
0000
0100
0000
1000
0000
0100
0000
1000
0000
0000
0000
0002
0000
0000
0000
,
1000
0000
0000
0000
1000
0000
0003
0000
1000
0000
0000
0000
0200
0000
0000
0000
0010
0000
0000
0000
0310
0000
0000
0000
0110
0000
0000
0000
1000
0MM0
0000
0000
,
1100
0000
0000
0000
0010
0000
0000
0000
0011
0000
0000
0000
0000
00MM
0000
0000
1000
0000
0100
0000
1000
0000
0100
0000
1000
0000
0000
0000
0001
0000
0000
0000
,
0100
0001
0010
0001
1000
0100
1000
0100
,
1100
0000
0110
0000
0101
0000
1000
0000
0001
0100
0001
0100
0001
0000
2000
0000
,
0010
3010
0100
0020
0100
0130
0001
0001
,
1000
0000
0110
0000
1010
0000
0010
1000
0000
1000
0010
0000
0100
0010
0100
0001
,
0100
0000
0010
0000
0010
0000
0010
0100
0000
0100
0001
0000
0001
1000
0001
1000
,
0010
0000
0100
0000
0011
0000
0100
0010
0000
0010
0100
0000
0010
0000
0100
0000
,
0010
0100
0001
1000
0010
0000
0100
0000
0001
1000
0010
0100
0001
0000
1000
0000
,
0010
0000
1100
0000
0010
0000
1000
0001
0000
0001
0100
0000
0010
0000
0010
0000
,
1000
0000
1000
0000
0010
0000
0100
0010
0000
0100
0001
0000
1000
0000
0001
0000
,
2000
0001
0001
0000
0001
3001
0001
0200
,
0010
0000
0310
0000
1000
0000
0001
0000
0100
0010
0100
0000
0001
0100
0010
0000
,
2000
0000
0000
0000
0000
0000
0000
0000
0000
0000
0000
0000
0000
0000
0000
0000
0000
0000
0000
0000
0000
0000
0000
0000
0000
0000
0000
0000
0000
0000
0000
0000
0020
0000
0000
0000
0000
0000
0000
0000
0000
0000
0000
0000
0000
0000
0000
0000
0000
0000
0000
0000
3000
0000
0000
0000
0000
0000
0000
0200
0000
0000
0000
0000
,
0000
0000
0000
0000
0000
0000
0000
0000
0000
0000
0000
0000
0000
0000
0000
0000
0030
0000
0000
0000
0000
0000
0000
0002
0000
0000
0000
0000
0000
0000
0000
0000
0000
0000
0000
0000
0000
0000
0000
0000
0000
0000
0000
0000
0000
0000
0000
0000
0000
0000
0000
0000
0000
0000
0000
0000
0000
0000
0000
0000
0000
0000
0000
0000
,
0303
0000
0000
0000
;

//---------------dance-single - K. Ward----------------
#NOTES:
     dance-single:
     K. Ward:
     Easy:
     3:
     0.219,0.000,0.132,0.093,0.000,169.000,17.000,12.000,0.000,0.000,0.000:


0000
0000
0000
0000
,
0000
0000
0000
0000
,
0000
0000
0000
0000
,
0000
0000
0000
0000
,
0000
0000
0000
0000
,
1000
0000
1000
0000
,
0010
0000
0010
0000
,
0100
0000
0100
0000
,
0001
0000
1000
0000
,
0010
0000
0001
0000
,
1000
0000
1000
0000
,
0010
0000
0001
0000
,
2000
0000
0000
3000
,
0010
0010
1000
0001
,
1000
1000
0010
1000
,
0001
0001
0100
0001
,
1000
0000
1000
0000
,
0001
0001
0001
0000
,
0100
0100
0100
0000
,
1000
0000
0010
0000
,
2000
0000
3000
0000
,
1000
1000
1000
0000
,
0010
0100
0001
1000
,
1000
0000
0000
0000
,
0010
0010
0100
0100
,
0001
0100
0001
0000
,
1000
0010
1000
1000
,
1000
0000
0000
0000
,
0001
0100
0100
0010
,
2000
0000
0000
3000
,
1001
1001
0000
0000
,
1000
0010
0100
0001
,
1001
1001
0000
0000
,
0100
0100
0010
0010
,
0110
0110
0000
0000
,
1000
0010
0100
0001
,
1001
1001
0000
0000
,
0002
0003
0200
0300
,
0001
0100
0010
1000
,
1000
0000
0010
0000
,
1000
0010
0100
0001
,
1001
0000
0110
0000
,
1000
0010
0100
0001
,
1000
0000
0010
0000
,
1000
0010
0100
0010
,
0110
0000
1001
0000
,
2000
0000
3000
0000
,
0002
0000
0003
0000
,
0200
0000
0300
0000
,
0002
0000
0003
0000
,
1001
1001
0000
0000
,
0000
0000
0000
0000
,
0110
0110
0000
0100
,
0000
0010
0010
0100
,
1001
0000
0000
0000
,
1000
0001
0001
0000
,
0100
0001
0001
0000
,
1000
0001
1000
0000
,
0010
0000
0100
0000
,
0010
0100
0100
0000
,
0001
1000
1000
0000
,
0001
1000
0001
0001
,
2000
3000
0020
0030
,
1000
0010
0100
0000
,
0001
0100
0010
0000
,
1000
0001
1000
0001
,
1000
0000
0001
0000
,
1000
0010
1000
0000
,
0010
0100
0010
0000
,
2000
0000
0000
3000
,
0001
0001
1000
1000
,
0001
0000
0000
0000
;

//---------------dance-single - K. Ward----------------
#NOTES:
     dance-single:
     K. Ward:
     Medium:
     5:
     0.332,0.000,0.287,0.109,0.000,249.000,37.000,14.000,0.000,0.000,0.000:


0000
0000
0000
0000
,
0000
0000
0000
0000
,
0000
0000
0000
0000
,
0000
0000
0000
0000
,
0000
0000
0000
0000
,
1010
0110
0000
0010
,
0010
0100
0000
1000
,
0010
1000
0000
0010
,
1000
1000
0001
0001
,
0101
0110
0000
1000
,
0010
0100
0000
1000
,
0010
0100
0000
0010
,
1001
0000
0000
0000
,
1000
1000
0001
1000
,
0100
0000
0100
0000
0010
0100
0010
0000
,
1000
0010
1000
0100
,
1000
0200
0310
0200
,
1300
1000
0001
1000
,
0100
0100
0010
0100
,
1000
0001
0100
0100
,
0020
0000
1030
0000
,
0001
0100
0010
1000
,
0010
1000
1000
0010
,
0010
1000
1000
0010
,
0100
0000
0010
0000
1000
0001
1000
0000
,
0001
0100
0100
0001
,
1000
0001
1000
0010
,
0010
1000
1000
0010
,
1000
0001
1000
0001
0000
0000
0000
0000
,
1000
0000
0000
0000
,
1100
0110
0010
0010
,
0100
0100
1000
0010
,
1100
0110
0001
0100
,
0020
0000
1030
0001
,
1100
0110
1000
0001
,
1000
0010
0100
0001
,
0110
0011
0100
0100
,
0020
0000
0000
0030
2000
0000
0000
3000
,
1100
0000
0110
0000
1000
0010
0100
0000
,
0001
0000
0001
0000
1000
0010
1000
0000
,
1001
0000
1001
0000
0100
0010
0100
0000
,
0001
1000
1000
0001
,
1001
0000
1001
0000
1000
0010
0100
0000
,
0001
0000
0001
0000
1000
0010
0100
0000
,
0001
0000
0001
0000
1000
0010
1000
0000
,
0010
0100
0010
0000
1000
0010
1000
0000
,
0001
0001
0002
0000
,
0103
0100
0200
0000
,
0301
0001
0002
0000
,
1003
0000
0010
0000
,
1100
0110
0010
0010
,
0100
0100
0010
0010
,
1001
1001
0001
0001
,
1000
0100
1000
0001
,
1000
0000
0000
0000
,
1100
0110
0010
0010
,
0100
0100
0001
1000
,
1100
0110
0001
0100
,
0020
0000
1030
0001
,
1100
0110
1000
0001
,
1000
0010
0100
0001
,
0110
0011
0100
0100
,
0020
0000
0000
0030
2000
0000
0000
3000
,
1100
0000
0110
0000
1000
0010
0100
0000
,
0001
0000
0001
0000
1000
0010
1000
0000
,
0011
0000
0110
0000
0100
0010
0100
0000
,
0001
1000
1000
0001
,
1100
0000
0110
0000
1000
0010
0100
0000
,
0001
0000
0001
0000
1000
0010
0100
0000
,
0002
0000
0003
1000
,
0020
0000
0000
0000
1000
0030
1000
0000
,
0001
0000
0000
0000
;

//---------------dance-single - K. Ward----------------
#NOTES:
     dance-single:
     K. Ward:
     Hard:
     8:
     0.507,0.000,0.318,0.178,0.101,394.000,41.000,23.000,0.000,0.000,0.000:


0000
0000
0000
0000
,
0000
0000
0000
0000
,
0000
0000
0000
0000
,
0000
0000
0000
0000
,
0000
0000
0000
0000
,
1100
0000
0000
0000
0110
0000
0000
1000
0000
0000
0010
0000
0100
0000
0001
0000
,
0010
0000
0000
0000
0001
0000
0000
0100
0000
0000
0010
0000
1000
0000
0100
0000
,
1000
0000
0000
0000
0010
0000
0000
0100
0000
0000
0010
0000
0100
0000
0001
0000
,
0010
0001
1000
0000
0001
0010
0001
0000
,
0011
0000
0000
0000
0110
0000
0000
1000
0000
0000
0010
0000
1000
0000
0001
0000
,
0100
0000
0000
0000
0010
0000
0000
0100
0000
0000
0001
0000
0010
0000
0001
0000
,
0100
0000
0000
0000
0010
0000
0000
1000
0000
0000
0010
0000
0100
0000
0001
0000
,
1001
0000
0000
0000
,
1000
0010
1000
0100
1000
0010
1000
0001
,
0100
0010
1000
0001
0100
0001
0010
0001
,
0100
0001
1000
0010
1000
0100
0010
0100
,
1000
0100
0020
0000
0130
1000
0020
0000
,
0130
0010
1000
0100
1000
0001
0100
0001
,
0010
0001
0100
0010
1000
0100
1000
0010
,
0100
0001
0010
0001
0100
0010
1000
0100
,
1000
0100
0020
0000
0031
1000
0200
0000
,
1300
0000
0010
0000
0100
0000
0000
0001
0010
0000
0001
0000
0100
0000
0000
0001
,
0100
0000
0010
0000
0100
0000
0000
0010
1000
0000
0010
0000
1000
0000
0001
0000
,
1000
0000
0010
0000
0100
0000
0000
0010
1000
0000
0010
0000
0100
0000
0000
0001
,
0010
0001
0100
0001
0020
0000
0031
0000
,
1000
0000
0001
0000
0010
0000
0000
0001
0010
0000
0001
0000
0100
0000
0010
0000
,
1000
0000
0010
0000
1000
0000
0000
0100
1000
0000
0010
0000
0100
0000
0001
0000
,
0010
0000
0001
0000
0010
0000
0000
0001
0100
0000
0010
0000
1000
0000
0010
0000
,
1000
0100
0010
0001
0100
0010
1000
0001
,
2002
0000
0000
3003
,
1100
0000
0011
0000
0100
0001
0010
0001
,
0000
0001
0100
0010
0000
0010
1000
0000
,
0011
0000
1100
0000
1000
0010
0100
0002
,
0000
0013
0001
0200
0000
0310
0100
0000
,
0110
0000
1001
0000
0001
0100
0010
1000
,
0000
1000
0100
0010
0000
0010
0001
0000
,
0011
0000
0110
0000
0010
0100
1000
0020
,
0000
0130
0001
0020
0000
0031
0100
0010
,
0110
0000
0000
0000
1100
0000
0000
0010
0100
0000
0010
0000
1000
0000
0010
0000
,
0100
0000
0000
0000
0001
0000
0000
0010
0001
0000
0100
0000
0010
0000
1000
0000
,
1100
0000
0000
0000
0110
0000
0000
0010
0100
0000
0010
0000
0100
0000
0001
0000
,
0010
0001
0100
0000
0010
1000
0100
0000
,
1100
0000
0000
0000
0110
0000
0000
0100
0010
0000
0100
0000
0001
0000
0010
0000
,
0001
0000
0000
0000
0100
0000
0000
0010
0100
0000
0010
0000
1000
0000
0100
0000
,
1100
0000
0000
0000
0110
0000
0000
0010
1000
0000
0010
0000
1000
0000
0001
0000
,
0010
0001
0200
0000
0310
1000
0100
1000
,
0002
0000
0000
0000
0000
0000
0000
0103
,
0020
0000
0000
0030
,
2000
0000
0000
0000
0000
0000
0000
0010
,
3100
0010
1000
0001
,
0011
0110
0100
0100
,
0010
0000
0010
0000
0100
0010
0100
0001
,
0011
0110
0100
0001
,
1000
0000
0000
0000
0010
0000
0000
0100
0010
0000
0100
0000
0001
0000
1000
0000
,
1001
0000
0000
0000
,
1100
0000
0011
0000
0100
0001
0100
0010
,
0000
0010
0100
0001
0000
0001
0010
0000
,
0011
0000
0110
0000
1000
0010
0100
0002
,
0000
0103
0010
2000
0000
3100
1000
0000
,
1100
0000
1001
0000
1000
0100
1000
0010
,
0000
0010
0100
0001
0000
0001
0010
0000
,
1001
0000
0110
0000
0010
0100
0010
2000
,
0000
3001
0100
0002
0000
0013
0001
0010
,
0011
0000
0000
0000
0110
0000
0000
0010
0100
0000
0010
0000
1000
0000
0100
0000
,
1000
0000
0000
0000
1000
0000
0000
0010
1000
0000
0010
0000
0100
0000
0001
0000
,
0011
0000
0000
0000
1100
0000
0000
0100
0010
0000
0100
0000
1000
0000
0001
0000
,
0010
0001
1000
0000
1000
0010
1000
0001
,
1001
0000
0000
0000
0110
0000
0000
0100
0001
0000
0100
0000
0010
0000
0100
0000
,
0001
0000
0000
0000
0001
0000
0000
0100
0010
0000
1000
0000
0001
0000
2000
0000
,
0000
0000
0000
0000
0000
3010
0100
0002
,
0000
0103
0010
2000
0000
3001
1000
0010
,
0200
0000
0000
0000
,
0000
0000
0000
0000
,
0300
0000
0000
0000
;

//---------------dance-double - M. Emirzian----------------
#NOTES:
     dance-double:
     M. Emirzian:
     Easy:
     3:
     0.185,0.000,0.016,0.171,0.000,143.000,2.000,22.000,0.000,0.000,0.000:


00000000
00000000
00000000
00000000
,
00000000
00000000
00000000
00000000
,
00000000
00000000
00000000
00000000
,
00000000
00000000
00000000
00000000
,
00000000
00000000
00000000
00000000
,
00020000
00000000
00030010
00000000
,
00000200
00000000
00000301
00000000
,
00002000
00000000
00003100
00000000
,
00020000
00000000
00031000
00000000
,
02000000
00000000
03100000
00000000
,
20000000
00000000
31000000
00000000
,
00200000
00000000
00301000
00000000
,
20020000
00000000
00000000
30030000
,
20000000
00000000
31000000
00100000
,
00001000
00000000
00020000
00000000
,
00030100
00000000
00001000
00000010
,
00000100
00000000
00000002
00000000
,
00001003
00000000
00000100
00010000
,
00001000
00000000
02000000
00000000
,
03100000
00000000
10000000
01000000
,
00200000
00000000
00000000
00000000
,
00310000
01000000
00001000
00000000
,
00010000
00000100
00001000
00000000
,
00000010
00000100
00000001
00000000
,
00000010
00000100
00001000
00000000
,
00000010
00010000
00001000
00000000
,
01000000
00100000
10000000
00000000
,
00010000
01000000
00100000
00000000
,
02000000
00000000
00000000
00000000
,
03020000
00000000
00000000
00000000
,
00130000
00000000
00001000
00000000
,
00010000
00000000
00000100
00000000
,
00000010
00000000
00000001
00000000
,
00000100
00000000
00000010
00000000
,
00010000
00000000
00001000
00000000
,
00100000
00000000
00010000
00000000
,
01000000
00000000
00100000
00000000
,
10000000
01000000
00010000
00001000
,
00000100
00000000
00000001
00000010
,
00000100
00000000
00001000
00000000
,
00000010
00000100
00000001
00000000
,
00001000
00000000
00000100
00010000
,
00001000
00000000
00100000
00000000
,
01000000
10000000
00010000
00000000
,
00100000
00000000
01000000
00000000
,
00010000
00001000
00000010
00000001
,
00002000
00000000
00000000
00000000
,
00000000
00000000
00000000
00000000
,
00000000
00000000
00000000
00000000
,
00003000
00000000
00000100
00000000
,
00010000
00000000
00000000
00000000
,
00000000
00000000
00000000
00000000
,
00001000
00000000
00000000
00000000
,
00000000
00000000
00000000
00000000
,
10000000
00000000
00000000
00000000
,
00010000
00000000
01000000
00000000
,
00100000
00000000
10000000
00000000
,
00010000
00000000
00100000
00000000
,
00001000
00000000
00010000
00000000
,
00000010
00000000
00001000
00000000
,
00000100
00000000
00000010
00000000
,
00000001
00000000
00000100
00000001
,
00000010
00001000
00010000
00100000
,
10000000
00000000
02000000
00000000
,
03100000
00001000
00010000
00000000
,
00000010
00000000
00002000
00000000
,
00003100
00000010
00000001
00000000
,
00000100
00000000
00000020
00000000
,
00010030
00001000
00100000
00000000
,
01000000
00000000
10000000
00000000
,
00010000
01000000
00100000
10000000
,
02200000
00000000
00000000
00000000
,
00000000
03300000
00000000
00000000
;

//---------------dance-double - M. Emirzian----------------
#NOTES:
     dance-double:
     M. Emirzian:
     Medium:
     5:
     0.274,0.000,0.078,0.031,0.000,233.000,10.000,4.000,0.000,0.000,0.000:


00000000
00000000
00000000
00000000
,
00000000
00000000
00000000
00000000
,
00000000
00000000
00000000
00000000
,
00000000
00000000
00000000
00000000
,
00000000
00000000
00000000
00000000
,
10000000
00000000
01000000
00000000
,
00010000
00000000
00001000
00010000
,
00000100
00000000
00000010
00000000
,
00000001
00000000
00000100
00000010
,
00001000
00000000
00000100
00000000
,
00010000
00001000
01000000
00000000
,
00100000
00000000
10000000
00010000
,
00020000
00000000
00000000
00000000
,
00130000
00001000
00010000
00000010
,
00001000
00000001
00000100
00001000
,
00010000
00100000
10000000
00010000
,
01000000
00100000
10000000
01000000
,
00010000
00001000
00000010
00000001
,
00001000
00000010
00000100
00000001
,
00000010
00001000
00010000
00100000
,
10000000
01000000
00110000
10010000
,
10000000
01000000
00010000
00001000
,
00000100
00000001
00000010
00000100
,
00001000
00000001
00000100
00001000
,
00010000
01000000
10000000
00100000
,
01000000
00010000
10000000
01000000
,
00010000
00001000
00000100
00000001
,
00001000
00000100
00000010
00000001
,
00000100
00000010
00010000
00001000
,
00200000
00000000
00000000
00000000
,
01300000
11000000
00010000
10000000
,
01000000
00000000
00010000
00000000
00001000
00000000
00000010
00000001
,
00000010
00001001
00000010
00000100
,
00000001
00000000
00000010
00000000
00001000
00000000
00010000
00001000
,
00010000
00101000
00010000
01000000
,
00100000
00000000
10000000
00000000
01000000
00000000
00100000
00001000
,
00100000
00110000
01000000
00010000
,
00001000
00000000
00000010
00000000
00000001
00001000
00000100
00000010
,
00000001
00000100
00000010
00001000
,
00000100
00000010
00000001
00000010
,
00001000
00010000
00100000
10000000
,
00010000
01000000
00100000
10000000
,
00010000
10000000
01000000
00010000
,
00001000
00000100
00000001
00000010
,
00000100
00001000
00000001
00000100
,
00000010
00000100
00000001
00001000
,
00000200
00000000
00000000
00000000
,
00000000
00000000
00000000
00000000
,
00000000
00000000
00000000
00000000
,
00010300
00000000
00001000
00000000
,
00100000
00000000
00000000
00000000
,
01000000
00000000
00000000
00000000
,
10000000
00000000
00000000
00000000
,
00000010
00000000
00000000
00000000
,
01000000
00000000
00000000
00000000
,
00100000
10010000
01000000
00100000
,
00001000
00000000
00010000
00000000
00000100
00000000
00001000
00000001
,
00001000
00000110
00000001
00000010
,
00001000
00000000
00010000
00000000
00100000
00000000
10000000
00100000
,
10000000
10010000
01000000
00100000
,
00010000
00000000
01000000
00000000
00001000
00000000
00010000
00000010
,
00010000
00001010
00000100
00000010
,
00000001
00000100
00001000
00010000
,
01000000
10000000
00010000
01000000
,
00100000
10000000
01000000
00010000
,
00001000
00000100
00000001
00001000
,
00000100
00000010
00000001
00000100
,
00000010
00010000
00001000
01000000
,
00100000
10000000
01000000
00010000
,
00001000
00000010
00000001
00001000
,
00000010
00000100
00000001
00001000
00000100
00000010
00000100
00010000
,
00002000
00000000
00000000
00000000
,
00000000
00003000
00000000
00000000
;

//---------------dance-double - M. Emirzian----------------
#NOTES:
     dance-double:
     M. Emirzian:
     Hard:
     8:
     0.473,0.000,0.132,0.070,0.054,401.000,17.000,9.000,0.000,0.000,0.000:


00000000
00000000
00000000
00000000
,
00000000
00000000
00000000
00000000
,
00000000
00000000
00000000
00000000
,
00000000
00000000
00000000
00000000
,
00000000
00000000
00000000
00000000
,
10000000
00000000
00010000
00000000
01000000
00100000
10000000
00000000
,
01000000
00000000
10000000
01000000
00010000
00001000
00000010
00000000
,
00000001
00000000
00001000
00000000
00000010
00000100
00000001
00000000
,
00000010
00000000
00000001
00000010
00001000
00010000
01000000
00000000
,
10000000
00000000
00010000
00000000
00100000
01000000
10000000
00000000
,
01000000
00000000
10000000
01000000
00010000
00001000
00000100
00000000
,
00000001
00000000
00001000
00000000
00000010
00000100
00000001
00000010
,
00000200
00000000
00000000
00000000
,
00001300
00000100
00000001
00000100
00001000
00000010
00000100
00000001
,
00000010
00000100
00000010
00000001
00001000
00000010
00000100
00000001
,
00000100
00000010
00010000
00001000
00100000
01000000
00100000
00001000
,
00010000
00100000
10000000
00010000
00100000
01000000
10000000
00100000
,
01000000
00100000
00010000
00001000
00000010
00000100
00000010
00000001
,
00000010
00000100
00001000
00000001
00000100
00001000
00000100
00000001
,
00001000
00000100
00010000
00001000
00100000
01000000
00100000
00010000
,
10000000
01000000
00100000
01000000
10000000
00010000
01000000
00100000
,
10000000
00000000
00000000
10000000
01000000
00000000
00000000
01000000
00010000
00000000
00000000
00010000
00001000
00000000
00000000
00001000
,
00000100
00000000
00000000
00000100
00000001
00000000
00000000
00000001
00000010
00000000
00000000
00000010
00000100
00000000
00001000
00000000
,
00000001
00000000
00000100
00000000
00000010
00001000
00000100
00000000
,
00000001
00000100
00001000
00000000
00000010
00001000
00000100
00000010
,
00000001
00000000
00000000
00000001
00000010
00000000
00000000
00000010
00001000
00000000
00000000
00001000
00010000
00000000
00000000
00010000
,
00100000
00000000
00000000
00100000
10000000
00000000
00000000
10000000
01000000
00000000
00000000
01000000
00100000
00000000
00010000
00000000
,
10000000
00000000
00010000
00000000
01000000
00100000
10000000
00000000
,
01000000
00100000
00010000
00000000
01000000
00001000
00010000
00000100
,
00000020
00000000
00000000
00000000
00000000
00000100
00000030
00000000
,
00000011
00000000
00001100
00000000
00000010
00000100
00000001
00000000
,
00001000
00000010
00000100
00000000
00000010
00001000
00000100
00000000
,
00011000
00000000
00101000
00000000
00010000
01000000
00100000
00000000
,
10000000
00010000
01000000
00000000
00100000
10000000
01000000
00000000
,
00110000
00000000
11000000
00000000
10000000
00100000
01000000
00000000
,
00001000
00010000
00000010
00000000
00001000
00000100
00000010
00000000
,
00001100
00000000
00000011
00000000
00000001
00000100
00000010
00001000
,
00000001
00000100
00001000
00000100
00000001
00000010
00001000
00010000
,
00100000
10000000
01000000
10000000
00010000
01000000
00100000
01000000
,
00010000
10000000
00100000
00010000
00100000
10000000
01000000
00100000
,
01000000
10000000
01000000
00010000
00001000
00010000
00000100
00000010
,
00000100
00001000
00000010
00000100
00000010
00000001
00000010
00001000
,
00000100
00010000
00001000
00000100
00000001
00000010
00000100
00010000
,
00001000
01000000
00100000
01000000
00010000
10000000
01000000
00100000
,
00001000
00010000
00100000
10000000
01000000
10000000
00100000
01000000
,
00010000
00100000
00001000
00010000
00001000
00000100
00000001
00000010
,
00000002
00000000
00000000
00000000
,
00001003
00000000
00000100
00000000
,
00010000
00000000
00001000
00000000
,
01000000
00000000
00010000
00000000
,
00200000
00300000
02000000
03000000
,
20000000
30000000
00020000
00030000
,
00100000
00000000
00001000
00000000
,
00000100
00000000
00001000
00000000
,
00010000
00000000
00000000
00000000
,
10100000
00000000
01010000
00000000
00100000
01000000
10000000
00000000
,
00100000
01000000
00010000
00000000
00100000
00010000
01000000
00000000
,
00011000
00000000
00010100
00000000
00001000
00000010
00000100
00000000
,
00000001
00000010
00000100
00000000
00000010
00000001
00000100
00000000
,
00001010
00000000
00000101
00000000
00001000
00000100
00010000
00000000
,
00001000
01000000
00010000
00000000
01000000
00100000
10000000
00000000
,
01010000
00000000
10100000
00000000
10000000
01000000
00010000
01000000
,
10000000
00010000
01000000
00100000
00010000
00001000
00000010
00000001
,
00000010
00000100
00001000
00000010
00000100
00000001
00001000
00000100
,
00000010
00000100
00010000
00000010
00000100
00000001
00001000
00000001
,
00000100
00001000
00010000
00001000
01000000
00100000
00010000
00100000
,
10000000
01000000
00010000
01000000
10000000
01000000
00100000
00001000
,
00010000
01000000
10000000
00100000
00010000
00001000
00000010
00000001
,
00000010
00000100
00000010
00000001
00000100
00001000
00010000
00000010
,
00010000
00001000
00010000
01000000
10000000
00100000
10000000
01000000
,
00010000
00001000
00000100
00000001
00000010
00000001
00000100
00000010
,
00002002
00000000
00000000
00000000
,
00000000
00003003
00000000
00000000
;

//---------------dance-double - M. Emirzian----------------
#NOTES:
     dance-double:
     M. Emirzian:
     Challenge:
     9:
     0.565,0.000,0.202,0.101,0.310,471.000,26.000,13.000,26.000,2.000,0.000:


00000000
00000000
00000000
00000000
,
00000000
00000000
00000000
00000000
,
00000000
00000000
00000000
00000000
,
00000000
00000000
00000000
00000000
,
00000000
00000000
00000000
00000000
,
10000000
00000000
01000000
00000000
00100000
00000000
00000000
01000000
00000000
00000000
10000000
00000000
01000000
00000000
00010000
00000000
,
01000000
00000000
00100000
00000000
00001000
00000000
00000000
00010000
00000000
00000000
00000010
00000000
00001000
00000000
00000100
00000000
,
00010000
00000000
00001000
00000000
00000100
00000000
00000000
00000001
00000000
00000000
00000010
00000000
00000100
00000000
00001000
00000000
,
00000100
00000000
00000010
00000000
00000100
00000000
00000000
00010000
00000000
00000000
00001000
00000000
00000100
00000000
00001000
00000000
,
00010000
00000000
01000000
00000000
10000000
00000000
00000000
00100000
00000000
00000000
01000000
00000000
00010000
00000000
00100000
00000000
,
01000000
00000000
00100000
00000000
00001000
00000000
00000000
00010000
00000000
00000000
00100000
00000000
10000000
00000000
00100000
00000000
,
01000000
00000000
00010000
00000000
00100000
00000000
00000000
01000000
00000000
00000000
10000000
00000000
00100000
00000000
01000000
00000000
,
00020000
00000000
00000000
00000000
,
01030000
00000000
00100000
00000000
10000000
00000000
01000000
00010000
00000000
01000000
10000000
00000000
00010000
00000000
01000000
00000000
,
00100000
00000000
00010000
00000000
00001000
00000000
01000000
00001000
00000000
00010000
00000010
00000000
00010000
00000000
00001000
00000000
,
00100000
00000000
01000000
00000000
00010000
00000000
00001000
00010000
00000000
00000010
00001000
00000000
00000001
00000000
00001000
00000000
,
00000100
00000000
00000001
00000000
00000100
00000000
00001000
00000010
00000000
00000100
00000001
00000000
00000100
00000000
00000010
00000000
,
00001000
00000000
00000100
00000000
00000010
00000000
00001000
00010000
00000000
00000100
00010000
00000000
00100000
00000000
10000000
00000000
,
01000000
00000000
00100000
00000000
00010000
00000000
01000000
00100000
00000000
00010000
00001000
00000000
01000000
00000000
00100000
00000000
,
10000000
00000000
01000000
00000000
00010000
00000000
01000000
10000000
00000000
00100000
01000000
00000000
00001000
00000000
00010000
00000000
,
00000010
00000000
00001000
00000000
00000100
00000000
00000010
00000001
00000000
00000100
00000010
00000100
00000010
00000000
00001000
00000000
,
00000001
00000000
00000000
00000001
00000010
00000000
00000000
00000010
00001000
00000000
00000000
00001000
00100000
00000000
00000000
00100000
,
01000000
00000000
00000000
01000000
10000000
00000000
00000000
10000000
00100000
00000000
00000000
00100000
01000000
00000000
10010000
00000000
,
00110000
00100000
01000000
00010000
00001000
00000010
00001000
00010000
,
00000100
00001000
00000010
00001000
00000001
00000100
00001000
00010000
,
00100000
00000000
00000000
00100000
10000000
00000000
00000000
10000000
01000000
00000000
00000000
01000000
00010000
00000000
00000000
00010000
,
00000100
00000000
00000000
00000100
00000010
00000000
00000000
00000010
00000001
00000000
00000000
00000001
00000100
00000000
00001001
00000000
,
00001100
00000010
00000100
00001000
00010000
01000000
00010000
00001000
,
00100000
01000000
10000000
01000000
00100000
00010000
01000000
01001000
,
00022000
00000000
00000000
00033000
,
00001100
00000000
00000000
0000MM00
00110000
00000000
00000000
00000000
01000000
00000000
10000000
00000000
00010000
00000000
10000000
00000000
,
01000000
00100000
01000000
00010000
00001000
01000000
00100000
10000000
,
01010000
00000000
00000000
0M0M0000
00001010
00000000
00000000
00000000
00000100
00000000
00000010
00000000
00000001
00000000
00000100
00000000
,
00000010
00000100
00000001
00000100
00001000
00010000
00000010
00001000
,
00001100
00000000
00000000
0000MM00
00110000
00000000
00000000
00000000
10000000
00000000
01000000
00000000
00010000
00000000
01000000
00000000
,
10000000
00100000
01000000
00100000
00010000
00001000
00100000
01000000
,
00110000
00000000
00000000
00MM0000
00001100
00000000
00000000
00000000
00000010
00000000
00000001
00000000
00001000
00000000
00000010
00000000
,
00000100
00000010
00001000
00000100
00000010
00000001
00000100
00001000
,
00010000
00000000
00001000
00000000
01000000
00000000
00010000
00100000
00000000
01000000
10000000
00000000
01000000
00000000
00010000
00000000
,
01000000
00000000
00100000
00000000
00001000
00000000
00010000
00000010
00000000
00010000
00001000
00000000
01000000
00000000
00010000
00000000
,
00100000
00000000
01000000
00000000
00010000
00000000
00001000
00010000
00000000
00000100
00001000
00000000
00000010
00000000
00000001
00000000
,
00000010
00000000
00001000
00000000
00000100
00000000
00000010
00000100
00000000
00001000
00000100
00000000
00000010
00000000
00000001
00000000
,
00000100
00000000
00000010
00000000
00010000
00000000
00001000
01000000
00000000
00010000
00100000
00000000
01000000
00000000
10000000
00000000
,
00100000
00000000
01000000
00000000
00100000
00000000
10000000
01000000
00000000
00100000
00001000
00000000
00010000
00000000
01000000
00000000
,
00010000
00000000
00001000
00000000
00000010
00000000
00000001
00000100
00000000
00000010
00000100
00000000
00000001
00000000
00001000
00000000
,
00000100
00000000
00000010
00000000
00000100
00000000
00010000
00001000
00000000
00000100
00000010
00000100
00000010
00000000
00001000
00000000
,
00001001
00000000
00000100
0000MM00
,
00100000
00MM0000
00000100
0000MM00
,
00100000
00MM0000
00000100
0000MM00
,
00100000
00010000
00001000
00010000
,
20020000
30030000
02000000
00020000
,
00001000
03030000
00000000
00000000
00000000
00000000
00000010
00000000
00000000
00000001
00000000
00000000
,
00002002
00003003
00000020
00002000
,
00010000
00003030
00000000
00000000
00000000
00000000
00100000
00000000
00000000
00000000
00000000
00000000
,
10000000
00000000
00000000
00000000
00000000
00000000
01000000
00100000
,
01100000
00000000
00000000
0MM00000
00001100
00000000
00000000
00000000
00000010
00000000
00001000
00000000
00000100
00000000
00000010
00000000
,
00000100
00001000
00000001
00000100
00001000
00010000
00000010
00000100
,
00000110
00000000
00000000
00000MM0
00110000
00000000
00000000
00000000
01000000
00000000
10000000
00000000
00010000
00000000
10000000
00000000
,
00100000
01000000
00100000
10000000
01000000
00010000
01000000
00100000
,
01100000
00000000
00000000
0MM00000
00001100
00000000
00000000
00000000
00000010
00000000
00001000
00000000
00000100
00000000
00000001
00000000
,
00000100
00001000
00000010
00010000
00001000
00000100
00000010
00001000
,
00001100
00000000
00000000
0000MM00
01100000
00000000
00000000
00000000
01000000
00000000
10000000
00000000
00100000
00000000
01000000
00000000
,
00100000
00010000
10000000
01000000
00010000
00100000
01000000
00100000
,
00001000
00000000
00010000
00000000
00000100
00000000
00000010
00000001
00000000
00000100
00000010
00000000
00001000
00000000
00000100
00000000
,
00000010
00000000
00001000
00000000
00010000
00000000
00000100
00001000
00000000
00000010
00000100
00000000
00000001
00000000
00000100
00000000
,
00001000
00000000
00010000
00000000
01000000
00000000
10000000
00010000
00000000
01000000
00100000
00000000
10000000
00000000
01000000
00000000
,
00100000
00000000
00001000
00000000
00010000
00000000
00100000
10000000
00000000
01000000
00100000
00000000
00001000
00000000
01000000
00000000
,
00100000
00000000
00010000
00000000
00001000
00000000
00010000
00000100
00000000
00001000
00000010
00000000
00000100
00000000
00000010
00000000
,
00001000
00000000
00000100
00000000
00000010
00000000
00000001
00000100
00000000
00000010
00000100
00000000
00000001
00000000
00000010
00000000
,
00000100
00000000
00001000
00000000
00000001
00000000
00000100
00001000
00000000
00010000
00100000
00000000
10000000
00000000
01000000
00000000
,
00100000
00000000
00001000
00000000
00000010
00000000
00000001
00000100
00000000
00001000
00010000
00001000
00010000
00000000
00000010
00000000
,
00022000
00000000
00000000
00000000
,
00000000
00033000
00000000
00000000
;

//---------------lights-cabinet - ----------------
#NOTES:
     lights-cabinet:
     :
     Easy:
     1:
     1.000,0.000,1.000,0.163,0.097,414.000,220.000,21.000,0.000,197.000,0.000:


00000000
00000000
00000000
00000000
,
00000000
00000000
00000000
00000000
,
00000000
00000000
00000000
00000000
,
00000000
00000000
00000000
00000000
,
00000000
00000000
00000000
00000000
,
10010011
00000000
00000000
00000000
01100011
00000000
00000000
10000000
00000000
00000000
00100000
00000000
01000000
00000000
00010000
00000000
,
00100000
00000000
00000000
00000000
00010000
00000000
00000000
01000000
00000000
00000000
00100000
00000000
10000000
00000000
01000000
00000000
,
10000000
00000000
00000000
00000000
00100000
00000000
00000000
01000000
00000000
00000000
00100000
00000000
01000000
00000000
00010000
00000000
,
00100000
00010000
10000000
00000000
00010000
00100000
00010000
00000000
,
00110011
00000000
00000000
00000000
01100011
00000000
00000000
10000000
00000000
00000000
00100000
00000000
10000000
00000000
00010000
00000000
,
01000000
00000000
00000000
00000000
00100000
00000000
00000000
01000000
00000000
00000000
00010000
00000000
00100000
00000000
00010000
00000000
,
01000000
00000000
00000000
00000000
00100000
00000000
00000000
10000000
00000000
00000000
00100000
00000000
01000000
00000000
00010000
00000000
,
10010011
00000000
00000000
00000000
,
10000011
00100000
10000011
01000000
10000011
00100000
10000011
00010000
,
01000011
00100000
10000011
00010000
01000011
00010000
00100011
00010000
,
01000011
00010000
10000011
00100000
10000011
01000000
00100011
01000000
,
10000011
01000000
00110011
00000000
10010011
00000000
01100011
00000000
,
01000011
00100000
10000011
01000000
10000011
00010000
01000011
00010000
,
00100011
00010000
01000011
00100000
10000011
01000000
10000011
00100000
,
01000011
00010000
00100011
00010000
01000011
00100000
10000011
01000000
,
10000011
01000000
10010000
00000000
01100000
00000000
11110011
00000011
,
10000011
00000000
00100000
00000000
01000011
00000000
00000000
00010000
00100011
00000000
00010000
00000000
01000011
00000000
00000000
00010000
,
01000011
00000000
00100000
00000000
01000011
00000000
00000000
00100000
10000011
00000000
00100000
00000000
10000011
00000000
00010000
00000000
,
10000011
00000000
00100000
00000000
01000011
00000000
00000000
00100000
10000011
00000000
00100000
00000000
01000011
00000000
00000000
00010000
,
00100011
00010000
01000011
00010000
00200011
00000000
00310011
00000000
,
10000011
00000000
00010000
00000000
00100011
00000000
00000000
00010000
00100011
00000000
00010000
00000000
01000011
00000000
00100000
00000000
,
10000011
00000000
00100000
00000000
10000011
00000000
00000000
01000000
10000011
00000000
00100000
00000000
01000011
00000000
00010000
00000000
,
00100011
00000000
00010000
00000000
00100011
00000000
00000000
00010000
01000011
00000000
00100000
00000000
10000011
00000000
00100000
00000000
,
10000011
01000000
00100011
00010000
01000011
00100000
10000011
00010000
,
20020022
00000000
00000000
30030033
00000000
00000011
11110000
00000000
,
11000011
00000000
00110011
00000000
01000011
00010000
00100011
00010000
,
00000011
00010000
01000011
00100000
00000011
00100000
10000011
00000000
,
10010011
00000000
01100011
00000000
10000011
00100000
01000011
00020000
,
00000011
00130000
00010011
02000000
00000011
03100000
01000011
00000000
,
01100011
00000000
10010011
00000000
00010011
01000000
00100011
10000000
,
00000011
10000000
01000011
00100000
00000011
00100000
00010011
00000000
,
00110011
00000000
01100011
00000000
00100011
01000000
10000011
00200000
,
00000011
01300000
00010011
00200000
00000011
00310000
01000011
00100011
,
01100011
00000000
00000000
00000000
11000011
00000000
00000000
00100000
01000011
00000000
00100000
00000000
10000011
00000000
00100000
00000000
,
01000011
00000000
00000000
00000000
00010011
00000000
00000000
00100000
00010011
00000000
01000000
00000000
00100011
00000000
10000000
00000000
,
11000011
00000000
00000000
00000000
01100011
00000000
00000000
00100000
01000011
00000000
00100000
00000000
01000011
00000000
00010000
00000000
,
00100011
00010000
01000011
00000000
00100011
10000000
01000011
00000000
,
11000011
00000000
00000000
00000000
01100011
00000000
00000000
01000000
00100011
00000000
01000000
00000000
00010011
00000000
00100000
00000000
,
00010011
00000000
00000000
00000000
01000011
00000000
00000000
00100000
01000011
00000000
00100000
00000000
10000011
00000000
00010000
00000000
,
11000011
00000000
00000000
00000000
01100011
00000000
00000000
00100000
10000011
00000000
00100000
00000000
10000011
00000000
01000000
00000000
,
10010011
00000000
01100011
00000000
10010011
00000000
01100011
00000011
,
00010011
00010000
00010000
00010000
,
10000000
10000000
10000000
10000000
,
00100000
00100000
00100000
00100000
,
01000000
01000000
01000000
01000000
,
10010011
01100011
00000000
01100000
,
10010000
01100000
00000000
01000000
,
00110011
11000011
00000000
01100000
,
10010000
01100000
01100000
10010000
,
11110011
00000000
00000000
00000000
00000000
00000000
00000011
00000011
,
11000011
00000000
00110011
00000000
01000011
00010000
01000011
00100000
,
00000011
00100000
01000011
00010000
00000011
00010000
00100011
00000000
,
00110011
00000000
01100011
00000000
10000011
00100000
01000011
00020000
,
00000011
01030000
00100011
20000000
00000011
31000000
10000011
00000000
,
11000011
00000000
10010011
00000000
10000011
01000000
10000011
00100000
,
00000011
00100000
01000011
00010000
00000011
00010000
00100011
00000000
,
10010011
00000000
01100011
00000000
00100011
01000000
00100011
20000000
,
00000011
30010000
01000011
00020000
00000011
00130000
00010011
00100000
,
00110011
00000000
00000000
00000000
01100011
00000000
00000000
00100000
01000011
00000000
00100000
00000000
10000011
00000000
01000000
00000000
,
10000011
00000000
00000000
00000000
10000011
00000000
00000000
00100000
10000011
00000000
00100000
00000000
01000011
00000000
00010000
00000000
,
00110011
00000000
00000000
00000000
11000011
00000000
00000000
01000000
00100011
00000000
01000000
00000000
10000011
00000000
00010000
00000000
,
00100011
00010000
10000011
00000000
10000011
00100000
10000011
00010000
,
10010011
00000000
00000000
00000000
01100011
00000000
00000000
01000000
00010011
00000000
01000000
00000000
00100011
00000000
01000000
00000000
,
00010011
00000000
00000000
00000000
00010011
00000000
00000000
01000000
00100011
00000000
10000000
00000000
00010011
00000000
10000000
00000000
,
01100011
00000000
01100011
00000000
01100011
00010000
01000011
00020000
,
00000011
01030000
00100011
20000000
00000011
30010000
10100011
00000000
,
22220022
00000000
33330033
00000000
;

//---------------dance-single - M. Puls----------------
#NOTES:
     dance-single:
     M. Puls:
     Beginner:
     1:
     0.063,0.000,0.016,0.000,0.000,55.000,2.000,0.000,0.000,0.000,0.000:


0000
0000
0000
0000
,
0000
0000
0000
0000
,
0000
0000
0000
0000
,
0000
0000
0000
0000
,
0000
0000
0000
0000
,
1000
0000
0000
0000
,
0000
0000
0000
0000
,
1000
0000
0000
0000
,
0001
0000
0000
0000
,
0001
0000
0000
0000
,
0000
0000
0000
0000
,
0001
0000
0000
0000
,
0000
0000
0000
0000
,
1000
0000
0000
0000
,
1000
0000
0000
0000
,
0001
0000
0000
0000
,
0001
0000
0000
0000
,
0010
0000
0000
0000
,
0010
0000
0000
0000
,
0100
0000
0000
0000
,
0010
0000
0000
0000
,
1000
0000
0000
0000
,
0100
0000
0000
0000
,
0010
0000
0000
0000
,
0010
0000
0000
0000
,
0001
0000
0000
0000
,
0010
0000
0000
0000
,
0100
0000
0000
0000
,
0100
0000
0000
0000
,
1000
0000
0000
0000
,
0001
0000
0000
0000
,
0000
0000
0000
0000
,
1000
0000
0000
0000
,
0000
0000
0000
0000
,
1000
1000
0000
0000
,
0000
0000
0000
0000
,
0001
0001
0000
0000
,
0000
0000
0000
0000
,
0100
0000
0000
0000
,
0100
0000
0000
0000
,
0100
0000
0000
0000
,
0100
0000
0000
0000
,
0010
0000
0000
0000
,
0010
0000
0000
0000
,
0010
0000
0000
0000
,
0010
0000
0000
0000
,
1001
0000
0000
0000
,
0000
0000
0000
0000
,
0000
0000
0000
0000
,
0000
0000
0000
0000
,
1000
0000
0000
0000
,
0000
0000
0000
0000
,
0001
0000
0000
0000
,
0000
0000
0000
0000
,
0000
0000
0000
0000
,
0001
0000
0000
0000
,
0000
0000
0000
0000
,
1000
0000
0000
0000
,
0000
0000
0000
0000
,
0001
0001
0000
0000
,
0000
0000
0000
0000
,
1000
1000
0000
0000
,
0000
0000
0000
0000
,
0001
0000
0000
0000
,
0010
0000
0000
0000
,
0100
0000
0000
0000
,
1000
0000
0000
0000
,
0100
0000
0000
0000
,
0010
0000
0000
0000
,
0001
0000
1000
0000
,
0001
0000
0000
0000
,
1001
0000
0000
0000
;
