#TITLE:Tough Enough;
#SUBTITLE:;
#ARTIST:Vanilla Ninja;
#TITLETRANSLIT:;
#SUBTITLETRANSLIT:;
#ARTISTTRANSLIT:;
#GENRE:;
#CREDIT:;
#BANNER:toughenough-banner.png;
#BACKGROUND:toughenough-bg.png;
#LYRICSPATH:;
#CDTITLE:;
#MUSIC:Vanilla Ninja - ToughEnough.ogg;
#OFFSET:-2.491;
#SAMPLESTART:34.260;
#SAMPLELENGTH:13.920;
#SELECTABLE:YES;
#BPMS:0.000=97.990,10.000=98.190,16.000=98.330,20.000=97.990,40.000=98.030,51.500=97.870,52.000=196.000,244.000=196.080,272.000=196.140;
#STOPS:;
#BGCHANGES:0.000=toughenough-bg.png=1.000=0=0=1=====,
15.000=vol3-20-ntsc.mpg=1.000=1=0=1===CrossFade==,
32.000=vol4-15-ntsc.mpg=0.900=1=0=1===CrossFade==,
40.000=vol4-12-ntsc.mpg=1.000=0=0=1=====,
48.000=vol4-07-ntsc.mpg=1.200=0=0=1=====,
51.000=toughenough-bg.png=1.000=0=0=1=====,
52.000=673_JumpBack.mpg=1.000=0=0=1=====,
84.000=712_JumpBack.mpg=0.900=0=0=1=====,
100.000=688_JumpBack.mpg=0.900=0=0=1=====,
116.000=674_JumpBack.mpg=0.900=0=0=1=====,
132.000=689_JumpBack.mpg=0.900=0=0=1=====,
148.000=jb_043.mpg=1.200=0=0=1=====,
164.000=vol3-10-ntsc.mpg=1.000=0=0=1=====,
180.000=vol4-04-ntsc.mpg=1.000=0=0=1=====,
196.000=vol4-01-ntsc.mpg=1.000=0=0=1=====,
212.000=vol4-01-ntsc.mpg=1.400=0=0=1=====,
216.000=vol4-01-ntsc.mpg=1.600=0=0=1=====,
218.000=toughenough-bg.png=1.000=0=0=1=====,
220.000=673_JumpBack.mpg=1.000=0=0=1=====,
252.000=712_JumpBack.mpg=0.900=0=0=0=StretchNoLoop====,
268.000=688_JumpBack.mpg=0.900=0=0=1=====,
284.000=toughenough-bg.png=1.000=0=0=1=====,
300.000=toughenough-bg.png=1.000=0=0=1=====,
99999=-nosongbg-=1.000=0=0=0 // don't automatically add -songbackground-
;
#KEYSOUNDS:;
// cache tags:
#FIRSTBEAT:8.000;
#LASTBEAT:300.000;
#SONGFILENAME:/Songs/In The Groove/Tough Enough/Tough Enough.sm;
#HASMUSIC:1;
#HASBANNER:1;
#MUSICLENGTH:112.634;
// end cache tags

//---------------dance-single - M. Puls----------------
#NOTES:
     dance-single:
     M. Puls:
     Easy:
     2:
     0.138,0.000,0.053,0.080,0.000,94.000,6.000,9.000,0.000,0.000,0.000:


0000
0000
0000
0000
,
0000
0000
0000
0000
,
0000
0001
0001
0000
,
0000
1000
1000
0000
,
0000
1000
0000
1000
,
0000
0100
0000
0100
,
0000
0001
0000
0001
,
0000
0010
0000
0010
,
0000
1000
0000
1000
,
0000
0010
0000
0010
,
0000
0001
0000
0001
,
0000
0100
0000
0100
,
0000
0100
0000
1001
,
0000
0000
1000
0000
,
0000
0000
0100
0000
,
0000
0000
0010
0000
,
0000
0000
1001
0000
,
0000
0000
0100
0000
,
0010
0000
0010
0000
,
1000
0000
0002
0000
,
0000
0000
0003
0000
,
1000
0000
0000
0000
,
0100
0000
0000
0000
,
1000
0000
0000
0000
,
0100
0000
0100
0000
,
1000
0000
0000
0000
,
1001
0000
0000
0000
,
0001
0000
2000
0000
,
0000
0000
3000
0000
,
1000
0000
0001
0000
,
1000
0000
0000
0000
,
0001
0000
1000
0000
,
0001
0000
0000
0000
,
1000
0000
0010
0000
,
1000
0000
0000
0000
,
0010
0000
0100
0000
,
0010
0000
0100
0000
,
0100
0000
0000
0000
,
0010
0000
0000
0000
,
2000
0000
0000
0000
,
3000
0000
1000
0000
,
0010
0000
1000
0000
,
1000
0000
0001
0000
,
0002
0000
0000
0000
,
0003
0000
0001
0000
,
0100
0000
0001
0000
,
0001
0000
0000
0000
,
2000
0000
0000
0000
,
3000
0000
0000
0000
,
0001
0000
0000
0000
,
1000
0000
0000
0000
,
0010
0000
0000
0000
,
1000
0000
0100
0000
,
2002
0000
0000
0000
,
3003
0000
0000
0000
,
1000
0000
0000
0000
,
0100
0000
0000
0000
,
1000
0000
0000
0000
,
1001
0000
0000
0000
,
0100
0000
0000
0000
,
0010
0000
0000
0000
,
1000
0000
0002
0000
,
0000
0000
0003
0000
,
0100
0000
0000
0000
,
0010
0000
0000
0000
,
1000
0000
1000
0000
,
0100
0000
0100
0000
,
1000
0000
0000
0000
,
1001
0000
0000
0000
,
0001
0000
1000
0000
,
0001
0000
1000
0000
,
2000
0000
0000
0000
,
0000
0000
0000
0000
,
0000
0000
0000
0000
,
0000
0000
0000
0000
,
3000
0000
0000
0000
;

//---------------dance-single - M. Puls----------------
#NOTES:
     dance-single:
     M. Puls:
     Challenge:
     9:
     0.583,0.000,0.382,0.195,0.040,395.000,43.000,22.000,8.000,0.000,0.000:


0000
0000
0000
0000
,
0000
0000
0000
0000
,
0001
0000
0001
0000
1000
0000
0100
0010
0000
0000
0000
0000
0000
0000
0000
0000
,
1000
0000
1000
0000
0001
0000
0010
0100
0000
0000
0000
0000
0000
0000
0000
0000
,
0110
0000
1000
0001
0010
0100
1000
0010
,
2000
0100
3100
0001
0010
1000
0110
0MM0
,
0001
1000
0100
0010
0001
0100
0002
0010
,
0013
1000
0001
0100
0110
0MM0
1010
M0M0
,
1000
0100
1000
0100
0010
0001
0100
0020
,
0000
0000
0100
0000
0100
0100
0130
0MM0
,
0001
1000
0010
0000
0100
0000
0010
0000
0001
0000
1000
0001
0100
0000
0010
0000
,
1000
0000
0001
1000
0001
0000
0100
0000
0001
0000
0200
0000
0301
0000
0000
0000
,
1000
0100
0000
1000
0001
0000
0010
0100
0000
1000
0001
0000
1001
0000
0110
0000
,
0010
0000
1000
0000
0100
0000
1000
1000
,
0100
0010
0001
1000
0010
0000
0000
0000
,
1100
0001
0010
0000
0100
0000
1000
0010
,
0100
0001
0010
0000
1001
0000
0010
0000
,
0100
0100
0100
0000
1000
0000
0100
0000
,
0010
0010
0010
0000
0001
0000
1000
0100
,
0010
0001
0010
0100
1000
0000
0000
0002
,
0103
0200
0310
2000
3001
0020
0130
0000
,
1000
0000
0001
0000
0010
0000
0001
0001
,
0010
0100
1000
0001
0100
0000
0000
0000
,
0011
1000
0100
0000
0010
0000
0001
0100
,
0010
1000
0100
0000
1001
0000
0100
0000
,
1010
0010
1010
0000
0001
0000
0010
0000
,
0101
0100
0101
0000
1000
0000
0001
0010
,
0100
1000
0100
0010
0001
0000
0000
0002
,
0103
0200
0310
2000
3001
0020
0130
0000
,
1000
0000
1000
0000
0001
0000
0001
1000
,
0010
0000
0001
0010
0100
0000
1000
0000
,
0100
0000
1000
0000
0100
0000
0001
0010
,
0000
0010
0001
1000
0100
0000
0100
2000
,
0000
0000
3010
0000
0100
0000
0001
0010
,
0001
0000
1000
0000
0100
0000
1000
0100
,
1000
0000
1000
0000
0100
0000
0010
0100
,
0010
0000
0100
0010
0100
0000
0010
0000
,
1100
1000
1100
0000
0010
0000
0010
0000
,
1000
0001
0010
0000
0001
0000
0110
0010
,
0110
0000
0010
0000
1000
0000
1000
0100
,
0001
0100
1000
0010
1000
0000
1001
0000
,
1001
0001
1001
0000
0100
0000
0100
0000
,
0001
1000
0100
0000
1000
0000
0101
0100
,
0101
0000
0100
0000
0001
0000
0001
0100
,
1000
0100
0001
0010
0001
0000
1001
0000
,
0001
0010
0001
0010
0100
0000
0100
1000
,
0001
1000
0100
0000
1000
0000
1000
0100
,
1000
0100
0010
0000
0010
0001
1000
0000
,
0001
0010
0001
0010
0001
0000
1000
0000
,
0001
1000
0100
0000
1000
0000
1000
0100
,
1000
0100
0010
0000
0010
0000
0001
0000
,
0100
0001
2000
0000
3001
0000
1100
0000
,
0011
1001
0110
1001
,
2002
0000
0000
0000
,
3003
1100
0110
0110
,
0010
0000
1000
0000
0100
0000
1000
1000
,
0100
0010
0001
1000
0010
0000
0011
0000
,
1100
0001
0010
0000
0100
0000
1000
0010
,
0100
0001
0010
0000
1001
0000
0010
0000
,
0100
0100
0100
0000
1000
0000
0100
0000
,
0010
0010
0010
0000
0001
0000
1000
0100
,
0010
0001
0010
0100
1000
0000
0000
0002
,
0103
0200
0310
2000
3001
0020
0130
0000
,
1000
0000
0001
0000
0010
0000
0001
0001
,
0010
0100
1000
0001
0100
0000
1100
0000
,
0011
1000
0100
0000
0110
0000
0001
0100
,
0010
1000
0100
0000
1001
0000
0100
0000
,
0010
0100
0010
0000
1001
0000
0010
0000
,
0100
0010
0100
0000
1001
0000
0001
0010
,
0100
1000
0100
0010
0001
0001
1000
0000
,
0010
0100
0010
1000
0100
1000
0010
0000
,
2200
0000
0000
0000
,
0000
0000
0000
0000
,
0000
0000
0000
0000
,
0000
0000
0000
0000
,
3300
0000
0000
0000
;

//---------------dance-single - M. Puls----------------
#NOTES:
     dance-single:
     M. Puls:
     Hard:
     7:
     0.402,0.000,0.124,0.231,0.000,277.000,14.000,26.000,0.000,0.000,0.000:



0000
0000
0000
0000
,
0000
0000
0000
0000
,
1000
1000
0010
0000
0100
0000
0000
0000
,
0001
0001
0010
0000
0001
0000
0000
0000
,
1000
0100
1000
0000
0001
0010
0001
0000
,
0100
0010
1000
0100
1000
0001
0011
0000
,
0001
0100
0010
0000
0100
0010
1000
0000
,
0001
0010
0001
0100
0010
0100
0010
0000
,
1000
0100
1100
0000
0010
0100
0110
0000
,
1000
0010
0100
0001
0010
0001
0101
0000
,
0001
0010
0001
0000
1000
0100
1000
0000
,
0100
0010
0001
0001
,
2000
3000
0002
0003
0200
0300
1001
0000
,
0010
0000
1000
0000
0100
0000
1000
0010
,
0100
0000
0001
0000
,
1000
0001
0010
0000
0100
0000
1000
0010
,
0100
0001
0000
0000
1001
0000
0000
0000
,
0100
0100
0010
0000
,
0100
0000
0001
0000
0010
0000
0001
0010
,
0001
0000
1000
0100
1000
0000
0000
0000
,
0200
0320
0032
0203
,
0301
0000
0000
0000
0010
0000
0001
0100
,
0010
0000
0001
0000
,
0001
1000
0100
0000
0010
0000
0001
0100
,
0010
1000
0000
0000
1001
0000
0000
0000
,
0010
0010
0001
0000
,
1000
0000
0001
0000
1000
0000
0001
0010
,
0100
0000
0100
0010
0001
0000
0000
0000
,
0020
0230
2300
3020
,
1030
0000
0001
0001
,
0001
0000
0001
0100
,
0010
0000
1000
0100
,
1000
0000
0010
0010
,
1000
0000
1000
0100
,
1000
0000
0001
0010
,
0001
0001
1000
1000
,
0010
0010
0110
0000
,
0001
1000
2000
0010
,
0000
0001
3000
0001
,
1000
0000
0010
0000
,
0100
0000
0001
0000
0010
0001
0010
0000
,
0001
1000
0002
0010
,
0000
1000
0003
1000
,
0001
0000
0100
0000
,
0001
0000
0010
0000
0001
0010
0001
0000
,
1000
0010
0100
0001
,
0010
0001
0100
0010
,
2000
0000
3002
0000
,
0013
0000
0001
0000
0100
0010
1000
0000
,
0010
0000
1000
0100
,
1000
0000
0110
0000
,
0001
0010
0001
0100
,
0010
1000
0110
0000
,
2002
0000
0000
0000
,
3003
0000
1001
0000
,
0010
0000
1000
0000
0100
0000
1000
0010
,
0100
0001
0010
0001
,
0100
0010
1000
0000
0010
0000
0100
0001
,
0010
0001
1000
0000
1001
0000
0000
0000
,
0100
0010
1000
0000
,
0001
0010
0001
0000
0100
0000
0010
1000
,
0100
0000
0010
0100
1000
0000
0000
0000
,
0002
0203
0320
2030
,
3001
0000
0000
0000
0010
0000
0001
0100
,
0010
0000
1000
0010
0100
0000
0001
0000
,
0010
0001
0100
0000
0010
0000
1000
0001
,
0010
0001
1000
0000
1001
0000
0000
0000
,
0010
0100
0001
0000
,
0010
0001
1000
0000
0010
0000
0100
0010
,
1000
0000
0001
0010
0001
0000
0000
0000
,
0020
0230
2300
3020
,
2030
0000
0000
0000
,
0000
0000
0000
0000
,
0000
0000
0000
0000
,
0000
0000
0000
0000
,
3000
0000
0000
0000
;

//---------------dance-single - M. Puls----------------
#NOTES:
     dance-single:
     M. Puls:
     Medium:
     4:
     0.278,0.000,0.089,0.133,0.000,194.000,10.000,15.000,0.000,0.000,0.000:


0000
0000
0000
0000
,
0000
0000
0000
0000
,
0001
1000
0010
0000
,
1000
0001
0100
0000
,
0000
0000
1000
0001
0000
0000
1000
0000
,
0000
0000
0100
0001
0000
0000
0010
0000
,
0000
0000
0001
0100
0000
0000
0001
0000
,
0000
0000
0010
0001
0000
0000
0010
0000
,
0000
0000
1000
0100
0000
0000
1000
0000
,
0000
0000
0010
0100
0000
0000
0010
0000
,
0000
0000
0001
0010
0000
0000
0001
1000
,
0100
0010
0000
0000
,
0100
0010
0100
1001
,
0010
1000
0100
1000
,
0100
0000
1000
0000
,
1000
0010
0100
1000
,
0100
0000
1001
0000
,
0100
0100
1000
0000
,
0010
0000
0010
0000
0001
0000
1000
0100
,
0010
0000
0000
0000
,
0200
0000
0001
0000
,
0301
0000
0010
0001
,
0010
0000
0001
0000
,
0001
0100
0010
0001
,
0010
0000
1001
0000
,
0010
0010
0001
0000
,
0100
0000
0100
0000
1000
0000
0001
0010
,
0100
0000
0000
0000
,
0020
0000
1000
0000
,
1030
0000
0001
1000
,
0001
0000
0001
0000
,
1000
0000
1000
0000
,
0001
0000
1000
0001
,
1000
0000
1000
0000
,
0001
0000
0001
0000
,
1000
0000
0000
0100
,
0000
0010
0000
0100
,
0001
0000
2000
0020
,
0000
0000
3030
0001
,
1000
0000
0010
0000
,
1000
0000
1000
0001
,
0100
1000
0000
0002
,
0200
0000
0000
0303
,
1000
0001
0000
0100
,
0000
0001
0000
0001
,
1000
0010
0001
0010
,
0010
0000
0010
0100
,
1000
0000
0100
0010
,
0001
0000
0010
0100
,
1000
0000
0010
0001
,
1000
0010
0001
1000
,
0001
0100
1000
0000
,
1001
1001
1001
0000
,
2002
0000
0000
0000
,
3003
0000
1001
0000
,
0010
1000
0100
1000
,
0100
0000
1000
0000
,
1000
0010
0100
1000
,
0100
0000
1001
0000
,
0100
0100
1000
0000
,
0010
0000
0010
0000
0001
0000
1000
0100
,
0010
0000
0000
0000
,
0200
0320
0100
0230
,
0300
0000
0010
0001
,
0010
1000
0100
0001
,
0001
0100
0010
0001
,
0010
0000
1001
0000
,
0010
0010
0001
0000
,
0100
0000
0100
0000
1000
0000
0001
0010
,
0100
0000
0000
0000
,
0020
0230
0010
0320
,
2030
0000
0000
0000
,
0000
0000
0000
0000
,
0000
0000
0000
0000
,
0000
0000
0000
0000
,
3000
0000
0000
0000
;

//---------------dance-double - M. Emirzian----------------
#NOTES:
     dance-double:
     M. Emirzian:
     Easy:
     1:
     0.076,0.000,0.036,0.027,0.000,53.000,4.000,3.000,0.000,0.000,0.000:


00000000
00000000
00000000
00000000
,
00000000
00000000
00000000
00000000
,
10000000
00000000
00000000
00000000
,
00010000
00000000
00000000
00000000
,
00100000
00000000
00001000
00000000
,
00000010
00000000
00000000
00000000
,
00000001
00000000
00010000
00000000
,
10000000
00000000
00000000
00000000
,
01000000
00000000
00001000
00000000
,
00000010
00000000
00000000
00000000
,
00000100
00000000
00000100
00000000
,
00001000
00000000
00001000
00000000
,
20000000
00000000
00000000
00000000
00000000
00000000
00000000
30000000
,
01000000
00000000
00000000
00000000
,
00000000
00000000
00000000
00000000
,
00100000
00000000
00000000
00000000
,
00000000
00000000
00000000
00000000
,
00000100
00000000
00000000
00000000
,
00001000
00000000
00000000
00000000
,
00000110
00000000
00000000
00000000
,
00000000
00000000
00000000
00000000
,
00010000
00000000
00000000
00000000
,
00000000
00000000
00000000
00000000
,
01000000
00000000
00000000
00000000
,
00000000
00000000
00000000
00000000
,
00001000
00000000
00000000
00000000
,
00000001
00000000
00000000
00000000
,
00001001
00000000
00000000
00000000
,
00010000
00000000
00000000
00000000
,
00100000
00000000
00000000
00000000
,
00000000
00000000
00000000
00000000
,
00001000
00000000
00000000
00000000
,
00000000
00000000
00000000
00000000
,
00000010
00000000
00000000
00000000
,
00000000
00000000
00000000
00000000
,
00010000
00000000
00000000
00000000
,
00000000
00000000
00000000
00000000
,
10000000
00000000
00000000
00000000
,
00000000
00000000
00000000
00000000
,
00001000
00000000
00000000
00000000
,
00000000
00000000
00000000
00000000
,
00000010
00000000
00000000
00000000
,
00000000
00000000
00000000
00000000
,
00010000
00000000
00000000
00000000
,
00000000
00000000
00000000
00000000
,
10000000
00000000
00000000
00000000
,
00000000
00000000
00000000
00000000
,
00000100
00000000
00000000
00000000
,
00000000
00000000
00000000
00000000
,
01000000
00000000
00000000
00000000
,
00010000
00000000
00000000
00000000
,
00000000
00000000
00000000
00000000
,
00001000
00000000
00000000
00000000
,
00000002
00000000
00000000
00000000
,
00000000
00000000
00000000
00000003
,
00000100
00000000
00000000
00000000
,
00000000
00000000
00000000
00000000
,
00000010
00000000
00000000
00000000
,
00000000
00000000
00000000
00000000
,
00010000
00000000
00000000
00000000
,
00100000
00000000
00000000
00000000
,
10010000
00000000
00000000
00000000
,
00000000
00000000
00000000
00000000
,
10000000
00000000
00000000
00000000
,
00000000
00000000
00000000
00000000
,
01000000
00000000
00000000
00000000
,
00000000
00000000
00000000
00000000
,
00000100
00000000
00000000
00000000
,
00000001
00000000
00000000
00000000
,
00001001
00000000
00000000
00000000
,
00000100
00000000
00000000
00000000
,
00020000
00000000
00000000
00000000
,
00000000
00000000
00000000
00000000
,
00030000
00000000
00000000
00000000
;

//---------------dance-double - M. Emirzian----------------
#NOTES:
     dance-double:
     M. Emirzian:
     Medium:
     2:
     0.120,0.000,0.044,0.027,0.000,87.000,5.000,3.000,0.000,0.000,0.000:


00000000
00000000
00000000
00000000
,
00000000
00000000
00000000
00000000
,
00010000
00001000
00000100
00001000
,
00010000
01000000
00100000
00000000
,
00100000
00000000
00001000
00000000
,
00010000
00000000
00000100
00001000
,
00000010
00000000
00000100
00000000
,
00000001
00001000
00000000
00000000
,
00000100
00000000
00010000
00000000
,
00001000
01000000
00010000
00000000
,
00100000
00000000
01000000
00000000
,
10000000
00010000
10000000
00000000
,
20020000
00000000
00000000
30030000
,
00100000
00000000
00000000
00000000
,
10000000
00000000
00000000
00000000
,
00010000
00000000
00000000
00000000
,
00100000
00000000
00000000
00000000
,
00001000
00000000
00000000
00000000
,
00010000
00000000
00000100
00000000
,
00001001
00000000
00000000
00000000
,
00000000
00000000
00000000
00000000
,
00000100
00000000
00000000
00000000
,
00000010
00000000
00000000
00000000
,
00010000
00000000
00000000
00000000
,
00001000
00000000
00000000
00000000
,
01000000
00000000
00000000
00000000
,
00100000
00000000
10000000
00000000
,
10010000
00000000
00000000
00000000
,
00000000
00000000
00000000
00000000
,
00001000
00000000
00000000
00000000
,
00010000
00000000
00000000
00000000
,
00100000
00000000
00000000
00000000
,
00010000
00000000
00000000
00000000
,
10000000
00000000
00000000
00000000
,
00010000
00000000
00000000
00000000
,
00001000
00000000
00000000
00000000
,
00000001
00000000
00000000
00000000
,
00001000
00000000
00000000
00000000
,
00010000
00000000
00000000
00000000
,
00000100
00000000
00000000
00000000
,
00001000
00000000
00000000
00000000
,
00100000
00000000
00000000
00000000
,
00010000
00000000
00000000
00000000
,
10000000
00000000
00000000
00000000
,
00010000
00000000
00000000
00000000
,
00001000
00000000
00000000
00000000
,
00000001
00000000
00000000
00000000
,
00010000
00000000
00000000
00000000
,
00001000
00000000
00000000
00000000
,
00000001
00000000
00000000
00000000
,
00010000
00000000
00000000
00000000
,
00000100
00000000
00000000
00000000
,
00010000
00000000
00000000
00000000
,
00000020
00000000
00000000
00000000
,
00000000
00000000
00000000
00000030
,
00001000
00000000
00000000
00000000
,
00000100
00000000
00000000
00000000
,
00010000
00000000
00000000
00000000
,
00001000
00000000
00000000
00000000
,
01000000
00000000
00000000
00000000
,
00100000
00000000
00000000
00000000
,
10000000
00000000
00010000
00000000
,
10010000
00000000
00000000
00000000
,
00001000
00000000
00000000
00000000
,
00000001
00000000
00000000
00000000
,
00000100
00000000
00000000
00000000
,
00000010
00000000
00000000
00000000
,
00010000
00000000
00000000
00000000
,
00001000
00000000
00000000
00000000
,
01000000
00000000
00000000
00000000
,
00100000
00000000
10000000
00000000
,
10010000
00000000
00000000
00000000
;

//---------------dance-double - M. Emirzian----------------
#NOTES:
     dance-double:
     M. Emirzian:
     Hard:
     5:
     0.278,0.000,0.044,0.169,0.018,195.000,5.000,19.000,0.000,0.000,0.000:


00000000
00000000
00000000
00000000
,
00000000
00000000
00000000
00000000
,
10000000
00000000
00000000
00000000
00010000
00000000
00000000
01000000
00000000
00000000
00000000
00000000
00000000
00000000
00000000
00000000
,
00001000
00000000
00000000
00000000
00010000
00000000
00000000
00000010
00000000
00000000
00000000
00000000
00000000
00000000
00000000
00000000
,
00001000
00000010
00000100
00000000
00000001
00000100
00001000
00000000
,
00001000
00000100
00000001
00000000
00001000
00000000
00000100
00000000
,
00010000
00001000
01000000
00000000
00010000
01000000
10000000
00000000
,
10000000
01000000
00010000
00000000
10000000
00000000
01000000
00000000
,
00100000
00001000
00010000
00000000
00001000
00000010
00000001
00000000
,
00000001
00000010
00001000
00000000
00010000
00000000
00000100
00000000
,
00001000
00000000
00000000
00000010
00000000
00000000
00000100
00000000
00000000
00000000
00000000
00000000
00000000
00000000
00000001
00000000
,
00001000
00000000
00000000
00000100
00000000
00000000
00000010
00000000
00000000
00000000
00000000
00000000
00000000
00000000
00000000
00000000
,
00002002
00000000
00000000
00003003
,
00000100
00000000
00000010
00000000
,
00000001
00000100
00001000
00000000
,
00010000
00000000
00001000
00000000
,
00010000
01000000
10000000
00010000
,
01000000
00000000
00000000
00000000
00100000
00000000
00000000
10000000
,
00000000
00000000
00010000
00000000
01000000
00000000
00000000
01010000
,
00000000
00000000
00000000
00000000
10000000
00000000
00000000
10000000
,
01000000
00100000
00010000
00100000
,
00001000
00000000
00010000
00000000
,
00000100
00001000
00000010
00000000
,
00000100
00000000
00000001
00000000
,
00000010
00000100
00010000
00000000
,
00001000
00000000
00000000
00000000
01000000
00000000
00000000
00100000
,
00000000
00000000
10000000
00000000
01000000
00000000
00000000
11000000
,
00000000
00000000
00000000
00000000
00100000
00000000
00000000
00010000
,
10000000
00100000
01000000
00010000
,
20000000
00000000
30020000
00000000
,
02030000
00000000
03002000
00000000
,
00023000
00000000
00030200
00000000
,
00002300
00000000
00003020
00000000
,
00000230
00000000
00000302
00000000
,
00002003
00000000
00003200
00000000
,
00000320
00000000
00002030
00000000
,
00023000
00000000
00030000
00000000
,
00001000
01000000
00010000
00000000
,
10000000
01000000
00010000
00000000
,
00010000
01000000
10000000
00000000
,
00100000
00000000
01000000
00000000
,
00001000
00010000
00000010
00000000
,
00001000
00000100
00000001
00000000
,
00000001
00000100
00001000
00000000
,
00000010
00000000
00010000
00000000
,
00001000
01000000
00010000
00000000
,
10000000
00100000
00010000
00000000
,
00010000
00100000
10000000
00000000
,
01000000
00000000
00100000
00000000
,
00010000
00000000
00000000
01000000
00000000
00000000
00001000
00000000
,
00000000
00000000
00010000
00000100
,
00001000
00000000
00000000
00000010
00000000
00000000
00000100
00000000
,
00000000
00000001
00000000
00000000
,
00002000
00000000
00000000
00000000
,
00000000
00000000
00000000
00000000
,
00003100
00000000
00010000
00000000
,
00001000
00010000
01000000
00000000
,
10000000
00000000
00010000
00000000
,
01000000
00100000
10000000
00000000
,
00010000
00000000
00000000
00000000
00100000
00000000
00000000
01000000
,
00000000
00000000
10000000
00000000
00010000
00000000
00000000
10010000
,
00000000
00000000
00000000
00000000
10000000
00000000
00000000
10000000
,
01000000
00010000
01000000
10000000
,
00100000
00000000
00010000
00000000
,
00001000
00010000
00000010
00000000
,
00001000
00000000
00000100
00000000
,
00000010
00000001
00000100
00000000
,
00000010
00000000
00000000
00000000
00010000
00000000
00000000
00001000
,
00000000
00000000
01000000
00000000
00100000
00000000
00000000
01100000
,
00000000
00000000
00000000
00000000
00010000
00000000
00000000
10000000
,
01000000
00010000
00001000
00000100
,
00000002
00000000
00000000
00000000
,
00000000
00000000
00000000
00000000
,
00000003
00000000
00000000
00000000
;

//---------------dance-double - M. Emirzian----------------
#NOTES:
     dance-double:
     M. Emirzian:
     Challenge:
     9:
     0.572,0.000,0.675,0.071,0.040,367.000,76.000,8.000,30.000,1.000,0.000:


00000000
00000000
00000000
00000000
,
00000000
00000000
00000000
00000000
,
00010000
00000000
01000000
00000000
00100000
00000000
10000000
00010000
00000000
00000000
00000000
00000000
00000100
00000000
00000000
00000000
,
00000001
00000000
00000010
00000000
00000100
00000000
00001000
00000001
00000000
00000000
00000100
00000000
00000010
00000000
00001000
00000000
,
00000001
00000100
00001010
00000000
00000001
00000100
00001010
00000000
,
00000010
00010000
00100000
10000000
01000000
00100000
10010000
00000000
,
00010000
10000000
01100000
00000000
00010000
10000000
01100000
00000000
,
01000000
00100000
00001000
00000010
00000001
00000100
00001001
00000000
,
00000010
00001000
00000101
00000000
00000010
00001000
00000101
00000000
,
00000010
00010000
01000000
10000000
00100000
01000000
00010000
00100000
,
01000000
00000000
00000000
10000000
00000000
00000000
00010000
00000000
00000000
00000000
00100000
00000000
00001000
00000000
00010000
00000000
,
00001000
00000000
00000000
00000100
00000000
00000000
00000001
00000000
00000000
00000000
00000010
00000000
00000000
00000000
00000100
00000000
,
00001000
00000001
00000000
00000100
00000010
00000000
00010000
00001000
00000000
01000000
00100000
00000000
10100000
00000000
11000000
00000000
,
00110000
00000000
10010000
00000000
01000000
00100000
10000000
00000000
,
10010000
00000000
01000000
00010000
00001000
00010000
00000100
00000000
,
00001010
00000000
00000010
00000100
00000010
00000000
00001001
00000000
,
00000010
00000100
00010000
00001000
00000100
00000001
00000010
00000000
,
00001100
00000000
00010000
00001000
01000000
00000000
10010000
00000000
,
00100000
10000000
01000000
00000000
00100000
00001000
00010000
00100000
,
10000000
00000000
01000000
00100000
00001000
00000000
00011000
00000000
,
01000000
00010000
00001000
00000000
00010010
00000000
00001010
00000000
,
00000101
00000000
00001001
00000000
00000010
00000100
00001000
00000000
,
00000101
00000000
00000100
00010000
00001000
00000100
00000001
00000000
,
00000100
00000000
00001000
00010000
00100000
00000000
10100000
00000000
,
01000000
00010000
00100000
01000000
00100000
00001000
00010000
00000000
,
10100000
00000000
10000000
01000000
00100000
00000000
00101000
00000000
,
00010000
01000000
00100000
00000000
00010000
00001000
00000100
00001000
,
00010000
00000000
00001000
00000100
00000001
00000000
00000011
00000000
,
00000100
00001000
00000010
00000M0M
00000101
0000M000
00001001
00000000
,
00000110
00000000
00000100
00000000
00000001
00000000
00000100
00002000
,
000M0000
00010000
00000M00
00003100
00001000
00000000
00011000
00000000
,
00100000
00000000
01010000
00000000
10000000
00000000
00100000
02000000
,
0000M000
00001000
00M00000
03100000
10000000
00000000
11000000
00000000
,
00100000
00000000
00011000
00000000
00010000
00000000
01000000
00020000
,
0000M000
00001000
00M00000
00130000
00010000
00000000
00011000
00000000
,
00000100
00000000
00000011
00000000
00000101
00000000
00001001
00000002
,
000000M0
00000000
00000010
00000000
00000M00
00000000
00000100
00000000
000000M0
00000003
00000010
00000000
00000100
00000000
00000000
00000000
,
00001000
00000001
00001000
00000000
00000110
00000000
00000MM0
00000000
,
00000001
00001000
00000001
00000000
00000110
00000000
00000MM0
00000000
,
00010000
00001000
01000000
00000000
00010000
00100000
01000000
00000000
,
11000000
00100000
01010000
00000000
,
00100000
01000000
00100000
00000000
10010000
00000000
M00M0000
00000000
,
00100000
01000000
00100000
00000000
10010000
00000000
M00M0000
00000000
,
01000000
00001000
00010000
00000000
00000010
00001000
00000100
00000000
,
00000011
00000100
00001010
00000000
,
00000010
00001000
00000010
00000000
00000101
00000000
00000M0M
00000000
,
00000010
00001000
00000010
00000000
00000101
00000000
00000M0M
00000000
,
00000010
00000100
00001000
00000000
00000010
00010000
00001000
00000000
,
01001000
00100000
00110000
10010000
,
01000000
10000000
01000000
00000000
00100000
00000000
00110000
00000000
,
01000000
10000000
01000000
00000000
00110000
00000000
00101000
00000000
,
00100000
00001000
00010000
00000000
00000010
00001000
00000100
00000000
,
00000011
00000101
00001010
0000MMMM
,
00002002
00000000
00000000
00000000
,
00000000
00000000
00000000
00000000
00000000
00000000
00000100
00000000
00000000
00003003
00000000
0000M00M
,
00000010
00000000
00001001
00000000
00000100
00010000
00001000
00000000
,
01001000
00000000
00010000
01000000
00100000
00010000
10000000
00000000
,
01010000
00000000
01000000
00100000
01000000
00000000
10010000
00000000
,
00100000
10000000
01000000
00100000
00001000
00010000
01000000
00000000
,
10010000
00000000
01000000
00010000
00001000
00000000
00001100
00000000
,
00000100
00000001
00000010
00000000
00001000
00010000
00001000
00000100
,
00000010
00000000
00001000
00000100
00000010
00000000
00010100
00000000
,
00010000
00001000
00100000
00000000
01001000
00000000
01100000
00000000
,
10000000
00000000
01000000
00000000
00100000
00010000
01000000
00000000
,
01001000
00000000
00001000
00010000
00100000
01000000
00010000
00000000
,
10010000
00000000
00100000
00010000
00001000
00000000
00010100
00000000
,
00001000
00000010
00010000
00001000
00000100
00000001
00000010
00000000
,
00001100
00000000
00000010
00000001
00000100
00000000
00001001
00000000
,
00000010
00010000
00001000
00000000
00000100
00001000
00010000
01000000
,
10000000
00000000
00100000
00010000
00001000
00000000
00001100
00000000
,
00001000
00010000
00100000
10000000
10100000
00010000
10010000
00000000
,
02020000
00000000
00000000
00000000
,
00000000
00000000
00000000
00000000
,
03030000
00000000
00000000
00000000
;

//---------------lights-cabinet - ----------------
#NOTES:
     lights-cabinet:
     :
     Easy:
     1:
     1.000,0.000,1.000,0.426,0.000,324.000,217.000,48.000,0.000,187.000,0.000:


00000000
00000000
00000000
00000000
,
00000000
00000000
00000000
00000000
,
10000011
10000011
00100000
00000000
02000000
00000000
00000000
00000000
,
03010011
00010011
00100000
00000000
00020000
00000000
00000000
00000000
,
10030011
01000011
10000000
00000000
00010011
00100011
00010000
00000000
,
01000011
00100011
10000000
01000000
10000011
00010000
00110011
00000000
,
00010011
01000011
00100000
00000000
01000011
00100011
10000000
00000000
,
00010011
00100011
00010000
01000000
00100011
01000000
00100011
00000000
,
10000011
01000011
11000000
00000000
00100011
01000011
01100000
00000000
,
10000011
00100011
01000000
00010000
00100011
00010011
01010011
00000000
,
00010011
00100011
00010000
00000000
10000011
01000011
10000000
00000000
,
01000011
10000011
00100000
01000000
00010011
10000011
10010000
00000000
,
20020022
00000000
31130000
00000033
02200000
00000000
13310011
00000000
,
00100011
00000000
10000011
00000000
01000000
00000000
10000011
00100000
,
01000011
10000011
01100000
00000000
,
10000011
00010000
00100011
00000000
01000000
00000000
10000011
00100000
,
01000011
00010000
00000011
00000000
10010000
00000000
00000000
00000000
,
01000011
01000011
00100000
01000011
,
01000011
00000000
00010011
00000000
00100000
00000000
00010000
00100000
,
00010011
10000000
01100011
00000000
,
02000011
03200011
00320011
20000000
,
31130011
00000000
00000011
00000000
00100000
00000000
00010011
01000000
,
00100011
00000011
10010000
00000000
,
00010011
10000000
01000011
00000000
00100000
00000000
00010011
01000000
,
00100011
10000000
00000011
00000000
10010000
00000000
00000000
00000000
,
00100011
00100011
10010000
00000011
,
10000011
00000000
00010011
00000000
10000000
00000000
00010000
00100000
,
01000011
00000000
01000011
10010000
01100000
00000000
00000011
00000000
,
00200011
02300011
23000022
30200033
,
10300011
00010011
10010000
00010000
,
10000011
00010011
01100000
00100000
,
01000011
00000000
00010011
00000000
10010000
00000000
01000000
00000011
,
10000000
00010011
01100011
00010000
,
10000011
01000011
10010000
01000000
,
00010011
00100011
10010000
01000000
,
00100011
10000011
00010000
10000000
,
00100011
00100000
02200011
00000011
,
03310011
10000011
20000000
00100011
,
01000011
00010011
30100000
00010000
,
10000011
00000011
00100000
00000011
,
01000011
00000000
00010011
00000000
00100022
00010000
00100033
00010000
,
10000011
01100011
00020000
00100000
,
01000011
10000011
01030000
10000011
,
00010011
01000000
00100011
10000000
10100000
00000000
10000000
00000000
,
01100011
00000000
10010000
00000000
01000011
00100000
10000011
00010000
,
01100011
10010011
01000000
00010011
,
00100011
00010011
01000000
00100011
,
20000011
00010011
30020000
10000011
,
01030011
00000000
00100000
00000000
01000022
00100000
10000033
01000000
,
00010011
10000000
10000011
01000000
,
10010011
01100011
11110011
00000000
,
00010011
00100000
00010011
01000000
,
00100011
10000011
01100011
10010011
,
21120022
00000000
00000033
00000000
,
30030011
11111100
00000011
11111100
,
00010011
00000000
10000011
00000000
01000000
00000000
10000011
00100000
,
01000011
00010011
00100000
00010000
,
01000011
00100000
10000011
00000000
00100000
00000000
01000011
00010000
,
00100011
00010000
10000011
00000000
10010000
00000000
01100000
00000000
,
01000011
00100011
10010000
01000011
,
00010011
00100000
00010011
00000000
01000000
00000000
00100000
10000000
,
01000011
00000000
00100011
01000000
10000000
00000000
10010011
00000000
,
00020011
02030011
03200022
20300033
,
30010011
00000000
01000011
00000000
01100000
00000000
00010011
01000000
,
00100011
00000000
10000011
00100000
10010000
00000000
01000000
00100000
,
10000011
00010000
01000011
00000000
00100000
00000000
10000011
00010000
,
00100011
00010000
10000011
00000000
10010022
00000000
01100033
00000000
,
00100011
01000011
10010000
01100011
,
10000011
00010000
10000011
00000000
00100000
00000000
01000000
00100000
,
10000011
00000000
00010011
00100000
00010000
00000000
10000011
00000011
,
01100000
10010011
22220011
30030000
,
23320022
00000000
00000000
00000000
,
00000000
00000000
00000000
00000000
,
00000000
00000000
00000000
00000000
,
00000000
00000000
00000000
00000000
,
30030033
00000000
00000000
00000000
;

//---------------dance-single - M. Puls----------------
#NOTES:
     dance-single:
     M. Puls:
     Beginner:
     1:
     0.070,0.000,0.036,0.000,0.000,51.000,4.000,0.000,0.000,0.000,0.000:


0000
0000
0000
0000
,
0000
0000
0000
0000
,
0000
0000
0000
0000
,
0001
0000
0000
0000
,
1000
0000
0000
0000
,
0100
0000
0000
0000
,
0010
0000
0000
0000
,
0001
0000
0000
0000
,
0010
0000
0000
0000
,
0100
0000
0000
0000
,
1000
0000
0000
0000
,
0001
0000
0000
0000
,
1000
0000
0000
0000
,
1001
0000
0000
0000
,
0000
0000
0000
0000
,
1000
0000
0000
0000
,
0000
0000
0000
0000
,
1000
0000
0000
0000
,
0000
0000
0000
0000
,
0001
0000
0000
0000
,
0000
0000
0000
0000
,
0001
0000
0000
0000
,
0000
0000
0000
0000
,
0100
0000
0000
0000
,
0000
0000
0000
0000
,
0100
0000
0000
0000
,
0000
0000
0000
0000
,
0010
0000
0000
0000
,
0000
0000
0000
0000
,
0001
0000
0000
0000
,
0001
0000
0000
0000
,
1000
0000
0000
0000
,
1000
0000
0000
0000
,
1001
0000
0000
0000
,
1000
0000
0000
0000
,
1000
0000
0000
0000
,
0001
0000
0000
0000
,
0001
0000
0000
0000
,
0000
0000
0000
0000
,
0100
0000
0000
0000
,
0000
0000
0000
0000
,
0010
0000
0000
0000
,
0000
0000
0000
0000
,
0100
0000
0000
0000
,
0000
0000
0000
0000
,
1000
0000
0000
0000
,
1000
0000
0000
0000
,
0001
0000
0000
0000
,
0001
0000
0000
0000
,
1000
0000
0000
0000
,
0001
0000
0000
0000
,
0010
0000
0000
0000
,
0100
0000
0000
0000
,
1000
0000
0000
0000
,
0000
0000
0000
0000
,
1001
0000
0000
0000
,
0000
0000
0001
0000
,
0000
0000
0000
0000
,
0000
0000
1000
0000
,
0000
0000
0000
0000
,
0000
0000
0001
0000
,
0000
0000
0000
0000
,
0000
0000
0000
0000
,
0100
0000
0000
0000
,
0010
0000
0000
0000
,
0100
0000
0000
0000
,
0000
0000
0000
0000
,
0001
0000
0000
0000
,
1000
0000
0000
0000
,
0001
0000
0000
0000
,
0000
0000
0000
0000
,
0100
0000
0000
0000
,
0000
0000
0000
0000
,
0000
0000
0000
0000
,
0000
0000
0000
0000
,
1001
0000
0000
0000
;
