#TITLE:No 1 Nation;
#SUBTITLE:;
#ARTIST:Anet;
#TITLETRANSLIT:;
#SUBTITLETRANSLIT:;
#ARTISTTRANSLIT:;
#GENRE:;
#CREDIT:;
#BANNER:No. 1 Nation-banner.png;
#BACKGROUND:No. 1 Nation-bg.png;
#LYRICSPATH:;
#CDTITLE:;
#MUSIC:Anet. -  No.1 Nation.ogg;
#OFFSET:-0.094;
#SAMPLESTART:77.690;
#SAMPLELENGTH:13.900;
#SELECTABLE:YES;
#BPMS:0.000=200.000;
#STOPS:160.000=0.600
;
#BGCHANGES:0.000=No. 1 Nation-bg.png=1.000=0=0=1=====,
16.000=672_JumpBack.mpg=1.000=0=0=1=====,
32.000=vol3-17-ntsc.mpg=1.000=0=0=1=====,
48.000=688_JumpBack.mpg=1.000=0=0=1=====,
64.000=739_JumpBack.mpg=1.000=0=0=1=====,
80.000=730_JumpBack.mpg=1.000=0=0=1=====,
96.000=687_JumpBack.mpg=1.400=0=0=1=====,
112.000=732_JumpBack.mpg=1.200=0=0=1=====,
128.000=727_JumpBack.mpg=1.200=0=0=1=====,
144.000=vol3-17-ntsc.mpg=1.000=0=0=1=====,
160.000=No. 1 Nation-bg.png=1.000=0=0=1=====,
161.000=739_JumpBack.mpg=1.000=0=0=1=====,
177.000=EV01445N.mpg=1.000=0=0=1=====,
192.500=688_JumpBack.mpg=1.000=0=0=1=====,
209.000=672_JumpBack.mpg=1.000=0=0=1=====,
225.000=700_JumpBack.mpg=1.000=0=0=1=====,
241.000=732_JumpBack.mpg=1.000=0=0=1=====,
257.000=739_JumpBack.mpg=1.000=0=0=1=====,
273.000=730_JumpBack.mpg=1.000=0=1=1=StretchRewind====,
289.000=vol4-24-ntsc.mpg=1.000=0=0=1=====,
297.000=vol4-12-ntsc.mpg=1.000=0=0=1=====,
305.000=688_JumpBack.mpg=1.000=0=0=1=====,
321.000=673_JumpBack.mpg=1.000=0=0=1=====,
337.000=EV01445N.mpg=1.000=0=0=1=====,
345.000=vol4-09-ntsc.mpg=1.400=0=0=1=====,
353.000=687_JumpBack.mpg=1.200=0=0=1=====,
361.000=vol3-17-ntsc.mpg=1.000=0=0=1=====,
369.000=vol3-24-ntsc.mpg=1.400=0=0=1=====,
377.000=vol4-15-ntsc.mpg=1.400=0=0=1=====,
385.000=No. 1 Nation-bg.png=1.000=0=0=1=====,
99999=-nosongbg-=1.000=0=0=0 // don't automatically add -songbackground-
;
#KEYSOUNDS:;
// cache tags:
#FIRSTBEAT:8.000;
#LASTBEAT:385.000;
#SONGFILENAME:/Songs/In The Groove/No1 Nation/No 1 Nation.sm;
#HASMUSIC:1;
#HASBANNER:1;
#MUSICLENGTH:118.586;
// end cache tags

//---------------dance-single - M. Puls----------------
#NOTES:
     dance-single:
     M. Puls:
     Hard:
     8:
     0.542,0.203,0.261,0.337,0.000,379.000,31.000,40.000,0.000,0.000,0.000:
0000
0000
0000
0000
,
0000
0000
0000
0000
,
0002
0000
0003
0000
,
2000
0000
0000
0000
3000
0000
0000
0010
,
0100
0010
0100
0000
1000
0000
0100
0000
,
0001
1000
0002
0000
,
1003
0001
1000
0100
,
0001
0000
1000
0100
0020
0000
0000
0000
,
0031
0100
0001
1000
,
0002
0000
1003
0001
,
1000
0000
0100
0000
1000
0000
1000
0100
,
0020
0000
0031
0000
,
1000
0100
1000
0000
0001
0010
0001
0000
,
0010
0100
1000
1000
0100
0010
0001
0000
,
0001
0010
0100
0000
1000
0000
1000
0000
,
0002
0000
1003
0000
,
1000
0100
1000
0000
0001
0010
0001
0000
,
0010
0100
1000
1000
0100
0010
0001
0000
,
0001
0010
0100
0000
1000
0000
0100
0000
,
1001
0110
0011
1100
,
2000
0000
0100
0000
,
3200
0000
0010
0000
,
0320
0000
0001
0000
,
0032
0000
0000
0000
,
1003
0000
0000
0000
,
1001
0100
0001
0010
,
1001
0010
1000
0100
,
2002
0000
0000
3003
,
0010
0100
0010
0000
1000
0000
1000
0000
,
0001
1000
0001
0000
0100
0000
0100
0000
,
0010
1000
0010
0000
0001
0000
0001
0000
,
0100
1000
0100
0000
0010
0000
0010
0000
,
2000
0000
0100
0000
,
3200
0000
0010
0000
,
0320
0000
0001
0000
,
0032
0000
0000
0000
,
1003
0000
1000
0001
0010
0020
0030
0000
,
1001
0000
0001
1000
0100
0200
0300
0000
,
0110
0000
0001
1000
0001
0002
0003
0000
,
1000
0100
0010
0010
0100
1000
0001
1000
,
0010
0100
1100
0100
,
0011
1000
0100
0011
,
1000
0000
0100
0000
1000
0001
1000
0000
,
0010
0011
0100
1100
,
1000
0100
0010
0000
0001
0010
0100
0000
,
1000
0010
1000
0000
0001
0100
0001
0000
,
0100
1000
0001
0100
,
1001
0110
0011
1001
,
1001
0000
0001
0010
0001
0000
1000
0100
,
1000
0000
0100
0010
0001
0001
0010
0100
,
1000
0000
1000
0100
0010
0000
0001
0000
,
0010
2000
0000
3001
,
0000
0000
0001
0010
0001
0000
1000
0100
,
1000
0000
0100
0010
0001
0001
0010
0100
,
1000
0000
1000
0100
0010
0000
0001
0000
,
0010
1001
0110
1100
,
0011
0002
0000
0010
,
0000
0023
0000
0100
,
0000
0230
0000
1000
,
0000
2300
0000
0000
,
0000
3001
0000
0000
,
0000
1001
0010
1000
,
0100
1001
0100
0001
,
0010
2002
0000
0000
,
3003
0000
0010
0100
0010
0000
1000
0000
,
1000
0000
0001
1000
0001
0000
0100
0000
,
0100
0000
0010
1000
0010
0000
0001
0000
,
0001
0000
0100
1000
0100
0000
0010
0000
,
0010
2000
0000
0100
,
0000
3200
0000
0010
,
0000
0320
0000
0001
,
0000
0032
0000
0000
,
0000
0000
1003
0000
1000
0001
0010
0020
,
0030
0000
1001
0000
0001
1000
0100
0200
,
0300
0000
0110
0000
0001
1000
0001
0002
,
0003
0000
1000
0100
0010
0010
0100
1000
,
0001
0000
0001
0000
0001
1000
0001
0000
,
1000
0000
1000
0000
1000
0001
1000
0000
,
0010
0000
0010
0000
0010
0100
0010
0000
,
0100
0000
0100
0000
0100
0010
0100
0000
,
1001
0010
1001
0000
1000
0000
0100
0000
,
0010
0000
0001
0010
0100
0000
0001
0000
,
0100
0000
1000
0100
0010
0000
0000
0000
,
0001
0000
1000
0001
1000
0001
1000
0000
,
0000
0000
1000
0000
0010
0001
0000
0010
,
1000
0000
0100
0001
0000
0010
0200
0000
,
0300
0000
0001
0000
0100
1000
0000
0100
,
0001
0000
0010
1000
0000
0100
0020
0000
,
0030
0000
0100
0000
1000
0010
0000
1000
,
0100
0000
0001
0010
0000
1000
0002
0000
,
0003
2000
0010
0100
,
0010
0100
0010
0100
,
0010
3002
0010
1000
,
0010
1000
0010
1000
,
0010
2003
0100
0001
,
0100
0001
0100
0001
,
3100
0011
0000
0000
;

//---------------dance-single - M. Puls----------------
#NOTES:
     dance-single:
     M. Puls:
     Medium:
     7:
     0.429,0.162,0.169,0.186,0.000,314.000,20.000,22.000,0.000,0.000,0.000:

0000
0000
0000
0000
,
0000
0000
0000
0000
,
0002
0000
0003
0000
,
2000
0000
3000
0000
,
0100
0010
0000
0000
1000
0000
0100
0000
,
0001
1000
0001
0000
,
1000
0001
1000
0100
,
0001
1000
0010
0000
,
1000
0100
0001
1000
,
0001
0000
1000
0001
,
1000
0100
0001
1000
,
0010
0000
0001
0000
,
1000
0100
0010
0000
0001
0010
0100
0000
,
0010
0100
1000
0000
0100
0010
0001
0000
,
0001
0010
0100
0000
1000
0000
0100
0000
,
0002
0000
1003
0000
,
1000
0100
0010
0000
0001
0010
0100
0000
,
0010
0100
1000
0000
0100
0010
0001
0000
,
0001
0010
0100
0000
1000
0000
0100
0000
,
1000
0010
1000
0100
,
1000
0000
0100
0000
,
0100
0000
0010
0000
,
0010
0000
0001
0000
,
0001
0000
1000
0000
,
0001
0000
1000
0000
,
1000
0100
0001
0100
,
1000
0100
0001
0100
,
2002
0000
0000
3003
,
0010
0100
0010
0000
1000
0000
1000
0000
,
0001
0001
0100
0000
,
0010
1000
0010
0000
0001
0000
0001
0000
,
1000
1000
0010
0000
,
1000
0000
0100
0000
,
0100
0000
0010
0000
,
0010
0000
0001
0000
,
0001
0000
0000
0000
,
1000
0000
1000
0001
0020
0000
0030
0000
,
1001
0000
0001
1000
0200
0000
0300
0000
,
0110
0000
0001
1000
0002
0000
0003
0000
,
1000
0100
0010
0000
0001
0010
0100
0000
,
0000
1000
1100
0001
,
0011
1000
0100
0010
,
1000
0000
0100
0000
1000
0001
1000
0000
,
0010
0011
0100
1100
,
1000
0010
0001
0100
,
1000
1000
0001
0001
,
0100
1000
0001
0100
,
1001
0110
0110
0001
,
0001
1000
1000
0001
,
0001
0000
0010
0100
1000
0000
0100
0010
,
0001
0000
0001
0010
0100
0000
1000
0000
,
0100
0002
0000
1003
,
0000
1000
1000
0001
,
0001
0000
0010
0100
1000
0000
0100
0010
,
0001
0000
0001
0010
0100
0000
1000
0000
,
0100
1001
0100
0010
,
1001
1000
0000
0100
,
0000
0100
0000
0010
,
0000
0010
0000
0001
,
0000
0001
0000
0000
,
0000
1000
0000
0000
,
0000
1001
0100
0001
,
0010
1001
0010
1000
,
0100
2002
0000
0000
,
3003
0000
0010
0100
0010
0000
1000
0000
,
1000
0000
0001
1000
0001
0000
0100
0000
,
0100
0000
0010
1000
0010
0000
0001
0000
,
0001
0000
0100
1000
0100
0000
0010
0000
,
0010
1000
0000
0100
,
0000
0100
0000
0010
,
0000
0010
0000
0001
,
0000
0001
0000
0000
,
0000
0000
1000
0000
1000
0001
0020
0000
,
0030
0000
1001
0000
0001
1000
0200
0000
,
0300
0000
0110
0000
0001
1000
0002
0000
,
0003
0000
1000
0100
0010
0000
0001
0010
,
0100
0000
0000
0000
0001
1000
0001
0000
,
1000
0000
0000
0000
1000
0001
1000
0000
,
0010
0000
0000
0000
0010
0100
0010
0000
,
0100
0000
0000
0000
0100
0010
0100
0000
,
1001
0110
1000
1000
,
0010
0001
0100
0001
,
0100
1000
0010
0000
,
0001
0000
1000
0001
0000
0001
1000
0000
,
0000
0000
1000
0000
0000
1000
0000
0000
,
1000
0000
0001
2000
,
0000
0000
3100
0000
0000
0100
0000
0000
,
0100
0000
0000
0010
0000
0000
0002
0000
,
0000
0000
0103
0000
0000
0100
0000
0000
,
0000
0100
0000
0100
0000
0000
0200
0000
,
0300
2000
0000
0000
,
0000
0200
0000
0000
,
3300
0002
0000
0000
,
0000
0000
0020
0000
0000
0000
0000
0033
,
0000
0200
0000
0000
,
0000
0010
0000
1000
,
0300
1001
0000
0000
;

//---------------dance-single - M. Puls----------------
#NOTES:
     dance-single:
     M. Puls:
     Easy:
     4:
     0.258,0.000,0.042,0.126,0.000,194.000,5.000,15.000,0.000,0.000,0.000:
0000
0000
0000
0000
,
0000
0000
0000
0000
,
0000
0000
0000
0000
,
0000
0000
0000
0000
,
0100
0000
1000
0000
,
0001
0000
1000
0000
,
1000
0001
1000
0100
,
0001
1000
0010
0000
,
1000
0000
0001
1000
,
0001
0000
1000
0001
,
1000
0000
0001
1000
,
0010
0000
0010
0000
,
1000
0010
1000
0100
,
0010
0000
0100
0000
,
0001
0100
1000
0100
,
0002
0000
0003
0000
,
1000
0010
0001
0100
,
0010
1000
0100
0000
,
0001
0100
0000
0100
,
0000
0010
0000
0100
,
1000
0000
0100
0000
,
0100
0000
0010
0000
,
0010
0000
0001
0000
,
0001
0000
1000
0000
,
0001
0000
1000
0000
,
1000
0000
0001
0000
,
0100
0000
0010
0000
,
2002
0000
0000
3003
,
0010
0000
1000
0000
,
0001
0000
0100
0000
,
0010
0000
0001
0000
,
1000
0000
0010
0000
,
1000
0000
0100
0000
,
0100
0000
0010
0000
,
0010
0000
0001
0000
,
0001
0000
0000
0000
,
1000
1000
2000
3000
,
0001
0001
0002
0003
,
0100
0100
0200
0300
,
1000
0010
0001
0100
,
0000
0000
1000
0000
,
0001
1000
0100
0000
,
1000
0100
1000
0000
,
0010
0000
0100
0000
,
1000
0000
0001
0000
,
1000
0000
0001
0000
,
0100
1000
0001
0100
,
1001
0000
0000
0000
,
0001
0000
1000
0000
,
0001
0010
1000
0100
,
0001
0001
0100
1000
,
0100
0002
0000
0003
,
0000
1000
1000
0001
,
0001
0010
1000
0100
,
0001
0001
0100
1000
,
0100
0001
0000
0000
,
1000
0000
0000
0100
,
0000
0000
0000
0010
,
0000
0000
0000
0001
,
0000
0000
0000
0000
,
0000
1000
0000
0000
,
0000
1000
0000
0000
,
0010
0000
0010
0000
,
0100
2002
0000
0000
,
3003
0010
0000
1000
,
0000
0001
0000
0100
,
0000
0010
0000
0001
,
0000
0100
0000
0010
,
0000
1000
0000
0100
,
0000
0100
0000
0010
,
0000
0010
0000
0001
,
0000
0001
0000
0000
,
0000
1000
1000
0020
,
0030
0001
0001
0200
,
0300
0001
0001
0020
,
0030
1000
0001
1000
,
0001
0000
0001
0001
,
1000
0000
1000
0000
,
0010
0000
0010
0000
,
0100
0000
0100
0000
,
1001
0000
1000
0000
,
0010
0000
0100
0000
,
0100
0000
0010
0000
,
0001
0010
0100
1000
,
0000
2000
0000
0000
,
0000
0000
0000
0000
,
3000
0002
0000
0000
,
0000
0000
0000
0000
,
0003
0200
0000
0000
,
0000
0000
0000
0000
,
0300
1000
0000
0000
,
0000
0000
0000
0000
,
0000
0001
0000
0000
,
0000
0000
0000
0000
,
0000
1000
0000
0000
,
0000
0000
0000
0000
,
0000
1001
0000
0000
;

//---------------dance-single - M. Puls----------------
#NOTES:
     dance-single:
     M. Puls:
     Challenge:
     9:
     0.797,0.568,0.346,0.236,0.063,593.000,41.000,28.000,0.000,0.000,0.000:
0000
0000
0000
0000
,
0000
0000
0000
0000
,
0002
0000
1000
1000
1003
0000
1000
0000
,
2000
0000
0000
0000
0001
0000
0001
0000
3001
0000
0000
0000
0001
0000
0100
0010
,
0100
0000
0010
0000
1000
0100
0010
0001
,
0001
1000
0002
1003
,
1000
0100
0001
0100
1000
0000
0100
0000
,
0001
0000
1000
0100
0020
0000
0031
0000
,
1000
0100
0010
0001
0001
0000
1000
0000
,
0002
0000
1003
0000
0100
0010
0001
0010
,
1000
0100
0100
0010
0001
0000
1000
0100
,
0022
0000
0033
0000
,
1000
0100
1000
1000
0001
0010
0001
0001
,
0010
0000
0100
0000
1000
0001
1000
0000
0100
0000
0010
0000
0001
1000
0001
0000
,
0001
0010
0100
0000
1000
0000
0100
0000
,
0002
0100
1003
1000
,
1000
0100
1000
1000
0001
0010
0001
0001
,
0010
0000
0100
0000
1000
0001
1000
0000
0100
0000
0010
0000
0001
1000
0001
0000
,
0001
0010
0100
0000
1000
1000
0100
0000
,
1001
0100
0010
0000
0010
0100
1100
0000
,
1000
0010
0100
0001
0100
0010
1000
0001
,
0100
0001
1000
0001
1000
0010
0100
0010
,
1000
0010
1000
0001
0100
0001
0001
1000
,
0002
1000
0100
0010
,
1003
0100
1000
0001
0010
0100
1000
0001
,
0100
0010
1000
0001
1000
0010
0100
0001
,
0100
0010
1000
0001
0100
0010
0100
0010
,
2002
0000
0000
3003
,
0010
0100
0010
1000
0001
1000
1000
0010
,
1000
0010
0100
0001
0001
0100
0001
1000
,
0010
1000
0010
0010
1000
0001
1000
0001
,
1000
0010
0100
0001
1000
1000
1000
0001
,
1000
0000
0001
1000
0100
0000
1000
0001
,
0100
0000
0001
0100
0010
0000
1000
0010
,
0100
0001
1000
0001
1000
0000
0010
0000
,
0110
0000
0000
0000
1000
0000
0000
0000
0010
0000
0000
0000
0100
0000
0000
0001
,
1000
0000
0000
0000
1000
0000
0001
0000
0010
0000
0020
0000
0030
0000
0000
1000
,
0001
0000
0000
0000
0001
0000
1000
0000
0100
0000
0200
0000
0300
0000
0000
0010
,
0100
0000
0100
0010
0100
0200
0300
0000
,
1000
0100
0010
0001
0100
0010
1000
0010
,
0100
0110
1100
0110
,
0011
0000
1000
0001
0100
0000
0011
0000
,
0001
1000
0100
0000
1000
0001
1000
0000
,
0010
0011
0110
1100
,
1000
0100
0010
0000
0001
0010
0100
0000
,
1000
0010
1000
0000
0001
0100
0001
0000
,
0001
1000
0100
1000
0001
1000
0100
1000
,
1001
0110
1100
0011
,
1100
0000
0001
0010
0001
0001
1000
0100
,
1000
0000
1000
0000
0100
0000
0010
0000
0001
1000
0001
0000
0010
0000
0100
0000
,
1000
0001
1000
0000
1000
0000
0100
0000
0010
0000
0000
0000
0001
0000
0000
0000
,
2000
0010
3001
0001
,
0001
0000
0001
0010
0001
0001
1000
0100
,
1000
0000
1000
0000
0100
0000
0010
0000
0001
1000
0001
0000
0010
0000
0100
0000
,
1000
0001
1000
0000
1000
0000
0100
0000
0010
0000
0000
0000
0001
0000
0000
0000
,
0010
1001
0010
0100
,
0011
0000
0001
0100
0010
1000
0001
0100
,
0001
1000
0010
1000
0001
1000
0010
1000
,
0001
0100
0010
1000
0001
1000
0010
1000
,
0001
0001
2000
0000
0001
0000
0010
0000
,
0100
0000
3001
0100
0010
1000
0010
0100
,
0001
1000
0010
0100
0001
1000
0010
1000
,
0001
0100
0010
1000
0010
0100
0001
0100
,
0010
1000
2002
0000
0000
0000
0000
0000
,
3003
0000
0100
0010
0100
0010
1000
0001
,
0001
0100
0001
0100
0010
0100
0010
0100
,
0100
0010
1000
0001
0100
0001
1000
0001
,
0001
1000
0010
0100
0010
0000
0100
0100
,
0100
0000
0001
0000
1000
0001
0010
0000
,
0001
1000
0010
0000
0100
0010
1000
0001
,
1000
0001
0100
0000
0001
1000
0010
0000
,
0100
0001
1000
0010
0100
0001
1000
0000
,
0001
0000
0000
1000
0001
0000
0000
0000
0001
0000
1000
0000
0100
0000
0200
0000
,
0300
0000
0000
1000
0001
0000
0000
0000
0001
0000
1000
0000
0100
0000
0200
0000
,
0300
0000
0000
0010
0100
0000
0000
0000
0100
0000
0010
0000
0100
0000
0200
0000
,
0300
0000
1000
0100
0010
0001
0100
0010
,
1000
0010
0100
0000
0001
1000
0001
0000
,
1000
0000
0010
0000
1000
0001
1000
0000
,
0010
0000
1000
0000
0010
0100
0010
0000
,
0100
0000
0001
0000
0100
0010
0100
0000
,
1000
1000
0010
0000
1000
0000
0100
0100
,
0010
0000
0001
0010
0100
0000
1000
1000
,
0010
0000
1000
0100
0010
0000
0001
0001
,
0100
0000
0010
0100
0010
1000
0001
0000
,
1000
0000
1000
0000
0011
0011
0000
1010
,
1010
0000
0101
0101
0000
0010
0200
0000
,
0301
0000
0001
0000
1100
1100
0000
0101
,
0101
0000
1010
1010
0000
0100
0020
0000
,
0030
0000
0100
0000
1010
1010
0000
1100
,
1100
0000
0011
0011
0000
1000
0002
0000
,
0003
0000
0001
1000
0001
1000
0001
1000
,
0001
1000
0001
1000
0001
1000
0001
1000
,
0020
0000
1030
0100
0010
0100
1000
0100
,
0010
0100
1000
0100
0010
0100
1000
0100
,
0020
0000
0031
0010
0100
0010
0001
0010
,
0100
0010
0001
0010
0100
0010
0001
0010
,
2200
0000
0000
3300
0011
0000
0000
0000
0000
0000
0000
0000
0000
0000
0000
0000
;

//---------------dance-double - M. Emirzian----------------
#NOTES:
     dance-double:
     M. Emirzian:
     Easy:
     5:
     0.320,0.000,0.025,0.067,0.000,255.000,3.000,8.000,0.000,0.000,0.000:
00000000
00000000
00000000
00000000
,
00000000
00000000
00000000
00000000
,
00000000
00000000
00000000
00000000
,
00000000
00000000
00000000
00000000
,
20000000
00000000
00100000
00000000
,
30100000
00000000
01000000
00000000
,
00020000
00000000
00100000
00000000
,
00130000
00000000
00001000
00000000
,
00020000
00000000
00000100
00000000
,
00030100
00000000
00001000
00000000
,
00000010
00000000
00001000
00000000
,
00000010
00000000
00000100
00000000
,
00000001
00001000
00000100
00000000
,
00010000
00001000
00100000
00000000
,
00010000
01000000
00100000
00000000
,
10000000
00100000
01000000
00000000
,
00010000
10000000
01000000
00000000
,
00100000
00001000
00010000
00000000
,
00000100
00001000
00000010
00000010
,
00000100
00000001
00001000
00000001
,
00000010
00001000
00000000
00010000
,
00100000
00000000
10000000
00010000
,
00000000
10000000
01000000
00000000
,
00010000
00001000
00000000
00010000
,
00000100
00000000
00001000
00000010
,
00000000
00000100
00000001
00000000
,
00000010
00000100
00000000
00010000
,
00001000
00000000
00100000
01000000
,
00000000
10000000
00010000
00000000
,
01000000
00100000
00000000
10000000
,
00100000
00000000
00010000
00001000
,
00000000
00010000
00000010
00000000
,
00001000
00000100
00000000
00000010
,
00000001
00000000
00000100
00000010
,
00000000
00000100
00001000
00000000
,
00010000
00001000
01000000
00010000
,
10000000
00000000
10000000
00000000
,
00100000
00000000
00100000
00000000
,
01000000
00000000
01000000
00000000
,
00002000
00000000
00010000
00000000
,
00013000
00000200
00000000
00010000
,
00000000
00010300
00000000
00000100
,
00000000
00000020
00000000
00000001
,
00000000
00000031
00000000
00000001
,
00000000
00002000
00000000
00000100
,
00000000
00003100
00000000
00010000
,
00000000
00002000
00000000
01000000
,
00000000
01003000
00000000
00010000
,
00000000
10000000
00100000
01000000
,
00000000
00010000
01000000
00100000
,
00000000
10000000
01000000
00100000
,
00000000
00001000
00010000
00000010
,
00000000
00001000
00000100
00000010
,
00000000
00000001
00001000
00000100
,
00000000
00000010
00000001
00000100
,
00000000
00000010
00010000
00001000
,
00011000
00001000
00010000
00000000
,
00100000
10000000
00000000
01000000
,
00100000
00000000
00001000
00010000
,
00000000
00000010
00001000
00000000
,
00000001
00000100
00000000
00000010
,
00001000
00000000
00000100
00000010
,
00000000
00000001
00000100
00000000
,
00001000
00010000
00000000
00001000
,
01000000
00000000
00010000
00100000
,
00000000
01000000
10000000
00000000
,
00010000
01000000
00000000
00100000
,
10000000
00000000
00010000
01000000
,
00000000
00001000
00010000
00000000
,
00000010
00001000
00000000
00000100
,
00000010
00000000
00000001
00001000
,
00000100
00000010
00000001
00001000
,
00000010
00000100
00000000
00000100
,
00000000
00001000
00000000
00001000
,
00000000
00010000
00000000
00010000
,
00000000
00100000
10000000
00010000
,
10000000
01000000
00100000
00010000
,
00100000
00001000
00010000
00001000
,
00010000
00000100
00001000
00000100
,
00001000
00000010
00000100
00000010
,
00000100
00000001
00001000
00000001
,
00001000
00000100
00000010
00000100
,
00000010
00010000
00001000
00010000
,
00001000
01000000
00100000
01000000
,
00100000
10000000
00000000
10000000
,
00000000
00100000
00000000
00100000
,
00100000
01000000
00000000
01000000
,
00000000
00001000
00000000
00010000
,
00010000
00000100
00000000
00001000
,
00000000
00000010
00000000
00000100
,
00000100
00000001
00000000
00000100
,
00000000
00001000
00001000
00001000
,
00000000
00010000
00000000
00100000
,
00000000
10000000
10000000
10000000
,
00000000
00010000
00000000
01000000
,
00000000
00001000
00001000
00001000
,
00011000
00010010
00000000
00000000
;

//---------------dance-double - M. Emirzian----------------
#NOTES:
     dance-double:
     M. Emirzian:
     Medium:
     7:
     0.475,0.000,0.101,0.118,0.000,368.000,12.000,14.000,0.000,0.000,0.000:
00000000
00000000
00000000
00000000
,
00000000
00000000
00000000
00000000
,
00000000
00000000
00000000
00000000
,
00000000
00000000
00000000
00000000
,
00000100
00010000
00001000
01000000
,
00002000
00000000
00023000
00000000
,
00031000
01000000
00100000
10000000
,
00020000
00000000
00230000
00000000
,
00301000
00010000
00000010
00001000
,
00000200
00000000
00000320
00000000
,
00000031
00001000
00000100
00000010
,
00001000
00000000
00010000
00000000
00001000
00100000
00001000
00100000
,
00001000
01000000
00100000
10000000
,
00010000
01000000
00100000
01000000
,
00001000
00010000
00001000
00010000
,
00000100
00000010
00000100
00001000
,
00000001
00000100
00000010
00001000
,
00000100
00000010
00000100
00010000
,
00001000
01000000
00100000
10000000
,
00010000
01000000
20020000
30030000
,
10000000
10000000
01000000
01000000
,
00010000
00000000
00010000
00000000
00001000
00010000
00001000
00000000
,
00010000
00010000
00001000
00001000
,
00000100
00000000
00000100
00000000
00000001
00001000
00000001
00000000
,
00000010
00000010
00001000
00001000
,
00010000
00000000
00010000
00000000
00100000
01000000
00100000
00000000
,
10000000
10000000
00100000
00100000
,
00010000
00000000
00010000
00000000
00001000
00010000
00001000
00000000
,
00000010
00000010
00000001
00000001
,
00000100
00000000
00000100
00000000
00000010
00010000
00000010
00000000
,
00001000
00001000
00000100
00000100
,
00000010
00000010
00001000
00001000
,
00010000
00010000
00100000
00100000
,
10000000
00000000
10000000
00000000
01000000
00100000
01000000
00000000
,
10000000
10000000
01000000
01000000
,
00010000
00000000
00010000
00000000
00001000
00010000
00001000
00010000
,
00000100
00000000
00001001
00000000
,
00001000
00000010
00000100
00000000
,
00000001
00000100
00001000
00010000
,
00100000
01000000
00100000
10000000
,
01000000
00100000
00010000
01000000
,
00100000
20000000
00000000
30020000
,
00000000
00130000
00001000
00010000
,
00000010
00002000
00000000
00003200
,
00000000
00000310
00000001
00000100
,
00000020
00002000
00000030
00003100
,
00010000
00001000
00100000
00001000
,
00010000
00000000
00000100
00000000
00010000
00000000
00001000
00100000
,
00010000
00100000
00010000
01000000
,
00100000
10000000
01000000
00100000
,
01000000
00100000
00001000
00010000
,
00001000
00000100
00000010
00001000
,
00000100
00000010
00000001
00001000
,
00000100
00000010
00001000
00010000
,
00001000
00010000
00100000
01000000
,
00100000
10000000
00010000
00100000
,
01000000
10000000
10000000
00100000
,
00100000
00000000
00010000
00000000
00010000
00000000
00001000
00010000
,
00001000
00000010
00000010
00000001
,
00000001
00000000
00000100
00000000
00000100
00000000
00001000
00000100
,
00001000
00010000
00010000
01000000
,
01000000
00000000
10000000
00000000
10000000
00000000
00010000
10000000
,
00010000
10000000
10000000
00100000
,
00100000
00000000
00010000
00000000
00010000
00000000
00001000
00010000
,
00001000
00000010
00000010
00000001
,
00000001
00000100
00000100
00001000
,
00001000
00010000
00010000
01000000
,
01000000
00000000
10000000
00000000
10000000
00000000
00100000
00010000
,
00100000
00010000
00010000
00001000
,
00001000
00000010
00000010
00000001
,
00000001
00000100
00000100
00001000
,
00001000
00000000
00010000
00001000
00010000
00000000
00001000
01000000
,
00001000
01000000
00010000
00000000
01000000
00000000
00100000
00000000
,
00000000
10000000
00010000
01000000
,
00000000
00100000
10000000
00010000
,
10000000
10000000
10000000
10000000
,
10000000
01000000
10000000
00100000
,
00010000
00001000
00000010
00000001
,
00000100
00001001
00000010
00000100
,
00001000
00010000
00001000
01000000
,
00100000
01000000
00001000
00010000
,
00100000
10000000
01000000
00010000
,
00001000
00000100
00000001
00001000
,
00000010
00001001
00000010
00001000
,
00010000
00000000
00001000
00000000
00000000
01000000
00000000
00000000
,
00100000
00000000
00000000
10000000
00000000
00000000
10010000
00000000
,
01100000
00000000
01000000
00000000
00000000
00010000
00000000
00000000
,
00100000
00000000
00000000
00001000
00000000
00000000
00011000
00000000
,
00010010
00000000
00000010
00000000
00000000
00001000
00000000
00000000
,
00000100
00000000
00000000
00000010
00000000
00000000
00001001
00000000
,
00000110
00000100
00000100
00001000
,
00001000
00010000
00010000
00100000
,
10010000
10000000
10000000
01000000
,
01000000
00010000
00010000
00001000
,
00001100
00000100
00000100
00000001
,
00000001
00000000
00000010
00000000
00000010
00000000
00001000
00010000
,
00001000
00100000
01000000
00000000
00000000
00000000
00000000
00000000
;

//---------------dance-double - M. Emirzian----------------
#NOTES:
     dance-double:
     M. Emirzian:
     Challenge:
     10:
     0.801,0.000,0.759,0.051,0.000,569.000,90.000,6.000,3.000,0.000,0.000:
00000000
00000000
00000000
00000000
,
00000000
00000000
00000000
00000000
,
00000000
00000000
00000000
00000000
,
00000000
00000000
00000000
00000000
,
10000000
01000000
00100000
00010000
00200000
00000000
00310000
01000000
,
00010000
00100000
00001000
00000000
00011000
00000000
00010010
00000000
,
00001000
00000100
00000010
00000001
00000020
00000000
00000130
00001000
,
00000010
00001000
00000100
00000000
00M01001
00000000
00001100
00000000
,
00010000
00001000
01000000
00010000
00200000
00000000
00301000
00010000
,
00100000
01000000
00010000
00000000
10100000
00000000
10010000
00000000
,
00100000
01000000
10000000
00100000
01000000
00010000
10000000
00010000
,
01100000
00101000
00011000
00010100
,
00001000
00000010
00001000
00000100
00000010
00000001
00000010
00000000
,
00000100
00001000
00000010
00000000
00000100
00000000
00000001
00000000
,
00000010
00000100
00010000
00001000
00010000
01000000
00100000
00000000
,
00101000
00110000
11000000
10010000
,
01000000
00100000
10000000
01000000
00100000
00010000
01000000
00000000
,
00100000
01000000
00001000
00000000
10000000
00000000
01000000
00000000
,
00100000
00010000
10000000
01000000
00010000
00001000
00000010
00000000
,
00000110
00010010
00001100
00000011
,
00000100
00000010
00001000
00000100
00000010
00000001
00000100
00000000
,
00000010
00010000
00001000
00000100
00000010
00000100
00000001
00000000
,
00000010
00000100
00010000
00100000
00010000
00001000
01000000
00000000
,
00100000
10000000
01000000
00000000
00110000
00000000
10010000
00000000
,
01000000
00100000
00010000
00001000
00100000
01000000
00010000
00000000
,
00001000
00010000
01000000
00100000
00001000
01000000
00100000
00000000
,
10000000
01000000
00100000
00001000
00000010
00000001
00000100
00000000
,
00000001
00000100
00000010
00000000
00010010
00000000
00001100
00000000
,
00000010
00001000
00010000
00000010
00000100
00001000
00000100
00000000
,
00000001
00000010
00000100
00001000
00000010
00000100
00000001
00000000
,
00000100
00001000
00100000
00010000
10000000
01000000
00010000
00000000
,
10000000
00100000
00010000
00000000
11000000
00000000
00110000
00000000
,
10000000
00100000
01000000
00001000
00010000
00100000
00010000
00000000
,
00001000
00010000
01000000
10000000
00010000
00100000
00001000
00000000
,
00000100
00000001
00000010
00000001
00001000
00000100
00000010
00000000
,
00001000
00000010
00000001
00000000
00001100
00000000
00001010
00000000
,
00000100
00000000
00000101
00000000
00000010
00001000
00010000
00000000
,
01001000
00000000
00110000
00000000
10000000
00100000
00010000
00000000
,
01010000
00000000
00101000
00000000
00010000
01000000
10000000
00000000
,
00100000
10000000
01000000
00010000
10000000
00100000
00010000
01000000
,
10010000
M00M0000
00100000
10000000
01000000
10000000
00200000
00000000
,
01300000
00010000
00100000
00001000
00010000
00000000
00010010
00000000
,
00011000
00000000
00000100
00001000
00000010
00001000
00000200
00000000
,
00000310
00000001
00000100
00000010
00001000
00000000
00001001
00000000
,
00000011
00000000
00000100
00010000
00001000
00100000
02000000
00000000
,
03100000
00010000
01000000
00010000
00100000
00000000
11000000
00000000
,
00110000
00000000
01000000
10000000
00100000
01000000
00010000
00100000
,
01000000
11000000
01100000
00101000
,
01010000
00000000
00001000
00100000
00001000
00000010
00000001
00000100
,
00000010
00000000
00001000
00000100
00000010
00000000
00000001
00000000
,
00000100
00000000
00000010
00010000
00001000
00000100
00000001
00001000
,
00000100
00000101
00001100
00010010
,
00011000
00000000
00001000
01000000
00010000
00100000
01000000
10000000
,
00010000
00000000
01000000
00100000
00010000
00000000
10000000
00000000
,
01000000
00000000
00010000
00100000
10000000
00010000
01000000
10000000
,
00010000
01001000
00011000
00010010
,
00001100
00000000
00000010
00000001
00001000
00000010
00010000
00001000
,
00000010
00000000
00000001
00001000
00000100
00000001
00001000
00000010
,
00000001
00000000
00000100
00000010
00010000
00100000
10000000
00010000
,
00100000
00000000
01000000
10000000
00100000
00000000
01010000
00000000
,
00110000
00000000
00100000
01000000
10000000
00010000
00100000
00001000
,
00010000
00000000
00100000
10000000
00100000
01000000
00001000
00100000
,
01000000
00000000
00010000
00000100
00000010
00000001
00000010
00000100
,
00001000
00000000
00000001
00000100
00000010
00000000
00001010
00000000
,
00001001
00000000
00000010
00000100
00010000
00001000
00000100
00000010
,
00001000
00000000
00000100
00000010
00001000
00100000
00001000
00010000
,
01000000
00000000
10000000
00100000
00010000
10000000
01000000
00010000
,
00100000
00000000
01000000
10000000
00100000
00000000
01010000
00000000
,
10100000
00000000
10000000
01000000
00100000
00001000
00010000
00100000
,
01000000
00000000
00001000
00000100
00000001
00001000
00000100
00010000
,
00001000
00000000
00000100
00000010
00001000
00000100
00000010
00000001
,
00000010
00000000
00000001
00000100
00000010
00000000
00001010
00000000
,
00010010
00000000
00001000
00000000
01001000
00000000
00010000
01000000
,
00100000
00000000
10010000
00000000
01010000
00000000
00001000
00100000
,
00010000
00000000
01001000
00000000
00010100
00000000
00001000
00000100
,
00000010
00000000
00000001
00001000
00000001
00001000
00000001
00001000
,
00000001
00000010
00001000
00010000
00001000
00100000
01000000
00010000
,
00001000
01000000
00100000
10000000
01000000
00010000
10000000
00100000
,
00001000
00010000
00000010
00001000
00000100
00000010
00000001
00001000
,
00000010
00010000
00001000
00000100
00000010
00010000
00100000
01000000
,
00001000
01000000
00010000
00100000
01000000
10000000
00010000
00100000
,
00001000
00010000
00000100
00000010
00001000
00000010
00000001
00001000
,
00000100
00000001
00001000
00010000
00000010
00010000
00100000
01000000
,
00010000
00100000
01000000
10000000
00100000
01000000
00010000
00000000
,
10010000
00000000
11000000
00000000
00100000
01010000
00000000
00100000
,
00101000
00000000
00001000
00011000
00000000
00000100
00001010
00000000
,
00001100
00000000
00000011
00000000
00000100
00001001
00000000
00000100
,
00001010
00000000
00000010
00010010
00000000
00001000
00010100
00000000
,
00011000
00000000
01001000
00000000
00100000
10010000
00000000
01000000
,
00110000
00000000
01000000
01001000
00000000
00100000
01100000
00000000
,
10010000
00000000
00100000
10000000
01000000
00000000
00100000
00010000
,
01000000
00000000
01010000
00000000
01001000
00000000
00001000
00010000
,
00000100
00000000
00000010
00000001
00000100
00000000
00000010
00001000
,
00000100
00000000
00000011
00000000
00001001
00000000
00001000
00000010
,
00010000
00000000
00001000
00010000
00000100
00000000
00011000
00000000
,
00101000
00000000
01100000
00000000
00100000
10000000
00010000
01000000
,
10000000
00100000
10010000
00000000
00000000
00000000
00000000
00000000
;

//---------------dance-double - M. Emirzian----------------
#NOTES:
     dance-double:
     M. Emirzian:
     Hard:
     9:
     0.717,0.000,0.498,0.067,0.000,528.000,59.000,8.000,1.000,0.000,0.000:
00000000
00000000
00000000
00000000
,
00000000
00000000
00000000
00000000
,
00000000
00000000
00000000
00000000
,
00000000
00000000
00000000
00000000
,
00001000
01000000
00010000
10000000
,
01010000
00000000
00100000
00000000
10000000
00010000
00100000
00000000
,
00001000
00010000
00000010
00001000
,
00010100
00000000
00000010
00000000
000M0100
00000001
00000010
00000100
,
00001000
00000010
00010000
00001000
,
01001000
00000000
00100000
00000000
01000000
10000000
00100000
00000000
,
01000000
00010000
00100000
01000000
,
10010000
00110000
00101000
00011000
,
00000100
00001000
00000010
00001000
00000100
00000000
00000010
00000000
,
00000001
00000100
00000001
00000010
00000100
00000000
00010000
00000000
,
00001000
01000000
00001000
00010000
00001000
00000000
00011000
00000000
,
01001000
00011000
00101000
00110000
,
01000000
10000000
00100000
10000000
01000000
00000000
00100000
00000000
,
00010000
01000000
00010000
00100000
00001000
00000000
00010000
00000000
,
00000100
00001000
00000010
00001000
00000100
00000000
00000011
00000000
,
00001001
00001100
00010100
00011000
,
00100000
10000000
01000000
00000000
00100000
00010000
01000000
00000000
,
00100000
00010000
00001000
00000000
01000000
00100000
00010000
00000000
,
00001000
00000010
00000100
00000000
00010000
00000100
00000010
00000000
,
00000001
00000100
00000010
00000000
00001000
00000100
00000010
00001000
,
00010000
01000000
10000000
00000000
00010000
01000000
00100000
00000000
,
10000000
00100000
01000000
00000000
00001000
00010000
01000000
00000000
,
00100000
00010000
01000000
00000000
00100000
00010000
00001000
00000000
,
01000000
00100000
00010000
00000000
00001000
00010000
00000010
00001000
,
00000100
00000010
00000001
00000000
00000100
00000010
00010000
00000000
,
00001000
00000010
00000100
00000000
00010000
00000010
00001000
00000000
,
00000100
00000010
00001000
00000000
00010000
01000000
10000000
00000000
,
00100000
01000000
10000000
00000000
00010000
00100000
10000000
01000000
,
00100000
00010000
01000000
00000000
01000000
00100000
10000000
00000000
,
01000000
10000000
00100000
00000000
00010000
00001000
01000000
00000000
,
00100000
00010000
00001000
00000000
00000010
00000100
00001000
00000000
,
00000100
00000010
00000001
00001000
00000100
00000010
00001000
00010000
,
00100000
10100000
01000000
00110000
,
01000000
00000000
00101000
00000000
00010000
00000010
00001000
00000000
,
00000100
00000011
00001000
00010100
,
00001000
00000000
01001000
00000000
00010000
01000000
00100000
10000000
,
00010000
01000000
00100000
10000000
,
01000000
00000000
00110000
00000000
01000000
00000000
00001000
00010000
,
00000010
00001000
00000100
00000010
,
00000001
00000000
00000110
00000000
00010000
00000000
00001000
00010000
,
00000010
00010000
00001000
00000000
01000000
00000000
00100000
00000000
,
10000000
00000000
10010000
00000000
01000000
00000000
00100000
00010000
,
01000000
00100000
10000000
01000000
,
00100000
00110000
00101000
00011000
,
00010010
00000000
00001000
00000100
00000001
00000100
00001000
00000000
,
00000001
00000000
00000100
00001000
00010000
00001000
01000000
00000000
,
00010000
00000000
01000000
00100000
10000000
01000000
10000000
00000000
,
01010000
01001000
00011000
00010100
,
00001100
00000000
00000010
00000001
00000100
00001000
00000100
00000000
,
00000001
00000000
00000010
00000100
00010000
00001000
01000000
00100000
,
10000000
00000000
01000000
00100000
00010000
01000000
00100000
00000000
,
10100000
10010000
01010000
01001000
,
00011000
00000000
00001000
00000100
00000010
00000000
00010000
00000100
,
00000010
00000000
00000001
00000100
00000010
00000000
00001000
00000010
,
00000100
00000000
00001000
00010000
00100000
00000000
01000000
00001000
,
00010000
00000000
01000000
10000000
00100000
00000000
01000000
00010000
,
00100000
01000000
10000000
00100000
00010000
00000000
00001000
00010000
,
00100000
00000000
01000000
00010000
00100000
00000000
01000000
00010000
,
00001000
00000000
00100000
01000000
00010000
00000000
00001000
00000100
,
00000010
00000000
00010000
00000100
00000010
00000000
00000001
00000100
,
00000010
00010000
00001000
01000000
00100000
00000000
10000000
00010000
,
00100000
00000000
01000000
10000000
00100000
00000000
00010000
00001000
,
00100000
00000000
01000000
00010000
00001000
00000000
00000100
00000010
,
00001000
00000000
00000001
00000010
00000100
00000000
00001000
00000001
,
00000100
00001000
00010000
01000000
00100000
00000000
00010000
01000000
,
10000000
00000000
00100000
10000000
01000000
00000000
00010000
00100000
,
01000000
00000000
10000000
01000000
00100000
00000000
00001000
00010000
,
00000010
00000000
00001000
00000100
00000010
00000001
00001000
00000010
,
00010000
00001000
00000100
00000000
00000101
00000000
00001000
00000000
,
00010100
00000000
00001000
00000000
01010000
00000000
00100000
10000000
,
01000000
00100000
00101000
00010000
,
00010010
00000100
00001001
00000010
,
00001001
00000000
00000100
00000010
00010000
00001000
00010000
00100000
,
10000000
00010000
01000000
00100000
10000000
01000000
00100000
00010000
,
00100000
00001000
00010000
00001000
00000010
00000001
00001000
00000100
,
00000010
00000001
00000100
00000010
00010000
00000100
00010000
00001000
,
00010000
00000010
00010000
00001000
00010000
01000000
10000000
00100000
,
01000000
00001000
00100000
00001000
00010000
00001000
01000000
00001000
,
00010000
00000010
00000100
00000001
00001000
00000100
00000010
00000001
,
00000100
00000010
00010000
00001000
00100000
01000000
10000000
00000000
,
00110000
00000000
01000000
00000000
10000000
20000000
00000000
30100000
,
00200000
00000000
01300000
02000000
00000000
03001000
00001000
00000000
,
00011000
00000000
00010010
00000000
00001000
00002000
00000000
00003100
,
00000200
00000000
00000310
00000020
00000000
00000031
00000001
00000000
,
00001100
00000000
00010100
00000000
00001000
00001000
00002000
00000000
,
01003000
01000000
02000000
00000000
03100000
00000000
10000000
00000000
,
11000000
00000000
00100000
01000000
00010000
00000000
00100000
00001000
,
00010000
00000000
00011000
00000000
00010100
00000000
00001000
00000010
,
00000100
00000000
00000100
00000001
00000010
00000000
00000100
00010000
,
00001000
00000000
00010100
00000000
00011000
00000000
00100000
00010000
,
01000000
00000000
00100000
10000000
01000000
00000000
10000000
01000000
,
00100000
00000000
00110000
00000000
00101000
00001000
00010000
00000010
,
00001000
00000100
00000010
00000000
00000000
00000000
00000000
00000000
;

//---------------lights-cabinet - ----------------
#NOTES:
     lights-cabinet:
     :
     Easy:
     1:
     1.000,0.325,1.000,0.017,0.000,451.000,329.000,2.000,0.000,303.000,0.000:

00000000
00000000
00000000
00000000
,
00000000
00000000
00000000
00000000
,
11000000
00000000
11000000
00000000
,
00110000
00000000
00110000
00000000
,
01000011
00100000
01000011
00000000
10000011
00000000
01000011
00000000
,
00010011
10000011
00010011
00010011
,
10000011
00010011
10000011
01000011
,
00010011
00000000
10000011
01000000
00100011
00000000
00000011
00000000
,
00010011
01000011
00010011
10000011
,
00010011
00010011
10010011
01100011
,
10000011
00000000
01000011
00000000
10000011
00000000
10000011
01000000
,
00100011
00000011
00010011
00010000
,
10000011
01000000
10000000
00000000
00010011
00100000
00010000
00000000
,
00100011
01000000
10000000
10000000
01000011
00100000
00010011
00000000
,
00010011
00100000
01000000
00000000
10000011
00000000
10000000
00000000
,
00010011
01100011
10000011
01100011
,
10000011
01000000
10000000
00000000
00010011
00100000
00010000
00000000
,
00100011
01000000
10000000
10000000
01000011
00100000
00010000
00000000
,
00010011
00100000
01000000
00000000
10000011
00000000
01000011
00000000
,
10010011
01100011
00110011
11000011
,
10010011
11110000
01100011
11110000
,
10010011
11110000
01100011
11110000
,
01100011
00110000
11000011
00110000
,
11110011
11110011
11110011
00000011
,
10010011
11110000
01100011
11110000
,
10010011
11110000
01100011
11110000
,
01100011
00110011
11000011
00110011
,
11110011
11110000
11110011
00000000
,
00100011
01000000
00100000
00000000
10000011
00000000
10000000
00000000
,
00010011
10000000
00010000
00000000
01000011
00000000
01000000
00000000
,
00100011
10000000
00100000
00000000
00010011
00000000
00010000
00000000
,
01000011
10000000
01000011
00000000
00100011
00000000
00100011
00000000
,
10010011
00100000
01000000
00010000
10000011
01000000
10000000
00010000
,
00100011
00010000
10000000
01000000
10000011
00010000
00100011
00010000
,
10000011
01100000
00010011
01100000
,
00010011
11110011
11110011
11110011
,
10000011
00000000
10000000
00010000
00100011
00100000
00000000
00000000
,
10010011
00000000
00010000
10000000
01000011
01000000
00000000
00000000
,
01100011
00000000
00010000
10000000
00010011
00010000
00000000
00000000
,
10000011
01000000
00100011
00100000
01000011
10000000
00010011
10000000
,
20020011
30030000
01100011
00000000
11000011
00000000
01000011
00000000
,
00110011
10000011
01000011
00110011
,
10000011
00000000
01000011
00000000
10000011
00010000
10000011
00000000
,
00100011
00110011
01000011
11000011
,
10000011
01000000
00100011
00000000
00010011
00100000
01000011
00000000
,
10000011
00100000
10000011
00000000
00010011
01000000
00010011
00000000
,
01000011
10000011
00010011
01000011
,
10010011
01100011
11110011
11110011
,
11110000
00000000
00010011
00100000
00010000
00000000
10000011
01000000
,
10000000
00000000
01000011
00100000
00010000
00010000
00100011
01000000
,
10000011
00000000
10000011
01000000
00100000
00000000
00010011
01000000
,
00100000
10010011
01100011
10010011
,
00000011
00000000
00010011
00100000
00010000
00000000
10000011
01000000
,
10000000
00000000
01000011
00100000
00010000
00010000
00100011
01000000
,
10000011
00000000
10000011
01000000
00100000
00000000
00010011
00000000
,
00100000
10010011
01100011
11000011
,
01100011
10010011
11110000
01100011
,
11110000
10010011
11110000
01100011
,
11110000
01100011
00110000
11000011
,
00110000
11110011
11110011
11110011
,
00000011
10010011
11110000
01100011
,
11110000
10010011
11110000
01100011
,
11110000
01100011
00110000
11000011
,
00110000
11110011
11110011
11110011
,
00000011
00000000
00100011
01000000
00100000
00000000
10000011
00000000
,
10010000
00000000
01100011
10000000
00010000
00000000
01000011
00000000
,
01010000
00000000
00100011
10000000
00100000
00000000
10010011
00000000
,
10010000
00000000
00010011
10000000
00100011
00000000
10000011
01000000
,
10000011
00000000
00010011
00000000
01100000
00000000
00010011
10000000
,
01100000
01000011
11110000
01100011
,
11000000
00000000
00010011
00100000
00010000
00000000
10000011
01000000
,
10000000
00010011
11110011
11110011
,
11110011
00000000
10000011
00000000
10000000
00010000
00100011
00100000
,
00000000
00000000
10010011
00000000
00010000
10000000
01000011
01000000
,
00000000
00000000
01100011
00000000
00010000
10000000
00010011
00010000
,
00000000
00000000
10000011
01000000
00100011
00100000
01000011
10000000
,
00010011
00000000
00010011
00000000
00010011
10000000
00010011
00000000
,
10000011
00000000
10000011
00000000
10000011
00010000
10000011
00000000
,
00100011
00000000
00100011
00000000
00100011
01000000
00100011
00000000
,
01000011
00000000
01000011
00000000
01000011
00100000
01000011
00000000
,
10010011
00100000
10010011
00000000
10000011
00000000
01000011
00000000
,
00100011
00000000
00010011
00100000
01000011
00000000
00010011
00000000
,
01000011
00000000
10000011
01000000
00100011
00000000
00000011
00000000
,
00010011
00000000
10000011
00010000
10000011
00010000
10000011
00000000
,
00000011
00000000
10000011
00000000
00100011
00010011
00000000
00100011
,
10000011
00000000
01000011
00010011
00000000
00100011
10010011
00000000
,
00000000
00000000
00010011
00000000
01000011
10000011
00000000
01000011
,
00010011
00000000
00100011
10000011
00000000
01000011
10010011
00000000
,
00000000
00000000
01000011
00000000
10000011
00100011
00000000
10000011
,
01000011
00000000
00010011
00100011
00000000
10000011
00010011
00000000
,
00000000
10000011
00100011
01000011
,
00100011
01000011
00100011
01000011
,
00100011
00010011
00100011
10000011
,
00100011
10000011
00100011
10000011
,
00100011
10000011
01000011
00010011
,
01000011
00010011
11000011
00110011
,
11000011
11110011
00000000
00000000
;

//---------------dance-single - M. Puls----------------
#NOTES:
     dance-single:
     M. Puls:
     Beginner:
     1:
     0.095,0.000,0.034,0.000,0.000,75.000,4.000,0.000,0.000,0.000,0.000:
0000
0000
0000
0000
,
0000
0000
0000
0000
,
0000
0000
0000
0000
,
0000
0000
0000
0000
,
0100
0000
0000
0000
,
0000
0000
0000
0000
,
0100
0000
0000
0000
,
0010
0000
0000
0000
,
0010
0000
0000
0000
,
0001
0000
0000
0000
,
0000
0000
0000
0000
,
1000
0000
0000
0000
,
0001
0000
0000
0000
,
0010
0000
0000
0000
,
0100
0000
0000
0000
,
1000
0000
0000
0000
,
1000
0000
0000
0000
,
0100
0000
0000
0000
,
0010
0000
0000
0000
,
0001
0000
0000
0000
,
0000
0000
0000
0000
,
1000
0000
0000
0000
,
0001
0000
0000
0000
,
0100
0000
0000
0000
,
0000
0000
0000
0000
,
0001
0000
0000
0000
,
1000
0000
0000
0000
,
0010
0000
0000
0000
,
0000
0000
0000
0000
,
0100
0000
0000
0000
,
0010
0000
0000
0000
,
0100
0000
0000
0000
,
0000
0000
0000
0000
,
1000
0000
0000
0000
,
0001
0000
0000
0000
,
1000
0000
0000
0000
,
0100
0000
0000
0000
,
0100
0000
0000
0000
,
0100
0000
0000
0000
,
0100
0000
0000
0000
,
0000
0000
0000
0000
,
0000
0000
0000
0000
,
0000
1000
0000
0000
,
0000
0100
0000
0000
,
0000
1000
0000
0000
,
0000
0001
0000
0000
,
0000
0010
0000
0000
,
0000
0001
0000
0000
,
0000
0000
0000
0000
,
0000
0001
0000
0000
,
0000
1000
0000
1000
,
0000
1000
0000
0000
,
0000
1000
0000
0000
,
0000
0001
0000
0001
,
0000
0001
0000
0000
,
0000
0000
0000
0000
,
0000
0100
0000
0000
,
0000
0010
0000
0000
,
0000
0100
0000
0000
,
0000
0010
0000
0000
,
0000
1000
0000
0000
,
0000
0001
0000
0000
,
0000
1000
0000
0000
,
0000
0001
0000
0000
,
0000
1000
0000
0000
,
0000
1000
0000
0000
,
0000
0010
0000
0000
,
0000
0100
0000
0000
,
0000
0001
0000
0000
,
0000
0001
0000
0000
,
0000
0100
0000
0000
,
0000
0010
0000
0000
,
0000
1000
0000
0000
,
0000
0000
0000
0000
,
0000
0001
0000
0000
,
0000
0000
0000
0000
,
0000
1000
0000
0000
,
0000
0100
0000
0000
,
0000
1000
0000
0000
,
0000
0001
0000
0000
,
0000
0010
0000
0000
,
0000
0001
0000
0000
,
0000
1000
0000
0000
,
0000
0010
0000
0000
,
0000
1000
0000
0000
,
0000
0000
0000
0000
,
0000
1001
0000
0000
,
0000
0000
0000
0000
,
0000
1001
0000
0000
,
0000
0000
0000
0000
,
0000
1001
0000
0000
,
0000
0000
0000
0000
,
0000
0000
0000
0000
,
0000
0000
0000
0000
,
0000
0000
0000
0000
,
0000
0000
0000
0000
,
0000
1001
0000
0000
;
