#TITLE:Crazy;
#SUBTITLE:;
#ARTIST:DJ Doo;
#TITLETRANSLIT:;
#SUBTITLETRANSLIT:;
#ARTISTTRANSLIT:;
#GENRE:;
#CREDIT:;
#BANNER:crazy-banner.png;
#BACKGROUND:crazy-bg.png;
#LYRICSPATH:;
#CDTITLE:;
#MUSIC:DJ Doo- Crazy.ogg;
#OFFSET:0.010;
#SAMPLESTART:37.320;
#SAMPLELENGTH:14.200;
#SELECTABLE:YES;
#BPMS:0.000=135.000;
#STOPS:;
#BGCHANGES:0.000=crazy-bg.png=1.000=0=0=1=====,
16.000=672_JumpBack.mpg=1.000=0=0=1=====,
20.000=739_JumpBack.mpg=1.000=0=0=1=====,
36.000=EV01448N.mpg=1.000=0=0=1=====,
52.000=VOL1-41-NTSC.mpg=1.000=0=0=1=====,
68.000=738_JumpBack.mpg=1.000=0=0=1=====,
84.000=vol3-15-ntsc.mpg=1.000=0=0=1=====,
100.000=VOL1-33-NTSC.mpg=1.000=0=0=1=====,
116.000=666_JumpBack.mpg=1.000=0=0=1=====,
132.000=669_JumpBack.mpg=1.000=0=0=1=====,
148.000=vis_700_JumpBack.mpg=1.000=0=0=1=====,
164.000=vis_736_JumpBack.mpg=1.000=0=0=1=====,
180.000=EV01457N.mpg=1.000=0=0=1=====,
196.000=EV01455N.mpg=1.000=0=0=1=====,
212.000=vol3-15-ntsc.mpg=1.000=0=0=1=====,
228.000=VOL1-33-NTSC.mpg=1.000=0=0=1=====,
244.000=669_JumpBack.mpg=1.000=0=0=1=====,
260.000=EV01448N.mpg=1.000=0=0=1=====,
276.000=crazy-bg.png=1.000=0=0=1=====,
99999=-nosongbg-=1.000=0=0=0 // don't automatically add -songbackground-
;
#KEYSOUNDS:;
// cache tags:
#FIRSTBEAT:12.000;
#LASTBEAT:276.000;
#SONGFILENAME:/Songs/In The Groove/Crazy/crazy.sm;
#HASMUSIC:1;
#HASBANNER:1;
#MUSICLENGTH:124.444;
// end cache tags

//---------------dance-single - M. Puls----------------
#NOTES:
     dance-single:
     M. Puls:
     Easy:
     2:
     0.195,0.000,0.104,0.000,0.000,157.000,13.000,0.000,0.000,0.000,0.000:


0000
0000
0000
0000
,
0000
0000
0000
0000
,
0000
0000
0000
0000
,
1000
0000
0000
0000
,
1000
0000
0001
0000
,
1000
0000
0100
0000
,
1000
0000
0001
0000
,
1000
0000
0010
0000
,
1000
1000
0001
0000
,
1000
0000
0010
0000
,
0100
0000
0010
0000
,
1000
0000
1000
0000
,
0001
0000
0001
0000
,
1000
0010
0100
0000
,
0001
0010
0001
0000
,
1000
0100
1000
0000
,
0001
0001
0001
0000
,
1000
0010
0010
0000
,
1000
0100
1000
0000
,
0001
0000
1000
0000
,
1001
0000
1001
0000
,
0001
0001
0001
0000
,
1000
0000
1001
0000
,
1000
1000
1000
0000
,
0001
0000
1001
0000
,
1000
0100
1000
0000
,
0010
0000
0110
0000
,
0001
0010
0001
0000
,
0010
0000
0001
0001
,
1000
0000
0100
0000
,
1000
0000
0010
0000
,
1000
0000
0100
0000
,
1000
1000
1000
0000
,
0001
0000
0010
0000
,
0001
0000
0100
0000
,
0001
0000
0010
0000
,
0001
1000
0001
0000
,
0011
0000
0000
0000
,
1100
0000
0000
0000
,
0110
0000
0000
0000
,
0010
0000
0100
0000
,
1001
0000
0000
0000
,
1010
0000
0000
0000
,
0101
0000
0000
0000
,
1000
1000
1000
0000
,
0001
0000
0001
0000
,
1000
0000
1000
0000
,
0010
0000
0010
0000
,
1000
0000
1000
0000
,
0001
0000
0001
0000
,
0010
0000
0001
0000
,
1000
0100
1000
0100
,
1000
1000
0010
0000
,
1000
1000
1000
0000
,
0001
0000
1001
0000
,
0001
0001
0001
0000
,
1000
0000
1001
0000
,
0001
0010
0001
0000
,
0100
0000
0010
0000
,
1000
0100
1000
0000
,
0100
0000
1000
1000
,
0001
0001
0001
0000
,
0010
0001
0001
0000
,
1000
1000
1000
0000
,
0100
1000
1000
0000
,
0010
0010
0010
0000
,
0100
0100
0010
0000
,
1000
0000
0100
0000
,
1000
0010
1000
1000
,
0001
0000
0000
0000
;

//---------------dance-single - M. Puls----------------
#NOTES:
     dance-single:
     M. Puls:
     Medium:
     5:
     0.326,0.000,0.281,0.040,0.000,244.000,35.000,5.000,0.000,0.000,0.000:


0000
0000
0000
0000
,
0000
0000
0000
0000
,
0000
0000
0000
0000
,
0000
0000
0000
0000
,
1100
0010
1100
0000
,
1000
1000
0010
0000
,
1000
0100
0100
0000
,
0001
0010
0010
0000
,
0001
1000
1000
0000
,
0010
0010
1000
0000
,
0001
0100
0100
0000
,
0001
0010
0001
0000
0001
0010
0001
0000
,
1000
1000
1100
0000
,
0001
0010
0001
0000
,
1000
0100
1000
0000
,
0010
0100
0010
0000
0010
0000
0000
0000
,
1000
0100
1000
0000
1000
0000
0000
0000
,
0110
0110
0110
0000
,
0011
0011
0011
0000
,
1000
0100
1000
0000
0010
0100
0010
0000
,
1000
0100
1100
0000
,
1000
0100
1000
0010
,
0100
0001
0010
0001
,
0001
0010
0001
0100
,
0010
0000
1000
0000
0100
0000
1000
0010
,
1000
0110
0000
0001
,
0001
0000
0110
0000
0000
0000
1000
0010
,
0100
0100
0020
0000
,
1030
0000
0001
0001
,
1000
0000
0100
0000
1000
0010
0100
0000
,
0001
0000
0010
0000
0001
0010
0001
0000
,
1000
0000
1000
0000
0010
0100
0010
0000
,
1000
0100
0010
0001
,
1000
0000
1000
0000
0100
1000
0100
0000
,
1000
0000
0001
0000
0001
0010
0001
0000
,
1000
0001
0110
0000
,
0001
0100
0110
0000
,
0001
1000
0001
0000
,
1001
1001
1001
0000
,
0100
0010
0100
0000
,
0110
0110
0110
0000
,
0001
1000
1000
0001
,
0100
0010
0100
0100
,
0010
0000
0100
0000
0100
0000
0100
0010
,
1000
0100
0100
0000
,
2000
0000
3100
0000
,
0020
0000
0130
0000
,
0002
0000
0103
0000
,
0020
1000
1030
0000
,
0001
0000
0001
0000
0001
0010
0001
0000
,
0001
0000
0011
0000
,
1000
0000
1000
0000
1000
0100
1000
0000
,
1000
1100
1100
0000
,
1000
0100
1000
0000
0010
0000
0010
0000
,
1000
0010
0110
0000
,
0001
0010
0001
0000
0100
0000
0100
0000
,
0001
0100
0110
0000
,
0010
0000
0010
0100
0010
0000
1000
0000
,
0001
0100
0010
1000
,
1000
0100
1000
0000
1000
0100
1000
0000
,
1100
0000
0110
0110
,
0001
0010
0001
0000
0100
0000
0001
0000
,
1000
0010
0110
0000
,
1000
0010
1000
0000
0100
0000
0100
0000
,
1000
0110
0110
0000
,
0001
0100
0001
0000
0010
0000
0010
0000
,
0001
1000
1100
0000
,
1000
0010
1000
0000
0001
0100
0001
0000
,
1001
0000
0011
0100
,
0011
0000
0000
0000
;

//---------------dance-single - K. Ward----------------
#NOTES:
     dance-single:
     K. Ward:
     Hard:
     7:
     0.497,0.000,0.305,0.056,0.064,388.000,38.000,7.000,0.000,0.000,0.000:


0000
0000
0000
0000
,
0000
0000
0000
0000
,
0000
0000
0000
0000
,
0000
0000
0000
0000
,
1000
0010
0000
0100
0010
0000
0100
0000
0001
0000
0000
0000
0000
0000
0000
0000
,
1000
0000
0010
0000
1000
0000
0100
1000
0010
0000
0100
0000
0001
0000
0010
0000
,
0001
0000
0100
0000
0010
0000
1000
0100
1000
0000
0010
0000
0100
0000
0001
0000
,
0010
0000
0001
0000
0100
0000
0010
1000
0100
0000
1000
0000
0010
0000
0100
0000
,
0001
0000
0010
0000
0001
0000
0100
0010
1000
0000
0100
0000
1000
0000
0000
0000
,
0001
0000
0100
0000
0010
0000
1000
0010
0100
0000
0001
0000
0020
0000
0000
0000
,
0031
0000
0001
0000
0100
0000
0010
1000
0010
0000
1000
0000
0200
0000
0000
0000
,
1300
0010
0100
0001
0010
0001
1000
0010
,
0100
0001
0010
0001
0000
0000
0011
0000
,
1000
0000
1000
0000
0010
0000
1000
0010
0100
0000
0000
0000
0001
0000
0000
0000
,
0001
0000
0010
0000
0001
0000
0100
0010
0100
0000
0000
0000
0010
0000
0000
0000
,
1000
0000
0100
0000
1000
0000
0010
0100
0010
0000
0000
0000
1000
0000
0000
0000
,
0001
0000
1000
0000
0010
0000
1000
0100
1000
0000
0000
0000
1000
0000
0000
0000
,
0010
0010
1010
0000
0010
0010
0110
0000
,
1000
1000
1001
0000
1000
1000
1100
0000
,
0010
1000
0010
0100
0001
0010
0001
0100
,
0010
1000
0100
1100
0000
0000
0000
0000
,
0001
0001
0001
1000
0010
0000
0100
0010
,
0000
1000
0010
0000
0110
0000
0000
0000
,
1000
1000
1000
0010
0100
0000
0001
0100
,
0000
0010
0100
0000
0110
0000
0000
0000
,
0001
1000
0010
0100
0001
0000
0100
0010
,
0000
1000
0010
0000
0110
0000
0000
0000
,
1000
0100
1000
0010
0100
0001
0010
0001
,
0010
0001
0011
0110
,
1000
0000
0000
0001
0000
0000
0100
0000
0010
0000
1000
0000
0100
0000
1000
0000
,
0010
0000
0000
0100
0000
0000
0001
0000
0010
0000
0001
0000
0100
0000
0010
0000
,
1000
0000
0000
0100
0000
0000
1000
0000
0010
0000
0100
0000
0001
0000
0010
0000
,
0001
0000
0000
0100
0000
0000
0010
0000
1000
0000
0000
0000
0110
0000
0000
0000
,
1000
0100
1000
0010
1000
0100
1000
0010
,
0100
0001
0010
0001
1000
0001
0100
0000
,
0001
0010
0001
0100
0001
0010
0001
0100
,
0010
1000
0100
1000
0010
0100
0001
0000
,
1000
0000
0110
0000
1000
0010
0100
0000
,
0001
0000
0110
0000
0001
0100
0010
0000
,
1000
0000
0101
0000
1000
0100
1000
0000
,
0001
0000
1010
0000
0001
0100
0010
1000
,
0100
1100
0001
0011
,
1000
0000
0110
0000
1000
0100
0000
0000
,
1000
0010
0100
0001
0100
0010
1000
0010
,
0110
0000
0011
0000
0001
0010
0000
0000
,
0002
0000
0000
0103
0000
0000
0010
0100
,
0002
0000
0010
0000
0013
0001
0000
0000
,
0200
0000
0000
0310
0000
0000
0100
0010
,
1000
0000
1000
0000
0010
1000
0000
0000
,
0200
0000
0000
1300
0000
0000
0010
1000
,
0200
0000
1000
0000
1300
1000
0000
0000
,
0010
0010
0100
0100
0001
0001
1000
1000
,
0001
0100
0010
0100
0001
0000
0011
0000
,
1000
1000
1000
0001
0100
0000
0010
1000
,
0000
0010
0100
0000
0110
0000
0000
0000
,
0001
0001
0001
0010
0001
0000
0100
0010
,
0000
1000
0010
0000
0110
0000
0000
0000
,
0001
0010
0001
0100
0010
0000
1000
0010
,
0000
0100
0001
0000
0011
0000
0000
0000
,
1000
0001
0100
0010
1000
0100
1000
0010
,
0100
0001
0010
0000
0011
0000
0011
0000
,
1000
0010
0110
0000
0100
0010
1100
0000
,
0001
0100
0001
0000
0011
0000
0000
0000
,
0001
0100
0110
0000
0010
1000
1100
0000
,
1000
0100
1100
0000
0110
0000
0000
0000
,
1000
0010
0110
0000
0100
0001
0011
0000
,
0001
1000
0001
0000
0011
0000
0000
0000
,
1000
0001
0100
0010
0100
0001
0100
0010
,
1000
0010
0100
0001
0010
0001
1000
0000
,
1001
0000
0000
0000
;

//---------------dance-double - M. Emirzian----------------
#NOTES:
     dance-double:
     M. Emirzian:
     Hard:
     7:
     0.489,0.000,0.450,0.153,0.028,351.000,56.000,19.000,0.000,0.000,0.000:


00000000
00000000
00000000
00000000
,
00000000
00000000
00000000
00000000
,
00000000
00000000
00000000
00000000
,
00000000
00000000
00000000
00000000
,
00000100
00000010
00000001
00001000
00000100
00000000
00001010
00000000
,
00000000
00011000
00000000
00011000
00000000
01001000
00000000
01001000
,
00000000
10100000
00000000
10100000
00000000
11000000
00000000
11000000
,
00000000
01100000
00000000
01100000
00000000
00101000
00000000
00101000
,
00000000
00011000
00000000
00011000
00000000
00001001
00000000
00001001
,
00000000
00000110
00000000
00000110
00000000
00010010
00000000
00010010
,
00000000
00011000
00000000
00011000
00000000
00101000
00000000
00101000
,
00000000
11000000
00000000
11000000
00000000
01010000
00000000
00110000
,
00000000
10100000
00000000
00110000
00000000
00020200
00000000
00030300
,
00001000
00000100
00000010
00000000
00000002
00000000
00001003
00000000
,
00000100
00010000
00001000
00000000
00200000
00000000
00301000
00000000
,
00010000
00000100
00001000
00000000
00000100
00000000
00010000
00001000
,
02000000
00000000
03100000
00000000
10000000
00010000
01000000
00000000
,
00100000
00000000
10000000
00000000
01000000
00100000
00010000
00000000
,
02000000
00000000
03001000
00000000
00010000
00000100
00001000
00000000
,
00000002
00000000
00000013
00000100
00001000
00000000
00000100
00010000
,
00001000
01010000
01100000
00011000
,
00000100
00001000
00000100
00010000
00001000
01000000
00010000
01000000
,
00001000
00010000
00000100
00001000
00000100
00010000
00001000
01000000
,
00010000
01000000
00001000
00010000
00000100
00001000
00000100
00010000
,
00001000
01000000
00010000
01000000
00001000
00010000
00000100
00001000
,
00000100
00010000
00001000
01000000
00010000
01000000
00001000
00010000
,
00000100
00001000
00001000
00010000
,
01001000
01001000
01010000
01010000
,
10010000
01100000
00110000
00101000
,
00010000
00000000
00001000
00010000
00000100
00001000
00000010
00000000
,
00000100
00000000
00000000
00000020
00000000
00000000
00001000
00000030
00000100
00000000
00010000
00000000
00001000
00000000
01000000
00000000
,
00100000
00000000
00000000
02000000
00000000
00000000
00000000
03000000
00010000
00000000
00100000
00000000
00001000
00000000
00010000
00000000
,
00000100
00000000
00000000
00000020
00000000
00000000
00000000
00000030
00000100
00000000
00010000
00000000
00001000
00000000
01000000
00000000
,
00100000
00000000
00000000
20000000
00000000
00000000
00000000
30000000
01000000
00000000
00000000
00000000
01000000
00000000
00100000
00000000
,
00010000
00000000
00000000
02000000
00000000
00000000
00000000
00000000
03001000
00000000
00000000
00000000
00010000
00000000
00000100
00000000
,
00001000
00000000
00000000
00000002
00000000
00000000
00000000
00000000
00000013
00000000
00000000
00000000
00000100
00000000
00001000
00000000
,
00000001
00000000
00000000
00000200
00000000
00000000
00000000
00000000
00000310
00000000
00000000
00000000
00010000
00000000
00001000
00000000
,
01000000
00000000
00020000
00000000
00130000
00000000
01000000
10000000
,
00010000
00000000
00200000
00000000
00301000
00010000
00000100
00000000
,
00001000
00000000
00000010
00000000
00000200
00000000
00000301
00000010
,
00000100
00000000
00010000
00001000
00100000
00000000
00011000
00000000
,
00010000
00000000
00001000
00000000
02000000
00000000
03100000
10000000
,
00010000
00000000
00100000
01000000
10000000
00000000
00110000
00000000
,
01000000
00000000
00100000
00000000
00002000
00000000
00013000
00000100
,
00001000
00000000
00000010
00000000
00000100
00000001
00001000
00000000
,
00000100
00000000
00000010
00000000
,
00000001
00000000
00000100
00000000
,
00000010
00000000
00010000
00000000
,
00001000
00000000
01000000
00000000
,
00100000
00000000
10000000
00000000
,
01000000
00000000
00100000
00000000
,
00001000
00010000
00000010
00000100
,
00000001
00000100
00000010
00001000
00000100
00010000
00001000
00000000
,
00001000
00010000
00000100
00010000
00001000
00100000
00001000
00010000
,
00000010
00010000
00001000
01000000
00001000
00010000
00000100
00010000
,
00001000
00100000
00001000
00010000
00000010
00010000
00001000
01000000
,
00001000
00010000
00000100
00010000
00001000
00100000
00001000
00010000
,
00000010
00010000
00001000
01000000
00001000
00010000
00000100
00010000
,
00001000
00010000
00010000
00001000
,
00101000
01010000
01100000
10010000
,
00101000
00110000
00011000
00010010
,
00100000
00001000
00010000
00000010
00001000
00000010
00010000
00001000
,
00100000
00010000
00100000
00001000
00010000
00000010
00001000
00000010
,
00010000
00001000
00100000
00010000
00100000
00001000
00010000
00000010
,
00001000
00000010
00010000
00001000
00100000
00010000
00100000
00001000
,
00100000
00010000
00100000
00001000
00010000
00000010
00001000
00000010
,
00010000
00001000
00100000
00010000
00100000
00001000
00010000
00000010
,
00001000
00000010
00010000
00001000
00100000
00010000
00100000
00001000
,
00010000
00000000
00010010
00000000
00001100
00000000
00000011
00000010
;

//---------------dance-double - M. Emirzian----------------
#NOTES:
     dance-double:
     M. Emirzian:
     Medium:
     6:
     0.333,0.000,0.096,0.064,0.000,270.000,12.000,8.000,0.000,0.000,0.000:


00000000
00000000
00000000
00000000
,
00000000
00000000
00000000
00000000
,
00000000
00000000
00000000
00000000
,
00000000
00000000
00000000
00000000
,
00000010
00001000
00000100
00000010
00000002
00000000
00000000
00000000
,
00000003
00000100
00000000
00001000
00000000
00010000
00000000
00000100
,
00000000
00010000
00000000
00001000
00000000
00100000
00000000
01000000
,
00000000
10000000
00000000
00100000
00000000
01000000
00000000
00010000
,
00000000
00100000
00000000
00001000
00000000
00010000
00000000
00000010
,
00000000
00000100
00000000
00000001
00000000
00000010
00000000
00000100
,
00000000
00010000
00000000
00001000
00000000
00100000
00000000
01000000
,
00000000
10000000
00000000
10000000
00000000
00010000
00000000
00010000
,
00000000
00100000
00000000
00100000
00000000
00001000
00010000
00000100
,
00000000
00000010
00000000
00000010
00000000
00000001
00000000
00000100
,
00000000
00000010
00000000
00010000
00000000
00001000
00000000
01000000
,
00000000
00100000
00000000
10000000
00000000
00010000
00000000
00100000
,
00000000
00001000
00000000
00010000
00000000
00000010
00000000
00001000
,
00000000
00000001
00000000
00000100
00000000
00000010
00000000
00010000
,
00000000
00001000
00000000
00100000
00000000
00010000
00000000
01000000
,
00000000
00100000
00000000
10000000
00000000
10000000
00000000
00010000
,
00000000
00010000
00000000
00100000
00001000
00010000
00001000
00000000
,
00001000
00010000
00000010
00000000
00000010
00001000
00000010
00000000
,
00010000
00001000
01000000
00000000
01000000
00010000
01000000
00000000
,
00001000
00010000
00000100
00000000
00000100
00001000
00000100
00000000
,
00010000
00001000
00100000
00000000
00100000
00010000
00100000
00000000
,
00001000
00010000
00000010
00000000
00000010
00001000
00000010
00000000
,
00010000
00001000
01000000
00000000
01000000
00010000
01000000
00000000
,
00011000
00011000
00010010
00010010
,
00001000
00000000
00000100
00000000
00000010
00000001
00000100
00000000
,
00000001
00000100
00000010
00010000
,
00001000
00010000
00001000
01000000
,
00100000
10000000
01000000
00100000
,
00001000
00010000
00000020
00000000
,
00000030
00001000
00000000
00000100
00000000
00000010
00000000
00000001
,
00000000
00000010
00000000
00000100
00000000
00010000
00000000
00001000
,
00000000
00100000
00000000
01000000
00000000
00100000
00000000
00010000
,
00000000
10000000
00000000
01000000
00000000
00100000
00000000
00001000
,
00010000
00000000
00000100
00000000
,
00000010
00000000
00000001
00000000
,
00000100
00000000
00000010
00000000
,
00010000
00001000
01000000
00000000
,
00100000
00000000
10000000
00000000
,
01000000
00100000
00010000
00000000
,
00100000
00000000
00001000
00000000
,
00010000
00000100
00001000
00000000
,
00000002
00000000
00000000
00000000
,
00000203
00000000
00000000
00000000
,
00000320
00000000
00000000
00000000
,
00020030
00000000
00000000
00000000
,
00032000
00000000
00000000
00000000
,
02003000
00000000
00000000
00000000
,
03100000
10000000
01000000
00100000
,
00010000
00100000
00001000
00011000
,
00010000
00000010
00010000
00000000
00001000
00100000
00001000
00000000
,
00010000
00000100
00010000
00000000
00001000
01000000
00001000
00000000
,
00010000
00000010
00010000
00000000
00001000
00100000
00001000
00000000
,
00010000
00000100
00010000
00000000
00001000
00100000
00001000
00000000
,
00010000
00000010
00010000
00000000
00001000
01000000
00001000
00000000
,
00010000
00000100
00010000
00000000
00001000
00100000
00001000
00000000
,
00010000
00000100
00001000
00000000
00000010
00000000
00001000
00000000
,
00010000
00011000
00010010
00011000
,
00001000
00010000
00000010
00000000
00000010
00001000
00000010
00000000
,
00010000
00001000
01000000
00000000
01000000
00010000
01000000
00000000
,
00001000
00010000
00000100
00000000
00000100
00001000
00000100
00000000
,
00010000
00001000
00100000
00000000
00100000
00010000
00100000
00000000
,
00001000
00010000
00000010
00000000
00000010
00001000
00000010
00000000
,
00010000
00001000
01000000
00000000
01000000
00010000
01000000
00000000
,
00011000
00110000
00011000
00001010
,
00000010
00000000
00000001
00000000
00000100
00000000
00000010
00001000
;

//---------------dance-double - M. Emirzian----------------
#NOTES:
     dance-double:
     M. Emirzian:
     Easy:
     3:
     0.193,0.000,0.177,0.008,0.000,145.000,22.000,1.000,0.000,0.000,0.000:


00000000
00000000
00000000
00000000
,
00000000
00000000
00000000
00000000
,
00000000
00000000
00000000
00000000
,
00000000
00000000
00000000
00000000
,
00010000
00000000
00000000
00000000
,
10000000
00000000
00000000
00000000
,
00010000
00000000
00000000
00100000
,
00100000
00000000
00000000
00000000
,
00001000
00001000
00000000
00000000
,
00010000
00010000
00000000
00000000
,
00000010
00000010
00000000
00000000
,
00010000
00010000
00000000
00000000
,
00001000
00001000
00000000
00000000
,
01000000
01000000
00000000
00000000
,
00001000
00001000
00000000
00000000
,
00100000
00100000
00000000
00000000
,
00001000
00001000
00000000
00000000
,
00010000
00010000
00000000
00000000
,
00000100
00000100
00000000
00000000
,
00010000
00010000
00000000
00000000
,
00001000
01000000
00200000
00000000
,
10300000
10000000
10010000
00000000
,
01000000
01000000
01010000
00000000
,
00010000
00010000
00011000
00000000
,
00000010
00000010
00001010
00000000
,
00000001
00000001
00001001
00000000
,
00000100
00000100
00010100
00000000
,
00010000
00010000
00011000
00001000
,
00001000
00000000
00000000
00000000
,
01000000
01000000
00100000
00000000
,
10000000
10000000
01000000
00000000
,
00100000
00100000
00001000
00000000
,
00010000
00010000
00000010
00000100
,
00000100
00000100
00000000
00000000
,
00000001
00000001
00000000
00000000
,
00000100
00000100
00000000
00000000
,
00000010
00000010
00000000
00000000
,
00010000
00000000
00000000
00000000
,
00001000
00000000
00000000
00000000
,
01000000
00000000
00000000
00000000
,
00100000
00000000
00000000
00000000
,
10000000
00000000
00000000
00000000
,
01000000
00000000
00000000
00000000
,
00100000
00000000
00000000
00000000
,
00001000
00000000
00000000
00000000
,
00010000
00000000
00000000
00000000
,
00000100
00000000
00000000
00000000
,
00000010
00000000
00000000
00000000
,
00000001
00000000
00000000
00000000
,
00000100
00000000
00000000
00000000
,
00000010
00000000
00000000
00000000
,
00010000
00000000
00001000
00000000
,
01000000
00100000
10000000
10010000
,
00010000
00010000
00110000
00000000
,
10000000
10000000
10010000
00000000
,
01000000
01000000
00110000
00000000
,
00001000
00001000
00101000
00000000
,
00010000
00010000
00010010
00000000
,
00001000
00001000
00001001
00000000
,
00000010
00000010
00000110
00000000
,
00001000
00001000
00011000
00010000
,
00010000
00000000
00000000
00000000
,
00000010
00000010
00001010
00000000
,
00010000
00010000
00011000
00000000
,
01000000
01000000
10010000
00000000
,
00100000
00100000
01100000
00000000
,
00010000
00010000
00010100
00000000
,
00010000
00010000
00011000
00001000
,
00001000
00000010
00000001
00000001
;

//---------------lights-cabinet - ----------------
#NOTES:
     lights-cabinet:
     :
     Easy:
     1:
     1.000,0.000,1.000,0.056,0.064,430.000,246.000,7.000,0.000,213.000,0.000:


00000000
00000000
00000000
00000000
,
00000000
00000000
00000000
00000000
,
10000011
01000000
00100000
00010000
00100011
01000000
10000000
01000000
,
00100011
00010000
00100011
01000000
10000011
00100000
01000011
00000000
,
10000011
00100000
00000000
01000000
00100000
00000000
01000000
00000000
00010000
00000000
00000000
00000000
00000000
00000000
00000000
00000000
,
10000011
00000000
00100000
00000000
10000011
00000000
01000000
10000000
00100011
00000000
01000000
00000000
00010011
00000000
00100000
00000000
,
00010011
00000000
01000000
00000000
00100011
00000000
10000000
01000000
10000011
00000000
00100000
00000000
01000011
00000000
00010000
00000000
,
00100011
00000000
00010000
00000000
01000011
00000000
00100000
10000000
01000011
00000000
10000000
00000000
00100011
00000000
01000000
00000000
,
00010011
00000000
00100000
00000000
00010011
00000000
01000000
00100000
10000011
00000000
01000000
00000000
10000011
00000000
00000011
00000000
,
00010011
00000000
01000000
00000000
00100011
00000000
10000000
00100000
01000011
00000000
00010000
00000000
00200011
00000000
00000000
00000000
,
00310011
00000000
00010000
00000000
01000011
00000000
00100000
10000000
00100011
00000000
10000000
00000000
02000011
00000000
00000000
00000000
,
13000011
00100000
01000011
00010000
00100011
00010000
10000011
00100000
,
01000011
00010000
00100011
00010000
00000011
00000000
00110011
00000011
,
10000011
00000000
10000000
00000000
00100011
00000000
10000000
00100000
01000011
00000000
00000000
00000000
00010011
00000000
00000000
00000000
,
00010011
00000000
00100000
00000000
00010011
00000000
01000000
00100000
01000011
00000000
00000000
00000000
00100011
00000000
00000000
00000000
,
10000011
00000000
01000000
00000000
10000011
00000000
00100000
01000000
00100011
00000000
00000000
00000000
10000011
00000000
00000000
00000000
,
00010011
00000000
10000000
00000000
00100011
00000000
10000000
01000000
10000011
00000000
00000000
00000000
10000011
00000000
00000011
00000000
,
00100011
00100000
10100011
00000000
00100011
00100000
01100011
00000000
,
10000011
10000000
10010011
00000000
10000011
10000000
11000011
00000000
,
00100011
10000000
00100000
01000000
00010011
00100000
00010000
01000000
,
00100011
10000000
01000011
11000000
00000011
00000000
00000000
00000000
,
00010011
00010000
00010011
10000000
00100011
00000000
01000011
00100000
,
00000011
10000000
00100011
00000000
01100011
00000000
00000011
00000000
,
10000011
10000000
10000011
00100000
01000011
00000000
00010011
01000000
,
00000011
00100000
01000011
00000000
01100011
00000000
00000011
00000000
,
00010011
10000000
00100011
01000000
00010011
00000000
01000011
00100000
,
00000011
10000000
00100011
00000000
01100011
00000000
00000011
00000000
,
10000011
01000000
10000011
00100000
01000011
00010000
00100011
00010000
,
00100011
00010011
00110011
01101111
,
10000011
00000000
00000000
00010000
00000011
00000000
01000000
00000000
00100011
00000000
10000000
00000000
01000011
00000000
10000000
00000000
,
00100011
00000000
00000000
01000000
00000011
00000000
00010000
00000000
00100011
00000000
00010000
00000000
01000011
00000000
00100000
00000000
,
10000011
00000000
00000000
01000000
00000011
00000000
10000000
00000000
00100011
00000000
01000000
00000000
00010011
00000000
00100000
00000000
,
00010011
00000000
00000000
01000000
00000011
00000000
00100000
00000000
10000011
00000000
00000000
00000000
01100011
00000000
00000000
00000000
,
10000011
01000000
10000011
00100000
10000011
01000000
10000011
00100000
,
01000011
00010000
00100011
00010000
10000011
00010000
01000011
00000000
,
00010011
00100000
00010011
01000000
00010011
00100000
00010011
01000000
,
00100011
10000000
01000011
10000000
00100011
01000000
00010011
00000000
,
10000011
00000000
01100000
00000000
10000011
00100000
01000011
00000000
,
00010011
00000000
01100000
00000000
00010011
01000000
00100011
00000000
,
10000011
00000000
01010000
00000000
10000011
01000000
10000011
00000000
,
00010011
00000000
10100000
00000000
00010011
01000000
00100011
10000011
,
01000011
11000011
00010011
00110011
,
10000011
00000000
01100000
00000000
10000011
01000000
00000011
00000000
,
10000011
00100000
01000000
00010000
01000011
00100000
10000000
00100000
,
01100011
00000000
00110011
00000000
00010011
00100011
00000000
00000000
,
00020011
00000000
00000000
01030000
00000000
00000000
00100000
01000000
,
00020000
00000000
00100000
00000000
00130000
00010000
00000000
00000000
,
02000011
00000000
00000000
03100000
00000000
00000000
01000000
00100000
,
10000000
00000000
10000000
00000000
00100000
10000000
00000000
00000000
,
02000011
00000000
00000000
13000000
00000000
00000000
00100000
10000000
,
02000011
00000000
10000000
00000000
13000000
10000000
00000000
00000000
,
00100011
00100000
01000000
01000000
00010011
00010000
10000000
10000000
,
00010011
01000011
00100011
01000011
00010011
00000011
00110011
00000000
,
10000011
10000000
10000011
00010000
01000011
00000000
00100011
10000000
,
00000011
00100000
01000011
00000000
01100011
00000000
00000011
00000000
,
00010011
00010000
00010011
00100000
00010011
00000000
01000011
00100000
,
00000011
10000000
00100011
00000000
01100011
00000000
00000011
00000011
,
00010011
00100000
00010011
01000000
00100011
00000000
10000011
00100000
,
00000011
01000000
00010011
00000000
00110011
00000000
00000011
00000000
,
10000011
00010000
01000011
00100000
10000011
01000000
10000011
00100000
,
01000011
00010000
00100011
00000000
00110011
00000000
00110011
00000000
,
10000011
00100000
01100011
00000000
01000011
00100000
11000011
00000000
,
00010011
01000000
00010011
00000000
00110011
00000000
00000011
00000000
,
00010011
01000000
01100011
00000000
00100011
10000000
11000011
00000000
,
10000011
01000000
11000011
00000000
01100011
00000000
00000011
00000000
,
10000011
00100000
01100011
00000000
01000011
00010000
00110011
00000000
,
00010011
10000000
00010011
00000000
00110011
00000000
00000011
00000000
,
10000011
00010000
01000011
00100000
01000011
00010000
01000011
00100000
,
10000011
00100000
01000011
00010000
00100011
00010000
10000011
00000000
,
11110011
00000000
00000000
00000000
;

//---------------dance-single - M. Puls----------------
#NOTES:
     dance-single:
     M. Puls:
     Beginner:
     1:
     0.083,0.000,0.040,0.000,0.000,67.000,5.000,0.000,0.000,0.000,0.000:


0000
0000
0000
0000
,
0000
0000
0000
0000
,
0000
0000
0000
0000
,
1000
0000
0000
0000
,
1000
0000
0000
0000
,
0001
0000
0000
0000
,
0001
0000
0000
0000
,
1000
0000
0000
0000
,
0001
0000
0000
0000
,
1000
0000
0000
0000
,
0100
0000
0000
0000
,
1000
0000
0000
0000
,
0001
0000
0000
0000
,
0100
0000
0000
0000
,
0001
0000
0000
0000
,
1000
0000
0000
0000
,
0001
0000
0000
0000
,
1000
0000
0000
0000
,
0001
0000
0000
0000
,
0001
0000
0000
0000
,
1001
0000
0000
0000
,
0000
0000
0000
0000
,
0000
0000
1001
0000
,
0000
0000
0000
0000
,
0000
0000
1001
0000
,
1000
0000
0000
0000
,
0010
0000
0000
0000
,
0100
0000
0000
0000
,
0001
0000
0000
0000
,
1000
0000
0000
0000
,
1000
0000
0000
0000
,
0001
0000
0000
0000
,
0001
0000
0000
0000
,
0100
0000
0000
0000
,
0100
0000
0000
0000
,
0010
0000
0000
0000
,
0010
0000
0000
0000
,
0001
0000
0000
0000
,
1000
0000
0000
0000
,
1001
0000
0000
0000
,
0000
0000
0000
0000
,
1001
0000
0000
0000
,
0010
0000
0000
0000
,
0100
0000
0000
0000
,
1000
0000
1000
0000
,
0001
0000
0001
0000
,
1000
0000
1000
0000
,
0010
0000
0010
0000
,
1000
0000
1000
0000
,
0001
0000
0001
0000
,
0000
0000
0000
0000
,
1000
0000
0000
0000
,
0001
0000
0000
0000
,
1000
0000
0000
0000
,
0001
0000
0000
0000
,
1000
0000
0000
0000
,
0001
0000
0000
0000
,
0100
0000
0000
0000
,
0100
0000
0000
0000
,
0010
0000
0000
0000
,
0010
0000
0000
0000
,
0000
0000
0000
0000
,
0010
0000
0000
0000
,
0010
0000
0000
0000
,
0100
0000
0000
0000
,
0100
0000
0000
0000
,
0100
0000
0000
0000
,
0001
0000
0000
0000
,
1000
0000
0000
0000
;
