#TITLE:Kagami;
#SUBTITLE:;
#ARTIST:KaW;
#TITLETRANSLIT:;
#SUBTITLETRANSLIT:;
#ARTISTTRANSLIT:;
#GENRE:;
#CREDIT:;
#BANNER:kagami-banner.png;
#BACKGROUND:Kagami-bg.png;
#LYRICSPATH:;
#CDTITLE:;
#MUSIC:KaW - Kagami.ogg;
#OFFSET:-0.020;
#SAMPLESTART:27.860;
#SAMPLELENGTH:13.230;
#SELECTABLE:YES;
#BPMS:0.000=146.000,0.000=146.000,212.000=73.000,212.000=73.000,224.000=73.040,228.000=146.000,228.000=146.000;
#STOPS:;
#BGCHANGES:0.000=Kagami-bg.png=1.000=0=0=1=====,
14.000=vis_VOL1-17-NTSC.mpg=1.000=1=0=1===CrossFade==,
27.000=VOL1-17-NTSC.mpg=1.000=1=0=1===CrossFade==,
32.000=708_JumpBack.mpg=1.000=0=0=1=====,
48.000=EV01453N.mpg=1.000=0=0=1=====,
64.000=vis_VOL1-17-NTSC.mpg=1.000=0=0=1=====,
68.000=736_JumpBack.mpg=1.000=0=0=1=====,
84.000=739_JumpBack.mpg=1.000=0=0=1=====,
100.000=676_JumpBack.mpg=1.000=0=0=1=====,
116.000=673_JumpBack.mpg=0.900=0=0=1=====,
132.000=666_JumpBack.mpg=1.000=0=0=1=====,
148.000=675_JumpBack.mpg=1.000=0=0=1=====,
164.000=EV01455N.mpg=1.000=0=0=1=====,
180.000=689_JumpBack.mpg=1.000=0=0=1=====,
196.000=VOL1-08-NTSC.mpg=1.000=0=0=1=====,
212.000=vis_VOL1-13-NTSC.mpg=1.000=0=0=1=====,
220.000=vis_EV01457N.mpg=1.000=0=0=1=====,
228.000=738_JumpBack.mpg=1.000=0=0=1=====,
244.000=708_JumpBack.mpg=1.000=0=0=1=====,
260.000=676_JumpBack.mpg=1.000=0=0=1=====,
268.000=666_JumpBack.mpg=1.000=0=0=1=====,
276.000=Kagami-bg.png=1.000=0=0=1=====,
99999=-nosongbg-=1.000=0=0=0 // don't automatically add -songbackground-
;
#KEYSOUNDS:;
// cache tags:
#FIRSTBEAT:16.000;
#LASTBEAT:278.000;
#SONGFILENAME:/Songs/In The Groove/Kagami/Kagami.sm;
#HASMUSIC:1;
#HASBANNER:1;
#MUSICLENGTH:123.297;
// end cache tags

//---------------dance-single - K. Ward----------------
#NOTES:
     dance-single:
     K. Ward:
     Hard:
     8:
     0.520,0.000,0.276,0.122,0.097,400.000,34.000,15.000,0.000,0.000,0.000:



0000
0000
0000
0000
,
0000
0000
0000
0000
,
0000
0000
0000
0000
,
0000
0000
0000
0000
,
1000
0000
0010
0000
0100
0001
0010
0000
,
0001
0000
0100
0000
0010
1000
0100
0000
,
1000
0000
0010
0000
0100
0001
0010
0000
,
0022
0000
0033
0000
,
1000
0100
0010
0001
0020
0000
0031
0000
,
1000
0010
0100
0001
0200
0000
0310
0000
,
1000
0100
1000
0010
0200
0000
0301
0000
,
0100
1000
0010
0001
,
0001
0010
0100
1000
0200
0000
1300
0000
,
1000
0100
0010
0001
0020
0000
0130
0000
,
0010
0001
0100
0010
1000
0100
1000
0010
,
0100
0001
0010
0011
,
0001
0010
0001
0000
0100
0000
0010
1000
0100
0000
1000
0000
2000
0000
0000
0000
,
3001
0001
0001
0000
0001
1000
0010
0100
,
0000
0100
0100
0010
0100
0001
0010
0000
,
0001
0001
0001
0000
0100
0010
1000
1000
,
0000
1000
0000
0010
0100
0000
0110
0000
,
0100
0100
0100
0000
0010
1000
0100
1000
,
0000
0010
0010
0100
0001
0010
0001
0000
,
0010
0010
0010
0000
0001
0100
0001
0200
,
0000
0310
0000
1000
0100
0000
1100
0000
,
1000
1000
1000
0000
0010
0100
0001
0010
,
0000
0001
0001
0100
0010
1000
1000
0000
,
0001
0001
0001
0000
0100
0010
1000
1000
,
0000
0010
0000
0100
0001
0000
0011
0000
,
1000
1000
1000
0000
0010
0100
0010
1000
,
0000
0010
0010
1000
0100
0010
0100
0000
,
1000
1000
1000
0000
0010
0100
0001
0001
,
0000
1000
0000
0100
1000
0000
1100
0000
,
1000
0010
0100
0001
0020
0000
0031
0000
,
0100
0010
1000
0001
0200
0000
0310
0000
,
1000
0100
1000
0010
0200
0000
0301
0000
,
0010
0001
0100
0010
1000
0000
0100
0000
,
1000
0100
1000
0100
1000
0000
0000
0000
0010
0000
0000
0000
0110
0000
0000
0000
,
0100
0010
0100
0010
0100
0000
0000
0000
0001
0000
0000
0000
0011
0000
0000
0000
,
1000
0100
1000
0100
1000
0000
0000
0000
0010
0000
0000
0000
0110
0000
0000
0000
,
1000
0100
0010
0100
1000
0000
1100
0000
,
0001
0010
0001
0010
0001
0000
0000
0000
0100
0000
0010
0000
0110
0000
0000
0000
,
0010
0100
0010
0100
0010
0000
0000
0000
1000
0000
0100
0000
1100
0000
0000
0000
,
0001
0010
0001
0010
0001
0000
0000
0000
0100
0000
0010
0000
0110
0000
0000
0000
,
0001
0100
0010
1000
0200
0000
1300
0000
,
1000
0100
1000
0100
1000
0000
0000
0000
0110
0000
0110
0000
0110
0000
0000
0000
,
0001
0010
0001
0010
0001
0000
0000
0000
0110
0000
0110
0000
0110
0000
0000
0000
,
1000
0100
1000
0100
1000
0000
0000
0000
1001
0000
1001
0000
1001
0000
0000
0000
,
1000
0001
0100
0010
2000
0000
3100
0000
,
1000
1000
1000
0000
1000
0001
0100
0010
,
0000
0010
0010
0100
0010
0100
0001
0000
,
1000
1000
1000
0000
0001
0100
0001
0001
,
0000
0100
0000
0010
1000
0000
1001
0000
,
0001
0000
0100
0000
0010
0000
1000
0100
1000
0000
0100
0000
1000
0000
0000
0000
,
0010
0000
0100
0000
0001
0000
0010
0001
0100
0000
0010
0000
0110
0000
0000
0000
,
1000
0000
0100
0000
1000
0000
0010
0100
0001
0000
0010
0000
0001
0000
0000
0000
,
0001
0000
0010
0000
0001
0000
0100
0010
1000
0000
0100
0000
1100
0000
0000
0000
,
1000
0010
0100
0001
1000
0000
1100
0000
,
0010
0100
0001
0010
0001
0000
0011
0000
,
1000
0010
0100
0001
0100
0000
1100
0000
,
0010
0001
0100
1000
,
0001
0100
0001
1000
0010
1000
1100
0000
,
1000
0010
0100
0001
0100
0001
0011
0000
,
0001
0100
0010
1000
0010
0100
0110
0000
,
0001
0010
0100
1000
0010
0100
0002
0000
,
1003
0100
1000
0010
,
0100
0000
0001
0000
0010
0000
0001
0100
,
0010
1000
0100
1000
,
0110
0000
0011
0000
,
1001
0000
0000
0000
;

//---------------dance-single - K. Ward----------------
#NOTES:
     dance-single:
     K. Ward:
     Easy:
     3:
     0.276,0.000,0.008,0.065,0.000,229.000,1.000,8.000,0.000,0.000,0.000:



0000
0000
0000
0000
,
0000
0000
0000
0000
,
0000
0000
0000
0000
,
0000
0000
0000
0000
,
0001
1000
0010
1000
,
0010
0001
0100
0010
,
0100
0010
1000
0010
,
1001
0000
0000
0000
,
0001
0001
0010
0000
,
0100
0100
1000
0000
,
0001
0001
0010
0000
,
0001
0010
0001
1000
,
0001
0001
0010
0000
,
0100
0100
1000
0000
,
0001
0001
0010
0000
,
0001
0100
0000
1000
,
0001
0000
0000
0000
,
0001
0001
0001
0010
,
0100
1000
1000
1000
,
0010
0100
0100
0100
,
0010
0001
0010
1000
,
0001
0001
0001
0010
,
0100
1000
1000
1000
,
0010
0100
0100
0100
,
0010
0001
0010
1000
,
0001
0001
0001
0010
,
0100
1000
1000
1000
,
0010
0100
0100
0100
,
0010
0001
0010
1000
,
0001
0001
0001
0010
,
0100
1000
1000
1000
,
0010
0100
0100
0100
,
0010
0001
0010
1000
,
0010
0002
0000
1003
,
0010
2000
0000
3001
,
0100
2000
0000
3010
,
0100
0000
1000
0000
,
0010
0002
0000
1003
,
0010
2000
0000
3001
,
0100
2000
0000
3010
,
0100
1000
0000
0010
,
1000
1000
0010
1000
,
0001
0001
0010
1000
,
0100
0100
1000
0100
,
0010
0100
0020
0000
,
1030
1000
0010
1000
,
0001
0001
0010
1000
,
0100
0100
1000
0100
,
0010
0100
0020
0000
,
0031
0001
0001
0010
,
0100
1000
1000
1000
,
0010
0100
0100
0100
,
0010
0001
0010
1000
,
0100
0100
0010
0001
,
0001
1000
1000
0001
,
0100
0100
0010
0001
,
0001
1000
0100
0000
,
0001
0010
0001
0100
,
0001
0010
0001
0100
,
0001
1000
0100
1000
,
0100
0000
0100
0000
,
0001
0010
0001
0100
,
0001
0010
0001
0100
,
0001
1000
0100
0001
,
0100
0000
0100
0000
,
0010
0010
0000
0001
,
0100
0100
0000
1000
,
0001
0001
0000
1000
,
0001
0100
0010
0100
,
0001
0000
0000
0000
;

//---------------dance-single - K. Ward----------------
#NOTES:
     dance-single:
     K. Ward:
     Medium:
     5:
     0.360,0.000,0.024,0.178,0.000,286.000,3.000,22.000,0.000,0.000,0.000:



0000
0000
0000
0000
,
0000
0000
0000
0000
,
0000
0000
0000
0000
,
0000
0000
0000
0000
,
0001
0100
0010
0100
,
0001
0001
0100
0010
,
1000
0010
0100
0010
,
0101
0000
0000
0000
,
0001
0010
0001
0000
0010
0000
0010
0000
,
1000
0100
1000
0000
0100
0000
0100
0000
,
0001
0010
0001
0000
0010
0000
0010
0000
,
0001
0100
0000
0100
0001
0000
0100
0000
,
0001
0010
0001
0000
0010
0000
0010
0000
,
0001
0010
0001
0000
0010
0000
0010
0000
,
1000
0100
1000
0000
0100
0000
0100
0000
,
0001
0010
0000
0001
0010
0000
1100
0000
,
2002
0000
0000
3003
,
0001
0010
0001
0000
0010
0000
0001
0000
,
0010
1000
0010
0000
1000
0000
0010
0000
,
0001
0010
0001
0000
0010
0000
0100
0000
,
0010
1000
0000
0100
0010
0000
0001
0000
,
0001
0010
0001
0000
0010
0000
0001
0000
,
0010
1000
0010
0000
1000
0000
0010
0000
,
0001
0010
0001
0000
0010
0000
0100
0000
,
0010
1000
0000
0100
0010
0000
0001
0000
,
0001
0010
0001
0000
0010
0000
0001
0000
,
0010
1000
0010
0000
1000
0000
0010
0000
,
0001
0010
0001
0000
0010
0000
0100
0000
,
0010
1000
0000
0100
0010
0000
0001
0000
,
0001
0010
0001
0000
0010
0000
0001
0000
,
0010
1000
0010
0000
1000
0000
0010
0000
,
0001
0010
0001
0000
0010
0000
0100
0000
,
0010
1000
0000
0100
0010
0000
0001
0000
,
0010
0000
0100
0000
0020
0000
0000
0030
,
1000
0000
0001
0000
0200
0000
0000
0300
,
0010
0000
0100
0000
0020
0000
0000
0030
,
1000
0010
0100
0100
,
0010
0000
0100
0000
0020
0000
0000
0030
,
1000
0000
0001
0000
0200
0000
0000
0300
,
0010
0000
0100
0000
0020
0000
0000
0030
,
1000
0001
0010
0001
0100
0000
0100
0000
,
2000
0000
3020
0000
0000
0030
0100
0000
,
0200
0000
2300
0000
0000
3000
0001
0000
,
2000
0000
3020
0000
0000
0030
0100
0000
,
0200
1000
0000
1000
,
2300
0000
3020
0000
0000
0030
0100
0000
,
0200
0000
2300
0000
0000
3000
0001
0000
,
2000
0000
3020
0000
0000
0030
0100
0000
,
0200
0000
0000
0000
0000
0000
0000
0000
0000
0000
0000
0000
0000
0000
0000
0000
0000
0000
0000
0000
0000
0000
0000
0000
0000
0000
0000
0000
0000
0000
0000
0000
0000
0000
0000
0000
0000
0000
0000
0000
0000
0000
0000
0000
0000
0000
0000
0000
1000
0000
0000
0000
0000
0000
0000
0000
0000
0000
0000
0000
0000
0000
0000
0000
0000
0000
0000
0000
0000
0000
0000
0000
0000
0000
0000
0000
0000
0000
0000
0000
0000
0000
0000
0000
0000
0000
0000
0000
0000
0000
0000
0000
0000
0000
0000
0000
0000
0000
0000
0000
0000
0000
0000
0000
0000
0000
0000
0000
0000
0000
0000
0000
0000
0000
0000
0000
0000
0000
0000
0000
0000
0000
0000
0000
0000
0000
0000
0000
0000
0000
0000
0000
0000
0000
0000
0000
0000
0000
0000
0000
0000
0000
0000
0000
1000
0000
0000
0000
0000
0000
0000
0000
0000
0000
0000
0000
0000
0000
0000
0000
0000
0000
0000
0000
0000
0000
0000
0000
0000
0000
0300
0000
0000
0000
0000
0000
0000
0000
0000
0000
0000
0000
0000
0000
0000
0000
0000
0000
0000
0000
0000
0000
,
0001
0010
0001
0000
0010
0000
0001
0000
,
0010
1000
0010
0000
1000
0000
0010
0000
,
0001
0010
0001
0000
0010
0000
0100
0000
,
0010
1000
0000
0100
0010
0000
0001
0000
,
1000
0100
1000
0100
0010
0100
0001
0010
,
0001
0010
0100
1000
0100
0000
0001
0000
,
1000
0100
1000
0100
0010
0100
0001
0010
,
0001
0010
0100
1000
0100
0000
0001
1000
,
0001
0000
0100
0001
0100
0000
0010
0000
,
0010
0000
0010
0100
0001
0000
0010
0000
,
0001
0000
0100
0001
0100
0000
0010
0000
,
0010
1000
0000
0001
,
0001
0000
0100
0001
0100
0000
0010
0000
,
0010
0000
0010
0100
0001
0000
0010
0000
,
0001
0000
0100
0001
0100
0000
0010
0000
,
0010
1000
0000
0001
,
0010
0010
1000
0001
,
1000
1000
0010
0100
,
0001
0001
0100
0100
,
0001
0000
0100
0000
,
0010
0000
0000
0000
;

//---------------dance-single - K. Ward----------------
#NOTES:
     dance-single:
     K. Ward:
     Challenge:
     10:
     0.802,0.000,0.406,0.260,0.904,610.000,50.000,32.000,69.000,6.000,0.000:



0000
0000
0000
0000
,
0000
0000
0000
0000
,
0000
0000
0000
0000
,
0000
0000
0000
0000
,
1000
0100
1000
0100
1000
0000
0000
0000
0010
0100
0010
0100
0010
0000
0000
0000
,
1000
0010
1000
0010
1000
0000
0000
0000
0001
1000
0001
1000
0001
0000
0000
0000
,
1000
0010
1000
0010
1000
0000
0000
0000
0001
0010
0001
0010
0001
0000
0000
0000
,
2002
0000
0000
0000
0000
0000
0000
0000
3003
0000
0000
M00M
0000
0000
0000
0000
,
1000
0000
0000
1000
0010
0000
0000
0010
0100
0000
0000
0100
0001
0010
0001
0000
,
1000
0000
0000
1000
0010
0000
0000
0010
0100
0000
0000
0100
0001
0010
0001
0000
,
1000
0000
0000
1000
0010
0000
0000
0010
0100
0000
0000
0100
0010
1000
0100
0000
,
1000
0100
0110
0010
02M0
0000
1300
1000
,
0001
0000
0000
1000
0010
0000
0000
0010
0100
0000
0000
0100
0001
1000
0001
0000
,
1000
0000
0000
0001
0010
0000
0000
0001
0100
0000
0000
0010
1000
0100
1000
0000
,
0010
0000
0000
1000
0010
0000
0000
0100
0001
0000
0000
0100
0010
0100
0010
0000
,
1000
0100
1010
0100
0010
1100
0010
0100
,
0001
0010
0001
0000
0100
0000
0010
1000
0100
0000
1000
0000
1000
0000
0010
0000
,
1001
0000
1000
0000
0110
0000
0010
0000
0011
0000
0010
0000
1010
0000
0010
0100
,
0001
0000
0001
0000
0101
0000
1000
0000
1100
0000
0100
0000
0011
0000
0100
0010
,
1000
0000
1000
0000
0101
0000
1000
0000
1100
0000
1000
0000
0011
0000
0100
0001
,
0200
0010
0010
0300
0M02
0100
0103
000M
,
0011
0000
0001
0000
0110
0000
0010
0000
1100
0000
0001
0000
0110
0000
0001
1000
,
0001
0000
0001
0000
0110
0000
0001
0000
0011
0000
1000
0000
1100
0000
0010
0100
,
0001
0000
0001
0000
1010
0000
0001
0000
0011
0000
0001
0000
0110
0000
0001
1000
,
0002
0000
0000
0000
0010
0000
0000
0000
0013
0000
0000
0000
0000
00MM
0000
0000
0200
0000
0000
0000
0010
0000
0000
0000
0310
0000
0000
0000
0000
0MM0
0000
0000
,
1010
0000
0000
0000
0011
0000
1000
0100
1000
0100
1000
0000
0010
0000
0010
0000
,
0011
0000
0000
0000
1000
0000
0001
0100
0001
0100
0001
0000
0010
0000
0010
0000
,
0011
0000
0000
0000
1000
0000
0100
1000
0100
1000
0100
0000
1000
0000
0001
0000
,
0011
0000
0000
0000
0100
0000
0001
0010
0001
0000
0010
0000
0001
0000
0100
0000
,
1010
0000
0000
0000
0001
0000
1000
0100
1000
0100
1000
0000
0010
0000
0100
0000
,
0011
0000
0000
0000
1000
0000
0001
0100
0001
0100
0001
0000
0010
0000
0100
0000
,
1010
0000
0000
0000
0001
0000
1000
0100
1000
0100
1000
0000
0010
0000
1000
0000
,
2000
0200
0020
3330
,
1000
0000
0100
0000
1000
0000
0100
1000
0010
0000
0100
0000
0001
0100
0010
1000
,
0001
0000
0010
0000
0001
0000
0100
0010
1000
0000
0100
0000
1000
0100
0010
0001
,
0010
0000
0001
0000
0100
0000
0010
1000
0100
0000
1000
0000
0010
0100
0001
0010
,
0001
1000
0010
0100
0011
0011
0011
0000
,
1000
0010
0100
0001
0010
0000
0000
0000
1100
0000
MM00
1100
0000
MM00
1100
0000
,
1000
0000
0010
0000
0100
0000
0001
0000
0010
0000
0000
0000
0000
0000
0000
0000
0011
0000
0000
00MM
0000
0000
0011
0000
0000
0000
00MM
0000
0011
0000
0000
0000
,
0001
0000
0100
0000
0010
0000
1000
0000
0100
0000
0000
0000
0000
0000
0000
0000
1100
0000
0000
MM00
0000
0000
0110
0000
0000
0000
0MM0
0000
0011
0000
0000
0000
,
0001
0100
0010
0100
0001
1000
2000
0000
,
3001
0000
0000
0100
0000
0000
0001
0000
0000
0000
0000
0000
0100
0000
0000
0010
0000
0000
1000
0000
0000
0000
0000
0000
0010
0000
0000
0100
0000
0000
0001
0000
0000
0100
0000
0000
0001
0000
0000
0000
0000
0000
0000
0000
00MM
0000
0000
0000
,
1000
0000
0000
0010
0000
0000
1000
0000
0000
0000
0000
0000
0010
0000
0000
0100
0000
0000
0001
0000
0000
0000
0000
0000
0100
0000
0000
0010
0000
0000
1000
0000
0000
0010
0000
0000
1000
0000
0000
0000
0000
0000
0000
0000
MM00
0000
0000
0000
,
0001
0000
0000
0100
0000
0000
0001
0000
0000
0000
0000
0000
0010
0000
0000
0001
0000
0000
0100
0000
0000
0000
0000
0000
0010
0000
0000
0100
0000
0000
0001
0000
0000
0100
0000
0000
0001
0000
0000
0000
0000
0000
0000
0000
00MM
0000
0000
0000
,
0010
0000
0000
0001
0000
0000
1000
0000
0000
0000
0000
0000
0010
0000
0000
0000
0000
0000
0100
0000
0000
0000
0000
0000
1000
0000
000M
0000
0000
0000
1000
0000
00MM
0000
0000
0000
0200
0000
00MM
0000
0000
0000
0000
0000
00M0
0000
0000
0000
,
0301
0000
0000
0010
0000
0000
0001
0000
0000
0000
0000
0000
0100
0000
0000
0010
0000
0000
1000
0000
0000
0000
0000
0000
0001
0000
0000
0100
0000
0000
0010
0000
0000
0100
0000
0000
0010
0000
0000
0000
0000
0000
0000
0000
0MM0
0000
0000
0000
,
1000
0000
0000
0001
0000
0000
1000
0000
0000
0000
0000
0000
0001
0000
0000
0100
0000
0000
0010
0000
0000
0000
0000
0000
0100
0000
0000
0001
0000
0000
0010
0000
0000
0001
0000
0000
0010
0000
0000
0000
0000
0000
0000
0000
00MM
0000
0000
0000
,
0001
0000
0000
0100
0000
0000
0010
0000
0000
0000
0000
0000
0100
0000
0000
0010
0000
0000
1000
0000
0000
0000
0000
0000
0010
0000
0000
0100
0000
0000
0001
0000
0000
0100
0000
0000
0002
0000
0000
0000
0000
0000
0000
0000
0MM0
0000
0000
0000
,
1003
0000
0000
0000
0010
0000
0000
0000
0100
0000
0000
0000
0001
0000
0000
0000
0010
0000
0001
0000
0010
0M00
0000
0000
0011
0000
0000
0000
0000
0000
0000
0000
,
2200
0000
0000
0000
0010
3300
0000
0000
,
0020
0000
0000
0000
1100
0030
0000
0000
,
2200
0000
0000
0000
0001
3300
0000
0000
,
0002
0000
1100
0000
1100
0003
0000
0000
,
1000
0001
1000
0000
0001
1000
0001
0000
1000
0001
1000
0001
1000
0000
0000
0000
0010
0100
0010
0000
0100
0010
0100
0000
0010
0100
0010
0100
0010
0000
0000
0000
,
1000
0001
1000
0000
0001
1000
0001
0000
1000
0001
1000
0001
1000
0000
0000
0000
0010
0100
0010
0100
0010
0000
0MM0
0000
0100
0010
0100
0010
0100
0000
0000
0000
,
0001
1000
0001
0000
1000
0001
1000
0000
0001
1000
0001
1000
0001
0000
0000
0000
0100
0010
0100
0000
0010
0100
0010
0000
0100
0010
0100
0010
0100
0000
0000
0000
,
0001
1000
0001
0000
1000
0001
1000
0000
0001
1000
0001
1000
0001
0000
0000
0000
1000
0100
1000
0100
1000
0000
0000
M000
0M01
0010
0001
0010
0002
0000
00M0
0000
,
1003
0000
M010
0000
10M0
0000
0010
0100
0000
0001
0100
0000
0010
0M00
1000
00M0
,
M100
0000
1000
0000
0M10
0000
1000
0100
0000
1000
0010
0000
M200
0000
0001
0300
,
0010
0100
M020
0000
0001
0030
0100
0010
0000
1M00
0010
0000
0200
0000
03M1
0000
,
0020
0000
010M
0030
0200
0000
0000
0310
0000
0010
0001
0000
0010
000M
M100
0000
,
0010
0001
0M10
0000
0001
00M0
1000
0010
0000
1000
0100
0000
2000
0000
0010
3000
,
M100
0010
1000
0000
M010
0000
0100
0001
0000
0010
0001
0000
0100
0000
001M
0000
,
0100
0000
0000
0001
0000
0000
0010
0000
0M00
0000
0000
0000
0001
0000
0000
0000
0000
0000
0010
0000
0000
0001
0000
0000
0000
0000
0000
0100
0000
0000
0010
0000
0000
0M00
0000
0000
1000
0000
0000
0000
0000
0000
0010
0000
0000
0000
0000
0000
,
2000
0000
0100
3000
0200
000M
0000
1300
0000
1000
0010
0000
010M
M000
0010
0000
,
1000
0100
1000
01M0
2000
0000
0000
0000
3001
0100
0001
0100
0002
0000
0000
0000
,
1003
0100
1000
0100
2000
0000
0000
0000
3001
0010
0001
0010
0002
0000
0000
0000
,
1003
0010
1000
0010
1000
0000
0010
0000
0100
0001
0100
0001
0100
0000
0010
0000
,
1000
0100
0010
0000
0010
0100
1000
0000
0100
1000
0100
0010
0001
0100
0010
1000
,
0001
0000
0000
0000
;

//---------------dance-double - M. Emirzian----------------
#NOTES:
     dance-double:
     M. Emirzian:
     Easy:
     5:
     0.305,0.000,0.170,0.227,0.000,214.000,21.000,28.000,0.000,0.000,0.000:


00000000
00000000
00000000
00000000
,
00000000
00000000
00000000
00000000
,
00000000
00000000
00000000
00000000
,
00000000
00000000
00000000
00000000
,
20000000
31000000
00200000
00310000
,
02000000
03001000
00020000
00031000
,
00000020
00000130
00002000
00003100
,
00000010
00000001
00000000
00000100
,
00000020
00010030
00002000
00013000
,
00200000
10300000
20000000
30100000
,
00020000
00031000
00000020
00000031
,
00000100
00000020
00010030
00001000
,
00000100
00001000
00010000
01000000
,
10000000
00100000
01000000
01010000
,
00100000
10000000
01000000
00010000
,
00001000
00000000
00000000
00020000
,
00001000
00000000
00000000
00000000
,
00031000
00000010
00000001
00001001
,
00000100
00000010
00010000
00001000
,
00010100
00010000
00001000
00100000
,
01000000
10000000
00100000
01000000
,
20020000
00000000
00000000
30030000
,
00100000
01000000
00001000
00010000
,
00022000
00000000
00000000
00033000
,
00000010
00000001
00000010
00001000
,
00000100
00010000
00001000
00010000
,
00100000
10000000
01000000
00010000
,
01000000
10000000
00100000
01000000
,
00001000
00010000
00000010
00000100
,
00000001
00000100
00001000
00000100
,
00000001
00000100
00001000
00010000
,
01000000
10000000
01000000
00010000
,
01000000
10000000
10010000
00000000
,
01000000
00000000
10100000
00000000
,
11000000
00000000
01010000
00000000
,
00110000
00000000
00011000
00000000
,
00001100
00000000
00000101
00000000
,
00000011
00000000
00001010
00000000
,
00011000
00000000
00101000
00010000
,
01000000
00100000
01000000
00010000
,
01000000
10000000
01000000
00010000
,
10000000
01000000
00010000
00001000
,
00000100
00000001
00000010
00001000
,
00000010
00000001
00001000
00000010
,
00000100
00001000
00000100
00000010
,
00010000
00001000
00000010
00001000
,
00010000
00100000
10000000
10010000
,
00100000
01000000
00010000
10000000
,
02000000
00000000
00000000
00000000
,
03100000
00000000
00000000
00000000
,
00001000
00000000
00000000
00000000
,
00010000
00000000
00000000
00000000
,
00000100
00000000
00000010
00000001
,
00000100
00000000
00000010
00000000
00001000
00000100
00000001
00000000
,
00000100
00000000
00001000
00000000
00000010
00000100
00001000
00000000
,
00010000
00000000
00001000
00000000
01000000
00010000
10000000
00000000
,
01000000
00000000
00100000
00000000
00010000
01000000
00100000
01000000
,
00001000
00000000
00010000
00000000
,
00000100
00001000
00000100
00000001
,
00000100
00001000
00000010
00000000
,
00000100
00000001
00000100
00001000
,
00022000
00000000
00000000
00033000
,
00010000
00100000
10000000
00100000
,
20020000
00000000
00000000
30030000
,
01000000
00000000
00010000
01000000
,
10000000
00000000
00100000
00000000
,
00020000
00031000
00000200
00001300
,
00000200
00000301
00000100
00000000
,
00000010
00000000
00001000
00000000
,
00020020
00000000
00030030
00000000
;

//---------------dance-double - M. Emirzian----------------
#NOTES:
     dance-double:
     M. Emirzian:
     Medium:
     8:
     0.433,0.000,0.146,0.049,0.085,350.000,18.000,6.000,0.000,0.000,0.000:


00000000
00000000
00000000
00000000
,
00000000
00000000
00000000
00000000
,
00000000
00000000
00000000
00000000
,
00000000
00000000
00000000
00000000
,
00000000
20000000
00000000
30200000
,
00000000
02300000
00000000
03001000
,
00010000
00001000
00000110
00000011
,
00000020
00000000
00000130
00001010
,
00010000
00001000
00010000
00100000
,
10000000
00010000
01000000
00000000
11000000
00000000
01010000
01000000
,
00010000
00100000
00101000
00010000
,
00000010
00001000
00000100
00000000
00000001
00000100
00001000
00000010
,
00000100
00000100
00010010
00001000
,
00100000
01000000
10000000
00000000
01010000
00000000
11000000
01000000
,
00010000
00000000
01000000
00010000
00100000
00000000
01000000
00000000
,
00100000
00000000
00100000
00000000
,
00100000
00001000
00010000
00000010
,
00000100
00000000
00000000
00000100
00000001
00000000
00000000
00000000
00000100
00000000
00000000
00000100
00000010
00000000
00000000
00000000
,
00000100
00000000
00000000
00000100
00001000
00000000
00000000
00000000
00001000
00000000
00000000
00001000
00010000
00000000
00000000
00000000
,
00010000
00000000
00000000
00010000
00001000
00000000
00000000
00000000
00010000
00000000
00000000
00010000
01000000
00000000
00000000
00000000
,
01000000
00000000
00000000
01000000
10000000
00000000
00000000
00000000
01000000
00000000
10000000
00000000
00010000
00000000
00000000
00000000
,
11000000
00000000
00000000
00000000
01000000
00000000
00000000
01000000
00010000
00000000
00000000
00000000
00010000
00000000
00000000
00010000
,
00001000
00000000
00000000
00000000
00001000
00000000
00000000
00001000
00000010
00000000
00000000
00000000
00000010
00000000
00000000
00000010
,
00000001
00000000
00001000
00000000
00001000
00000100
00000001
00000000
,
00001100
00000000
00000010
00000100
00001000
00010000
01000000
10000000
,
00100000
00000000
00000000
00000000
01000000
00000000
00000000
00000000
00010000
00000000
00000000
00000000
01000000
00000000
00000000
00100000
,
10000000
01000000
00010000
00001000
,
00000010
00000000
00000000
00000000
00000001
00000000
00000000
00000000
00000100
00000000
00000000
00000010
00001000
00000000
00000000
00000000
,
00000100
00000010
00000001
00000000
00000010
00000100
00010000
00001000
,
00100000
00000000
00000000
00000000
00001000
00000000
00000000
00000000
00010000
00000000
00000000
00000000
00010000
00000000
00000000
00010000
,
00001000
00000000
00000000
00000000
00010000
00000000
00000000
00010000
01000000
00000000
00000000
00000000
01000000
00000000
00000000
00000000
,
10000000
00100000
01000000
00000000
00010000
00100000
01000000
00010000
,
00001000
00000000
00000000
00000000
00000010
00000000
00000000
00000000
00000001
00000000
00000000
00000100
00000000
00000000
00000010
00000000
,
00000100
00000000
00000010
00000100
00001000
00000000
00010000
00100000
,
10000000
00000000
01000000
00010000
00001000
00000000
00000010
00000001
,
00000100
00000000
00000001
00000010
00001000
00000000
00010000
00100000
,
10000000
00000000
01000000
00000000
01010000
00000000
11000000
01000000
,
00100000
00000000
00001000
00010000
00000100
00000000
00001000
00000010
,
00000001
00000000
00000010
00001000
00000100
00000000
00000010
00001000
,
00010000
00000000
00100000
10000000
01000000
00000000
00010000
01000000
,
10000000
00000000
00100000
00000000
01010000
00000000
00010000
00100000
,
00101000
00000000
00010000
00000000
00001000
00000000
00000010
00000001
,
00001000
00000100
00000000
00000000
00000100
00000010
00001000
00010000
,
00000000
00000000
00010000
00001000
01000000
00010000
10000000
00000000
,
10000000
01000000
00010000
00001000
00000100
00000001
00001001
00000000
,
00000010
00000100
00001000
00000010
00000000
00000000
00010000
00001000
,
01000000
00010000
00000000
00000000
01000000
00100000
10000000
00010000
,
00000000
00000000
10000000
01000000
00100000
00001000
00010000
00000000
,
00000100
00001000
00000010
00000001
00000010
00001000
00000100
00000000
,
00000010
00000000
00000001
00000000
00000100
00000100
00000000
00000010
,
00000000
00001000
00001000
00000000
00000100
00000000
00000100
00000000
,
00010000
00000000
00010000
00000000
00001000
00001000
00000000
00010000
,
00010000
00001000
01000000
00100000
,
10000000
00000000
01000000
00000000
00010000
00000000
00000000
00000000
00001000
00000000
00000010
00000100
00001000
00000000
00000001
00000000
,
00000100
00000000
00001000
00000000
00010000
00000000
00000000
00000000
00001000
00000000
01000000
00010000
00100000
00000000
01000000
00000000
,
10000000
00000000
01000000
00000000
00010000
00000000
00000000
00000000
00001000
00000000
00000010
00000001
00000100
00000000
00000010
00000000
,
00001000
00000000
00000100
00000000
00010000
00000000
00001000
00000000
00010000
00000000
01000000
00000000
00010000
00001000
00000100
00000001
,
00000010
00000000
00000010
00000000
00000100
00001000
00000100
00000000
,
00000010
00000000
00000010
00000000
00000001
00000010
00000001
00000000
,
00000010
00000000
00000010
00000000
00001000
00010000
00001000
00000000
,
00100000
00000000
00100000
00000000
00010000
01000000
10000000
01000000
,
00010000
00000000
10000000
01000000
00010000
00000000
00001000
00100000
,
00010000
00000000
01000000
00100000
00010000
00001000
00000010
00000000
,
00000100
00000000
00001010
00000000
00000011
00000010
00001000
00000000
,
00000100
00000010
00001000
00000000
00010000
00001000
01000000
00100000
,
20000000
00000000
31000000
01000000
,
01000000
00000000
00010000
00010000
,
00010000
00000000
00001000
00001000
,
00001000
00000010
00000001
00000000
00000100
00000000
00000100
00000010
,
00002000
00000000
00003000
00000000
;

//---------------dance-double - M. Emirzian----------------
#NOTES:
     dance-double:
     M. Emirzian:
     Hard:
     9:
     0.613,0.000,0.268,0.097,0.296,484.000,33.000,12.000,0.000,0.000,0.000:


00000000
00000000
00000000
00000000
,
00000000
00000000
00000000
00000000
,
00000000
00000000
00000000
00000000
,
00000000
00000000
00000000
00000000
,
00000000
10000000
10000000
01000000
00010000
00010000
00001000
00020000
,
00000000
00031000
00001000
00010000
00001000
00001000
00000010
00000002
,
00000000
00000103
00000100
00001000
00000100
00001000
00001000
00010000
,
01000000
10000000
00000000
00100000
00000000
10010000
00000000
10000000
,
01000000
00000000
00100000
00010000
01000000
00000000
10000000
01000000
,
00010000
00000000
10100000
00000000
00110000
00000000
00010000
00001000
,
00000010
00000011
00001100
00000101
,
00000001
00000100
00001000
00000000
00000010
00000100
00001000
00010000
,
01000000
00000000
11000000
00000000
01010000
00000000
00010000
01000000
,
10000000
00000000
00100000
00010000
00001000
00010000
00010000
00001000
,
00000010
00000010
00000001
00000100
00001000
00000100
00000001
00000010
,
00001000
00010000
00100000
01000000
00010000
10000000
10000000
00000000
,
02000000
03020000
00032000
00003200
,
00000301
00000000
00000000
00000001
00000100
00000000
00000000
00000100
00001000
00000000
00010000
00000000
01000000
00000000
10000000
00000000
,
20100000
00000000
00000000
00000000
30100000
00000000
10000000
00000000
01000000
00000000
00000000
00000000
10000000
00000000
00000000
10000000
,
01000000
00000000
00000000
01000000
00010000
00000000
00000000
00010000
00001000
00000000
00000100
00000000
00000001
00000000
00000010
00000000
,
00002100
00000000
00000000
00000000
00003010
00000000
00000100
00000000
00000001
00000000
00000000
00000000
00000010
00000000
00000000
00000010
,
00001000
00000000
00000000
00001000
00010000
00000000
00000000
00010000
00100000
00000000
10000000
00000000
00010000
00000000
10000000
00000000
,
20100000
00000000
00000000
00000000
30100000
00000000
00010000
00000000
00001000
00000000
00000000
00000000
00000010
00000000
00000000
00000010
,
00000001
00000000
00000000
00000001
00000100
00000000
00000000
00000100
00001000
00000000
00010000
00000000
00000010
00000000
00010000
00000000
,
00012000
00000000
01003000
00100000
10000000
01000000
00010000
01000000
,
10000000
00100000
10000000
01000000
00100000
00001000
00010000
00100000
,
00010000
00001000
00000010
00000100
00000001
00000100
00001000
00000001
,
00000100
00000010
00010000
00001000
00000010
00001000
00010000
00100000
,
10000000
01000000
00010000
01000000
10000000
00100000
00010000
00100000
,
01000000
00010000
00100000
01000000
00010000
00001000
00000010
00000001
,
00001000
00000100
00000001
00000100
00001000
00000010
00010000
00001000
,
01000000
00010000
10000000
00100000
00010000
00100000
01000000
00010000
,
10000000
01000000
00010000
00001000
00000010
00000001
00000101
00000000
,
00000010
00000000
00000000
00000100
00000000
00000000
00001010
00000000
00000000
00000000
00010000
00000000
00001000
00000000
00000010
00000000
,
00001000
00000000
00000000
00010000
00000000
00000000
10100000
00000000
00000000
00000000
01000000
00000000
00010000
00000000
00001000
00000000
,
00000100
00000000
00000000
00001000
00000000
00000000
00011000
00000000
00000000
00000000
00010000
00000000
00001000
00000000
00000100
00000000
,
00000001
00000010
00001000
00010000
00001000
00000010
00000001
00000000
,
00000100
00000000
00000000
00000010
00000000
00000000
00010010
00000000
00000000
00000000
00010000
00000000
00001000
00000000
00000100
00000000
,
00001000
00000000
00000000
00010000
00000000
00000000
01001000
00000000
00000000
00000000
00100000
00000000
10000000
00000000
01000000
00000000
,
00010000
00000000
00000000
00001000
00000000
00000000
00101000
00000000
00000000
00000000
00001000
00000000
00010000
00000000
00100000
00000000
,
10000000
01000000
00010000
00001000
00010000
01000000
10000000
00000000
,
01000000
00000000
01000000
00100000
00000000
00100000
00001000
00000000
00001000
00010000
00000000
00010000
00000010
00000000
00000000
00000000
,
00000100
00000000
00000100
00000001
00000000
00000001
00000010
00000000
00000010
00000100
00000000
00000100
00010000
00000000
00000000
00000000
,
00001000
00000000
00001000
00100000
00000000
00100000
01000000
00000000
01000000
00010000
00000000
00010000
00001000
00000000
00000010
00000000
,
00000001
00000100
00000010
00000100
00001000
00010000
01000000
10000000
,
00100000
00010000
00100000
10000000
10000000
01000000
00010000
00001000
,
00001000
00000010
00000001
00000100
00000100
00001000
00010000
01000000
,
00100000
00000000
00100000
00010000
00000000
00010000
01000000
00000000
01000000
00100000
00000000
00100000
10000000
00000000
01000000
00000000
,
00010000
00001000
00000010
00000001
00000101
00000011
00001001
00000000
,
00001000
00000000
00000100
00000000
00010000
00011000
00000000
00001000
,
01001000
00000000
00100000
01000000
10000000
00010000
01000000
00000000
,
10100000
00000000
00100000
00000000
01010000
01000000
00000000
00001000
,
01001000
00000000
00010000
00001000
00000010
00000001
00000100
00000000
,
00000010
00000100
00001000
00000100
00000010
00001000
00000100
00000001
00000100
00001000
00000010
00010000
00001000
01000000
00001000
00000000
,
00001000
00100000
01000000
10000000
00010000
01000000
10000000
01000000
00010000
00100000
01000000
10000000
01000000
01000000
01000000
00000000
,
10000000
00100000
00010000
00001000
01000000
00010000
00100000
01000000
00010000
00001000
00000100
00000001
00001000
00000100
00000001
00000000
,
00000001
00000100
00001000
00000010
00000100
00000001
00000100
00001000
00010000
00001000
01000000
00010000
10000000
10000000
10000000
00000000
,
10000000
00000000
00000000
10000000
01000000
00000000
00000000
01000000
00010000
00000000
00000000
00010000
00001000
00000000
00010000
00000000
,
00011000
00000000
00000000
00001000
00000100
00000000
00000000
00000100
00000001
00000000
00000000
00000001
00000010
00000000
00000100
00000000
,
00000110
00000000
00000000
00000010
00000001
00000000
00000000
00000001
00000100
00000000
00000000
00000100
00001000
00000000
00010000
00000000
,
00011000
00000000
00000000
00010000
00100000
00000000
00000000
00100000
10000000
00000000
00000000
10000000
01000000
00000000
00100000
00000000
,
01100000
00000000
01000000
00010000
00001000
00000000
00010000
00001000
,
00000010
00000000
00001000
00000010
00000001
00000100
00000010
00000100
,
00001000
00001000
00010000
00100000
10000000
10000000
01000000
00100000
,
00010000
00010000
10000000
00100000
00010000
00001000
00000100
00001000
,
00011000
00000000
00001000
00000000
00001000
00000000
00001000
00000010
,
00000001
00000000
00000001
00000000
00000001
00000000
00000001
00000100
,
00001000
00000000
00010000
00000000
00010000
00000000
00001000
00010000
,
00100000
00000000
10000000
01000000
00010000
01000000
10000000
01000000
,
02200000
00000000
03300000
00000000
;

//---------------dance-double - M. Emirzian----------------
#NOTES:
     dance-double:
     M. Emirzian:
     Challenge:
     11:
     0.754,0.000,0.251,0.049,0.592,614.000,31.000,6.000,17.000,0.000,0.000:


00000000
00000000
00000000
00000000
,
00000000
00000000
00000000
00000000
,
00000000
00000000
00000000
00000000
,
00000000
00000000
00000000
00000000
,
00000000
00100000
10000000
10000000
01000000
00100000
00100000
00002000
,
00000100
00003100
00001000
00001000
00010000
00100000
00100000
00020000
,
00001000
00031000
00000010
00000010
00000001
00000100
00000100
00000100
,
00000010
00001001
0000M00M
00010100
000M0M00
01001000
0100M000
10010000
,
00010000
01000000
00100000
10000000
10000000
01000000
00100000
00001000
,
00010000
00000100
00000010
00000001
00000001
00000100
00000010
00002000
,
00000100
00003100
00000100
00000010
00000010
00000001
00000100
00000010
,
00001000
00001001
0000M00M
00001100
0000MM00
00110000
00MM0000
01100000
,
10000000
00010000
01000000
00100000
00100000
10000000
00010000
01000000
,
10000000
01000000
00001000
00100000
00100000
01000000
00010000
00002000
,
00000100
00000100
00003100
00001000
00001000
00010000
01000000
00010000
,
00001000
01001000
0M00M000
00110000
00MM0000
00001100
0000MM00
00001001
,
00000011
00000000
00000000
00000000
00000001
00000000
00000000
00000001
00000100
00000000
00000010
00000000
00001000
00000000
00000001
00000000
,
00000010
00000000
00000100
00000000
00010000
00000000
00000100
00000000
00001000
00000000
00000010
00000000
00010000
00000000
00000000
00010000
,
00001000
00000000
00000000
00001000
00000100
00000000
00001000
00000000
00010000
00000000
00001000
00000000
01000000
00000000
00100000
00000000
,
10000000
00000000
01000000
00000000
00100000
00000000
00010000
00000000
10000000
00000000
00100000
00000000
01000000
00000000
00000000
01000000
,
00001000
00000000
00000000
00001000
00010000
00000000
01000000
00000000
00010000
00000000
00000010
00000000
00001000
00000000
00000100
00000000
,
00000001
00000000
00000100
00000000
00001000
00000000
00000010
00000000
00000100
00000000
00001000
00000000
00010000
00000000
00000000
00010000
,
00000100
00000000
00000000
00000100
00000010
00000000
00001000
00000000
00010000
00000000
00000100
00000000
00010000
00000000
00100000
00000000
,
10000000
00000000
00010000
00000000
01000000
00000000
00100000
00000000
10000000
00000000
01000000
00000000
00100000
00000000
00000000
00100000
,
00001000
00000000
00000000
00001000
00010000
00000000
00001000
00000000
00000100
00000000
00000001
00000000
00000010
00000000
00000010
00000000
,
00000010
00000000
00000100
00000000
00001000
00000000
00000100
00000000
00000001
00000000
00000100
00000000
00001000
00000000
00000010
00000100
,
00001000
00000000
00010000
00000000
00001000
00000000
00000100
00000000
00000001
00000000
00000010
00000000
00001000
00000000
00010000
00000010
,
00010000
00001000
00010000
00000000
00001000
00000000
01000000
00000000
00100000
00000000
10000000
00000000
01000000
00000000
00100000
00001000
,
00010000
00000000
00001000
00000000
00010000
00100000
10000000
00010000
10000000
00000000
00010000
00000000
01000000
00000000
00100000
00000000
,
10000000
01000000
00010000
00000000
00001000
00000000
00010000
00000000
00100000
00000000
00010000
00000000
00001000
00000000
00000100
00000010
,
00001000
00000100
00000010
00000001
00000100
00000010
00001000
00000100
,
00000010
00001000
00010000
00000000
00001000
00000000
00001000
00000000
00000100
00001000
00010000
00000000
00100000
00000000
00100000
00000000
,
10000000
00010000
01000000
00000000
00100000
00010000
00001000
00000000
01000000
00100000
10000000
00000000
00010000
00100000
01000000
10000000
,
00100000
00000000
10000000
00010000
00000000
00000000
10000000
00000000
01000000
00000000
00100000
00000000
01000000
00000000
10000000
00000000
,
00010000
00000000
01000000
00001000
00000000
00000000
00010000
00000000
00001000
00000000
00000010
00000000
00000001
00000000
00000010
00000000
,
00000100
00000000
00001000
00000001
00000000
00000000
00000100
00000000
00000010
00000000
00010000
00000000
00000100
00000000
00000010
00000000
,
00000001
00000000
00000100
00000010
00000000
00000000
00010000
00000000
00001000
00000000
01000000
00000000
00100000
00000000
10000000
00000000
,
01000000
00000000
00100000
00010000
00000000
00000000
01000000
00000000
00100000
00000000
00010000
00000000
00100000
00000000
10000000
00000000
,
01000000
00000000
00010000
00001000
00000000
00000000
00010000
00000000
00001000
00000000
00000010
00000000
00001000
00000000
00010000
00000000
,
00000100
00000000
00001000
00000010
00000000
00000000
00000100
00000000
00000001
00000000
00000010
00000000
00001000
00000000
00000010
00000000
,
00000001
00000100
00000010
00000000
00010000
00001000
00010000
00000000
00100000
10000000
01000000
00000000
00100000
00010000
10000000
01000000
,
00100000
00000000
00100000
00010000
00000000
01000000
00001000
00000000
10000000
01000000
00000000
00010000
00001000
00000000
00010000
00000000
,
00001000
00000000
00000100
00000001
00000000
00010000
00000100
00000000
00001000
00000001
00000000
00000100
00000010
00000000
00010000
00000000
,
00001000
00000000
00000100
00001000
00000000
00010000
00100000
00000000
10000000
01000000
00000000
10000000
00100000
00000000
00010000
00000000
,
00000010
00000000
00001000
00000100
00000000
00010000
01000000
00000000
00010000
00001000
00000000
00010000
00100000
00000000
00010000
00000000
,
00001000
00000000
00010000
00000100
00000000
00000010
00000001
00000000
00010000
00001000
00000000
00000010
00000001
00000000
00000100
00000000
,
00001000
00000000
00010000
00001000
00000000
00000100
00001000
00000000
00010000
00100000
00000000
10000000
00100000
00000000
01000000
00000000
,
00010000
00000000
00100000
01000000
00000000
10000000
00010000
00000000
01000000
00001000
00000000
00010000
00000010
00000000
00001000
00000000
,
00000100
00000000
00000010
00001000
00000000
00100000
00010000
00000000
00000010
00001000
00000000
00100000
00010000
00000000
00100000
00000000
,
00001000
00000000
00011000
00000000
00010000
00000010
00001000
00001001
,
00000101
00000000
00000010
00001000
00000100
00000001
00000100
00000000
,
00001000
00000000
00001010
00000000
00000100
00001000
00010000
00001000
,
00101000
00000000
00010000
01000000
00100000
10010000
01000000
10010000
,
00100000
00000000
00010000
00000000
10000000
00000000
01000000
00000000
00100000
00010000
01000000
00000000
00100000
00000000
10010000
00000000
10000000
00000000
01000000
00000000
00010000
00000000
00001000
00000000
00010000
00000000
00001000
00010000
00000010
00001000
00000100
00000000
,
00000010
00000000
00000001
00000000
00000100
00000000
00000010
00000000
00001000
00000100
00000010
00000000
00000001
00000000
00001001
00000000
00000100
00000000
00000010
00000000
00010000
00001000
01000000
00000000
10010000
00000000
01010000
00000000
01100000
00000000
00000000
00000000
,
10000000
00000000
00100000
00000000
01000000
00000000
00001000
00000000
00010000
00100000
10000000
00000000
00010000
00000000
10010000
00000000
10000000
00000000
01000000
00000000
00100000
00000000
00001000
00000000
00010000
00000000
00001000
00010000
00000010
00000100
00000001
00000000
,
00000010
00000000
00000100
00000000
00001000
00000000
00000010
00000000
00001000
00000100
00000010
00000000
00000001
00000000
00001001
00000000
00000100
00000010
00001000
00000000
00000001
00000100
00001000
00000000
00010000
01000000
10000000
00000000
11000000
00000000
01100000
00000000
,
10010000
00000000
00100000
00000000
01000000
00000000
10000000
00100000
00010000
00000000
00100000
00000000
01000000
00000000
00010000
01000000
,
00100000
00000000
00100000
00000000
10000000
00000000
01000000
00000000
01000000
00000000
00010000
00001000
01000000
00001000
00010000
00000100
,
00001000
00000010
00010000
00000000
00000010
00000000
00001000
00000001
00001000
00000000
00000100
00000000
00000010
00000000
00000001
00001000
,
00000010
00000000
00000010
00000000
00000100
00000000
00000001
00000000
00000001
00000100
00000010
00001000
00000100
00010000
00001000
01000000
,
00001000
00010000
00100000
00000000
01000000
00000000
01000000
00100000
10000000
01000000
10000000
00000000
01000000
00000000
00100000
01000000
,
10000000
00100000
01000000
00010000
01000000
00000000
00001000
00000000
00010000
00100000
00010000
00001000
00010000
00000100
00001000
00000001
,
00000010
00000001
00000100
00000000
00000010
00000000
00000010
00000000
00010000
00001000
00000100
00000000
00001000
00000000
00001000
00000000
,
00010000
00100000
01000000
00000000
00001000
00000000
00001000
00000000
00100000
01000000
10000000
00000000
00010000
01000000
00001000
00010000
,
00000010
00000000
00001000
00000000
00000100
00000000
00000010
00000001
00000000
00000000
00000100
00000000
00000010
00000000
00010000
00000000
,
00010000
00000000
00001000
00000000
00000100
00000000
00000001
00001000
00000000
00000000
00000100
00000000
00000010
00000000
00001000
00000000
,
00001000
00000000
00010000
00000000
00100000
00000000
00010000
00001000
00000000
00000000
01000000
00000000
00100000
00000000
10000000
00000000
,
10000000
00000000
01000000
00000000
00100000
00000000
00001000
00010000
00000000
00001000
00000100
00000000
00000001
00000010
00000100
00001000
,
00002002
00000000
00003003
00000000
;

//---------------lights-cabinet - ----------------
#NOTES:
     lights-cabinet:
     :
     Easy:
     1:
     1.000,0.000,1.000,0.041,0.130,359.000,261.000,5.000,0.000,240.000,0.000:


00000000
00000000
00000000
00000000
,
00000000
00000000
00000000
00000000
,
00000000
00000000
00000000
00000000
,
00000000
00000000
00000000
00000000
,
00010011
01000011
00100011
01000011
,
00010011
00010011
01000011
00100011
,
10000011
00000000
00100011
00000000
01000011
00000000
00100011
00000011
,
11110011
00000000
00000000
00000000
,
00010011
00100000
00010011
00000000
00100011
00000000
00100011
00000000
,
10000011
01000000
10000011
00000000
01000011
00000000
01000011
00000000
,
00010011
00100000
00010011
00000000
00100011
00000000
00100011
00000000
,
00010011
01000000
00000011
01000000
00010011
00000000
01000011
00000000
,
00010011
00100000
00010011
00000000
00100011
00000000
00100011
00000000
,
00010011
00100000
00010011
00000000
00100011
00000000
00100011
00000000
,
10000011
01000000
10000011
00000000
01000011
00000000
01000011
00000011
,
00010011
00100000
00000000
00010000
01100000
00000000
10010000
00000000
,
02200022
00000000
03300033
00000000
,
00010011
00100000
00010011
00000000
00100011
00000000
00010011
00000000
,
00100011
10000000
00100011
00000000
10000011
00000000
00100011
00000000
,
00010011
00100000
00010011
00000000
00100011
00000000
01000011
00000000
,
00100011
10000000
00000011
01000000
00100011
00000000
00010011
00000011
,
00010011
00100000
00010011
00000000
00100011
00000000
00010011
00000000
,
00100011
10000000
00100011
00000000
10000011
00000000
00100011
00000000
,
00010011
00100000
00010011
00000000
00100011
00000000
01000011
00000000
,
00100011
10000000
00000011
01000000
00100011
00000000
00010011
00000011
,
00010011
00100000
00010011
00000000
00100011
00000000
00010011
00000000
,
00100011
10000000
00100011
00000000
10000011
00000000
00100011
00000000
,
00010011
00100000
00010011
00000000
00100011
00000000
01000011
00000000
,
00100011
10000000
00000011
01000000
00100011
00000000
00010011
00000011
,
00010011
00100000
00010011
00000000
00100011
00000000
00010011
00000000
,
00100011
10000000
00100011
00000000
10000011
00000000
00100011
00000000
,
00010011
00100000
00010011
00000000
00100011
00000000
01000011
00000000
,
00100011
10000000
00000000
01000000
00100000
00000000
00010000
00000000
,
00100011
01000011
00100011
10010011
,
10000011
00010011
10000011
01100011
,
00100011
01000011
00100011
10010011
,
10000011
00000000
00100011
00000000
01000011
00100000
01000011
00100011
,
10010011
01000011
00100011
01100011
,
10000011
00000000
00010011
00000000
02000011
00000000
00100011
03000000
,
10100011
01000011
01100011
10010011
,
10000011
00010000
00100011
00010000
01000011
00000000
01100011
00000011
,
10000011
00100000
01100011
00000000
10010011
00000000
01100011
00000000
,
10010011
01100000
10010011
00000000
01100011
00000000
10010011
00000000
,
00100011
10000000
01000011
00000000
00010011
00000000
10000011
00100000
,
01010011
00000000
11110011
00000000
00000011
00000000
10010011
00000011
,
01100011
10010011
01100011
10010011
,
11110011
01000000
01100011
00000000
00000011
00000000
00010011
00000000
,
10000011
00100011
10010011
00010011
,
01100011
00000000
00000000
11110000
,
00010011
00100000
00010000
00000000
00100000
00000000
00010000
00000000
,
00100000
10000000
00100000
00000000
10000000
00000000
00100000
00000000
,
00010000
00100000
00010000
00000000
00100000
00000000
01000000
00000000
,
00100000
10000000
00000000
01000000
00100000
00000000
00010000
00000000
,
10000011
00010000
01000000
00100000
10001100
00010000
01000011
00100011
10000011
00010000
01000000
00100000
10001100
00010000
01000011
00100011
,
10000011
00010000
01000000
00100000
10001100
00010000
01000011
00100011
10000011
00010000
01001100
00100000
10001111
00010000
01001111
00100011
,
10000011
00010000
01000000
00100000
10001100
00010000
01000011
00100011
10000011
00010000
01000000
00100000
10001100
00010000
01000011
00100011
,
10000011
00010000
01000000
00100000
10001100
00010000
01000011
00100011
10000011
00010000
01001100
00100000
10000011
00010000
01001100
00100000
,
10000011
00000000
01000011
00010000
01000011
00000000
00100011
00000000
,
00100011
00000000
00100011
01000000
00010011
00000000
00100011
00000000
,
00010011
00000000
01000011
00010000
01000011
00000000
00100011
00000000
,
00100011
00000000
10000011
00000000
00000011
00000000
00010011
00000011
,
00010011
00000000
01000011
00010000
01000011
00000000
00100011
00000000
,
00100011
00000000
00100011
01000000
00010011
00000000
00100011
00000000
,
00010011
00000000
01000011
00010000
01000011
00000000
00100011
00000000
,
00100011
00000000
10000011
00000000
11110011
00000000
01100011
00000011
,
00110011
11000011
10010011
00010011
,
10000011
10000011
00100011
01000011
,
00010011
00010011
01000011
01000011
,
00010011
10000000
01100000
00000000
01000000
00100000
10010000
00000000
,
11110000
00000000
00000000
00000000
;

//---------------dance-single - K. Ward----------------
#NOTES:
     dance-single:
     K. Ward:
     Beginner:
     1:
     0.100,0.000,0.016,0.000,0.000,84.000,2.000,0.000,0.000,0.000,0.000:



0000
0000
0000
0000
,
0000
0000
0000
0000
,
0000
0000
0000
0000
,
0000
0000
0000
0000
,
1000
0000
0000
0000
,
0001
0000
0000
0000
,
0010
0000
0000
0000
,
0001
0000
0000
0000
,
1000
0000
0100
0000
,
1000
0000
0100
0000
,
1000
0000
0100
0000
,
1000
0000
0000
0000
,
0001
0000
0010
0000
,
0001
0000
0010
0000
,
0001
0000
0010
0000
,
0000
0000
0000
0000
,
0110
0000
0000
0000
,
1000
0000
0010
0000
,
1000
0000
0000
0000
,
0001
0000
0010
0000
,
0001
0000
0000
0000
,
1000
0000
0100
0000
,
1000
0000
0000
0000
,
0001
0000
0010
0000
,
0001
0000
1000
0000
,
0001
0000
0000
0000
,
1000
0000
0000
0000
,
0010
0000
0000
0000
,
0100
0000
0001
0000
,
1000
0000
0000
0000
,
0001
0000
0000
0000
,
1000
0000
0000
0000
,
0010
0000
0100
0000
,
0001
0000
0000
0000
,
0001
0000
0000
0000
,
1000
0000
0000
0000
,
1000
0000
0000
0000
,
0010
0000
0010
0000
,
0010
0000
0010
0000
,
0100
0000
0100
0000
,
0001
0000
0000
0000
,
1000
0000
0000
0000
,
0001
0000
0000
0000
,
0100
0000
0000
0000
,
0010
0000
0000
0000
,
1000
0000
0000
0000
,
0001
0000
0000
0000
,
0010
0000
0000
0000
,
0001
0000
0000
0000
,
1001
0000
0000
0000
,
0000
0000
0000
0000
,
0001
0000
0000
0000
,
0010
0000
0000
0000
,
0001
0000
0000
0000
,
0001
0000
1000
0000
,
0001
0000
0000
0000
,
0001
0000
0000
0000
,
1000
0000
0000
0000
,
0001
0000
0000
0000
,
0010
0000
0000
0000
,
0001
0000
1000
0000
,
0001
0000
0000
0000
,
1000
0000
0000
0000
,
0100
0000
0000
0000
,
1000
0000
0001
0000
,
0010
0000
0000
0000
,
0010
0000
0000
0000
,
0100
0000
0000
0000
,
1000
0000
0001
0000
,
1000
0000
0000
0000
;
