#TITLE:While Tha Rekkid Spinz;
#SUBTITLE:;
#ARTIST:DJ Zombie;
#TITLETRANSLIT:;
#SUBTITLETRANSLIT:;
#ARTISTTRANSLIT:;
#GENRE:;
#CREDIT:;
#BANNER:While Tha Rekkid Spinz-banner.png;
#BACKGROUND:While Tha Rekkid Spinz-bg.png;
#LYRICSPATH:;
#CDTITLE:;
#MUSIC:DJ Zombie - WhileThaRekkidSpinz.ogg;
#OFFSET:-1.600;
#SAMPLESTART:76.970;
#SAMPLELENGTH:15.400;
#SELECTABLE:YES;
#DISPLAYBPM:140.000;
#BPMS:0.000=140.087;
#STOPS:;
#BGCHANGES:0.000=While Tha Rekkid Spinz-bg.png=1.000=0=0=1=====,
16.500=VOL1-41-NTSC.mpg=1.000=0=0=1=====,
28.000=While Tha Rekkid Spinz-bg.png=1.000=0=0=1=====,
31.000=snap016.png=1.000=0=0=1=====,
32.000=jb_117.mpg=1.000=0=0=1=====,
47.500=VOL1-08-NTSC.mpg=1.000=0=0=1=====,
60.000=VOL1-08-NTSC.mpg=0.700=0=0=1=====,
63.000=snap016.png=1.000=0=0=1=====,
64.000=jb_047.mpg=1.000=0=0=1=====,
80.000=vol4-05-ntsc.mpg=1.000=0=0=1=====,
96.000=VOL1-12-NTSC.mpg=1.000=0=0=1=====,
110.000=VOL1-12-NTSC.mpg=0.100=0=0=1=====,
112.000=VOL1-49-NTSC.mpg=1.000=0=0=1=====,
128.000=EV01448N.mpg=1.000=0=0=1=====,
144.000=EV01439N.mpg=1.000=0=0=1=====,
160.000=VOL1-10-NTSC.mpg=1.000=0=0=1=====,
162.000=EV01439N.mpg=1.000=0=0=1=====,
164.000=VOL1-10-NTSC.mpg=1.000=0=0=1=====,
166.000=EV01439N.mpg=1.000=0=0=1=====,
168.000=VOL1-10-NTSC.mpg=1.000=0=0=1=====,
169.000=EV01439N.mpg=1.000=0=0=1=====,
170.000=VOL1-10-NTSC.mpg=1.000=0=0=1=====,
171.000=EV01439N.mpg=1.000=0=0=1=====,
172.000=VOL1-10-NTSC.mpg=1.000=0=0=1=====,
176.000=While Tha Rekkid Spinz-bg.png=1.000=0=0=1=====,
180.000=jb_117.mpg=1.000=0=0=1=====,
196.000=vol4-08-ntsc.mpg=1.000=0=0=1=====,
212.000=VOL1-35-NTSC.mpg=1.000=0=0=1=====,
228.000=EV01453N.mpg=1.000=0=0=1=====,
243.000=snap016.png=1.000=0=0=1=====,
244.000=VOL1-08-NTSC.mpg=1.000=0=0=1=====,
260.000=VOL1-41-NTSC.mpg=1.000=0=0=1=====,
272.000=While Tha Rekkid Spinz-bg.png=1.000=0=0=1=====,
275.333=While Tha Rekkid Spinz-bg.png=1.000=0=0=1=====,
99999=-nosongbg-=1.000=0=0=0 // don't automatically add -songbackground-
;
#KEYSOUNDS:;
// cache tags:
#FIRSTBEAT:16.000;
#LASTBEAT:275.333;
#SONGFILENAME:/Songs/In The Groove/While Tha Rekkid Spinz/While Tha Rekkid Spinz.sm;
#HASMUSIC:1;
#HASBANNER:1;
#MUSICLENGTH:120.973;
// end cache tags

//---------------dance-single - K. Ward----------------
#NOTES:
     dance-single:
     K. Ward:
     Hard:
     7:
     0.511,0.000,0.389,0.083,0.091,376.000,47.000,10.000,0.000,0.000,0.000:


0000
0000
0000
0000
,
0000
0000
0000
0000
,
0000
0000
0000
0000
,
0000
0000
0000
0000
,
1000
0001
0100
0001
,
0010
0000
0000
0000
0001
0000
0000
0000
1000
0000
0000
0000
0010
0000
0000
1000
,
0100
1000
0010
1000
,
2002
0000
3003
0000
1000
0010
0110
0000
,
1000
0001
0100
0001
0010
0001
0100
0001
,
1000
0000
0010
0000
0100
0000
0001
0000
1000
0000
0001
0000
0010
0000
0000
0001
,
0010
0001
1000
0100
1000
0010
0100
0001
,
0010
0000
0001
0000
0100
0000
0001
0000
0010
0000
0000
0001
0010
0000
0000
0000
,
0001
0001
0100
0010
1000
0010
0100
0010
,
0100
0000
0100
0000
0001
0000
0010
0000
0001
0000
0000
0000
1100
0000
0000
0001
,
0100
0001
0010
0100
1000
0100
0010
0001
,
0010
0000
0001
0011
,
1000
0000
0000
0000
0001
0000
0000
0100
0000
0000
0010
0000
0000
1000
0000
0000
,
0010
0000
0000
0000
0100
0000
0000
0001
0000
0000
1000
0000
0010
0000
1000
0000
,
0001
0000
0000
0000
0100
0000
0000
0001
0000
0000
1000
0000
0000
0100
0000
0000
,
1000
0011
0001
1100
,
1000
0000
0000
0000
0001
0000
0000
0100
0000
0000
0001
0000
0000
1000
0000
0000
,
0010
0000
0000
0000
1000
0000
0000
0010
0000
0000
0100
0000
0010
0000
0100
0000
,
0100
0000
0000
0000
0001
0000
0000
0100
0000
0000
0010
0000
0000
1000
0000
0000
,
0010
1100
1000
0011
,
1000
0001
0100
0001
0100
0001
0001
0000
,
0001
1000
0010
1000
0020
0000
0130
0000
,
0001
1000
0010
1000
0010
1000
1000
0000
,
1000
0000
0010
0000
0100
0000
0001
0000
0010
0001
0010
0001
0010
0000
0000
0000
,
0001
0100
0010
1000
0010
0000
1010
0000
,
0001
0010
0001
0100
0001
0000
0011
0000
,
1000
0100
1000
0010
1000
0000
1001
0000
,
2000
0000
0000
0000
3001
0100
0110
0000
,
1100
0000
0000
0000
0010
0000
0000
0000
1000
0000
0000
0001
0000
0000
0010
0000
,
0011
0000
0000
0000
0100
0000
0000
0000
0001
0000
0000
1000
0000
0000
0100
0000
,
1100
0000
0000
0000
1000
0000
0000
0000
0010
0000
0000
1000
0000
0000
0010
0000
,
0110
0000
0100
0000
0001
0010
0011
0000
,
1000
1000
0010
0100
0200
0000
0301
0000
,
0100
0100
0010
1000
2000
0000
3010
0000
,
0100
0100
0010
1000
0020
0000
1030
0000
,
1000
0000
0010
0000
0100
0000
0000
0010
1000
0000
0001
0000
0001
0000
0100
0000
,
0110
0000
1100
0000
,
0011
0000
1001
0000
,
1100
0011
1100
0011
,
1000
0001
1000
0001
1000
1000
0001
0001
,
0200
0000
0000
0310
,
1000
0100
0001
0100
1000
0100
0001
0100
,
1000
0010
0001
0010
1000
0010
1000
0001
,
1000
0100
0010
0001
0100
0010
1000
0100
,
0010
0001
1000
0000
0001
1000
0001
1000
,
1000
0010
0100
0010
0100
0001
0010
0100
,
0010
0100
1000
0001
0100
0001
1000
1000
,
0010
0100
0001
0100
0001
0001
1000
0100
,
0010
0100
1000
0000
0010
1000
1001
0000
,
1000
0001
0100
0001
0100
0001
0001
0000
,
0001
1000
0010
1000
0020
0000
0130
0000
,
0001
0010
0001
0100
0010
1000
1000
0000
,
0100
1000
0010
0100
0001
0000
0011
0000
,
1000
0001
0100
0001
0100
0000
0011
0000
,
0001
1000
0010
1000
0010
1000
1100
0000
,
1000
0001
0100
0001
0100
0000
0011
0000
,
0001
0100
0010
1000
0001
0000
1010
0000
,
0000
0110
0000
0011
0000
0110
0000
1100
,
0000
0110
0000
1001
0010
0100
1001
0000
,
0000
0110
0000
0011
0000
0110
0000
1100
,
0000
0000
0110
0000
0000
0000
0001
0000
0011
0000
0000
0000
1000
0001
1000
0001
,
0000
1000
0000
0010
0000
0100
0000
0001
,
0000
0010
0000
0001
0100
0000
0110
0000
,
0000
0010
0000
1001
0000
0100
0000
1000
,
0200
0000
1300
0011
;

//---------------dance-single - K. Ward----------------
#NOTES:
     dance-single:
     K. Ward:
     Medium:
     5:
     0.333,0.000,0.174,0.074,0.000,252.000,21.000,9.000,0.000,0.000,0.000:


0000
0000
0000
0000
,
0000
0000
0000
0000
,
0000
0000
0000
0000
,
0000
0000
0000
0000
,
2000
3010
1000
0001
,
0002
0103
0001
1000
,
0001
0100
0010
1000
,
2002
0000
0000
3003
,
1000
0001
0100
0010
,
1000
0000
0001
0000
1000
0000
0001
1000
,
0010
1000
0010
1000
,
0001
0000
1000
0000
0010
0010
0100
0000
,
1001
0001
0100
0010
,
1000
0000
0001
0000
0100
0000
0001
1000
,
0010
0010
0100
0001
,
1000
0000
0000
1001
,
1000
1000
0010
0010
,
1000
0000
1000
0000
0010
0010
0010
0000
,
1000
0000
1000
0000
1000
0000
1000
0001
,
1000
0000
0010
1000
,
0001
0001
0100
0100
,
0001
0000
0001
0000
0100
0100
0100
0000
,
0001
0000
0001
0000
0001
0000
0001
1000
,
0001
0000
0100
0001
,
1000
1001
0010
1001
,
0010
0000
0100
0000
0001
1000
0001
0000
,
0001
1001
0100
1001
,
0100
0000
1000
0000
0001
1000
0001
0000
,
1000
1001
0010
1001
,
0010
0000
0010
0000
0010
1000
0001
0000
,
0001
1001
1000
1001
,
0220
0000
0000
0330
,
0001
0000
1000
0000
0010
0100
0010
0000
,
1000
0000
1000
0000
0001
1000
0001
0000
,
0100
0000
0100
0000
0010
1000
0001
0000
,
2000
0000
3002
0000
,
1003
0000
0010
0000
1000
0001
0100
0000
,
0001
0000
1000
0000
1000
0001
0100
0000
,
0001
0000
1000
0000
0010
0100
0001
0000
,
0001
0001
0100
0010
,
0100
0000
0010
0000
,
0100
0000
0010
0000
,
1000
0100
0010
0001
,
1000
1000
0001
0001
,
0200
0000
0000
0300
,
0010
0000
1000
0000
0001
0100
0001
0000
,
1000
1000
0010
0010
,
0100
0000
0100
0000
0001
1000
0001
0000
,
1000
0001
0100
0010
,
0010
0000
1000
0000
0001
0100
0001
0000
,
1000
0010
0100
0001
,
1000
0000
0001
0000
1000
0010
1000
0000
,
0001
1000
0001
0100
,
0001
1001
1000
1001
,
1000
0000
0001
0000
0100
0001
1000
0000
,
1000
1001
0010
1001
,
0100
0000
0001
0000
1000
0001
1000
0000
,
0001
1001
1000
1001
,
0100
0000
0010
0000
0100
0001
1000
0000
,
0001
0000
0100
0000
0010
1000
0001
0000
,
1000
1000
0001
0000
,
0000
1000
0000
0000
0000
0001
0000
0000
,
0000
0100
0000
0000
0000
0001
0100
0001
,
0000
1000
0000
0000
0000
0010
0000
0000
,
0000
1000
0000
0000
0010
0000
1000
0000
,
0000
0001
0000
0000
0000
0100
0000
0000
,
0000
0010
0000
0000
0100
0000
1001
0000
,
0000
1000
0000
0000
0000
0001
0000
0000
,
0110
0000
0000
1001
;

//---------------dance-single - K. Ward----------------
#NOTES:
     dance-single:
     K. Ward:
     Easy:
     2:
     0.157,0.000,0.058,0.000,0.000,126.000,7.000,0.000,0.000,0.000,0.000:



0000
0000
0000
0000
,
0000
0000
0000
0000
,
0000
0000
0000
0000
,
0000
0000
0000
0000
,
0001
0000
1000
0000
,
0001
0000
1000
0000
,
0010
0000
0010
0000
,
0100
0000
0000
0000
,
0010
0000
0010
0000
,
0100
0000
0100
0000
,
1000
0000
1000
0000
,
1000
0000
0001
0000
,
1000
0000
0001
0000
,
1000
0000
0001
0000
,
0100
0000
0001
0000
,
0100
0000
0000
0000
,
0001
0000
0000
0000
,
0010
0000
0000
0000
,
0001
0000
0000
0000
,
1000
0000
0001
1000
,
0100
0000
0000
0000
,
1000
0000
0000
0000
,
0010
0000
0000
0000
,
0100
0000
0000
0000
,
0001
0001
0000
0000
,
1000
1000
0000
0000
,
0010
0010
0000
0000
,
0100
0100
0000
0000
,
0000
0001
0000
0100
,
0000
0010
0000
1000
,
0000
0100
0000
1000
,
0001
0000
0000
0000
,
1001
0000
0000
0000
,
1001
0000
0000
0000
,
1001
0000
0000
0000
,
1000
0000
0001
0000
,
0110
0000
0000
0000
,
0110
0000
0000
0000
,
0110
0000
0000
0000
,
1000
0000
1000
0010
,
1000
0000
0000
0000
,
0001
0000
0000
0000
,
1000
0000
0001
0000
,
0100
0100
0100
0100
,
0001
0000
0000
0000
,
0100
0100
0100
0100
,
0100
0000
0100
0000
,
0001
0001
0001
0001
,
0001
0000
1000
0000
,
0100
0100
0100
0100
,
0100
0000
0100
0000
,
0010
0010
0010
0010
,
0010
0000
1000
0010
,
0000
1000
0000
0001
,
0000
0100
0000
0100
,
0000
0010
0000
1000
,
0000
0010
0010
0000
,
0001
1000
0000
0000
,
0010
0100
0000
0000
,
0001
1000
0000
0000
,
0001
1000
0000
0000
,
0010
0000
0010
0000
,
1000
0000
1000
0000
,
0010
0000
0010
0000
,
0100
0100
0100
0000
,
0010
0000
0010
0000
,
0100
0000
0100
0000
,
0010
0000
0010
0000
,
1000
0001
0000
1001
;

//---------------dance-double - M. Emirzian----------------
#NOTES:
     dance-double:
     M. Emirzian:
     Easy:
     2:
     0.139,0.000,0.008,0.025,0.000,114.000,1.000,3.000,0.000,0.000,0.000:


00000000
00000000
00000000
00000000
,
00000000
00000000
00000000
00000000
,
00000000
00000000
00000000
00000000
,
00000000
00000000
00000000
00000000
,
10000000
00000000
00010000
00000000
,
10000000
00000000
01000000
00000000
,
00010000
00000000
00001000
00000000
,
00000100
00000000
00000100
00000100
,
00000001
00000000
00000100
00000000
,
00001000
00000000
00010000
00000000
,
00100000
00000000
10000000
00000000
,
01000000
00000000
00010000
00000000
,
00001000
00000000
00000100
00000000
,
00000001
00000000
00000010
00000000
,
00001000
00000000
00010000
00000000
,
00200000
00000000
00000000
00000000
,
10300000
00000000
00000000
00000000
,
10000000
00000000
00000000
00000000
,
00010000
00000000
00000000
00000000
,
00100000
00000000
00000000
00000000
,
00001000
00000000
00000000
00000000
,
00010000
00000000
00000000
00000000
,
00000010
00000000
00000000
00000000
,
00001000
00000000
00000000
00000000
,
00000001
00000000
00000100
00000000
,
00001000
00000000
00010000
00000000
,
01000000
00000000
10000000
00000000
,
00100000
00000000
00010000
00000000
,
00001000
00000000
00000010
00000000
,
00000001
00000000
00000100
00000000
,
00001000
00000000
00010000
00000000
,
00200000
00000000
00000000
00000000
,
10300000
00000000
10000000
00000000
,
01000000
00000000
01000000
00000000
,
00100000
00000000
00100000
00000000
,
00001000
00000000
00001000
00000000
,
00010000
00000000
00010000
00000000
,
00000100
00000000
00000100
00000000
,
00000010
00000000
00000010
00000000
,
00000001
00000000
00000001
00000000
,
00000100
00000000
00000100
00000000
,
00000100
00000000
00001000
00000000
,
00001000
00000000
00001000
00000000
,
00010000
00000000
00010000
00000000
,
02000000
00000000
00000000
00000000
,
13000000
00000000
00100000
00000000
,
00010000
00000000
00001000
00000000
,
00000010
00000000
00000001
00000000
,
00000100
00000000
00001000
00000000
,
00010000
00000000
01000000
00000000
,
10000000
00000000
00100000
00000000
,
00010000
00000000
00001000
00000000
,
00000010
00000000
00000001
00000000
,
00000100
00000000
00001000
00000000
,
00000000
00000000
00010000
00000000
,
00000000
00000000
00001000
00000000
,
00000000
00000000
00000000
00000000
,
00001000
00000000
00010000
00000000
,
00000000
00000000
00100000
00000000
,
00000000
00000000
01000000
00000000
,
00000000
00000000
10000000
00000000
,
01000000
00000000
01000000
00000000
,
00100000
00000000
00100000
00000000
,
00010000
00000000
00010000
00000000
,
00001000
00000000
00001000
00000000
,
00000010
00000000
00000010
00000000
,
00000001
00000000
00000001
00000000
,
00000100
00000000
00000100
00000000
,
00000010
00000000
00000010
00001010
;

//---------------dance-double - M. Emirzian----------------
#NOTES:
     dance-double:
     M. Emirzian:
     Medium:
     5:
     0.300,0.000,0.248,0.041,0.000,219.000,30.000,5.000,0.000,0.000,0.000:


00000000
00000000
00000000
00000000
,
00000000
00000000
00000000
00000000
,
00000000
00000000
00000000
00000000
,
00000000
00000000
00000000
00000000
,
00000000
10000000
00000000
10000000
00000000
10000000
00000000
10000000
,
00000000
00010000
00000000
00010000
00000000
00010000
00000000
00010000
,
00000000
00100000
00000000
00100000
00000000
00100000
00000000
00100000
,
00020000
00000000
00000000
00000000
,
00030000
01000000
00000000
00001000
00000000
00010000
00000000
00001000
,
00000000
00010000
00000000
00000100
00000000
00001000
00000000
00000000
,
00000000
00000010
00000000
00000100
00000000
00000001
00000000
00001000
,
00000000
00000100
00000000
00010000
00000000
00001000
00000000
00000000
,
00000000
01000000
00000000
00010000
00000000
01000000
00000000
00010000
,
00000000
10000000
00000000
01000000
00000000
00100000
00000000
00000000
,
00000000
00010000
00000000
01000000
00000000
00001000
00000000
00010000
,
00002000
00000000
00000000
00010000
,
00013000
00010000
00010010
00011000
,
00001000
00010000
00101000
00011000
,
00010000
00001000
00010010
00011000
,
00010000
00001000
00010000
00100000
,
00010000
00001000
00010100
00011000
,
00010000
00001000
01001000
00011000
,
00001000
00010000
00010100
00011000
,
00010000
00001000
00000100
00001000
,
00010000
00000000
00010000
00000000
,
00100000
00000000
10000000
00000000
,
00100000
00000000
01000000
00000000
,
00001000
00000000
00020000
00001000
,
00030100
00000000
00000010
00000000
,
00000001
00000000
00001000
00000000
,
00010000
00000000
10000000
00000000
,
02000000
00000000
00000000
00000000
,
03100000
00010000
00100000
00000000
,
00001000
00010000
00001000
00000000
,
00000010
00000100
00000010
00000000
,
00000001
00000100
00000001
00000000
,
00000010
00000100
00000010
00000000
,
00001000
00010000
00001000
00000000
,
01000000
00010000
01000000
00000000
,
00100000
10000000
00100000
00000000
,
00100000
00100000
01000000
01000000
,
00010000
00010000
00100000
00100000
,
00001000
00001000
00010000
00010000
,
00000100
00000000
00000010
00000000
00000001
00001000
00000100
00000010
,
00000002
00000000
00000000
00000000
,
00000103
00000000
00000010
00000000
00000100
00000010
00001000
00000000
,
00000100
00010000
00001000
00000000
,
00010000
00000000
00001000
00000000
01000000
00010000
10000000
00000000
,
01000000
00100000
00010000
00000000
,
01000000
00000000
00001000
00000000
00010000
00000100
00001000
00000000
,
00000001
00000010
00000100
00000000
,
00001000
00000000
00000001
00000000
00000100
00000010
00001000
00000000
,
00000100
00010000
00001000
00000000
,
00011000
00000000
00101000
00000000
,
00011000
00000000
00010010
00000000
,
00011000
00000000
01001000
00000000
,
00011000
00000000
00001000
00000000
,
00101000
00000000
00011000
00000000
,
00010010
00000000
00011000
00101000
,
00011000
00000000
01001000
00000000
,
00011000
00000000
00101000
00000000
,
10010000
01000000
00000000
01000000
00000000
01000000
00000000
01000000
,
00100000
10000000
00000000
10000000
00000000
10000000
00000000
10000000
,
01000000
00100000
00000000
00100000
00000000
00100000
00000000
00100000
,
00001000
00010000
00000000
00010000
00000000
00010000
00000000
00010000
,
00000100
00001000
00000000
00001000
00000000
00001000
00000000
00001000
,
00000010
00000100
00000000
00000001
00000000
00000001
00000000
00000001
,
00000100
00000010
00000000
00000010
00000000
00000010
00000000
00000010
,
00010000
00001000
00100000
11000000
;

//---------------dance-double - M. Emirzian----------------
#NOTES:
     dance-double:
     M. Emirzian:
     Hard:
     8:
     0.431,0.000,0.413,0.182,0.165,293.000,50.000,22.000,0.000,4.000,0.000:


00000000
00000000
00000000
00000000
,
00000000
00000000
00000000
00000000
,
00000000
00000000
00000000
00000000
,
00000000
00000000
00000000
00000000
,
00000000
10000000
00000000
00100000
00000000
00010000
00000000
00001000
,
00000000
00000010
00000000
00000001
00000000
00000100
00000000
00001001
,
00001000
00000010
00000000
00001000
00000000
00000100
00000000
00010000
,
00022000
00000000
00000000
00000000
00000000
00000000
00000000
00000000
00000000
00100000
00033000
00000000
,
00010000
00100000
00000000
10000000
00000000
01000000
00000000
00010000
,
00000000
00001000
00000000
00000100
00000000
00000001
00000000
00001001
,
00000001
00000010
00000000
00000100
00000000
00010000
00000000
00001000
,
00000000
01000000
00000000
00100000
00000000
10000000
00000000
10010000
,
10000000
01000000
00000000
00010000
00000000
00001000
00000000
00000010
,
00000000
00000001
00000000
00000100
00000000
00000010
00000000
00001001
,
00000001
00000100
00000000
00000010
00000000
00010000
00000000
00001000
,
00020000
00000000
00000000
01000000
,
01030000
00000000
10000000
00100000
10000000
00000000
00100000
00000000
,
10000000
00000000
01000000
10000000
01000000
00000000
10000000
00000000
,
01000000
00000000
00010000
01000000
00010000
00000000
01000000
00000000
,
00020000
00000000
00000100
00001000
,
00030100
00000000
00001000
00000100
00001000
00000000
00000100
00000000
,
00000001
00000000
00000100
00000001
00000100
00000000
00000001
00000000
,
00000010
00000000
00001000
00000100
00001000
00000000
00000010
00000000
,
00020000
00000000
00001000
00001000
,
00031000
00000000
00000000
00000000
00000000
00000000
01000000
00000000
00000000
00000000
00000000
00000000
00100000
00000000
00000000
00000000
00000000
10000000
00000000
00000000
01000000
00000000
00000000
00000000
,
00100000
00000000
00000000
00000000
00000000
00000000
00010000
00000000
00000000
00000000
00000000
00000000
01000000
00000000
00000000
00000000
00000000
00001000
00000000
00000000
00010000
00000000
00000000
00000000
,
00001000
00000000
00000000
00000000
00000000
00000000
00010000
00000000
00000000
00000000
00000000
00000000
00000100
00000000
00000000
00000000
00000000
00001000
00000000
00000000
00000010
00000000
00000000
00000000
,
00000001
00000100
00000020
00000100
,
00000130
00000000
00000000
00000000
00000000
00000000
00001000
00000000
00000000
00000000
00000000
00000000
00000010
00000000
00000000
00000000
00000000
00010000
00000000
00000000
00001000
00000000
00000000
00000000
,
00010000
00000000
00000000
00000000
00000000
00000000
00001000
00000000
00000000
00000000
00000000
00000000
01000000
00000000
00000000
00000000
00000000
00100000
00000000
00000000
10000000
00000000
00000000
00000000
,
01000000
00000000
00000000
00000000
00000000
00000000
00100000
00000000
00000000
00000000
00000000
00000000
00001000
00000000
00000000
00000000
00000000
00010000
00000000
00000000
00000100
00000000
00000000
00000000
,
00002002
00000000
00000000
00000000
00000000
00000000
00000000
00000000
00000000
00000010
00003003
00000000
,
00000100
00000000
00000000
00000000
00012000
00000000
00000000
00000000
00010000
00000000
00000000
00010000
00000000
00000000
00013000
00000000
,
00100000
00000000
00000000
00000000
20100000
00000000
00000000
00000000
01000000
00000000
00000000
01000000
00000000
00000000
31000000
00000000
,
00010000
00000000
00000000
00000000
00012000
00000000
00000000
00000000
00000010
00000000
00000000
00000010
00000000
00000000
00003010
00000000
,
00000001
00000000
00000000
00000000
00000210
00000000
00000000
00000000
00000010
00000000
00000000
00000010
00000300
00000000
00000010
00000000
,
00000100
00000000
00000000
00000000
00002010
00000000
00000000
00000000
00010000
00000000
00000000
00010000
00000000
00000000
00013000
00000000
,
00100000
00000000
00000000
00000000
21000000
00000000
00000000
00000000
00100000
00000000
00000000
00100000
00000000
00000000
30100000
00000000
,
00010000
00000000
00000000
00000000
00012000
00000000
00000000
00000000
00000100
00000000
00000000
00000100
00000000
00000000
00003100
00000000
,
00000001
00000000
00000000
00000000
00000120
00000000
00000000
00000000
00001000
00000000
00000000
00001000
00000000
00000000
00001030
00000000
,
00001001
00000000
00011000
00000000
,
10010000
00000000
01100000
00000000
,
10010000
01010000
00101000
00011000
,
00010010
00000010
00000100
00000001
00000010
00000100
00001000
00000010
,
00000220
00000000
00000000
00000000
00000000
00000000
00000000
00000000
00000000
00010000
00000330
00000000
,
00000100
00000000
00000000
00000000
00001000
00000000
00000000
00000000
00011000
00000000
00000000
00101000
00000000
00000000
00011000
00000000
,
00001000
00000000
00000000
00000000
01000000
00000000
00000000
00000000
01001000
00000000
00000000
01010000
00000000
00000000
01001000
00000000
,
01000000
00000000
00000000
00000000
00100000
00000000
00000000
00000000
10100000
00000000
00000000
10010000
00000000
00000000
10100000
00000000
,
10000000
00000000
00000000
00000000
01000000
00000000
00000000
00000000
00101000
00000000
00000000
00110000
00000000
00000000
00101000
00000000
,
00001000
00000000
00000000
00000000
00010000
00000000
00000000
00000000
00010010
00000000
00000000
00001010
00000000
00000000
00010010
00000000
,
00000010
00000000
00000000
00000000
00001000
00000000
00000000
00000000
00001100
00000000
00000000
00001001
00000000
00000000
00001100
00000000
,
00000100
00000000
00000000
00000000
00000010
00000000
00000000
00000000
00000011
00000000
00000000
00001001
00000000
00000000
00000011
00000000
,
00000010
00000000
00000000
00000000
00000100
00000000
00000000
00000000
00010100
00000000
00000000
00001100
00000000
00000000
00010100
00000000
,
00010000
00000000
00000000
00000000
00000000
00000000
00010000
00000000
00000000
00000000
00000000
00000000
00001000
00000000
00000000
00000000
00000000
00010000
00000000
00000000
00001000
00000000
00000000
00000000
,
01000000
00000000
00000000
00000000
00000000
00000000
00010000
00000000
00000000
00000000
00000000
00000000
10000000
00000000
00000000
00000000
00000000
01000000
00000000
00000000
00010000
00000000
00000000
00000000
,
00100000
00000000
00000000
00000000
00000000
00000000
01000000
00000000
00000000
00000000
00000000
00000000
00001000
00000000
00000000
00000000
00000000
00010000
00000000
00000000
00001000
00000000
00000000
00000000
,
00010000
00000100
00002000
00000000
,
00003100
00000000
00000000
00000000
00000000
00000000
00000010
00000000
00000000
00000000
00000000
00000000
00000001
00000000
00000000
00000000
00000000
00000100
00000000
00000000
00001000
00000000
00000000
00000000
,
00000010
00000000
00000000
00000000
00000000
00000000
00000100
00000000
00000000
00000000
00000000
00000000
00001000
00000000
00000000
00000000
00000000
00000100
00000000
00000000
00010000
00000000
00000000
00000000
,
00001000
00000000
00000000
00000000
00000000
00000000
00100000
00000000
00000000
00000000
00000000
00000000
00010000
00000000
00000000
00000000
00000000
01000000
00000000
00000000
10000000
00000000
00000000
00000000
,
00100000
01000000
20000000
01000000
,
31000000
00100000
00000000
00010000
00000000
01000000
00000000
00100000
,
00010000
00001000
00000000
00010000
00000000
00000100
00000000
00001000
,
00000010
00000100
00000000
00000001
00000000
00000010
00000000
00001000
,
00000100
00000001
00000000
00000100
00000000
00001000
00000000
00010000
,
00000100
00001000
00000000
00000100
00000000
00010000
00000000
00001000
,
01000000
00010000
00000000
10000000
00000000
01000000
00000000
00010000
,
00100000
10000000
00000000
01000000
00000000
00010000
00000000
00001000
,
00022000
00000000
00000000
00000000
00000000
00000000
00000000
00000000
00000000
00000110
00033000
00000000
;

//---------------dance-double - M. Emirzian----------------
#NOTES:
     dance-double:
     M. Emirzian:
     Challenge:
     9:
     0.527,0.000,0.438,0.818,0.165,294.000,53.000,99.000,0.000,42.000,0.000:


00000000
00000000
00000000
00000000
,
00000000
00000000
00000000
00000000
,
00000000
00000000
00000000
00000000
,
00000000
00000000
00000000
00000000
,
00000000
00000010
00000000
00000202
00000000
00001000
00000303
00001000
,
00000000
00022000
00000000
01000000
00033000
01000000
00000000
02020000
,
00000000
00100000
03030000
10000000
00000000
01020000
00000000
00031000
,
00000200
00000000
00000000
00000000
00000000
00000000
00000000
00000000
00000000
00010010
00000300
00000000
,
00000002
00000020
00000000
00000100
00000033
00001000
00000000
00010000
,
00000000
01000000
00000000
21000000
00000000
00100000
30000000
00010000
,
00002000
00000020
00000000
00000001
00003030
00000001
00000000
00000100
,
00000000
00001000
00000000
00021000
00000000
01000000
00030000
10000000
,
00200000
02000000
00000000
10000000
03300000
00001000
00000000
00010000
,
00000000
01000000
00000000
00012000
00000000
00000010
00003000
00000001
,
00000200
00000020
00000000
00001000
00000330
00001000
00000000
00010000
,
02000000
00000000
00000000
00000000
00000000
00000000
00000000
00000000
00000000
00101000
03000000
00000000
,
20000000
00000000
30100000
00010000
00010000
00000000
00001000
00000000
,
00020000
00000000
00130000
00010000
00010000
00000000
00011000
00000000
,
00002000
00000000
00003010
00000100
00000100
00001000
00000001
00000000
,
00000020
00000000
00000000
00002000
00000000
00000000
00010000
00003030
00000000
00010000
00000000
00000000
,
00200000
00000000
10000000
00010000
00310000
00000000
00001000
00000000
,
01200000
00000000
10000000
01000000
01300000
00000000
01001000
00000000
,
00002000
00000000
00010000
00010000
00003010
00001000
00010000
00000000
,
00002002
00000000
00000000
00000000
00000000
00000000
00000100
00000000
00000003
00000000
00000000
00000000
00000010
00000000
00000000
00003000
00000000
00000000
00000100
00000000
00000000
00000000
00000000
00000000
,
00021000
00000000
00000000
00000000
00000000
00000000
01000000
00000000
00000000
00000000
00000000
00000000
01030000
00000000
00000000
00000000
00000000
10000000
00000000
00000000
00100000
00000000
00000000
00000000
,
02200000
00000000
00000000
00000000
00000000
00000000
00010000
00000000
03000000
00000000
00000000
00000000
00310000
00000000
00000000
00000000
00000000
00001000
00000000
00000000
00000100
00000000
00000000
00000000
,
00002002
00000000
00000000
00000000
00000000
00000000
00010000
00000000
00000003
00000000
00000000
00000000
00003100
00000000
00000000
00000000
00000000
00000010
00000000
00000000
00001000
00000000
00000000
00000000
,
00022000
00000000
00000000
00100000
00003000
00000000
00130000
00000000
00000000
00000000
00000000
00000000
,
20200000
00000000
00000000
00000000
00000000
00000000
01000000
00000000
00300000
00000000
00000000
00000000
30010000
00000000
00000000
00000000
00000000
00100000
00000000
00000000
01000000
00000000
00000000
00000000
,
02020000
00000000
00000000
00000000
00000000
00000000
00100000
00000000
03000000
00000000
00000000
00000000
00031000
00000000
00000000
00000000
00000000
00000100
00000000
00000000
00000010
00000000
00000000
00000000
,
00002020
00000000
00000000
00000000
00000000
00000000
00000100
00000000
00003000
00000000
00000000
00000000
00000031
00000000
00000000
00000000
00000000
00000010
00000000
00000000
00000100
00000000
00000000
00000000
,
00002000
00000000
00000000
00013010
,
00010000
00000000
00000000
00000000
02010000
00000000
00000000
00000000
10000000
00000000
00000000
10000000
00000000
00000000
13000000
00000000
,
00100000
00000000
00000000
00000000
00012000
00000000
00000000
00000000
00010000
00000000
00000000
00010000
00000000
00000000
00013000
00000000
,
00000010
00000000
00000000
00000000
00001200
00000000
00000000
00000000
00000001
00000000
00000000
00000001
00000000
00000000
00000301
00000000
,
00000100
00000000
00000000
00000000
00012000
00000000
00000000
00000000
00000100
00000000
00000000
00000100
00000000
00000000
00003100
00000000
,
00001000
00000000
00000000
00000000
02010000
00000000
00000000
00000000
10000000
00000000
00000000
10000000
00000000
00000000
13000000
00000000
,
01000000
00000000
00000000
00000000
01002000
00000000
00000000
00000000
00010000
00000000
00000000
00010000
00000000
00000000
00010000
00000000
,
00003100
00000000
00000000
00000000
00000120
00000000
00000000
00000000
00000001
00000000
00000000
00000001
00000000
00000000
00000031
00000000
,
00000100
00000000
00000000
00000000
00020010
00000000
00000000
00000000
00001000
00000000
00000000
00001000
00000000
00000000
00031000
00000000
,
01000000
00000000
00000000
00020000
00000000
00000000
00101000
00030000
00000000
20000000
00000000
00000000
,
31000000
00000000
00000000
00200000
00000000
00000000
10010000
00300000
00000000
00001000
00000000
00000000
,
00020000
00000000
00000000
00030100
00000000
00000000
00000020
00000000
00000000
00001001
00000030
00000000
,
00000001
00001000
00000100
00000010
00000001
00000100
00001000
00010000
,
01002000
00000000
00000000
00000000
00000000
00000000
00000000
00000000
00000000
10010000
00003000
00000000
,
01000000
00000000
00000000
00000000
00000000
00000000
00000000
00000000
00000000
00000000
00000000
00000000
02200000
00000000
00000000
00000000
00000000
00000000
00000000
00000000
00000000
00000000
00000000
00000000
00010000
00000000
00000000
00000000
00300000
00000000
00000000
00000000
00000000
10000000
00000000
00000000
03000000
00000000
00000000
00000000
00000000
00000000
01000000
00000000
00000000
00000000
00000000
00000000
,
00100000
00000000
00000000
00000000
00000000
00000000
00000000
00000000
00000000
00000000
00000000
00000000
02002000
00000000
00000000
00000000
00000000
00000000
00000000
00000000
00000000
00000000
00000000
00000000
00010000
00000000
00000000
00000000
00003000
00000000
00000000
00000000
00000000
00001000
00000000
00000000
03000000
00000000
00000000
00000000
00000000
00000000
00010000
00000000
00000000
00000000
00000000
00000000
,
00000010
00000000
00000000
00000000
00000000
00000000
00000000
00000000
00000000
00000000
00000000
00000000
00002020
00000000
00000000
00000000
00000000
00000000
00000000
00000000
00000000
00000000
00000000
00000000
00010000
00000000
00000000
00000000
00000030
00000000
00000000
00000000
00000000
00000100
00000000
00000000
00003000
00000000
00000000
00000000
00000000
00000000
00000010
00000000
00000000
00000000
00000000
00000000
,
00000001
00000000
00000000
00000000
00000000
00000000
00000000
00000000
00000000
00000000
00000000
00000000
00002200
00000000
00000000
00000000
00000000
00000000
00000000
00000000
00000000
00000000
00000000
00000000
00000010
00000000
00000000
00000000
00003000
00000000
00000000
00000000
00000000
00010000
00000000
00000000
00000300
00000000
00000000
00000000
00000000
00000000
00001000
00000000
00000000
00000000
00000000
00000000
,
01000000
00000000
00000000
00000000
00000000
00000000
00000000
00000000
00000000
00000000
00000000
00000000
20020000
00000000
00000000
00000000
00000000
00000000
00000000
00000000
00000000
00000000
00000000
00000000
00001000
00000000
00000000
00000000
30000000
00000000
00000000
00000000
00000000
00100000
00000000
00000000
00030000
00000000
00000000
00000000
00000000
00000000
01000000
00000000
00000000
00000000
00000000
00000000
,
10000000
00000000
00000000
00000000
00000000
00000000
00000000
00000000
00000000
00000000
00000000
00000000
00220000
00000000
00000000
00000000
00000000
00000000
00000000
00000000
00000000
00000000
00000000
00000000
01000000
00000000
00000000
00000000
00300000
00000000
00000000
00000000
00000000
01000000
00000000
00000000
00030000
00000000
00000000
00000000
00000000
00000000
00100000
00000000
00000000
00000000
00000000
00000000
,
00010000
00000000
00000000
00000000
00000000
00000000
00000000
00000000
00000000
00000000
00000000
00000000
00022000
00000000
00000000
00000000
00000000
00000000
00000000
00000000
00000000
00000000
00000000
00000000
00000010
00000000
00000000
00000000
00030000
00000000
00000000
00000000
00000000
00000100
00000000
00000000
00003000
00000000
00000000
00000000
00000000
00000000
00000001
00000000
00000000
00000000
00000000
00000000
,
00000010
00000000
00000000
00000000
00000000
00000000
00000000
00000000
00000000
00000000
00000000
00000000
00002002
00000000
00000000
00000000
00000000
00000000
00000000
00000000
00000000
00000000
00000000
00000000
00000100
00000000
00000000
00000000
00003000
00000000
00000000
00000000
00000000
00000010
00000000
00000000
00000003
00000000
00000000
00000000
00000000
00000000
00001000
00000000
00000000
00000000
00000000
00000000
,
00010000
00000000
00000000
00000000
00000000
00000000
00100000
00000000
00000000
00000000
00000000
00000000
10000000
00000000
00000000
00000000
00000000
01000000
00000000
00000000
00100000
00000000
00000000
00000000
,
00220000
00000000
00000000
00000000
00000000
00000000
10000000
00000000
00300000
00000000
00000000
00000000
01030000
00000000
00000000
00000000
00000000
00010000
00000000
00000000
00001000
00000000
00000000
00000000
,
00020020
00000000
00000000
00000000
00000000
00000000
00001000
00000000
00000030
00000000
00000000
00000000
00030100
00000000
00000000
00000000
00000000
00000010
00000000
00000000
00000001
00000000
00000000
00000000
,
00000202
00000000
00000000
00001000
00000003
00000000
00000310
00000000
00000000
00000000
00000000
00000000
,
00202000
00000000
00000000
00000000
00000000
00000000
00010000
00000000
00300000
00000000
00000000
00000000
01003000
00000000
00000000
00000000
00000000
00100000
00000000
00000000
10000000
00000000
00000000
00000000
,
22000000
00000000
00000000
00000000
00000000
00000000
00010000
00000000
30000000
00000000
00000000
00000000
03100000
00000000
00000000
00000000
00000000
00001000
00000000
00000000
00010000
00000000
00000000
00000000
,
00020020
00000000
00000000
00000000
00000000
00000000
00001000
00000000
00000030
00000000
00000000
00000000
00030100
00000000
00000000
00000000
00000000
00000010
00000000
00000000
00000001
00000000
00000000
00000000
,
00000200
00000000
00000000
00000000
00000000
00000000
00000000
00000000
00000000
00011000
00000300
00000000
,
00002000
00020000
00000000
01000000
00033000
01000000
00000000
10000000
,
00000000
01000000
00000000
00120000
00000000
01000000
00030000
00001000
,
00020000
02000000
00000000
00100000
03030000
10000000
00000000
00100000
,
00000000
00010000
00000000
00010020
00000000
00001000
00000030
00000100
,
00000020
00000002
00000000
00001000
00000033
00000010
00000000
00001000
,
00000000
00010000
00000000
20010000
00000000
00100000
30000000
00010000
,
00002000
00000020
00000000
00010000
00003030
00000001
00000000
00000100
,
00002000
00000000
00000000
00000000
00000000
00000000
00000000
00000000
00000000
00010010
00003000
00000000
;

//---------------dance-single - K. Ward----------------
#NOTES:
     dance-single:
     K. Ward:
     Challenge:
     9:
     0.688,0.000,0.984,0.165,0.289,444.000,119.000,20.000,24.000,5.000,0.000:


0000
0000
0000
0000
,
0000
0000
0000
0000
,
0000
0000
0000
0000
,
0000
0000
0000
0000
,
1000
0010
0100
0001
0100
0010
1000
0100
,
1000
0000
0010
0000
0100
0000
0001
0000
0010
0000
0001
0000
0100
0010
0100
0010
,
1000
0010
0100
0001
0010
0001
1000
0001
,
1001
0000
0000
0000
0000
0000
0000
0000
0001
0010
0001
0000
0011
0000
0000
0000
,
1000
0100
1000
0000
0010
0000
0100
0010
0000
0000
0100
0000
0001
0000
0010
0000
,
0001
0010
0001
0000
0100
0000
0010
1000
0000
1000
0010
0000
0110
0000
0000
0000
,
0001
0010
0001
0000
0100
0000
0010
1000
0000
0000
0010
0000
0100
0000
0001
0000
,
0010
0001
0100
0000
0010
0000
1000
0100
0000
0100
1000
0000
1100
0000
0000
0000
,
0001
0000
0100
0000
0110
0000
0010
1000
0000
0000
0100
0000
1100
0000
0010
0000
,
0100
0000
0001
0000
0011
0000
0100
0010
0000
1000
0100
0000
1100
0000
0000
0000
,
0010
0000
0100
0000
0011
0000
0001
0100
0000
0000
0010
0000
1100
0000
0100
0000
,
1000
0000
0000
1000
0010
0000
0100
0001
0000
0000
0010
0000
0011
0000
0000
0000
,
1001
0000
0000
0000
0110
0000
0000
1100
0000
0000
0110
0000
0000
0011
0000
0000
,
1100
0000
0000
0000
0110
0000
0000
0011
0000
0000
1100
0000
0110
0000
1100
0000
,
0011
0000
0000
0000
0110
0000
0000
1100
0000
0000
0011
0000
0000
0110
0000
0000
,
2200
0000
0001
0000
0010
0000
0001
3300
,
1100
0000
0000
0000
0011
0000
0000
0110
0000
0000
1100
0000
0000
1001
0000
0000
,
0110
0000
0000
0000
1100
0000
0000
0110
0000
0000
1100
0000
0011
0000
1010
0000
,
0110
0000
0000
0000
1001
0000
0000
0110
0000
0000
0011
0000
0000
0110
0000
0000
,
2200
0000
0000
0000
0001
3300
1100
0000
,
0001
0100
0010
1000
0100
1000
0010
0100
,
0001
0000
0100
0000
1000
0000
0100
0000
0001
0000
1000
0000
0010
0100
0010
0000
,
1000
0100
1000
0010
0100
0001
0010
0001
,
1000
0000
0010
0000
0001
0000
0010
0000
1000
0100
1000
0100
2000
0000
0000
0000
,
3001
0100
0010
1000
1100
1000
0010
0100
,
0011
0001
0100
0010
1000
0010
0110
0000
,
1100
0100
1000
0010
0110
0001
0010
0001
,
2000
0000
0200
0000
0020
0000
0000
3330
,
2000
0000
0000
0000
0001
0000
0000
0000
0010
0000
0000
0100
0000
0000
0010
0000
,
3002
0000
0000
0000
0010
0000
0000
0000
0100
0000
0000
1000
0000
0000
0103
0000
,
0020
0000
0000
0000
0100
0000
0000
0000
0001
0000
0000
0100
0000
0000
0230
0000
,
2000
0000
0300
0000
0020
0000
3000
0000
0100
0000
0000
1000
0030
0000
0100
0000
,
1000
0010
0100
0001
0010
0000
0001
0010
0001
0010
0000
0000
0001
0100
0010
1000
,
0100
1000
0010
0100
0001
0000
0100
0010
0000
0000
1000
0100
1000
0000
0010
0000
,
1000
0010
0100
0001
0010
0000
0001
0010
0001
0010
0000
0000
0001
0100
0010
1000
,
0100
0000
1000
0000
1100
0000
0000
0001
0010
0000
0001
0000
0100
0000
0010
0000
,
1100
MMMM
0110
MMMM
,
1100
MMMM
0110
MMMM
,
1001
M00M
0011
00MM
1100
MM00
1001
M00M
,
0011
0001
0101
0001
1001
0001
0011
0001
,
2002
0000
3003
1001
,
1000
0000
0010
0000
0100
0000
0001
0000
0011
0000
0000
0011
0000
0000
0011
0000
,
0001
0000
0100
0000
0010
0000
1000
0000
1100
0000
0000
1100
0000
0000
1100
0000
,
1000
0000
0010
0000
0100
0000
0010
0000
1010
0000
0000
1010
0000
0000
1010
0000
,
1000
0000
0010
0000
0100
0000
0000
0000
0101
0000
0000
0101
0000
0000
0101
0000
,
0001
0000
0100
0000
0010
0000
1000
0000
1010
0000
0000
0110
0000
0000
0011
0000
,
0001
0000
0100
0000
0010
0000
1000
0000
1100
0000
0000
0110
0000
0000
1100
0000
,
1000
0000
0010
0000
0100
0000
0001
0000
0011
0000
0000
0110
0000
0000
0011
0000
,
0001
0000
0100
0000
0010
0000
0000
1000
0100
0000
1000
0000
0010
0000
0100
0000
,
0001
0000
0010
0000
0011
0000
0100
0000
0010
0000
1000
0100
0000
0000
0000
0000
,
1000
0000
0010
0000
0110
0000
0001
0000
0010
0000
0001
0010
0000
0000
0000
0000
,
0001
0000
0100
0000
0110
0000
1000
0000
0100
0000
1000
0100
0000
0000
0000
0000
,
1000
0010
0110
0001
0100
0000
1100
0000
,
0010
0000
0100
0000
0001
0000
0010
0000
0100
0000
1000
0020
0000
0000
0000
0000
,
0130
0000
0001
0000
0010
0000
0001
0000
0100
0000
0010
2000
0000
0000
0010
0000
,
3010
0000
0100
0000
0001
0000
0010
0000
0001
0000
0100
0020
0000
0000
0000
0000
,
1030
0100
0010
0001
0010
0000
0011
0000
,
1000
0110
0000
1100
0000
0110
0000
0011
,
0100
0110
0000
0110
0100
0001
0011
0000
,
0001
0110
0000
0011
0000
0110
0000
1100
,
0010
0000
0110
0000
0000
0000
0110
0000
0010
0000
1000
0000
0100
1000
0100
1000
,
0001
0011
0100
0011
1000
0110
1000
1100
,
0010
0110
0001
0011
0001
0110
1001
0000
,
1000
1100
0010
0110
0001
0011
1000
0110
,
2000
0000
0000
0000
0000
0000
0000
0000
3010
0100
0001
0000
1001
0000
0000
0000
;

//---------------lights-cabinet - ----------------
#NOTES:
     lights-cabinet:
     :
     Easy:
     1:
     1.000,0.000,1.000,0.165,0.083,427.000,273.000,20.000,0.000,205.000,0.000:


00000000
00000000
00000000
00000000
,
00000000
00000000
00000000
00000000
,
00000000
00000000
00000000
00000000
,
00000000
00000000
00000000
00000000
,
00000011
11110000
00000011
11110000
00000011
11110000
00000011
11110000
,
00000011
11110000
00000011
11110000
00000011
11110000
00000011
11110000
,
00000011
11110000
00000011
11110000
00000011
11110000
00000011
11110000
,
20020022
00000000
31130033
00000000
10000000
00100000
01100000
00000000
,
10000011
00010000
01000011
00010000
00100011
00010000
01000011
00010000
,
10000011
00000000
00100000
00000000
01000011
00000000
00010000
00000000
10000011
00000000
00010000
00000000
00100011
00000000
00000000
00010000
,
00100011
00010000
10000011
01000000
10000011
00100000
01000011
00010000
,
00100011
00000000
00010000
00000000
01000011
00000000
00010000
00000000
00100011
00000000
00000000
00010000
00100011
00000000
00000000
00000000
,
00010011
00010000
01000011
00100000
10000011
00100000
01000011
00100000
,
01000011
00000000
01000000
00000000
00010011
00000000
00100000
00000000
00010011
00000000
00000000
00000000
11000011
00000000
00000000
00010000
,
01000011
00010000
00100011
01000000
10000011
01000000
00100011
00010000
,
00100011
00000000
00000000
00000000
00010000
00000011
00110000
00000000
,
10000011
00000000
00000000
00000000
00010011
00000000
00000000
01000000
00000011
00000000
00100000
00000000
00000011
10000000
00000000
00000000
,
00100011
00000000
00000000
00000000
01000011
00000000
00000000
00010000
00000011
00000000
10000000
00000000
00100011
00000000
10000000
00000000
,
00010011
00000000
00000000
00000000
01000011
00000000
00000000
00010000
00000011
00000000
10000000
00000000
00000011
01000000
00000000
00000000
,
10000011
00110000
00010011
11000011
,
10000011
00000000
00000000
00000000
00010011
00000000
00000000
01000000
00000011
00000000
00010000
00000000
00000011
10000000
00000000
00000000
,
00100011
00000000
00000000
00000000
10000011
00000000
00000000
00100000
00000011
00000000
01000000
00000000
00100011
00000000
01000000
00000000
,
01000011
00000000
00000000
00000000
00010011
00000000
00000000
01000000
00000011
00000000
00100000
00000000
00000011
10000000
00000000
00000000
,
00100011
11000000
10000000
00110000
,
10000011
00010000
01000011
00010000
01000011
00010000
00010011
00000000
,
00010011
10000000
00100011
10000000
00200011
00000000
01300011
00000000
,
00010011
10000000
00100011
10000000
00100011
10000000
10000011
00000000
,
10000011
00000000
00100000
00000000
01000011
00000000
00010000
00000000
10000011
00010000
01000000
00000000
10010000
00000000
00000000
00000000
,
00010011
01000000
00100011
10000000
00100011
00000000
10100011
00000000
,
00010011
00100000
00010011
01000000
00010011
00000000
00110011
00000000
,
10000011
01000000
10000011
00100000
10000011
00000000
10010011
00000000
,
20000011
00000000
00000000
00000000
30010000
01000000
01100000
00000000
,
11000011
00000000
00000000
00000000
00100011
00000000
00000000
00000000
10000000
00000000
00000011
00010000
00000000
00000000
00100000
00000000
,
00110011
00000000
00000000
00000000
01000011
00000000
00000000
00000000
00010000
00000000
00000011
10000000
00000000
00000000
01000000
00000000
,
11000011
00000000
00000000
00000000
10000011
00000000
00000000
00000000
00100000
00000000
00000011
10000000
00000000
00000000
00100000
00000000
,
01100011
00000000
01000011
00000000
00010000
00100011
00110000
00000000
,
10000011
10000000
00100011
01000000
02000000
00000011
03010000
00000000
,
01000011
01000000
00100011
10000000
20000000
00000011
30100000
00000000
,
01000011
01000000
00100011
10000000
00200000
00000011
10300000
00000000
,
10000011
00000000
00100000
00000000
01000011
00000000
00000000
00100000
10000011
00000000
00010011
00000000
00010011
00000000
01000000
00000000
,
01100011
00000000
11000011
00000000
,
00110011
00000000
10010011
00000000
,
11000011
00110011
11000011
00110011
,
10000011
00010011
10000011
00010011
10000011
10000011
00010011
00010011
,
02000022
00000000
00000033
03100000
,
10000011
01000000
00010011
01000000
10000011
01000000
00010011
01000000
,
10000011
00100000
00010011
00100000
10000011
00100000
10000011
00010000
,
10000011
01000000
00100011
00010000
01000011
00100000
10000011
01000000
,
00100011
00010000
10000011
00000000
00010011
10000000
00010011
10000000
,
10000011
00100000
01000011
00100000
01000011
00010000
00100011
01000000
,
00100011
01000000
10000011
00010000
01000011
00010000
10000011
10000000
,
00100011
01000000
00010011
01000000
00010011
00010000
10000011
01000000
,
00100011
01000000
10000011
00000000
00100011
10000011
10010011
00000000
,
10000011
00010000
01000011
00010000
01000011
00010000
00010011
00000000
,
00010011
10000000
00100011
10000000
00200011
00000000
01300011
00000000
,
00010011
00100000
00010011
01000000
00100011
10000000
10000011
00000000
,
01000011
10000000
00100011
01000000
00010011
00000000
00110000
00000000
,
10000011
00010000
01000011
00010000
01000011
00000000
00110011
00000000
,
00010011
10000000
00100011
10000000
00100011
10000000
11000011
00000000
,
10000011
00010000
01000011
00010000
01000011
00000000
00110011
00000000
,
00010011
01000000
00100011
10000000
01100022
00000000
11110033
00000000
,
00000011
01100000
00000011
00110000
00000011
01100000
00000011
11000000
,
00000011
01100000
00000011
10010000
00100011
01000011
10010011
00000000
,
00000011
01100000
00000011
00110000
00000011
01100000
00000011
11000000
,
00000011
00000000
01100000
00000000
00000011
00000000
00010000
00000000
00110011
00000000
00000000
00000000
10000022
00010000
10000033
00010000
,
00000011
10000000
00000011
00100000
00000011
01000000
00000011
00010000
,
00000011
00100000
00000011
00010000
01000011
00000011
01100011
00000000
,
00000011
00100000
00000011
10010000
00000011
01000000
00000011
10000000
,
02000022
00000033
13000011
11110011
;

//---------------dance-single - K. Ward----------------
#NOTES:
     dance-single:
     K. Ward:
     Beginner:
     1:
     0.102,0.000,0.033,0.000,0.000,82.000,4.000,0.000,0.000,0.000,0.000:



0000
0000
0000
0000
,
0000
0000
0000
0000
,
0000
0000
0000
0000
,
0000
0000
0000
0000
,
0000
0000
0000
0000
,
1000
0000
0000
0000
,
0010
0000
0000
0000
,
1001
0000
0000
0000
,
0010
0000
0000
0000
,
1000
0000
0000
0000
,
1000
0000
0000
0000
,
1000
0000
0000
0000
,
0010
0000
0000
0000
,
1000
0000
0000
0000
,
1000
0000
0000
0000
,
1000
0000
0001
0000
,
1000
0000
0000
0000
,
0001
0000
0000
0000
,
0001
0000
0000
0000
,
0010
0000
0001
0000
,
1000
0000
0000
0000
,
0001
0000
0000
0000
,
1000
0000
0000
0000
,
0001
0000
0000
0000
,
1000
0000
0000
0000
,
1000
0000
0000
0000
,
0001
0000
0000
0000
,
0001
0000
0000
0000
,
1000
0000
1000
0000
,
1000
0000
0000
0000
,
0001
0000
0001
0000
,
0001
0000
0000
0000
,
1000
0000
0000
0000
,
1000
0000
0001
0000
,
1000
0000
0000
0000
,
0001
0000
0010
0000
,
0001
0000
0000
0000
,
1000
0000
0001
0000
,
1000
0000
0000
0000
,
0001
0000
1000
0000
,
0010
0000
0000
0000
,
0100
0000
0000
0000
,
0001
0000
1000
0000
,
0001
0000
0000
0000
,
1001
0000
0000
0000
,
1000
0000
0000
0000
,
0001
0000
0000
0000
,
1000
0000
0000
0000
,
0001
0000
0001
0000
,
0100
0000
0010
0000
,
1000
0000
0000
0000
,
0001
0000
0100
0000
,
0010
0000
0000
0000
,
1000
0000
0000
0000
,
0001
0000
0000
0000
,
0001
0000
0000
0000
,
1000
0000
0000
0000
,
1001
0000
0000
0000
,
0001
0000
0000
0000
,
1000
0000
0000
0000
,
0001
0000
0000
0000
,
0010
0000
0010
0000
,
0010
0000
0000
0000
,
0001
0000
0001
0000
,
0001
0000
0000
0000
,
0010
0000
0001
0000
,
1000
0000
0010
0000
,
1000
0000
1000
0000
,
0001
0000
0000
1001
;
