#TITLE:Dreams of Passion;
#SUBTITLE:;
#ARTIST:Dax;
#TITLETRANSLIT:;
#SUBTITLETRANSLIT:;
#ARTISTTRANSLIT:;
#GENRE:;
#CREDIT:;
#BANNER:Dreams of Passion-banner.png;
#BACKGROUND:Dreams of Passion-bg.png;
#LYRICSPATH:;
#CDTITLE:;
#MUSIC:dax - dreams of passion mix.ogg;
#OFFSET:0.013;
#SAMPLESTART:55.293;
#SAMPLELENGTH:12.900;
#SELECTABLE:YES;
#BPMS:0.000=97.055;
#STOPS:;
#BGCHANGES:0.000=Dreams of Passion-bg.png=1.000=0=0=1=====,
8.000=vis_VOL1-34-NTSC.mpg=1.000=1=0=1===CrossFade==,
16.000=EV01448N.mpg=1.000=0=0=1=====,
32.000=vol3-16-ntsc.mpg=1.000=0=0=1=====,
40.000=VOL1-27-NTSC.mpg=1.000=0=0=1=====,
48.000=727_JumpBack.mpg=1.000=0=0=1=====,
64.000=739_JumpBack.mpg=1.000=0=0=1=====,
73.000=vol4-21-ntsc.mpg=1.000=1=0=1===CrossFade==,
80.000=736_JumpBack.mpg=1.000=0=0=1=====,
88.000=VOL1-02-NTSC.mpg=1.000=0=0=1=====,
96.000=735_JumpBack.mpg=1.000=0=0=1=====,
104.000=EV01439N.mpg=1.000=0=0=1=====,
112.000=jb_043.mpg=1.000=0=0=1=====,
120.000=vol4-15-ntsc.mpg=1.000=0=0=1=====,
128.000=735_JumpBack.mpg=1.000=0=0=1=====,
136.000=EV01439N.mpg=1.000=0=0=1=====,
144.000=jb_043.mpg=1.000=0=0=1=====,
156.000=739_JumpBack.mpg=1.000=0=0=1=====,
172.000=708_JumpBack.mpg=1.000=0=0=1=====,
180.000=688_JumpBack.mpg=1.000=0=0=1=====,
188.000=Dreams of Passion-bg.png=1.000=1=0=1===CrossFade==,
191.000=Dreams of Passion-bg.png=1.000=0=0=1=====,
99999=-nosongbg-=1.000=0=0=0 // don't automatically add -songbackground-
;
#KEYSOUNDS:;
// cache tags:
#FIRSTBEAT:8.000;
#LASTBEAT:191.000;
#SONGFILENAME:/Songs/In The Groove/Dreams of Passion/dax - dreams of passion mix.sm;
#HASMUSIC:1;
#HASBANNER:1;
#MUSICLENGTH:119.931;
// end cache tags

//---------------dance-double - M. Emirzian----------------
#NOTES:
     dance-double:
     M. Emirzian:
     Easy:
     1:
     0.066,0.000,0.008,0.017,0.000,52.000,1.000,2.000,0.000,0.000,0.000:






00000000
00000000
00000000
00000000
,
00000000
00000000
00000000
00000000
,
10000000
00000000
00010000
00000000
,
00000000
00000000
00000000
00000000
,
00000001
00000000
00001000
00000000
,
00000000
00000000
00000100
00000000
,
00010000
00000000
00000000
00000000
,
00001000
00000000
01000000
00000000
,
00000000
00000000
00100000
00000000
,
10000000
00000000
00000000
00000000
,
00000000
00000000
01000000
00000000
,
00001000
00000000
00000000
00000000
,
00010000
00000000
00000000
00000000
,
00000001
00000000
00000000
00000000
,
00010000
00000000
00000000
00000000
,
10000000
00000000
00000000
00000000
,
00001000
00000000
00000000
00000000
,
00000001
00000000
00000000
00000000
,
00010000
00000000
00000000
00000000
,
10000000
00000000
00000000
00000000
,
00000000
00010000
00000000
00000000
,
00000000
00001000
00000000
00000000
,
00000000
00000001
00000000
00000000
,
00000000
00010000
00000000
00000000
,
00000000
10000000
00000000
00000000
,
00001000
00000000
00000000
00000000
,
00000001
00000000
00000000
00000000
,
00010000
00000000
00000000
00000000
,
10000000
00000000
00000000
00000000
,
00010000
00000000
00000000
00000000
,
00000001
00000000
00000000
00000000
,
00010000
00000000
00000000
00000000
,
01000000
00000000
00000000
00000000
,
10000000
00000000
00000000
00000000
,
00001000
00000000
00000000
00000000
,
00000001
00000000
00000000
00000000
,
00001000
00000000
00000000
00000000
,
10000000
00000000
00000000
00000000
,
00001000
00000000
00000000
00000000
,
00010000
00000000
00001000
00000000
,
00000001
00000000
00001000
00000000
,
00010000
00000000
10000000
00000000
,
00010000
00000000
00001000
00000000
,
00000001
00000000
00000000
00000000
,
00010000
00000000
00000000
00000000
,
10000000
00000000
00000000
00000000
,
00001000
00000000
00000000
00000000
,
00000220
00000000
00000000
00000330
;

//---------------dance-double - M. Emirzian----------------
#NOTES:
     dance-double:
     M. Emirzian:
     Medium:
     2:
     0.131,0.000,0.008,0.017,0.000,107.000,1.000,2.000,0.000,0.000,0.000:






00000000
00000000
00000000
00000000
,
00000000
00000000
00000000
00000000
,
10000000
00000000
00010000
00000000
,
00100000
00100000
00001000
00000000
,
00010000
00000000
00001000
00000000
,
00000010
00000000
00000001
00000000
,
00001000
00000000
00010000
00000000
,
10000000
00000000
10000000
00000000
,
00010000
00000000
00001000
00000000
,
00000001
00000000
00001000
00000000
,
00000100
00000000
00010000
00000000
,
00001000
00000000
01000000
00000000
,
00100000
00000000
10000000
00010000
,
00001000
00000000
00010000
00001000
,
00000001
00000000
00000000
00000100
,
00000000
00000010
00000000
00001000
,
00000000
00010000
00000000
01000000
,
00000000
00100000
00000000
00000000
,
10000000
00010000
00001000
00000001
,
00000000
00000100
00000010
00000010
,
00010000
00000000
00000000
00000000
,
00001000
01000000
10000000
00000000
,
01000000
00000000
00001000
00000000
,
00000010
00000001
00000001
00000000
,
00000100
00000000
00000010
00000000
,
00001000
00010000
10000000
00000000
,
01000000
00000000
00100000
00000000
,
00001000
00010000
00000001
00000000
,
00000100
00000000
00000100
00000000
,
00001000
00000000
00001000
00000000
,
00010000
10000000
00010000
00000000
,
01000000
00000000
00000000
00000000
,
10000000
00010000
00001000
00000000
,
00000001
00001000
00010000
00000000
,
01000000
00000000
10000000
00000000
,
00010000
00001000
00000001
00000000
,
00000100
00000000
00000100
00000000
,
00001000
00000000
00001000
00000000
,
00010000
00000000
00010000
00000000
,
01000000
00000000
01000000
00000000
,
00100000
00100000
10000000
00000000
,
01000000
00010000
00001000
00000000
,
00000100
00000001
00001000
00000000
,
00000001
00001000
00010000
10000000
,
00000000
10000000
00010000
00001000
,
00000001
00000000
00000000
00000000
,
00001000
00000000
00010000
00000000
,
20020000
00000000
00000000
30030000
;

//---------------dance-double - M. Emirzian----------------
#NOTES:
     dance-double:
     M. Emirzian:
     Hard:
     5:
     0.289,0.000,0.083,0.050,0.000,227.000,10.000,6.000,0.000,0.000,0.000:






00000000
00000000
00000000
00000000
,
00000000
00000000
00000000
00000000
,
00000000
00000000
00000000
00000000
,
00000000
00000000
00000000
00000000
,
10000000
00010000
00000000
01000000
00100000
10000000
00000000
00000000
,
01000000
00010000
00000000
00001000
00000010
00000001
00000000
00000000
,
00000100
00000010
00000000
00001000
00000100
00010000
00000000
00000000
,
00001000
01000000
00000000
00010000
00100000
01000000
00000000
00000000
,
10000000
00010000
00000000
01000000
00100000
00010000
00000000
00000000
,
00001000
00010000
00000000
00000010
00000100
00000001
00000000
00000000
,
00000010
00000100
00000000
00000000
00010000
00001000
00000000
00000000
,
01000000
00100000
10000000
00000000
00010000
00100000
01000000
10000000
,
00100000
00000000
00000000
00100000
01000000
00000000
00010000
00000000
,
00100000
00000000
00000000
00001000
00010000
00000000
00000010
00000000
,
00000100
00000000
00000000
00000001
00000010
00000000
00000100
00000000
,
00010000
00000000
00000000
00001000
00000100
00000000
00001000
00000000
,
00010000
00000000
00000000
01000000
10000000
00000000
00010000
00000000
,
01000000
00000000
00100000
00000000
10000000
01000000
00010000
00001000
,
00000200
00000000
00000000
00000301
,
00000010
00000000
00000100
00000000
00001000
00000010
00000100
00000001
,
00000100
00000010
00000010
00000010
,
00010000
00001000
01000000
00000000
00100000
00000000
00100000
00000000
,
01010000
00000000
00010000
10000000
01000000
00100000
00010000
00000000
,
01001000
00000000
00001000
00010000
00000010
00001000
00000100
00000000
,
00000011
00000000
00000001
00001000
00000010
00000100
00000001
00000000
,
00001100
00000000
00000100
00010000
00001000
01000000
00010000
00000000
,
10000000
01000000
10000000
00000000
00010000
00100000
01000000
10000000
,
00100000
00000000
00010000
00000000
00001000
00000010
00000001
00000000
,
00001001
00000000
00000001
00000100
00000010
00001000
00000100
00000000
,
00011000
00000000
00001000
00100000
00010000
01000000
00100000
00000000
,
10100000
00000000
01000000
00100000
00001000
00010000
00000100
00000000
,
00001010
00000000
00000010
00000100
00000001
00000100
00000010
00000000
,
00011000
00000000
00001000
01000000
00100000
10000000
00100000
00000000
,
01000000
00010000
00100000
01000000
10000000
00010000
00100000
01000000
,
10000000
00100000
01000000
00001000
,
00010000
00000100
00001000
00000000
00000010
00000100
00000001
00000010
,
00000100
00000000
00000100
00000000
00000100
00010000
00001000
00000000
,
00001000
00000000
00001000
00000000
00001000
01000000
00010000
00000000
,
00010000
00000000
00010000
00000000
00010000
10000000
01000000
00100000
,
00010000
01000000
00100000
10000000
00010000
01000000
00100000
10000000
,
00010000
00100000
00001000
00010000
00001000
00010000
00000100
00001000
,
00000010
00000100
00000001
00000000
00000010
00000000
00000100
00000000
,
00002000
00000010
00000100
00003010
,
00020000
00001000
00100000
00031000
,
02000000
00100000
00001000
03100000
,
20000000
00100000
01000000
30100000
,
00020000
00001000
00100000
00031000
,
00001010
00000000
00000000
00000000
;

//---------------dance-single - K. Ward----------------
#NOTES:
     dance-single:
     K. Ward:
     Easy:
     2:
     0.120,0.000,0.025,0.000,0.000,98.000,3.000,0.000,0.000,0.000,0.000:






0000
0000
0000
0000
,
0000
0000
0000
0000
,
0100
0000
0001
0000
,
0000
0000
0000
0000
,
0001
0000
0100
0000
,
0000
0000
0010
0000
,
0001
0000
0000
0000
,
0100
0000
0010
0000
,
0000
0000
1000
0000
,
0100
0000
0000
0000
,
0000
0000
0010
0000
,
0100
0000
0000
0000
,
0001
0000
0000
0000
,
0001
0000
1000
1000
,
0001
0000
0000
0000
,
0100
0000
0100
0100
,
0010
0000
0000
0000
,
1000
0000
0001
1000
,
0100
0000
0000
0000
,
0010
0010
0010
0010
,
0000
1001
0000
0000
,
0000
0110
0000
0100
,
0001
0001
1000
0000
,
0010
0010
1000
0000
,
0001
0001
0010
0000
,
0100
0100
1000
0000
,
0010
0010
0000
0000
,
1000
1000
0000
0000
,
0001
0001
0001
0000
,
1000
1000
1000
0000
,
0010
0010
0010
0000
,
0100
0100
0100
0000
,
1000
0100
0000
0000
,
0001
0010
0000
0000
,
0001
1000
0001
1000
,
0010
0010
0010
0000
,
0100
0000
0000
0000
,
0001
0000
0000
0000
,
1000
0000
0110
0000
,
0001
0000
0100
0000
,
0010
0000
1000
1000
,
0010
0000
0100
0000
,
0001
0000
0010
0010
,
0100
0000
1000
0000
,
0001
0001
0001
0001
,
1000
0000
0000
0010
,
0100
0000
0100
0000
0000
0000
0010
1000
,
0001
0000
0000
0000
;

//---------------dance-single - K. Ward----------------
#NOTES:
     dance-single:
     K. Ward:
     Medium:
     4:
     0.208,0.000,0.067,0.067,0.000,159.000,8.000,8.000,0.000,0.000,0.000:






0000
0000
0000
0000
,
0000
0000
0000
0000
,
0000
0000
0000
0000
,
0000
0000
0000
0000
,
0010
0000
0001
0000
,
1000
0000
0100
0000
,
0100
0000
1000
0000
,
0001
0000
0100
0010
,
0010
1010
0100
1100
,
1000
0001
1000
1000
,
1000
0110
0001
0110
,
0010
0100
0010
0010
,
0200
0001
0000
0001
,
0000
0001
0301
0001
,
2001
0000
0001
0001
,
0000
0001
3001
1000
,
0010
0110
1000
0110
,
0100
0000
0001
0000
1000
0001
0100
0000
,
0000
0010
0000
1000
,
0010
0100
0010
1000
,
0010
1000
1000
1000
,
0010
0010
0010
1000
,
1000
1000
0100
1000
,
0010
0010
0001
0010
,
1000
1000
0001
1000
,
0100
0100
0010
0010
,
1000
1000
1000
0001
,
1000
0000
1000
0000
0010
0100
0010
0000
,
1000
1000
0001
0100
,
0010
1000
0001
0100
,
0001
0100
0010
0100
,
0001
0001
1000
0001
,
1000
0000
0010
0000
0100
0010
0100
0000
,
0001
0001
0010
0001
,
1000
0000
1000
0000
0001
0100
0001
0000
,
0010
0010
0001
1001
,
2000
0001
0000
3001
,
0002
0100
0000
0103
,
0020
0000
0000
0130
,
0001
0001
0010
0001
,
1000
0010
1000
1000
,
0001
1000
0010
0100
,
0001
0100
0100
0100
,
0010
2000
0000
0000
3010
0000
0000
0000
,
0010
2000
0000
0000
3010
0000
0100
0000
,
0020
1000
1000
1030
,
1000
0010
0100
0001
,
1000
0000
0000
0000
;

//---------------dance-single - K. Ward----------------
#NOTES:
     dance-single:
     K. Ward:
     Hard:
     5:
     0.313,0.000,0.133,0.142,0.025,230.000,16.000,17.000,0.000,0.000,0.000:







0000
0000
0000
0000
,
0000
0000
0000
0000
,
0000
0000
0000
0000
,
0000
0000
0000
0000
,
1000
0000
0001
0000
0000
0000
0000
0100
0010
0000
1000
0000
0000
0000
0000
0000
,
0001
0000
1000
0000
0000
0000
0000
0001
0100
0000
0001
0000
0000
0000
0000
0000
,
0100
0000
0010
0000
0000
0000
0000
0100
0010
0000
1000
0000
0000
0000
0000
0000
,
0001
0000
0100
0000
0000
0000
0000
0001
0100
0000
0001
0000
1000
0000
0010
0000
,
2000
3001
0200
0301
,
0001
0100
0010
1000
0001
0000
0001
0000
,
0002
1003
0020
1030
,
1000
0010
0100
0001
1000
0000
1000
0010
,
0200
0010
0000
0001
,
0000
0000
0010
0000
0301
0100
0010
1000
,
2000
0001
0010
0010
,
0001
0000
0010
0000
3001
0100
0010
1000
,
0020
0130
0002
0103
,
0100
0000
0001
0000
1000
0100
1000
0002
,
0000
0103
0000
0001
,
1000
0000
0010
0000
0100
0000
0001
0000
1000
0010
1000
0000
0001
0100
0001
0000
,
1000
0010
0010
0010
,
0100
0010
0100
0000
0100
0000
0001
0000
,
0101
0000
0001
1000
0100
0010
0001
0000
,
1100
0000
1000
0001
0010
0001
1000
0000
,
0011
0000
0001
1000
0010
0100
0001
0000
,
1100
0000
0100
0001
1000
0100
1000
0000
,
0011
0010
0001
0000
0001
0100
0010
1000
,
0001
0000
0001
0000
1000
0010
0100
0000
,
1001
0000
0001
0100
0010
1000
0100
0000
,
1001
0000
1000
0010
0001
0100
0010
0000
,
1010
0000
0100
0010
1000
0001
0100
0000
,
1010
0000
0010
0100
0001
0100
0010
0000
,
1001
0000
1000
0100
0010
0001
1000
0100
,
0010
0000
0010
0100
1000
0001
0010
0100
,
1000
0000
1000
0000
0001
0010
0001
0000
,
1000
0000
1000
0000
0010
0100
0011
0000
,
0102
0000
0100
0000
0100
0000
1000
0003
,
1020
0000
1000
0000
1000
0100
1000
0030
,
2000
0000
0000
0000
0000
0001
0000
3001
,
1000
0100
0010
0001
1000
0100
1001
0000
,
1000
0100
0010
0001
1000
0100
1000
0000
,
0010
1000
0001
0000
0010
0001
0100
0000
,
1020
0000
0100
0000
0100
0000
0130
0001
,
0002
1000
0010
1003
,
0200
0010
1000
0310
,
2000
0010
0100
3010
,
0002
1000
0010
1003
,
1001
0000
0000
0000
;

//---------------lights-cabinet - ----------------
#NOTES:
     lights-cabinet:
     :
     Easy:
     1:
     0.879,0.000,1.000,0.017,0.025,288.000,195.000,2.000,0.000,141.000,0.000:


00000000
00000000
00000000
00000000
,
00000000
00000000
00000000
00000000
,
00000011
10010000
00000000
00000000
00000011
01100000
00000000
00000000
,
00000011
10010000
00000011
00000000
01100011
00000000
10010011
00000000
,
11100011
00000000
00010000
00000000
00010000
00000000
00000000
01000000
10100011
00000000
10000011
00000000
00110000
00000000
00000000
00000000
,
10010011
00000000
10000000
00000000
10100000
00000000
00000000
00010000
01010011
00000000
01010011
00000000
01010000
00000000
00000000
00000000
,
11100011
00000000
00100000
00000000
00110000
00000000
00000000
01000000
10100011
00000000
10010011
00000000
10010000
00000000
00000000
00000000
,
01110011
00000000
01000000
00000000
01100011
00000000
00000000
00010000
11010011
00000000
00010000
00000000
10000011
00000000
00100000
00000000
,
10000011
00000000
00010000
00000000
11100011
00000011
00010000
00000001
,
10110011
01000000
01110000
10000000
10110011
10010011
10010000
00000000
,
01010011
00000000
10100000
00000000
10110011
00000011
11100000
00000000
,
10010011
00100000
01000011
00010000
11100011
00000000
10010011
00100000
,
11100011
00010000
01110011
00000000
10100011
10010000
01110011
00000000
,
10000011
01000000
00110000
00000000
10010011
01000011
00110000
10000000
,
10000011
10000000
10010011
00000000
01100011
00010000
00110011
00000000
,
10010011
00000011
11100000
00000000
10010011
01000000
00110011
10000000
,
10110011
00000011
11000000
00000000
10010011
00000011
01100000
00010000
,
11000011
00000011
00110000
00000000
11000011
01010011
10100000
00010000
,
10000011
00000000
01110000
00000000
10000011
00000011
10110000
00000000
,
10000011
00000000
00100000
00000000
11100000
00000000
00010000
00000000
10000011
00100000
10000011
00000000
00010000
01000000
00010000
00000000
,
10000011
00000000
10100000
00000000
10100011
00000011
10100000
00000000
,
01010011
00100011
11000000
00000000
01010011
00000000
10010000
00000000
,
11110011
00000011
00010000
10000000
01000011
00100011
00010000
00000000
,
11110011
00000011
10000000
00010000
00100011
00010011
10000000
00000000
,
11110011
00000000
00010011
10000000
00100011
01000000
00010011
00000000
,
11110011
00000011
01000000
00010000
10000011
01000011
10000000
00000000
,
11110011
00100000
00010000
00000000
00010011
01000011
00100000
10000000
,
00110011
00000011
00010000
00000000
10000011
00100000
01000000
00000000
,
11110011
00000000
00010011
01000000
00100011
10000011
01000000
00000000
,
11110011
00000011
10000000
00100000
00010011
01000011
00100000
00000000
,
11110011
00000011
01000000
00100000
10000011
00010011
01000000
00000000
,
11110011
00000011
00100000
01000000
00010011
01000011
00100000
00000000
,
11110011
00000011
10000000
01000000
00100011
00010011
10000000
01000000
,
10110011
00000011
00100000
01000000
10000011
00010000
00100000
01000000
,
11110011
00000000
10000000
00000000
00010011
00100000
00010011
00000000
,
11110011
00000000
10000011
00000000
00100011
01000011
00110000
00000000
,
11110011
00000011
01000000
00000000
01000011
00000011
10000000
00000000
,
11110011
00000011
11010011
00000011
11010011
01000011
10110011
00000011
,
11010011
00000000
00000011
00000000
11000011
00010000
11000011
00010000
,
10000011
01000000
00100011
00010000
10000011
01000000
10010011
00000000
,
10000011
01000011
00100000
00010000
10000011
01000011
10000000
00000000
,
00100011
10000011
00010000
00000000
00100011
00010011
01000000
00000000
,
10100011
00000011
01000000
00000000
01000011
00000011
01000000
00010000
,
00010011
10000011
00100011
10000011
,
01000011
00000011
00100000
00000000
10000011
00000011
00100000
00000000
,
10000011
00100000
01000011
00100011
,
00010011
00000000
10000011
00000000
00100011
00000011
10000000
00000000
,
10010022
00000033
00000000
00000000
00000000
00000000
00000000
00000000
00000000
00000000
00000000
00000000
00000000
00000000
00000000
00000000
00000000
00000000
00000000
00000000
00000000
00000000
00000000
00000000
00000000
00000000
00000000
00000000
00000000
00000000
00000000
00000000
00000000
00000000
00000000
00000000
00000000
00000000
00000000
00000000
00000000
00000000
00000000
00000000
00000000
00000000
00000000
00000000
00000000
00000000
00000000
00000000
00000000
00000000
00000000
00000000
00000000
00000000
00000000
00000000
00000000
00000000
00000000
00000000
00000000
00000000
00000000
00000000
00000000
00000000
00000000
00000000
00000000
00000000
00000000
00000000
00000000
00000000
00000000
00000000
00000000
00000000
00000000
00000000
00000000
00000000
00000000
00000000
00000000
00000000
00000000
00000000
00000000
00000000
00000000
00000000
00000000
00000000
00000000
00000000
00000000
00000000
00000000
00000000
00000000
00000000
00000000
00000000
00000000
00000000
00000000
00000000
00000000
00000000
00000000
00000000
00000000
00000000
00000000
00000000
00000000
00000000
00000000
00000000
00000000
00000000
00000000
00000000
00000000
00000000
00000000
00000000
00000000
00000000
00000000
00000000
00000000
00000000
00000000
00000000
00000000
00000000
00000000
00000000
00000000
00000000
00000000
00000000
00000000
00000000
00000000
00000000
00000000
00000000
00000000
00000000
00000000
00000000
00000000
00000000
00000000
00000000
00000000
00000000
00000000
00000000
00000000
00000000
00000000
00000000
00000000
00000000
00000000
00000000
00000000
00000000
00000000
00000000
00000000
00000000
00000000
00000000
00000000
00000000
00000000
00000000
00000000
00000000
00000000
00000000
00000000
00000000
;

//---------------dance-single - M. Puls----------------
#NOTES:
     dance-single:
     M. Puls:
     Beginner:
     1:
     0.071,0.000,0.008,0.000,0.000,59.000,1.000,0.000,0.000,0.000,0.000:






0000
0000
0000
0000
,
0000
0000
0000
0000
,
0000
0000
0000
0000
,
0000
0000
0000
0000
,
1000
0000
0000
0000
,
0100
0000
0000
0000
,
1000
0000
0000
0000
,
0001
0000
0000
0000
,
0010
0000
0000
0000
,
0001
0000
0000
0000
,
0100
0000
0000
0000
,
0010
0000
0000
0000
,
0100
0000
0000
0000
,
1000
0000
0001
0000
,
1000
0000
0000
0000
,
0001
0000
1000
0000
,
0001
0000
0000
0000
,
0100
0000
0100
0000
,
0100
0000
0000
0000
,
0010
0000
0010
0000
,
0010
0000
0000
0000
,
1000
0000
0000
0000
,
0001
0000
0000
0000
,
1000
1000
0000
0000
,
0001
0001
0000
0000
,
1000
0001
0000
0000
,
0001
1000
0000
0000
,
0100
0100
0000
0000
,
0010
0010
0000
0000
,
1000
0000
0000
0000
,
0010
0000
0000
0000
,
0100
0000
0000
0000
,
0001
0000
0000
0000
,
0001
0000
0000
0000
,
0100
0000
0000
0000
,
0010
0000
0000
0000
,
1000
0000
0000
0000
,
0010
0000
0000
0000
,
0100
0000
0000
0000
,
1000
0000
1000
0000
,
1000
0000
0001
0000
,
0001
0000
0001
0000
,
0100
0000
0100
0000
,
0100
0000
0010
0000
,
0010
0000
0010
0000
,
0000
0000
0000
0000
,
0100
0000
0000
0000
,
1001
0000
0000
0000
;
