#TITLE:Anubis;
#SUBTITLE:;
#ARTIST:Banzai;
#TITLETRANSLIT:;
#SUBTITLETRANSLIT:;
#ARTISTTRANSLIT:;
#GENRE:;
#CREDIT:;
#BANNER:Anubis-Banner.png;
#BACKGROUND:Anubis-bg.png;
#LYRICSPATH:;
#CDTITLE:;
#MUSIC:Banzai - Anubis.ogg;
#OFFSET:-0.010;
#SAMPLESTART:43.623;
#SAMPLELENGTH:8.700;
#SELECTABLE:YES;
#BPMS:0.000=110.000;
#STOPS:;
#BGCHANGES:8.000=EV01439N.mpg=1.000=0=0=1=====,
16.000=jb_053.mpg=1.000=0=0=1=====,
24.000=VOL1-16-NTSC.mpg=1.000=0=0=1=====,
32.000=vol4-09-ntsc.mpg=1.000=0=0=1=====,
40.000=vol4-15-ntsc.mpg=1.000=0=0=1=====,
48.000=736_JumpBack.mpg=1.000=0=0=1=====,
56.000=712_JumpBack.mpg=1.000=0=0=1=====,
64.000=736_JumpBack.mpg=1.000=0=0=1=====,
72.000=712_JumpBack.mpg=1.000=0=0=1=====,
80.000=EV01454N.mpg=1.000=0=0=1=====,
88.000=jb_053.mpg=1.000=0=0=1=====,
96.000=EV01441N.mpg=1.000=0=0=1=====,
104.000=673_JumpBack.mpg=1.000=0=0=1=====,
112.000=vis_vol4-24-ntsc.mpg=1.000=0=0=1=====,
128.000=vis_vol4-03-ntsc.mpg=1.000=1=0=1===CrossFade==,
144.000=712_JumpBack.mpg=1.000=0=0=1=====,
152.000=EV01439N.mpg=1.000=0=0=1=====,
160.000=673_JumpBack.mpg=1.000=0=0=1=====,
168.000=vol4-05-ntsc.mpg=1.000=0=0=1=====,
176.000=VOL1-16-NTSC.mpg=1.000=0=0=1=====,
184.000=vol4-09-ntsc.mpg=1.000=0=0=1=====,
192.000=vol4-24-ntsc.mpg=1.000=0=0=1=====,
200.000=jb_053.mpg=1.000=0=0=1=====,
208.000=Anubis-bg.png=1.000=1=0=1===CrossFade==,
208.500=Anubis-bg.png=1.000=0=0=1=====,
99999=-nosongbg-=1.000=0=0=0 // don't automatically add -songbackground-
;
#KEYSOUNDS:;
// cache tags:
#FIRSTBEAT:8.000;
#LASTBEAT:208.500;
#SONGFILENAME:/Songs/In The Groove/Anubis/Anubis.sm;
#HASMUSIC:1;
#HASBANNER:1;
#MUSICLENGTH:116.564;
// end cache tags

//---------------dance-single - R. McKanna----------------
#NOTES:
     dance-single:
     R. McKanna:
     Hard:
     8:
     0.498,0.000,0.154,0.060,0.412,381.000,18.000,7.000,0.000,0.000,0.000:


0000
0000
0000
0000
,
0000
0000
0000
0000
,
0000
0000
0000
0000
,
0000
0000
0000
0000
,
1001
0000
0000
1000
0100
0000
0000
0010
0100
0000
1000
0000
0010
0000
0100
0000
,
0001
0000
0000
0100
0010
0000
0000
0100
0001
0000
0010
0000
0100
0010
0100
0000
,
1000
0000
0000
1000
0010
0000
0000
0100
0010
0000
1000
0000
0100
0000
0010
0000
,
0001
0000
0000
0010
0100
0000
0000
0010
0001
0000
0100
0000
0010
0000
0100
0000
,
0001
0000
0000
0001
0010
0000
0000
0100
0010
0000
0001
0000
0100
0000
0010
0000
,
1000
0000
0000
0010
0100
0000
0000
0010
1000
0000
0100
0000
0010
0100
0010
0000
,
0001
0000
0000
0001
0100
0000
0000
0010
0100
0000
0001
0000
0010
0000
0100
0000
,
1000
0000
0000
0100
0010
0000
0000
0100
1000
0000
0000
1000
0000
0000
1000
0000
,
1000
0100
0010
0000
0100
0000
0000
0000
1000
0100
0010
0000
0100
0000
0000
1000
,
0000
0100
0010
0000
0001
0000
0100
0000
1000
0000
0100
0000
0001
0000
0010
0000
,
0001
0010
0100
0000
0010
0000
0000
0001
0000
0010
0100
0000
0010
0000
0000
0000
,
0001
0010
0001
0000
0100
0000
0010
1000
0000
1000
0010
0000
0100
0001
0100
0000
,
0001
0100
0010
0000
0100
0000
0000
0001
0000
0100
0010
0000
0100
0000
0000
0001
,
0000
0100
0010
0000
1000
0000
0100
0000
0001
0000
0100
0000
1000
0100
0000
0100
,
1000
0010
0100
0000
0010
0000
0000
1000
0000
0010
0100
0000
0010
0000
0000
0000
,
1000
0010
1000
0100
0010
0001
0100
0001
,
1000
0000
0100
0000
1000
0000
0010
0000
1000
0100
0000
0010
0000
0010
0001
0000
,
1000
0000
0010
0000
1000
0000
0100
0000
1000
0010
0000
0100
0000
0100
0001
0000
,
1000
0000
0001
0000
0100
0000
0010
0000
1000
0001
0000
0100
0000
0100
0010
0000
,
1000
0001
0100
0010
0100
0000
1001
0000
,
0001
0000
0010
0000
0001
0000
0100
0000
0001
0010
0000
0100
0000
0100
1000
0000
,
0001
0000
0100
0000
0001
0000
0010
0000
0001
0100
0000
0010
0000
0010
1000
0000
,
0001
0000
1000
0000
0010
0000
0100
0000
0001
1000
0000
0010
0000
0010
0100
0000
,
0001
1000
0010
0100
0001
0101
0110
1010
,
2000
0000
0000
0000
3010
0000
0000
0000
0101
0000
0000
0000
0000
0000
0001
0010
,
0002
0000
0013
0000
1100
1000
0010
0100
,
0002
0000
0000
0000
0103
0000
0000
0000
1010
0000
0000
0000
0000
0000
1000
0100
,
2000
0000
3100
0000
0011
0001
0100
0010
,
1000
0010
0100
0010
1010
0000
0010
0100
,
0001
0100
0010
0100
0101
0101
0100
0010
,
1000
0001
0010
0100
1100
0000
0001
0100
,
0010
1000
0100
0010
0011
0011
0000
0000
,
0002
0000
0000
0000
0103
0000
0000
0000
0001
0010
0000
0100
0000
0100
1000
0000
,
0002
0000
0000
0000
0013
0000
0000
0000
0001
0100
0000
0010
0000
0010
1000
0000
,
0002
0000
0000
0000
0103
0000
0000
0000
0001
1000
0000
0010
0000
0010
0100
0000
,
0001
1000
0010
0100
0010
0100
1001
0000
,
1000
0000
0001
0000
1000
0000
0001
0000
1000
0100
0000
0001
0000
0001
0100
0000
,
1000
0000
0010
0000
1000
0000
0010
0000
1000
0010
0000
0001
0000
0001
0010
0000
,
1000
0000
0001
0000
0100
0000
0010
0000
1000
0100
0000
0001
0000
0001
0100
0000
,
1000
0001
0100
0010
1001
0000
0110
0000
,
0001
0000
0000
0001
0010
0000
0000
1000
0010
0000
0001
0000
0010
0000
0100
0000
,
1000
0000
0000
1000
0010
0000
0000
0001
0010
0000
1000
0000
0010
0100
0010
0000
,
1000
0000
0000
1000
0100
0000
0000
0001
0100
0000
1000
0000
0100
0000
0010
0000
,
0001
0000
0000
0001
0100
0000
0000
1000
0100
0000
0001
0000
0100
0000
0100
0000
,
0001
0000
0000
0001
0010
0000
0000
1000
0010
0000
0100
0000
0001
0000
0100
0000
,
1000
0000
0000
1000
0010
0000
0000
0001
0010
0000
0100
0000
1000
0000
0100
0000
,
0001
0000
0000
0100
0010
0000
0000
0100
1000
0000
0100
0000
0010
0000
0100
0000
,
0001
0000
0000
0010
0100
0000
0000
0010
0001
1000
0001
0000
0010
0000
0100
0000
,
1000
0000
0000
0000
;

//---------------dance-single - R. McKanna----------------
#NOTES:
     dance-single:
     R. McKanna:
     Medium:
     7:
     0.386,0.000,0.129,0.069,0.004,292.000,15.000,8.000,0.000,0.000,0.000:


0000
0000
0000
0000
,
0000
0000
0000
0000
,
0000
0000
0000
0000
,
0000
0000
0000
0000
,
0001
0000
0001
0000
0001
0010
0100
0010
,
0100
0000
0100
0000
0100
1000
0010
0100
,
0001
0000
0001
0000
0001
0100
0010
0100
,
0010
0000
0010
0000
0010
0100
0001
1000
,
0010
0000
0010
0000
0010
1000
0100
0001
,
0100
0000
0100
0000
0100
1000
0001
0010
,
0100
0000
0100
0000
0100
1000
0001
0100
,
0010
0000
0000
0000
0010
0000
0000
0000
0010
0000
0000
0010
0000
0000
0010
0000
,
1000
1000
1000
0000
0001
0001
0001
0000
,
0010
0100
1000
0100
0010
0100
1000
0000
,
0010
0010
0010
0000
0100
0100
0100
0000
,
0001
0010
0100
0010
0100
1000
0100
0000
,
0010
0010
0010
0000
0001
0001
0001
0000
,
0100
0010
1000
0010
0100
0010
1000
0000
,
0100
0100
0100
0000
1000
1000
1000
0000
,
0010
0100
0001
0100
0010
0000
0110
0000
,
0100
0001
0001
0001
0100
0001
0010
0100
,
0100
1000
1000
1000
0100
1000
0010
0100
,
0100
0001
0001
0001
0100
0001
0010
0100
,
0100
1000
1000
1000
0100
0000
1001
0000
,
0001
0010
0010
0010
0001
0100
0010
1000
,
1000
0010
0010
0010
1000
0100
0010
0001
,
0001
0100
0100
0100
0010
0100
0001
0100
,
0100
0010
0010
0010
0000
1000
0001
1000
,
0002
0013
0110
0000
,
2000
0000
3010
0000
0110
0110
0000
0000
,
0002
0013
0110
0000
,
2000
0000
3010
0000
0110
0110
0000
0000
,
0001
0001
0100
0000
0110
0000
0010
0000
,
1000
1000
0100
0000
0110
0110
0000
0000
,
0001
0001
0100
0000
0110
0000
0010
0000
,
1000
1000
0100
0000
0110
0110
0000
0000
,
0002
0000
0010
0000
1003
0000
0010
0100
,
2000
0000
0001
0000
3100
0000
0001
0100
,
0020
0000
1000
0000
0130
0000
1000
0010
,
0200
0000
0001
0000
0310
0000
0001
0010
,
0100
1000
1000
1000
0100
1000
0010
0100
,
0100
0001
0001
0001
0100
0001
0010
0100
,
0100
1000
1000
1000
0100
1000
0010
0100
,
0100
0001
0001
0001
0100
0000
1001
0000
,
1000
0000
1000
0000
1000
0100
0010
0100
,
0010
0000
0010
0000
0010
0001
0100
0010
,
1000
0000
1000
0000
1000
0010
0100
0010
,
0100
0000
0100
0000
0100
0010
1000
0001
,
0100
0000
0100
0000
0100
0001
0010
0001
,
0010
0000
0010
0000
0010
0100
1000
0100
,
1000
0000
1000
0000
1000
0001
0100
0001
,
0100
0000
0100
0000
0100
0010
1000
0010
,
0100
0000
0000
0000
;

//---------------dance-single - R. McKanna----------------
#NOTES:
     dance-single:
     R. McKanna:
     Easy:
     5:
     0.257,0.000,0.103,0.103,0.000,186.000,12.000,12.000,0.000,0.000,0.000:


0000
0000
0000
0000
,
0000
0000
0000
0000
,
0000
0000
0000
0000
,
0000
0000
0000
0000
,
1000
0000
1000
0000
1000
0000
0010
0100
,
0001
0000
0001
0000
0001
0000
0010
0100
,
1000
0000
1000
0000
1000
0000
0010
0100
,
0001
0001
0001
0010
,
0100
0000
0100
0000
0100
0000
0100
1000
,
0010
0000
0010
0000
0010
0000
0010
1000
,
0100
0000
0100
0000
0100
0000
0100
1000
,
0010
0010
0010
1001
,
1000
0000
0100
0000
,
0010
0010
0010
0100
,
1000
0000
1000
0000
,
0100
0010
0001
0010
,
0001
0000
0100
0000
,
0010
0010
0010
0100
,
0001
0000
0001
0000
,
0100
0010
1000
0010
,
1000
0100
1000
1000
,
0001
0010
0001
0001
,
0100
0001
0100
0100
,
0010
1000
0010
0010
,
1000
0110
1000
1010
,
0001
0110
0001
0101
,
0100
1001
0100
1100
,
0010
1001
0010
0011
,
0002
0000
0010
0003
,
0020
0000
0000
0000
0100
0100
0030
0000
,
0200
0000
0010
0300
,
0020
0000
0000
0000
0001
0001
0030
0000
,
2000
0000
0010
3000
,
0020
0000
0000
0000
0100
0100
0030
0000
,
0200
0000
0010
0300
,
0020
0000
0000
0000
1000
1000
0030
0000
,
0002
0013
0001
0001
,
2000
3100
1000
1000
,
0020
1030
0010
0010
,
0200
0301
0100
0100
,
0001
0100
0001
0001
,
1000
0010
1000
1000
,
0100
1000
0100
0100
,
0010
0001
1001
1001
,
0100
0000
0100
0000
0100
0000
0100
0001
,
0010
0000
0010
0000
0010
0000
0010
0001
,
0100
0000
0100
0000
0100
0000
0100
0001
,
0010
0010
0010
0010
,
0100
0000
1000
0000
1000
0000
1000
0010
,
0100
0000
0001
0000
0001
0000
0001
0010
,
0100
0000
1000
0000
1000
0000
1000
0010
,
0100
0000
0001
0000
0001
0010
0001
0000
,
1001
0000
0000
0000
;

//---------------dance-single - K. Ward----------------
#NOTES:
     dance-single:
     K. Ward:
     Challenge:
     10:
     0.699,0.000,0.343,0.438,0.772,473.000,40.000,51.000,58.000,8.000,0.000:


0000
0000
0000
0000
,
0000
0000
0000
0000
,
0000
0000
1111
0000
,
0000
0000
0000
0000
0022
1100
0033
0000
,
2000
0000
0000
3010
0200
0000
0000
0301
0010
0000
0001
0000
1000
0000
0001
0000
,
2000
0000
0000
3001
0200
0000
0000
0301
0010
0000
0001
0000
0100
0010
0100
0000
,
0002
0000
0000
0103
0020
0000
0000
1030
0100
0000
1000
0000
0001
0000
1000
0000
,
0002
0000
0000
1003
0020
0000
0000
0130
0002
0000
1000
0000
0010
0000
0100
0000
,
0023
0000
0000
0130
2000
0000
0000
3100
0010
0000
0001
0000
1000
0000
0100
0000
,
2000
0000
0000
3010
0200
0000
0000
0301
0010
0000
0001
0000
0100
0010
0100
0000
,
0002
0000
0000
0103
0020
0000
0000
1030
0100
0000
1000
0000
0001
0000
1000
0000
,
0200
0000
0000
1300
0020
0000
0000
0130
0001
0100
0002
0000
0100
0000
0010
0000
,
1003
0010
1000
0000
1100
0000
0000
0000
0010
0100
0010
0000
0011
0000
0000
0100
,
0000
0100
0010
0000
1000
0000
0010
0000
1100
0000
0100
0000
0011
0000
0000
0000
,
0001
0100
0001
0000
0011
0000
0000
0100
0000
0010
0100
0000
1100
0000
0000
0010
,
0100
0010
1000
0000
0001
0000
0010
0001
0000
0001
0100
0000
0010
1000
0100
0000
,
0001
0010
0001
0000
0110
0000
0000
1000
0000
1000
0100
0000
1100
0000
0000
0001
,
0000
0001
0100
0000
0010
0000
0100
0000
0001
0000
0001
0000
1000
0100
1000
0001
,
0000
0001
1000
0000
1001
0000
0000
0010
0000
0010
0100
0000
0110
0000
0000
0001
,
0000
0001
0100
0000
0010
0000
1000
0000
2002
0000
0000
0000
0010
0000
3003
0000
,
1000
0000
0100
0000
1000
0000
0100
0000
0000
0000
0000
0000
1000
0000
0000
0000
0000
0000
0100
0000
0000
0000
0000
0000
0010
0000
0000
0000
0000
0000
0001
0000
0000
0100
0000
0000
0000
0000
0000
0100
0000
0000
0001
0000
0000
0000
0000
0000
,
0001
0000
0010
0000
0001
0000
0010
0000
0000
0000
0000
0000
0001
0000
0000
0000
0000
0000
0100
0000
0000
0000
0000
0000
0010
0000
0000
0000
0000
0000
0100
0000
0000
0001
0000
0000
0000
0000
0000
0001
0000
0000
1000
0000
0000
0000
0000
0000
,
1000
0000
0010
0000
1000
0000
0010
0000
0000
0000
0000
0000
1000
0000
0000
0000
0000
0000
0010
0000
0000
0000
0000
0000
0100
0000
0000
0000
0000
0000
0100
0000
0000
0001
0000
0000
0000
0000
0000
0001
0000
0000
0100
0000
0000
0000
0000
0000
,
0010
1000
0010
1000
0000
0000
0010
0000
0000
1000
0000
0000
2200
0000
0000
0000
0000
0000
0001
0000
0000
3300
0000
0000
,
0100
0010
0100
0100
0010
0100
0010
0100
0100
0010
0100
0001
0200
0000
0301
0000
,
1000
0100
1000
1000
0100
1000
0100
1000
1000
0100
1000
0001
2000
0000
3001
0000
,
0001
0010
0001
0001
0010
0001
0010
0001
0001
0010
0001
1000
0002
0000
1003
0000
,
0100
0001
0100
0100
0001
0100
0001
0100
0110
0000
0000
0000
MMMM
0000
MMMM
0000
,
0000
0000
1111
0000
,
MMMM
0000
0000
0000
2200
0011
3300
0000
,
MMMM
0000
1111
0000
,
MMMM
0000
0000
0000
0022
1100
0033
0000
,
0MM0
0000
0110
0000
00MM
0000
0011
0000
00MM
0000
1100
0000
MM00
0000
0010
1000
,
0000
0000
0101
0000
0M0M
0000
1010
0000
M0M0
0000
1001
0000
M00M
0000
0110
0001
,
1001
0000
1100
0000
M1M1
0000
0011
0000
01MM
0000
0110
0000
0MM1
0000
1001
0100
,
0010
0000
0100
0000
0001
0000
0100
0000
0010
1000
0010
0000
0100
0001
0100
0000
,
0100
0001
0100
0100
0001
0100
0001
0100
0100
0001
0100
0010
0100
0100
0010
0000
,
1000
0100
1000
1000
0100
1000
0100
1000
1000
0100
1000
0010
1000
1000
0020
0000
,
0130
0001
0100
0100
0001
0100
0001
0100
0100
0001
0100
0100
0010
0100
0100
0000
,
0001
1000
0001
0001
1000
0001
1000
0001
0001
1000
0001
0010
0002
0000
0103
0000
,
0001
0010
0001
0000
1000
0000
0010
0000
0100
0000
0001
0000
0100
0000
0010
0100
0010
0000
1000
0000
0010
0000
1000
0100
1000
0000
0010
0000
1000
0001
1000
0001
,
1000
0000
0010
0000
0100
0000
0001
0000
0100
0000
0010
0000
1000
0000
0010
0100
0010
0000
1000
0000
0010
0000
1000
0100
1000
0000
0010
0000
1000
0001
1000
0001
,
1000
0000
0010
0000
1000
0000
0010
0000
0100
0000
0001
0000
0100
0000
0010
0100
0010
0000
1000
0000
0001
0000
1000
0100
1000
0000
0010
0000
1000
0001
1000
0001
,
1000
0000
0010
0000
0100
0000
0001
0000
0100
0000
0010
0000
0100
0000
0001
0010
0001
0010
0001
0000
1000
0000
0010
1000
0010
1000
0010
0000
2000
0000
0000
0000
,
3002
M000
0003
010M
0020
0000
0030
10M0
0100
0000
1000
0000
0001
0000
0110
0000
,
2000
0000
3000
M001
0200
0000
0300
0M01
0010
0000
0001
0000
0100
0010
0100
0000
,
0002
0000
0003
010M
0020
0000
0030
10M0
0100
0000
1000
0000
0101
0000
1000
0000
,
0002
0000
0003
100M
0020
0000
0030
01M0
0002
0000
1000
0000
0010
0000
0100
0000
,
0023
000M
0030
01M0
2000
0000
3000
M100
0010
0000
0001
0000
0100
0000
0110
0000
,
0002
0000
0003
010M
0020
0000
0030
10M0
0100
0000
1000
0000
0010
0100
0010
0000
,
2000
0000
3000
M010
0200
0000
0300
0M01
0010
0000
0001
0000
1000
0000
1001
0000
,
0002
0000
0003
100M
0200
0000
0300
1M00
0001
0100
0010
0000
1100
0000
0010
0000
,
0100
0000
0000
0000
;

//---------------dance-double - M. Emirzian----------------
#NOTES:
     dance-double:
     M. Emirzian:
     Easy:
     2:
     0.109,0.000,0.000,0.009,0.000,88.000,0.000,1.000,0.000,0.000,0.000:


00000000
00000000
00000000
00000000
,
00000000
00000000
00000000
00000000
,
00000000
00000000
00000000
00000000
,
00100000
00000000
00000000
00010000
,
01000000
00000000
00000000
00001000
,
00010000
00000000
00000000
00000001
,
00001000
00000000
00000000
00001000
,
00010000
00000000
00000000
00010000
,
10000000
00000000
00000000
00010000
,
00001000
00000000
00000000
00001000
,
00000001
00000000
00000000
00001000
,
00010000
00000000
00000000
00000000
,
01000000
00000000
10000000
00000000
,
00010000
00000000
01000000
00000000
,
00001000
00000000
00010000
00000000
,
00000100
00000000
00000010
00000000
,
00000001
00000000
00000100
00000000
,
00000010
00000000
00010000
00000000
,
00001000
00000000
01000000
00000000
,
00010000
00000000
00100000
00000000
,
01000000
10000000
00000000
00000000
,
01000000
00010000
00000000
00000000
,
00010000
00001000
00000000
00000000
,
00001000
00000100
00000000
00000000
,
00000010
00000001
00000000
00000000
,
00000100
00000010
00000000
00000000
,
00010000
00001000
00000000
00000000
,
01000000
00010000
00000000
00000000
,
00000000
00000000
10000000
00000000
,
00000000
00000000
01000000
00000000
,
00000000
00000000
00000100
00000000
,
00000000
00000000
00000010
00000000
,
00001000
00000000
00000001
00000000
,
00000000
00000000
00010000
00000000
,
00000000
00000000
10000000
00000000
,
00000000
00000000
00010000
00000000
,
00100000
00000000
01000000
00000000
,
10000000
00000000
00010000
00000000
,
00100000
00000000
00001000
00000000
,
00010000
00000000
00000010
00000000
,
00001000
00000000
00000001
00000000
,
00000010
00000000
00000100
00000000
,
00001000
00000000
00000010
00000000
,
00010000
00000000
00001000
00010000
,
00001000
00000000
00000000
00010000
,
10000000
00000000
00000000
00010000
,
00001000
00000000
00000000
00001000
,
00000001
00000000
00000000
00001000
,
00010000
00000000
00000000
00000000
,
10000000
00000000
00000000
00000000
,
00010000
00000000
00000000
00000000
,
00001000
00000000
00000000
00000200
,
00000300
00000000
00000000
00000000
;

//---------------dance-double - M. Emirzian----------------
#NOTES:
     dance-double:
     M. Emirzian:
     Challenge:
     10:
     0.739,0.000,0.326,0.086,0.939,555.000,38.000,10.000,7.000,4.000,0.000:


00000000
00000000
00000000
00000000
,
00000000
00000000
00000000
00000000
,
00000000
00000000
00000000
00000000
,
00000001
00000100
00001000
0000MMMM
00000100
00000100
00000110
00001001
,
00001000
00000100
00000010
00000001
00000010
00000000
00000100
00001000
00000010
00000100
00000010
00001000
00000100
00000010
00000100
00000000
,
00010000
00001000
00000100
00001000
00010000
00000000
00001000
00010000
00100000
01000000
00100000
10000000
01000000
00100000
01000000
00000000
,
10000000
00100000
01000000
00010000
01000000
00000000
00100000
10000000
01000000
00100000
01000000
10000000
00100000
00010000
00001000
00000000
,
00000010
00000100
00000010
00000001
00001000
00000000
00000010
00000100
00000010
00001000
00000100
00000010
00000100
00001000
00000001
00000000
,
00000100
00000010
00000100
00001000
00010000
00000000
00001000
00010000
01000000
00100000
01000000
10000000
00100000
01000000
00100000
00000000
,
00010000
00001000
00010000
01000000
10000000
00000000
01000000
00010000
01000000
00100000
01000000
00010000
00001000
00000100
00000001
00000000
,
00000010
00000100
00001000
00000001
00000100
00000000
00000010
00000100
00000001
00000010
00000100
00000010
00000001
00000100
00000010
00001000
,
00000001
00000100
00001000
00010000
01000000
10000000
00100000
00010000
00001000
01000000
00100000
00000000
10100000
00000000
10010000
00000000
,
00100000
10000000
01000000
00000000
00110000
00000000
11000000
00000000
00100000
00001000
00010000
00000000
00010010
00000000
00001010
00001001
,
00000000
00000100
00000010
00000000
00000001
00000100
00000001
00000000
00000100
00001000
00000100
00000000
00000001
00000100
00000001
00000010
,
00000100
00010000
00001000
00000000
01001000
00000000
01010000
01100000
00000000
00100000
10000000
00000000
01000000
00000000
00010000
00001000
,
00000000
00010000
01000000
00000000
10000000
00000000
00100000
00010000
00000000
00001000
00000010
00000000
00000001
00000010
00001000
00000000
,
00010000
00001000
00000100
00000000
00000101
00000000
00001010
00010010
00000000
00000100
00001000
00000000
00010000
00000000
00001000
00000100
,
00000000
00000001
00000100
00000000
00001000
00010000
00001000
00000000
00010000
01000000
10000000
00100000
01000000
00010000
00000000
00100000
,
01000000
00100000
00010000
00000000
10010000
00000000
01100000
01010000
00000000
00010000
00001000
00000000
00000100
00000000
00001000
00010000
,
00000000
00001000
00000100
00000000
00000001
00000010
00000001
00000000
00000010
00001000
00000010
00000000
00000001
00000010
00000001
00000100
,
00001000
00000100
00000001
00000000
00000010
00000000
00000100
00010000
01000000
10000000
00000000
01100000
00000000
01000000
00010000
00000000
,
00100000
01000000
10000000
00000000
00100000
00000000
01000000
00001000
00000010
00000100
00000000
00001001
00000000
00000100
00000010
00000100
,
00001000
00000001
00000100
00000000
00000010
00000000
00001000
00000100
00010000
00100000
00000000
01100000
00000000
00100000
10000000
01000000
,
00100000
01000000
00010000
00000000
01000000
00000000
00100000
00001000
00000010
00000001
00000000
00000101
00000000
00000001
00000010
00000100
,
00001000
00000001
00000010
00000000
00000100
00000000
00001000
00000010
00010000
01000000
00000000
01100000
00000000
01000000
10000000
00100000
,
00010000
00100000
10000000
00000000
01000000
00000000
00100000
00001000
00000100
00000001
00000000
00000011
00000000
00000001
00001000
00000010
,
00000100
00000010
00001000
00000000
00000100
00000000
00000010
00000100
00010000
00100000
00000000
01100000
00000000
00100000
10000000
01000000
,
00100000
01000000
10000000
00010000
01000000
00100000
10000000
01000000
20020000
00000000
00000000
00000000
00000000
00000000
30030000
00000000
,
M02M0000
00000000
00000000
00000000
02000000
00000000
00000000
00000000
10010000
03300000
00000000
00000000
10000000
00000000
00100000
00000000
,
00020000
00000000
00000000
00000000
00200000
00000000
00000000
00000000
01001000
00330000
00000000
00000000
00010000
00000000
00001000
00000000
,
00000020
00000000
00000000
00000000
00000200
00000000
00000000
00000000
00001001
00000330
00000000
00000000
00001000
00000000
00000001
00000000
,
00000200
00000000
00000000
00000000
00002000
00000000
00000000
00000000
00010010
00003300
00000000
00000000
00010000
00000000
00100000
00000000
,
10000000
00000000
00100000
10000000
01000000
00000000
00100000
00010000
01000000
00000000
00100000
00000000
10010000
00000000
00100000
00000000
,
00100000
00000000
01000000
00100000
00001000
00000000
00010000
00000010
00001000
00000000
00000100
00000000
00000110
00000000
00000001
00000000
,
00000001
00000000
00000100
00000010
00001000
00000000
00000100
00000010
00000001
00000000
00000100
00000000
00001010
00000000
00000100
00000000
,
00000100
00000000
00010000
00001000
01000000
00000000
00100000
10000000
01000000
00000000
00100000
00000000
10010000
00000000
00100000
00000000
,
00100000
10000000
01000000
00000000
00100000
00000000
00010000
01000000
00100000
01000000
00000000
00001000
00000000
00000010
00000100
00001000
,
00000001
00000100
00000010
00000000
00001000
00000000
00000100
00000010
00000100
00010000
00000000
00100000
00000000
01000000
00010000
00100000
,
01000000
00100000
10000000
00000000
00100000
00000000
00010000
01000000
00100000
01000000
00000000
00001000
00000000
00000010
00000001
00000100
,
00000010
00000100
00000001
00000000
00000010
00000000
00000100
00001000
00000001
00000100
00000000
00001000
00000000
01000000
00010000
01000000
,
00100000
01000000
10000000
00000000
01000000
00000000
00010000
00100000
01000000
00100000
00000000
00101000
00000000
01000000
00001000
00010000
,
01000000
00010000
00001000
00000000
00000100
00000000
00000001
00000010
00000100
00000010
00000000
00001001
00000000
00001000
00000010
00010000
,
00001000
01000000
00100000
00000000
10000000
00000000
01000000
00100000
01000000
10000000
00000000
01010000
00000000
00100000
00001000
00010000
,
00001000
00000100
00000001
00000000
00000010
00000000
00000100
00001000
00000001
00000010
00000000
00001001
00000000
00001000
00000010
00000000
,
00000100
00000001
00000010
00000100
00000010
00000000
00001000
00010000
00001000
00000100
00001000
00010000
00100000
01000000
00100000
00000000
,
10000000
00100000
01000000
00100000
00010000
00000000
00001000
00010000
01000000
10000000
00100000
01000000
00100000
10000000
01000000
00000000
,
00100000
00010000
01000000
00001000
00010000
00000000
00000100
00000010
00000100
00001000
00000010
00000100
00000010
00000001
00000010
00000000
,
00000100
00001000
00000100
00000010
00010000
00000000
00001000
00000100
00001000
00010000
01000000
00100000
01000000
10000000
00010000
00000000
,
00100000
00000000
01000000
10000000
00100000
01000000
00001000
00000000
01000000
00000000
00010000
00100000
01000000
10000000
00010000
00000000
,
10000000
00000000
01000000
00100000
00001000
00010000
00000100
00000000
00010000
00000000
00001000
00000100
00000010
00001000
00000100
00000000
,
00000010
00000000
00000001
00000100
00000010
00001000
00000001
00000000
00000100
00000000
00000001
00000000
00000010
00000000
00000100
00000000
,
00010000
00000000
00000000
00001000
01000000
00000000
00000000
00100000
01000000
00000000
00001000
00000000
00010000
00000000
00100000
00000000
,
10000000
M0000000
00000000
00000000
00000000
00000000
00000000
00000000
;

//---------------dance-double - M. Emirzian----------------
#NOTES:
     dance-double:
     M. Emirzian:
     Medium:
     8:
     0.460,0.000,0.069,0.086,0.317,357.000,8.000,10.000,12.000,0.000,0.000:


00000000
00000000
00000000
00000000
,
00000000
00000000
00000000
00000000
,
00000000
00000000
00000000
00000000
,
01000000
00000000
00100000
20000000
01000000
01000000
31000000
00100000
,
00010000
00000000
00000000
01000000
00100000
00000000
00000000
10000000
00010000
00000000
00100000
00000000
01000000
00000000
00100000
00000000
,
00001000
00000000
00000000
00010000
00000100
00000000
00000000
00001000
00000010
00000000
00000100
00000000
00000001
00000000
00000100
00000000
,
00001000
00000000
00000000
00000100
00000001
00000000
00000000
00001000
00000100
00000000
00010000
00000000
00001000
00000000
00010000
00000000
,
00100000
00000000
00000000
10000000
01000000
00000000
00000000
00100000
00010000
00000000
01000000
00000000
00100000
00000000
01000000
00000000
,
00010000
00000000
00000000
00100000
01000000
00000000
00000000
10000000
00010000
00000000
00100000
00000000
00001000
00000000
00100000
00000000
,
00010000
00000000
00000000
01000000
00001000
00000000
00000000
00010000
00000010
00000000
00001000
00000000
00000100
00000000
00001000
00000000
,
00000001
00000000
00000000
00000010
00000100
00000000
00000000
00001000
00000001
00000000
00000100
00000000
00000010
00000000
00000100
00000000
,
00000001
00000000
00000000
00001000
00000100
00000000
00000000
00010000
00001000
00000000
01000000
00000000
00100000
00000000
00000000
00000000
,
01000000
00100000
00000000
00000000
10010000
00000000
00000000
00000000
01000000
00100000
00000000
00000000
10010000
00000000
00000000
M10M0000
,
00000000
00100000
00001000
00010000
00000010
00001000
00000100
00001000
,
00000001
00001000
00000000
00000000
00000110
00000000
00000000
00000000
00000001
00001000
00000000
00000000
00000110
00000000
00000000
00000MM1
,
00000000
00000100
00000010
00010000
00001000
01000000
00100000
01000000
,
00010000
10000000
00000000
00000000
01100000
00000000
00000000
0MM00000
00010000
10000000
00000000
00000000
01100000
00000000
00000000
01000000
,
00000000
10000000
00010000
00100000
00001000
00010000
00000010
00010000
,
00000100
00001000
00000000
00000000
00000011
00000000
00000000
00000000
00000100
00001000
00000000
00000000
00000011
00000000
00000000
000001MM
,
00000000
00001000
00000001
00000100
00001000
00010000
01000000
00000000
,
10000000
00000000
00010000
00000000
01000000
00000000
00100000
00000000
10000000
01000000
00000000
01000000
00000000
00000000
00100000
00000000
,
00010000
00000000
01000000
00000000
00001000
00000000
01000000
00000000
00010000
00100000
00000000
00100000
00000000
00000000
00001000
00000000
,
00010000
00000000
01000000
00000000
00010000
00000000
00001000
00000000
00000100
00000001
00000000
00000001
00000000
00000000
00000010
00000000
,
00000100
00000000
00001000
00000000
00000001
00000000
00001000
00000000
00000100
00000010
00000000
00000010
00000000
00000000
00000001
00000000
,
00000100
00000000
00000010
00000000
00010000
00000000
00001000
00000000
01000000
00010000
00000000
00010000
00000000
00000000
00100000
00000000
,
01000000
00000000
10000000
00000000
00100000
00000000
01000000
00000000
00100000
10000000
00000000
10000000
00000000
00000000
00010000
00000000
,
01000000
00000000
00100000
00000000
00010000
00000000
00001000
00000000
00000010
00000001
00000000
00000001
00000000
00000000
00000100
00000000
,
00000010
00000000
00001000
00000000
00000100
00000000
00000010
00000001
00000020
00000000
00000000
00000000
00000000
00000000
00000000
00000000
,
00000130
00001000
00000010
00000000
00010000
00010000
00010000
00000000
,
00001000
01000000
00100000
00000000
00100000
00100000
00100000
00000000
,
10000000
00010000
01000000
00000000
01000000
01000000
01000000
00000000
,
00001000
00010000
00000100
00000000
00000100
00000100
00000100
00000000
,
00000010
00000000
00000000
00000001
00000100
00000000
00000020
00000000
00001000
00000000
00001000
00000000
00001030
00000000
00000000
00000000
,
00000100
00000000
00000000
00010000
00001000
00000000
02000000
00000000
00010000
00000000
00010000
00000000
03010000
00000000
00000000
00000000
,
00100000
00000000
00000000
01000000
10000000
00000000
00200000
00000000
01000000
00000000
01000000
00000000
01300000
00000000
00000000
00000000
,
00010000
00000000
00000000
00100000
00001000
00000000
00020000
00000000
00001000
00000000
00001000
00000000
00031000
00000000
00010000
00000000
,
00000100
00000000
00001000
00000000
00000010
00000000
00000100
00000000
00000001
00000010
00000000
00000010
00000000
00000000
00000100
00000000
,
00001000
00000000
00000001
00000000
00000100
00000000
00001000
00000000
00010000
00001000
00000000
00001000
00000000
00000000
00000100
00000000
,
00001000
00000000
00010000
00000000
01000000
00000000
10000000
00000000
01000000
00100000
00000000
00100000
00000000
00000000
00010000
00000000
,
01000000
00000000
00100000
00000000
01000000
00000000
00010000
00000000
10000000
01000000
00000000
01000000
00000000
00000000
00100000
00000000
,
00001000
00000000
00010000
00000000
00100000
00000000
00010000
00000000
00001000
00000100
00000000
00000100
00000000
00000000
00000001
00000000
,
00000010
00000000
00000100
00000000
00001000
00000000
00000010
00000000
00000100
00000001
00000000
00000001
00000000
00000000
00001000
00000000
,
00000100
00000000
00001000
00000000
00000001
00000000
00000100
00000000
00001000
00010000
00000000
00010000
00000000
00000000
01000000
00000000
,
10000000
00100000
01000000
00100000
10000000
01000000
00100000
00000000
,
00010000
00000000
00000000
00100000
01000000
00000000
00000000
10000000
00010000
00000000
01000000
00000000
00100000
00000000
01000000
00000000
,
00001000
00000000
00000000
00010000
00000010
00000000
00000000
00001000
00000100
00000000
00000010
00000000
00000001
00000000
00000100
00000000
,
00000010
00000000
00000000
00010000
00000100
00000000
00000000
00001000
00000010
00000000
00000100
00000000
00000001
00000000
00000100
00000000
,
00000010
00000000
00000000
00010000
00001000
00000000
00000000
01000000
00100000
00000000
10000000
00000000
01000000
00000000
00100000
00000000
,
02000000
00000000
00000000
00000000
13000000
00000000
00000000
0M000000
00100000
00000000
01000000
00000000
00100000
00000000
00000000
00000000
,
20000000
00000000
00000000
00000000
30010000
00000000
00000000
M0000000
01000000
00000000
00001000
00000000
00010000
00000000
00000000
00000000
,
00002000
00000000
00000000
00000000
00103000
00000000
00000000
00M00000
00001000
00000000
00010000
00000000
00001000
00000000
00000000
00000000
,
00000200
00000000
00000000
00000000
00000301
00000000
00000000
00000M00
00000010
00000000
00000100
00000000
00000010
00000000
00000001
00000000
,
00001000
00000000
00000000
00000000
;

//---------------dance-double - M. Emirzian----------------
#NOTES:
     dance-double:
     M. Emirzian:
     Hard:
     9:
     0.607,0.000,0.438,0.060,0.635,437.000,51.000,7.000,28.000,3.000,0.000:


00000000
00000000
00000000
00000000
,
00000000
00000000
00000000
00000000
,
00000000
00000000
00000000
00000000
,
00100000
00000000
10000000
00000000
00010000
00000000
10000000
00000000
00100000
00000000
00000000
01000000
00001000
00000000
00100000
00000000
,
00001000
00000000
00000000
00010000
00000010
00000000
00000000
00001000
00000100
00000000
00000010
00000000
00000001
00000000
00000110
00000000
,
00001001
00000000
0000M00M
00001000
00000100
00000000
00000000
00000010
00000001
00000000
00000100
00000000
00000010
00001000
00000100
00000000
,
00001001
00000000
0000M00M
00010000
00001000
00000000
00000000
10000000
00010000
00000000
01000000
00000000
00100000
00000000
01010000
00000000
,
01100000
00000000
M0M00000
10000000
01000000
00000000
00000000
00100000
00010000
00000000
10000000
00000000
01000000
10000000
00100000
00000000
,
10010000
00000000
M00M0000
00001000
00010000
00000000
00000000
00000001
00000010
00000000
00000100
00000000
00001000
00000000
00001001
00000000
,
00000110
00000000
00000MM0
00000100
00001000
00000000
00000000
00000010
00000100
00000000
00000001
00000000
00000010
00000100
00001000
00000000
,
00000110
00000000
00000MM0
00010000
00001000
00000000
00000000
10000000
00010000
00000000
01000000
00000000
00100000
00000000
10100000
00000000
,
10010000
00000000
M00M0000
01000000
00100000
00000000
00000000
10000000
01000000
00000000
00100000
00000000
00010000
00000000
00100000
00000000
,
01000000
10000000
00100000
00000000
01000000
00000000
00010000
00000000
00100000
00001000
00010000
00000000
00000010
00000000
00000000
00010000
,
00000000
00001000
00000100
00000000
00000001
00000000
00000010
00000000
00001000
00000000
00010000
00000000
00001000
00010000
00000100
00000000
,
00000010
00000001
00000100
00000000
00000010
00000000
00001000
00000100
00000000
00000010
00000001
00000000
00000100
00000000
00000000
00000010
,
00010000
00001000
01000000
00000000
00100000
00000000
10000000
01000000
00000000
00010000
00001000
00000000
00010000
01000000
10000000
00000000
,
00010000
01000000
00100000
00000000
10010000
00000000
00000000
00001000
00010000
00100000
10000000
00000000
00110000
00000000
00000000
00100000
,
00000000
01000000
00010000
00000000
00001000
00000000
00000100
00000000
00000001
00000000
00000010
00000000
00000100
00010000
00000000
00001000
,
00000100
00000010
00001000
00000000
00000110
00000000
00000000
00000100
00000001
00000010
00000100
00000000
00010000
00000000
00000000
00001000
,
00000000
00000100
00001000
00000000
00010000
00000000
01000000
00000000
10000000
00000000
00100000
00000000
01000000
00000000
00010000
00000000
,
10000000
01000000
10000000
00000000
01000000
00000000
00100000
01000000
00000000
00010000
00000000
00000010
00000000
00001000
00000100
00000000
,
00000010
00000001
00000010
00000000
00000100
00000000
00001000
00000010
00000000
00010000
00000000
00100000
00000000
10000000
01000000
00000000
,
00100000
00010000
00100000
00000000
01000000
00000000
10000000
00100000
00000000
00010000
00000000
00000100
00000000
00001000
00000010
00000000
,
00000100
00000001
00000100
00000000
00000010
00000000
00001000
00000100
00000000
00010000
00000000
01000000
00000000
10000000
00100000
00000000
,
01000000
00010000
01000000
00000000
00100000
00000000
10000000
01000000
00100000
00010000
00000000
01100000
00000000
10000000
00010000
00000000
,
01000000
00001000
01000000
00000000
00011000
00000000
00100000
00001000
00010000
00000010
00000000
00001010
00000000
00010000
00001000
00000000
,
00010000
00000100
00010000
00000000
00001010
00000000
00001000
00000100
00000010
00000001
00000000
00000110
00000000
00001000
00000001
00000000
,
00000100
00000010
00000100
00000000
00001001
00000000
00001000
00000100
00002000
00000000
00000000
00000000
00000000
00000000
00000000
00000000
,
00003100
00000000
00000010
00000000
00000001
00000001
00001002
00000000
,
00000200
00000000
00000000
00000000
00000010
00000303
00000000
00000000
00000010
00000000
00000010
00000000
00000120
00000000
00000000
00000000
,
00002000
00000000
00000000
00000000
00000100
00003030
00000000
00000000
00000100
00000000
00000100
00000000
00001200
00000000
00000000
00000000
,
00020000
00000000
00000000
00000000
00001000
00030300
00000000
00000000
00001000
00000000
00001000
00000000
00101000
00000000
00000000
00000000
,
01100000
00000000
10000000
01000000
00000000
00000000
00100000
00010000
01000000
00000000
01000000
00000000
01010000
00000000
00000000
00000000
,
01001000
00000000
00100000
00001000
00000000
00000000
00010000
00000010
00001000
00000000
00001000
00000000
00001100
00000000
00000000
00000000
,
00010100
00000000
00000010
00000100
00000000
00000000
00001000
00000001
00000100
00000000
00000100
00000000
00000110
00000000
00000000
00000000
,
00001001
00000000
00001000
00000100
00000000
00000000
00010000
00001000
01000000
00000000
01000000
00000000
01100000
00000000
10010000
00000000
,
10000000
00010000
10000000
00000000
01100000
00000000
00100000
00010000
01000000
00100000
00000000
10010000
00000000
01000000
00001000
00000000
,
00100000
00010000
00100000
00000000
00011000
00000000
00010000
00000010
00001000
00000100
00000000
00001001
00000000
00000100
00000001
00000000
,
00000010
00000100
00000010
00000000
00000001
00000000
00000100
00000010
00001000
00000100
00000000
00000011
00000000
00000010
00000100
00000000
,
00010000
00001000
00010000
00000000
01001000
00000000
01000000
00100000
10000000
01000000
00000000
00110000
00000000
00100000
01000000
00000000
,
10000000
00010000
10000000
00000000
10100000
00000000
10000000
01000000
00000000
00010000
00000000
00000010
00000000
00001000
00000100
00000000
,
00000010
00000001
00000010
00000000
00000100
00000000
00001000
00000010
00000000
00010000
00000000
00100000
00000000
01000000
00010000
00000000
,
10000000
00100000
10000000
00000000
00010000
00000000
00100000
01000000
00000000
00010000
00000000
00000100
00000000
00001000
00000010
00000000
,
00000100
00000001
00000100
00000000
00000010
00000000
00001000
00000100
00001000
00000001
00000000
00000110
00000000
00000010
00001000
00000000
,
00000100
00000000
00000000
00010000
00001000
00000000
00000000
01000000
00100000
00000000
10000000
00000000
01000000
00000000
00110000
00000000
,
10010000
00000000
M00M0000
00100000
01000000
00000000
00000000
10000000
00010000
00000000
00100000
00000000
00001000
00010000
00000010
00000000
,
00001100
00000000
0000MM00
00000010
00000001
00000000
00000000
00000100
00000010
00000000
00001000
00000000
00000100
00000000
00000011
00000000
,
00001001
00000000
0000M00M
00000010
00010000
00000000
00000000
00001000
01000000
00000000
00100000
00000000
10000000
01000000
00100000
00000000
,
10010000
00000000
M00M0000
10000000
00010000
00000000
00000000
00010000
00001000
00000000
00000100
00000000
00001000
00000000
00010000
00000000
,
01001000
00000000
0M00M000
00010000
00000100
00000000
00000000
00001000
00000010
00000000
00000100
00000000
00000010
00000000
00001000
00000000
,
00001001
00000000
0000M00M
00000001
00001000
00000000
00000000
00001000
00010000
00000000
00100000
00000000
10000000
00000000
00010000
00000000
,
01010000
00000000
0M0M0000
00100000
01000000
00000000
00000000
10000000
00010000
00000000
01000000
00000000
00001000
00000000
00010000
00000000
,
00000100
00000000
00000000
00000000
;

//---------------lights-cabinet - ----------------
#NOTES:
     lights-cabinet:
     :
     Easy:
     1:
     1.000,0.401,1.000,0.069,0.004,339.000,235.000,8.000,0.000,198.000,0.000:


00000000
00000000
11110011
00000000
,
00000000
00000000
00000000
00000000
11110011
11110011
00000000
00000000
,
00000011
11110000
00000011
11110000
00000011
11110000
00000011
11110000
,
00000011
11110000
00000011
11110000
11110011
00000000
11110011
00000000
,
00010011
00000000
00010011
00000000
00010011
00100000
01000011
00100011
,
01000011
00000000
01000011
00000000
01000011
10000000
00100011
01000000
,
00010011
00000000
00010011
00000000
00010011
01000000
00100011
01000011
,
00100011
00000000
00100011
00000000
00100011
01000000
00010011
10000000
,
00100011
00000000
00100011
00000000
00100011
10000000
01000011
00010011
,
01000011
00000000
01000011
00000000
01000011
10000000
00010011
00100000
,
01000011
00000000
01000011
00000000
01000011
10000000
00010011
01000011
,
00100011
00000000
00000000
00000000
00100011
00000000
00000000
00000000
00100011
00000000
00000000
00100000
00000000
00000000
00100000
00000000
,
10000011
10000000
10000011
00000000
00010011
00010000
00010011
00000000
,
00100011
01000000
10000011
01000000
00100011
01000000
10000011
00000011
,
00100011
00100000
00100011
00000000
01000011
01000000
01000011
00000000
,
00010011
00100000
01000011
00100000
01000010
10000001
01000010
00000001
,
00100011
00100000
00100011
00000000
00010011
00010000
00010011
00000000
,
01000011
00100000
10000011
00100000
01000011
00100000
10000011
00000011
,
01000011
01000000
01000011
00000000
10000011
10000000
10000011
00000000
,
00100011
01000000
00010000
01000000
00100011
00000000
01100000
00000000
,
01000011
00010000
00010011
00010000
01000011
00010000
00100011
01000011
,
01000011
10000000
10000011
10000000
01000011
10000000
00100011
01000000
,
01000011
00010000
00010011
00010000
01000011
00010000
00100011
01000011
,
01000011
10000000
10000011
10000000
01000011
00000000
10010011
00000000
,
00010010
00100001
00100010
00100001
00010011
01000000
00100011
10000000
,
10000010
00100001
00100001
00100010
10000011
01000000
00100011
00010000
,
00010010
01000001
01000011
01000010
00100001
01000010
00010011
01000000
,
01000010
00100001
00100010
00100001
11110011
00000000
00000000
00000000
,
00021011
00000100
00131000
00000100
01101011
00000100
00001000
00000100
,
20001011
00000100
30101000
00000100
01101011
01100111
00001000
00000100
,
00021011
00000100
00131000
00000100
01101011
00000100
00001000
00000100
,
20001011
00000100
30101000
00000100
01101111
01100011
00001100
00000000
,
00011000
00010111
01001000
00000111
01101000
00000111
00101000
00000111
,
10001000
10000111
01001000
00000111
01101000
01100111
00001000
00000111
,
00011011
00010100
01001011
00000100
01101011
00000100
00101011
00000100
,
10001011
10000111
01001011
00000100
01101111
01100011
00001111
00000011
,
00020011
00000000
00100011
00000000
10030011
00000000
00100011
01000011
,
20000011
00000000
00010011
00000000
31000011
00000000
00010011
01000000
,
00200011
00000000
10000011
00000000
01300011
00000000
10000011
00100011
,
02000011
00000000
00010011
00000000
03100011
00000000
00010011
00100011
,
01000011
10000000
10000011
10000000
01000011
10000000
00100011
01000011
,
01000011
00010000
00010011
00010000
01000011
00010011
00100011
01000000
,
01000011
10000000
10000011
10000000
01000011
10000011
00100011
01000000
,
01000011
00010000
00010000
00010000
01000011
00000000
10010011
00000000
,
10000011
00000000
10000011
00000000
10000011
01000000
00100011
01000011
,
00100011
00000000
00100011
00000000
00100011
00010000
01000011
00100000
,
10000011
00000000
10000011
00000000
10000011
00100000
01000011
00100011
,
01000011
00000000
01000011
00000000
01000011
00100000
10000000
00010000
,
01000011
00000000
01000000
00000000
01000011
00010000
00100000
00010000
,
00100011
00000000
00100000
00000000
00100011
01000000
10000011
01000000
,
10000011
00000000
10000000
00000000
10000011
00010000
01000000
00010000
,
01000011
00000000
01000000
00000000
01000011
00100000
10000011
00100000
,
01000011
00000000
00000000
00000000
;

//---------------dance-single - M. Puls----------------
#NOTES:
     dance-single:
     M. Puls:
     Beginner:
     1:
     0.071,0.000,0.060,0.000,0.000,51.000,7.000,0.000,0.000,0.000,0.000:


0000
0000
0000
0000
,
0000
0000
0000
0000
,
0001
0000
0000
0000
,
1000
0000
0000
0000
,
0001
0000
0000
0000
,
0001
0000
0000
0000
,
0100
0000
0000
0000
,
0001
0000
0000
0000
,
1000
0000
0000
0000
,
0010
0000
0000
0000
,
1000
0000
0000
0000
,
1001
0000
0000
0000
,
0001
0000
0000
0000
,
1000
0000
0000
0000
,
0001
0000
0000
0000
,
1000
0000
0000
0000
,
0010
0000
0000
0000
,
0100
0000
0000
0000
,
0010
0000
0000
0000
,
1000
0000
0000
0000
,
1001
0000
0000
0000
,
0001
0000
0000
0000
,
1001
0000
0000
0000
,
1000
0000
0000
0000
,
0010
0000
0000
0000
,
0100
0000
0000
0000
,
0010
0000
0000
0000
,
1000
0000
0000
0000
,
0000
0000
1001
0000
,
0000
0000
1001
0000
,
0000
0000
1001
0000
,
0000
0000
1001
0000
,
0000
0000
1000
0000
,
0000
0000
0010
0000
,
0000
0000
0100
0000
,
0000
0000
0001
0000
,
1000
0000
0000
0000
,
0001
0000
0000
0000
,
1000
0000
0000
0000
,
0010
0000
0000
0000
,
1000
0000
0000
0000
,
0001
0000
0000
0000
,
0100
0000
0000
0000
,
0010
0000
0000
0000
,
1000
0000
0000
0000
,
1000
0000
0000
0000
,
0010
0000
0000
0000
,
0010
0000
0000
0000
,
1000
0000
0000
0000
,
0001
0000
0000
0000
,
0010
0000
0000
0000
,
0001
0000
0000
0000
,
1000
0000
0000
0000
;
