// MilkShape 3D ASCII

Frames: 30
Frame: 1

Meshes: 1
"NoName3" 0 0
93
0 97.433853 17.273457 3.988168 0.985413 0.525838 -1
0 100.253914 17.279835 2.413588 0.999499 0.525806 -1
0 -0.285103 119.354980 3.985449 0.497307 0.015940 -1
0 -0.288983 122.446198 2.413588 0.497287 0.000500 -1
0 -30.111021 -75.326851 3.988168 0.348326 0.988377 -1
0 30.136538 -75.504951 3.988168 0.649263 0.989267 -1
0 23.761618 -69.062805 3.988168 0.617420 0.957088 -1
0 23.726797 -40.523945 3.988168 0.617246 0.814536 -1
0 -23.876143 -40.523926 3.988168 0.379469 0.814536 -1
0 23.764017 -35.749004 3.987808 0.617432 0.790686 -1
0 23.761618 -6.384683 3.988168 0.617420 0.644011 -1
0 -24.217922 -6.232284 3.988168 0.377762 0.643249 -1
0 -24.210722 -1.036844 3.988168 0.377798 0.617298 -1
0 23.571398 -0.884442 3.988168 0.616470 0.616537 -1
0 30.136538 15.719675 3.988168 0.649263 0.533599 -1
0 23.722719 22.269455 3.988168 0.617226 0.500883 -1
0 -24.049501 -69.062782 3.988168 0.378603 0.957088 -1
0 -24.116783 -35.596523 3.987808 0.378267 0.789924 -1
0 -30.111021 15.598255 3.988168 0.348326 0.534206 -1
0 -24.210722 22.276276 3.988168 0.377798 0.500849 -1
0 62.774178 -8.270144 3.988168 0.812288 0.653429 -1
0 62.903934 -19.172527 3.988168 0.812936 0.707886 -1
0 87.544212 17.748415 3.988168 0.936014 0.523466 -1
0 -0.236963 109.089180 3.988168 0.497547 0.067218 -1
0 -0.223063 47.472836 3.988168 0.497616 0.374992 -1
0 -0.224543 57.903557 3.988168 0.497609 0.322891 -1
0 -62.101704 -19.088486 3.988168 0.188532 0.707466 -1
0 -62.515545 -7.526603 3.988168 0.186465 0.649714 -1
0 -86.566544 17.736576 3.988168 0.066330 0.523525 -1
0 -96.933861 17.968216 3.988168 0.014545 0.522368 -1
0 -99.745842 17.977156 2.413588 0.000500 0.522323 -1
0 -62.087509 -22.086206 2.413588 0.188603 0.722440 -1
0 -32.153801 10.370175 2.413588 0.338122 0.560320 -1
0 -32.153820 -77.363602 2.413588 0.338122 0.998551 -1
0 32.179340 -77.553764 2.413588 0.659466 0.999501 -1
0 32.179340 10.560355 2.413588 0.659467 0.559370 -1
0 62.897377 -22.149626 2.413588 0.812903 0.722757 -1
0 30.100418 15.810856 -18.031792 0.649082 0.533144 -1
0 97.384193 17.273355 -18.031792 0.985165 0.525839 -1
0 62.904057 -19.119928 -18.031792 0.812937 0.707623 -1
0 -30.074883 15.690676 -18.031811 0.348506 0.533744 -1
0 -62.101845 -19.035528 -18.031811 0.188531 0.707201 -1
0 -96.884109 17.968056 -18.031811 0.014794 0.522368 -1
0 -0.285803 119.434555 -18.031792 0.497303 0.015543 -1
0 30.100418 -75.468689 -18.031792 0.649082 0.989086 -1
0 -30.074902 -75.290802 -18.031811 0.348506 0.988197 -1
0 62.774132 -2.344882 7.968188 0.812288 0.623832 -1
0 62.774178 -5.307503 2.413588 0.812288 0.638630 -1
0 81.890556 17.735096 7.968188 0.907774 0.523532 -1
0 84.717415 17.741756 2.413588 0.921894 0.523499 -1
0 19.512335 3.188195 7.968188 0.596195 0.596194 -1
0 21.541878 1.151877 2.413588 0.606332 0.606365 -1
0 19.626455 20.649296 7.968188 0.596765 0.508976 -1
0 21.674597 21.459375 2.413588 0.606995 0.504929 -1
0 -20.117962 -10.330885 7.968188 0.398241 0.663722 -1
0 19.676037 -10.457304 7.968188 0.597012 0.664353 -1
0 21.718840 -8.420982 2.413588 0.607216 0.654182 -1
0 -22.167942 -8.281584 2.413588 0.388002 0.653486 -1
0 -19.821783 -44.609489 7.968188 0.399721 0.834944 -1
0 19.641195 -44.609509 7.968188 0.596838 0.834944 -1
0 21.684017 -42.566727 2.413588 0.607042 0.824740 -1
0 -21.848963 -42.566708 2.413588 0.389595 0.824740 -1
0 100.254135 17.279835 -15.958452 0.999500 0.525806 -1
0 -0.288983 122.446236 -15.958452 0.497287 0.000499 -1
0 -99.745842 17.977156 -15.958452 0.000500 0.522323 -1
0 -62.087425 -22.086226 -15.958452 0.188603 0.722440 -1
0 -32.153801 10.370175 -15.958452 0.338122 0.560320 -1
0 -32.153801 -77.363548 -15.958452 0.338122 0.998550 -1
0 32.179321 -77.553749 -15.958452 0.659466 0.999500 -1
0 32.179321 10.560355 -15.958452 0.659466 0.559370 -1
0 62.897415 -22.149645 -15.958452 0.812903 0.722757 -1
0 19.676037 -64.977226 7.968188 0.597012 0.936681 -1
0 21.718840 -67.020004 2.413588 0.607216 0.946884 -1
0 -21.990984 -67.020004 2.413588 0.388885 0.946884 -1
0 -19.932442 -64.977203 7.968188 0.399168 0.936680 -1
0 19.678116 -31.651665 7.967668 0.597023 0.770219 -1
0 21.721037 -33.699722 2.413228 0.607227 0.780449 -1
0 -22.080843 -33.560226 2.413228 0.388437 0.779752 -1
0 -20.044901 -31.525146 7.967668 0.398606 0.769587 -1
0 -22.167942 1.012476 2.413588 0.388002 0.607062 -1
0 -20.125143 3.061775 7.968188 0.398205 0.596825 -1
0 -20.125143 20.642496 7.968188 0.398205 0.509010 -1
0 -22.167942 21.459375 2.413588 0.388002 0.504929 -1
0 -0.226043 41.544434 7.968188 0.497601 0.404604 -1
0 -0.224543 44.508636 2.413588 0.497609 0.389798 -1
0 -0.224543 60.866196 2.413588 0.497609 0.308092 -1
0 -0.224543 63.828812 7.968188 0.497609 0.293294 -1
0 -62.515507 -1.601324 7.968188 0.186465 0.620118 -1
0 -62.515545 -4.563963 2.413588 0.186465 0.634916 -1
0 -83.751022 17.741776 2.413588 0.080394 0.523499 -1
0 -80.935417 17.746975 7.968188 0.094458 0.523473 -1
0 -0.212123 103.167122 7.968188 0.497671 0.096799 -1
0 -0.224543 106.128136 2.413588 0.497609 0.082008 -1
93
0.203457 -0.063921 0.976995
0.866523 0.086210 0.491636
-0.000298 0.304946 0.952370
-0.000804 0.806860 0.590743
-0.129071 -0.064426 0.989540
0.130523 -0.130876 0.982769
-0.220152 0.109777 0.969269
-0.109902 -0.220221 0.969239
0.108094 -0.108666 0.988184
-0.186919 0.093644 0.977902
-0.094229 -0.187250 0.977782
0.130497 -0.130444 0.982830
0.162517 0.081387 0.983344
-0.166079 0.166636 0.971931
0.029536 -0.074601 0.996776
-0.265060 -0.148336 0.952754
0.224118 0.222811 0.948750
0.191146 0.191249 0.962750
-0.028870 -0.073886 0.996849
0.264888 -0.149187 0.952669
-0.052128 0.148879 0.987480
-0.097686 -0.274501 0.956612
-0.288049 -0.092588 0.953129
0.000626 -0.149066 0.988827
-0.000076 -0.149005 0.988836
0.000000 0.309776 0.950810
0.081760 -0.225011 0.970920
0.000000 0.126835 0.991924
0.276079 0.000509 0.961135
-0.239822 -0.074644 0.967943
-0.798614 0.252902 0.546129
-0.275096 -0.780045 0.562007
0.038113 -0.567111 0.822759
-0.547683 -0.673308 0.496689
0.579371 -0.581088 0.571547
0.414810 -0.393686 0.820332
-0.071087 -0.810687 0.581148
0.043044 -0.108719 -0.993140
0.242514 -0.076335 -0.967140
-0.148370 -0.416922 -0.896751
-0.029061 -0.074381 -0.996806
0.150474 -0.414108 -0.897704
-0.286754 -0.089419 -0.953822
-0.000476 0.453468 -0.891272
0.269367 -0.270166 -0.924366
-0.403960 -0.201682 -0.892267
-0.234897 -0.670879 0.703381
0.306966 -0.185669 0.933434
0.548626 -0.173501 0.817867
0.194385 0.294154 0.935782
0.313547 -0.314599 0.895944
0.366347 -0.367576 0.854797
0.636249 0.157775 0.755178
0.177660 0.244293 0.953288
-0.525709 0.525562 0.668891
0.509239 0.254246 0.822213
-0.076278 0.347020 0.934751
0.072570 -0.072570 0.994720
-0.525576 0.528552 0.666635
0.508562 0.255074 0.822376
-0.077441 0.346907 0.934697
0.072735 -0.073284 0.994655
0.807207 0.133596 -0.574951
-0.000982 0.935081 -0.354433
-0.867485 -0.044344 -0.495483
0.056632 -0.852642 -0.519417
-0.448039 -0.447069 -0.774203
-0.470382 -0.662297 -0.583183
0.662064 -0.664024 -0.347481
-0.020455 -0.636150 -0.771294
0.287633 -0.819684 -0.495364
0.321232 -0.641785 0.696363
0.346913 0.077958 0.934652
-0.366037 -0.363824 0.856533
-0.312876 -0.311265 0.897342
0.319207 -0.642529 0.696608
0.347235 0.077387 0.934579
-0.366524 -0.366662 0.855114
-0.313651 -0.313778 0.896195
-0.347225 0.077373 0.934584
-0.319183 -0.642462 0.696681
-0.530362 0.134236 0.837077
-0.177431 0.244063 0.953390
0.000371 0.735870 0.677123
-0.000051 -0.100384 0.994949
-0.000001 -0.507614 0.861585
-0.000000 -0.266006 0.963971
0.000000 -0.736047 0.676930
0.000001 0.100436 0.994944
-0.526897 -0.000971 0.849929
-0.451644 -0.000832 0.892198
-0.002552 0.608146 0.793821
0.000422 -0.100488 0.994938
182
0 0 1 2 0 1 2 1
0 2 1 3 2 1 3 1
0 4 5 6 4 5 6 1
0 6 5 7 6 5 7 1
0 8 7 9 8 7 9 1
0 7 5 9 7 5 9 1
0 9 5 10 9 5 10 1
0 11 10 12 11 10 12 1
0 12 10 13 12 10 13 1
0 10 5 13 10 5 13 1
0 13 5 14 13 5 14 1
0 13 14 15 13 14 15 1
0 4 6 16 4 6 16 1
0 4 16 8 4 16 8 1
0 8 9 17 8 9 17 1
0 4 8 17 4 8 17 1
0 4 17 11 4 17 11 1
0 4 11 12 4 11 12 1
0 4 12 18 4 12 18 1
0 18 12 19 18 12 19 1
0 20 21 0 20 21 0 1
0 20 0 22 20 0 22 1
0 22 0 23 22 0 23 1
0 23 0 2 23 0 2 1
0 21 20 14 21 20 14 1
0 14 20 15 14 20 15 1
0 15 20 24 15 20 24 1
0 24 20 25 24 20 25 1
0 26 27 28 26 27 28 1
0 26 28 29 26 28 29 1
0 29 28 23 29 28 23 1
0 29 23 2 29 23 2 1
0 27 26 18 27 26 18 1
0 27 18 19 27 18 19 1
0 27 19 24 27 19 24 1
0 27 24 25 27 24 25 1
0 30 29 2 30 29 2 1
0 30 2 3 30 2 3 1
0 31 26 29 31 26 29 1
0 31 29 30 31 29 30 1
0 26 31 32 26 31 32 1
0 26 32 18 26 32 18 1
0 33 4 32 33 4 32 1
0 32 4 18 32 4 18 1
0 33 34 5 33 34 5 1
0 33 5 4 33 5 4 1
0 5 34 35 5 34 35 1
0 5 35 14 5 35 14 1
0 36 21 35 36 21 35 1
0 35 21 14 35 21 14 1
0 21 36 0 21 36 0 1
0 0 36 1 0 36 1 1
0 37 38 39 37 38 39 1
0 37 40 38 37 40 38 1
0 40 41 42 40 41 42 1
0 38 40 42 38 40 42 1
0 38 42 43 38 42 43 1
0 44 45 40 44 45 40 1
0 44 40 37 44 40 37 1
0 46 47 48 46 47 48 1
0 48 47 49 48 47 49 1
0 50 51 52 50 51 52 1
0 52 51 53 52 51 53 1
0 54 55 56 54 55 56 1
0 54 56 57 54 56 57 1
0 58 59 60 58 59 60 1
0 58 60 61 58 60 61 1
0 62 38 43 62 38 43 1
0 62 43 63 62 43 63 1
0 42 64 43 42 64 43 1
0 43 64 63 43 64 63 1
0 41 65 42 41 65 42 1
0 42 65 64 42 65 64 1
0 65 41 66 65 41 66 1
0 66 41 40 66 41 40 1
0 45 67 66 45 67 66 1
0 45 66 40 45 66 40 1
0 68 67 44 68 67 44 1
0 44 67 45 44 67 45 1
0 68 44 69 68 44 69 1
0 69 44 37 69 44 37 1
0 39 70 69 39 70 69 1
0 39 69 37 39 69 37 1
0 70 39 38 70 39 38 1
0 70 38 62 70 38 62 1
0 71 72 59 71 72 59 1
0 59 72 60 59 72 60 1
0 73 72 71 73 72 71 1
0 73 71 74 73 71 74 1
0 73 74 58 73 74 58 1
0 73 58 61 73 58 61 1
0 74 71 59 74 71 59 1
0 74 59 58 74 59 58 1
0 75 76 55 75 76 55 1
0 55 76 56 55 76 56 1
0 77 76 75 77 76 75 1
0 77 75 78 77 75 78 1
0 77 78 54 77 78 54 1
0 77 54 57 77 54 57 1
0 78 75 55 78 75 55 1
0 78 55 54 78 55 54 1
0 79 51 80 79 51 80 1
0 80 51 50 80 51 50 1
0 79 80 81 79 80 81 1
0 79 81 82 79 81 82 1
0 82 81 83 82 81 83 1
0 82 83 84 82 83 84 1
0 52 53 83 52 53 83 1
0 83 53 84 83 53 84 1
0 80 50 81 80 50 81 1
0 81 50 52 81 50 52 1
0 81 52 83 81 52 83 1
0 47 46 85 47 46 85 1
0 85 46 86 85 46 86 1
0 87 88 85 87 88 85 1
0 87 85 86 87 85 86 1
0 88 87 89 88 87 89 1
0 89 87 90 89 87 90 1
0 89 90 91 89 90 91 1
0 89 91 92 89 91 92 1
0 48 49 91 48 49 91 1
0 91 49 92 91 49 92 1
0 90 87 86 90 87 86 1
0 90 86 91 90 86 91 1
0 46 48 86 46 48 86 1
0 86 48 91 86 48 91 1
0 16 6 72 16 6 72 1
0 16 72 73 16 72 73 1
0 72 6 60 72 6 60 1
0 60 6 7 60 6 7 1
0 61 60 7 61 60 7 1
0 61 7 8 61 7 8 1
0 16 73 61 16 73 61 1
0 16 61 8 16 61 8 1
0 17 9 76 17 9 76 1
0 17 76 77 17 76 77 1
0 76 9 56 76 9 56 1
0 56 9 10 56 9 10 1
0 57 56 10 57 56 10 1
0 57 10 11 57 10 11 1
0 17 77 57 17 77 57 1
0 17 57 11 17 57 11 1
0 19 82 84 19 82 84 1
0 19 84 24 19 84 24 1
0 12 79 82 12 79 82 1
0 12 82 19 12 82 19 1
0 12 13 79 12 13 79 1
0 79 13 51 79 13 51 1
0 51 13 53 51 13 53 1
0 53 13 15 53 13 15 1
0 53 15 84 53 15 84 1
0 84 15 24 84 15 24 1
0 28 89 92 28 89 92 1
0 28 92 23 28 92 23 1
0 27 88 28 27 88 28 1
0 28 88 89 28 88 89 1
0 88 27 25 88 27 25 1
0 88 25 85 88 25 85 1
0 20 47 25 20 47 25 1
0 25 47 85 25 47 85 1
0 47 20 49 47 20 49 1
0 49 20 22 49 20 22 1
0 49 22 92 49 22 92 1
0 92 22 23 92 22 23 1
0 36 35 69 36 35 69 1
0 36 69 70 36 69 70 1
0 35 34 68 35 34 68 1
0 35 68 69 35 68 69 1
0 33 67 68 33 67 68 1
0 33 68 34 33 68 34 1
0 33 32 66 33 32 66 1
0 33 66 67 33 66 67 1
0 32 31 65 32 31 65 1
0 32 65 66 32 65 66 1
0 31 30 64 31 30 64 1
0 31 64 65 31 64 65 1
0 64 30 63 64 30 63 1
0 63 30 3 63 30 3 1
0 63 3 1 63 3 1 1
0 63 1 62 63 1 62 1
0 1 36 70 1 36 70 1
0 1 70 62 1 70 62 1

Materials: 1
"Material01"
1 1 1 1
1 1 1 1
1 1 1 1
0.000000 0.000000 0.000000 1.000000
0.010000
1.000000
"arrow sphere.png"
"arrow sphere add.png"

Bones: 0
