#COURSE:Shuffled 10s;
#REPEAT:YES;
#METER:Regular:10;
// cache tags:
#RADAR:0:0:-1.000,-1.000,-1.000,-1.000,-1.000,-1.000,-1.000,-1.000,-1.000,-1.000,-1.000;
#RADAR:0:1:-1.000,-1.000,-1.000,-1.000,-1.000,-1.000,-1.000,-1.000,-1.000,-1.000,-1.000;
#RADAR:0:2:-1.000,-1.000,-1.000,-1.000,-1.000,-1.000,-1.000,-1.000,-1.000,-1.000,-1.000;
#RADAR:0:3:-1.000,-1.000,-1.000,-1.000,-1.000,-1.000,-1.000,-1.000,-1.000,-1.000,-1.000;
#RADAR:0:4:-1.000,-1.000,-1.000,-1.000,-1.000,-1.000,-1.000,-1.000,-1.000,-1.000,-1.000;
#RADAR:0:5:-1.000,-1.000,-1.000,-1.000,-1.000,-1.000,-1.000,-1.000,-1.000,-1.000,-1.000;
#RADAR:1:0:-1.000,-1.000,-1.000,-1.000,-1.000,-1.000,-1.000,-1.000,-1.000,-1.000,-1.000;
#RADAR:1:1:-1.000,-1.000,-1.000,-1.000,-1.000,-1.000,-1.000,-1.000,-1.000,-1.000,-1.000;
#RADAR:1:2:-1.000,-1.000,-1.000,-1.000,-1.000,-1.000,-1.000,-1.000,-1.000,-1.000,-1.000;
#RADAR:1:3:-1.000,-1.000,-1.000,-1.000,-1.000,-1.000,-1.000,-1.000,-1.000,-1.000,-1.000;
#RADAR:1:4:-1.000,-1.000,-1.000,-1.000,-1.000,-1.000,-1.000,-1.000,-1.000,-1.000,-1.000;
#RADAR:1:5:-1.000,-1.000,-1.000,-1.000,-1.000,-1.000,-1.000,-1.000,-1.000,-1.000,-1.000;
#RADAR:2:0:-1.000,-1.000,-1.000,-1.000,-1.000,-1.000,-1.000,-1.000,-1.000,-1.000,-1.000;
#RADAR:2:1:-1.000,-1.000,-1.000,-1.000,-1.000,-1.000,-1.000,-1.000,-1.000,-1.000,-1.000;
#RADAR:2:2:-1.000,-1.000,-1.000,-1.000,-1.000,-1.000,-1.000,-1.000,-1.000,-1.000,-1.000;
#RADAR:2:3:-1.000,-1.000,-1.000,-1.000,-1.000,-1.000,-1.000,-1.000,-1.000,-1.000,-1.000;
#RADAR:2:4:-1.000,-1.000,-1.000,-1.000,-1.000,-1.000,-1.000,-1.000,-1.000,-1.000,-1.000;
#RADAR:2:5:-1.000,-1.000,-1.000,-1.000,-1.000,-1.000,-1.000,-1.000,-1.000,-1.000,-1.000;
#RADAR:3:0:-1.000,-1.000,-1.000,-1.000,-1.000,-1.000,-1.000,-1.000,-1.000,-1.000,-1.000;
#RADAR:3:1:-1.000,-1.000,-1.000,-1.000,-1.000,-1.000,-1.000,-1.000,-1.000,-1.000,-1.000;
#RADAR:3:2:-1.000,-1.000,-1.000,-1.000,-1.000,-1.000,-1.000,-1.000,-1.000,-1.000,-1.000;
#RADAR:3:3:-1.000,-1.000,-1.000,-1.000,-1.000,-1.000,-1.000,-1.000,-1.000,-1.000,-1.000;
#RADAR:3:4:-1.000,-1.000,-1.000,-1.000,-1.000,-1.000,-1.000,-1.000,-1.000,-1.000,-1.000;
#RADAR:3:5:-1.000,-1.000,-1.000,-1.000,-1.000,-1.000,-1.000,-1.000,-1.000,-1.000,-1.000;
#RADAR:4:0:-1.000,-1.000,-1.000,-1.000,-1.000,-1.000,-1.000,-1.000,-1.000,-1.000,-1.000;
#RADAR:4:1:-1.000,-1.000,-1.000,-1.000,-1.000,-1.000,-1.000,-1.000,-1.000,-1.000,-1.000;
#RADAR:4:2:-1.000,-1.000,-1.000,-1.000,-1.000,-1.000,-1.000,-1.000,-1.000,-1.000,-1.000;
#RADAR:4:3:-1.000,-1.000,-1.000,-1.000,-1.000,-1.000,-1.000,-1.000,-1.000,-1.000,-1.000;
#RADAR:4:4:-1.000,-1.000,-1.000,-1.000,-1.000,-1.000,-1.000,-1.000,-1.000,-1.000,-1.000;
#RADAR:4:5:-1.000,-1.000,-1.000,-1.000,-1.000,-1.000,-1.000,-1.000,-1.000,-1.000,-1.000;
#RADAR:5:0:-1.000,-1.000,-1.000,-1.000,-1.000,-1.000,-1.000,-1.000,-1.000,-1.000,-1.000;
#RADAR:5:1:-1.000,-1.000,-1.000,-1.000,-1.000,-1.000,-1.000,-1.000,-1.000,-1.000,-1.000;
#RADAR:5:2:-1.000,-1.000,-1.000,-1.000,-1.000,-1.000,-1.000,-1.000,-1.000,-1.000,-1.000;
#RADAR:5:3:-1.000,-1.000,-1.000,-1.000,-1.000,-1.000,-1.000,-1.000,-1.000,-1.000,-1.000;
#RADAR:5:4:-1.000,-1.000,-1.000,-1.000,-1.000,-1.000,-1.000,-1.000,-1.000,-1.000,-1.000;
#RADAR:5:5:-1.000,-1.000,-1.000,-1.000,-1.000,-1.000,-1.000,-1.000,-1.000,-1.000,-1.000;
#RADAR:6:0:-1.000,-1.000,-1.000,-1.000,-1.000,-1.000,-1.000,-1.000,-1.000,-1.000,-1.000;
#RADAR:6:1:-1.000,-1.000,-1.000,-1.000,-1.000,-1.000,-1.000,-1.000,-1.000,-1.000,-1.000;
#RADAR:6:2:-1.000,-1.000,-1.000,-1.000,-1.000,-1.000,-1.000,-1.000,-1.000,-1.000,-1.000;
#RADAR:6:3:-1.000,-1.000,-1.000,-1.000,-1.000,-1.000,-1.000,-1.000,-1.000,-1.000,-1.000;
#RADAR:6:4:-1.000,-1.000,-1.000,-1.000,-1.000,-1.000,-1.000,-1.000,-1.000,-1.000,-1.000;
#RADAR:6:5:-1.000,-1.000,-1.000,-1.000,-1.000,-1.000,-1.000,-1.000,-1.000,-1.000,-1.000;
#RADAR:7:0:-1.000,-1.000,-1.000,-1.000,-1.000,-1.000,-1.000,-1.000,-1.000,-1.000,-1.000;
#RADAR:7:1:-1.000,-1.000,-1.000,-1.000,-1.000,-1.000,-1.000,-1.000,-1.000,-1.000,-1.000;
#RADAR:7:2:-1.000,-1.000,-1.000,-1.000,-1.000,-1.000,-1.000,-1.000,-1.000,-1.000,-1.000;
#RADAR:7:3:-1.000,-1.000,-1.000,-1.000,-1.000,-1.000,-1.000,-1.000,-1.000,-1.000,-1.000;
#RADAR:7:4:-1.000,-1.000,-1.000,-1.000,-1.000,-1.000,-1.000,-1.000,-1.000,-1.000,-1.000;
#RADAR:7:5:-1.000,-1.000,-1.000,-1.000,-1.000,-1.000,-1.000,-1.000,-1.000,-1.000,-1.000;
#RADAR:8:0:-1.000,-1.000,-1.000,-1.000,-1.000,-1.000,-1.000,-1.000,-1.000,-1.000,-1.000;
#RADAR:8:1:-1.000,-1.000,-1.000,-1.000,-1.000,-1.000,-1.000,-1.000,-1.000,-1.000,-1.000;
#RADAR:8:2:-1.000,-1.000,-1.000,-1.000,-1.000,-1.000,-1.000,-1.000,-1.000,-1.000,-1.000;
#RADAR:8:3:-1.000,-1.000,-1.000,-1.000,-1.000,-1.000,-1.000,-1.000,-1.000,-1.000,-1.000;
#RADAR:8:4:-1.000,-1.000,-1.000,-1.000,-1.000,-1.000,-1.000,-1.000,-1.000,-1.000,-1.000;
#RADAR:8:5:-1.000,-1.000,-1.000,-1.000,-1.000,-1.000,-1.000,-1.000,-1.000,-1.000,-1.000;
#RADAR:9:0:-1.000,-1.000,-1.000,-1.000,-1.000,-1.000,-1.000,-1.000,-1.000,-1.000,-1.000;
#RADAR:9:1:-1.000,-1.000,-1.000,-1.000,-1.000,-1.000,-1.000,-1.000,-1.000,-1.000,-1.000;
#RADAR:9:2:-1.000,-1.000,-1.000,-1.000,-1.000,-1.000,-1.000,-1.000,-1.000,-1.000,-1.000;
#RADAR:9:3:-1.000,-1.000,-1.000,-1.000,-1.000,-1.000,-1.000,-1.000,-1.000,-1.000,-1.000;
#RADAR:9:4:-1.000,-1.000,-1.000,-1.000,-1.000,-1.000,-1.000,-1.000,-1.000,-1.000,-1.000;
#RADAR:9:5:-1.000,-1.000,-1.000,-1.000,-1.000,-1.000,-1.000,-1.000,-1.000,-1.000,-1.000;
#RADAR:10:0:-1.000,-1.000,-1.000,-1.000,-1.000,-1.000,-1.000,-1.000,-1.000,-1.000,-1.000;
#RADAR:10:1:-1.000,-1.000,-1.000,-1.000,-1.000,-1.000,-1.000,-1.000,-1.000,-1.000,-1.000;
#RADAR:10:2:-1.000,-1.000,-1.000,-1.000,-1.000,-1.000,-1.000,-1.000,-1.000,-1.000,-1.000;
#RADAR:10:3:-1.000,-1.000,-1.000,-1.000,-1.000,-1.000,-1.000,-1.000,-1.000,-1.000,-1.000;
#RADAR:10:4:-1.000,-1.000,-1.000,-1.000,-1.000,-1.000,-1.000,-1.000,-1.000,-1.000,-1.000;
#RADAR:10:5:-1.000,-1.000,-1.000,-1.000,-1.000,-1.000,-1.000,-1.000,-1.000,-1.000,-1.000;
#RADAR:11:0:-1.000,-1.000,-1.000,-1.000,-1.000,-1.000,-1.000,-1.000,-1.000,-1.000,-1.000;
#RADAR:11:1:-1.000,-1.000,-1.000,-1.000,-1.000,-1.000,-1.000,-1.000,-1.000,-1.000,-1.000;
#RADAR:11:2:-1.000,-1.000,-1.000,-1.000,-1.000,-1.000,-1.000,-1.000,-1.000,-1.000,-1.000;
#RADAR:11:3:-1.000,-1.000,-1.000,-1.000,-1.000,-1.000,-1.000,-1.000,-1.000,-1.000,-1.000;
#RADAR:11:4:-1.000,-1.000,-1.000,-1.000,-1.000,-1.000,-1.000,-1.000,-1.000,-1.000,-1.000;
#RADAR:11:5:-1.000,-1.000,-1.000,-1.000,-1.000,-1.000,-1.000,-1.000,-1.000,-1.000,-1.000;
#RADAR:12:0:-1.000,-1.000,-1.000,-1.000,-1.000,-1.000,-1.000,-1.000,-1.000,-1.000,-1.000;
#RADAR:12:1:-1.000,-1.000,-1.000,-1.000,-1.000,-1.000,-1.000,-1.000,-1.000,-1.000,-1.000;
#RADAR:12:2:-1.000,-1.000,-1.000,-1.000,-1.000,-1.000,-1.000,-1.000,-1.000,-1.000,-1.000;
#RADAR:12:3:-1.000,-1.000,-1.000,-1.000,-1.000,-1.000,-1.000,-1.000,-1.000,-1.000,-1.000;
#RADAR:12:4:-1.000,-1.000,-1.000,-1.000,-1.000,-1.000,-1.000,-1.000,-1.000,-1.000,-1.000;
#RADAR:12:5:-1.000,-1.000,-1.000,-1.000,-1.000,-1.000,-1.000,-1.000,-1.000,-1.000,-1.000;
#RADAR:13:0:-1.000,-1.000,-1.000,-1.000,-1.000,-1.000,-1.000,-1.000,-1.000,-1.000,-1.000;
#RADAR:13:1:-1.000,-1.000,-1.000,-1.000,-1.000,-1.000,-1.000,-1.000,-1.000,-1.000,-1.000;
#RADAR:13:2:-1.000,-1.000,-1.000,-1.000,-1.000,-1.000,-1.000,-1.000,-1.000,-1.000,-1.000;
#RADAR:13:3:-1.000,-1.000,-1.000,-1.000,-1.000,-1.000,-1.000,-1.000,-1.000,-1.000,-1.000;
#RADAR:13:4:-1.000,-1.000,-1.000,-1.000,-1.000,-1.000,-1.000,-1.000,-1.000,-1.000,-1.000;
#RADAR:13:5:-1.000,-1.000,-1.000,-1.000,-1.000,-1.000,-1.000,-1.000,-1.000,-1.000,-1.000;
#RADAR:14:0:-1.000,-1.000,-1.000,-1.000,-1.000,-1.000,-1.000,-1.000,-1.000,-1.000,-1.000;
#RADAR:14:1:-1.000,-1.000,-1.000,-1.000,-1.000,-1.000,-1.000,-1.000,-1.000,-1.000,-1.000;
#RADAR:14:2:-1.000,-1.000,-1.000,-1.000,-1.000,-1.000,-1.000,-1.000,-1.000,-1.000,-1.000;
#RADAR:14:3:-1.000,-1.000,-1.000,-1.000,-1.000,-1.000,-1.000,-1.000,-1.000,-1.000,-1.000;
#RADAR:14:4:-1.000,-1.000,-1.000,-1.000,-1.000,-1.000,-1.000,-1.000,-1.000,-1.000,-1.000;
#RADAR:14:5:-1.000,-1.000,-1.000,-1.000,-1.000,-1.000,-1.000,-1.000,-1.000,-1.000,-1.000;
#RADAR:15:0:-1.000,-1.000,-1.000,-1.000,-1.000,-1.000,-1.000,-1.000,-1.000,-1.000,-1.000;
#RADAR:15:1:-1.000,-1.000,-1.000,-1.000,-1.000,-1.000,-1.000,-1.000,-1.000,-1.000,-1.000;
#RADAR:15:2:-1.000,-1.000,-1.000,-1.000,-1.000,-1.000,-1.000,-1.000,-1.000,-1.000,-1.000;
#RADAR:15:3:-1.000,-1.000,-1.000,-1.000,-1.000,-1.000,-1.000,-1.000,-1.000,-1.000,-1.000;
#RADAR:15:4:-1.000,-1.000,-1.000,-1.000,-1.000,-1.000,-1.000,-1.000,-1.000,-1.000,-1.000;
#RADAR:15:5:-1.000,-1.000,-1.000,-1.000,-1.000,-1.000,-1.000,-1.000,-1.000,-1.000,-1.000;
#RADAR:16:0:-1.000,-1.000,-1.000,-1.000,-1.000,-1.000,-1.000,-1.000,-1.000,-1.000,-1.000;
#RADAR:16:1:-1.000,-1.000,-1.000,-1.000,-1.000,-1.000,-1.000,-1.000,-1.000,-1.000,-1.000;
#RADAR:16:2:-1.000,-1.000,-1.000,-1.000,-1.000,-1.000,-1.000,-1.000,-1.000,-1.000,-1.000;
#RADAR:16:3:-1.000,-1.000,-1.000,-1.000,-1.000,-1.000,-1.000,-1.000,-1.000,-1.000,-1.000;
#RADAR:16:4:-1.000,-1.000,-1.000,-1.000,-1.000,-1.000,-1.000,-1.000,-1.000,-1.000,-1.000;
#RADAR:16:5:-1.000,-1.000,-1.000,-1.000,-1.000,-1.000,-1.000,-1.000,-1.000,-1.000,-1.000;
#RADAR:17:0:-1.000,-1.000,-1.000,-1.000,-1.000,-1.000,-1.000,-1.000,-1.000,-1.000,-1.000;
#RADAR:17:1:-1.000,-1.000,-1.000,-1.000,-1.000,-1.000,-1.000,-1.000,-1.000,-1.000,-1.000;
#RADAR:17:2:-1.000,-1.000,-1.000,-1.000,-1.000,-1.000,-1.000,-1.000,-1.000,-1.000,-1.000;
#RADAR:17:3:-1.000,-1.000,-1.000,-1.000,-1.000,-1.000,-1.000,-1.000,-1.000,-1.000,-1.000;
#RADAR:17:4:-1.000,-1.000,-1.000,-1.000,-1.000,-1.000,-1.000,-1.000,-1.000,-1.000,-1.000;
#RADAR:17:5:-1.000,-1.000,-1.000,-1.000,-1.000,-1.000,-1.000,-1.000,-1.000,-1.000,-1.000;
#RADAR:18:0:-1.000,-1.000,-1.000,-1.000,-1.000,-1.000,-1.000,-1.000,-1.000,-1.000,-1.000;
#RADAR:18:1:-1.000,-1.000,-1.000,-1.000,-1.000,-1.000,-1.000,-1.000,-1.000,-1.000,-1.000;
#RADAR:18:2:-1.000,-1.000,-1.000,-1.000,-1.000,-1.000,-1.000,-1.000,-1.000,-1.000,-1.000;
#RADAR:18:3:-1.000,-1.000,-1.000,-1.000,-1.000,-1.000,-1.000,-1.000,-1.000,-1.000,-1.000;
#RADAR:18:4:-1.000,-1.000,-1.000,-1.000,-1.000,-1.000,-1.000,-1.000,-1.000,-1.000,-1.000;
#RADAR:18:5:-1.000,-1.000,-1.000,-1.000,-1.000,-1.000,-1.000,-1.000,-1.000,-1.000,-1.000;
#RADAR:19:0:-1.000,-1.000,-1.000,-1.000,-1.000,-1.000,-1.000,-1.000,-1.000,-1.000,-1.000;
#RADAR:19:1:-1.000,-1.000,-1.000,-1.000,-1.000,-1.000,-1.000,-1.000,-1.000,-1.000,-1.000;
#RADAR:19:2:-1.000,-1.000,-1.000,-1.000,-1.000,-1.000,-1.000,-1.000,-1.000,-1.000,-1.000;
#RADAR:19:3:-1.000,-1.000,-1.000,-1.000,-1.000,-1.000,-1.000,-1.000,-1.000,-1.000,-1.000;
#RADAR:19:4:-1.000,-1.000,-1.000,-1.000,-1.000,-1.000,-1.000,-1.000,-1.000,-1.000,-1.000;
#RADAR:19:5:-1.000,-1.000,-1.000,-1.000,-1.000,-1.000,-1.000,-1.000,-1.000,-1.000,-1.000;
#RADAR:20:0:-1.000,-1.000,-1.000,-1.000,-1.000,-1.000,-1.000,-1.000,-1.000,-1.000,-1.000;
#RADAR:20:1:-1.000,-1.000,-1.000,-1.000,-1.000,-1.000,-1.000,-1.000,-1.000,-1.000,-1.000;
#RADAR:20:2:-1.000,-1.000,-1.000,-1.000,-1.000,-1.000,-1.000,-1.000,-1.000,-1.000,-1.000;
#RADAR:20:3:-1.000,-1.000,-1.000,-1.000,-1.000,-1.000,-1.000,-1.000,-1.000,-1.000,-1.000;
#RADAR:20:4:-1.000,-1.000,-1.000,-1.000,-1.000,-1.000,-1.000,-1.000,-1.000,-1.000,-1.000;
#RADAR:20:5:-1.000,-1.000,-1.000,-1.000,-1.000,-1.000,-1.000,-1.000,-1.000,-1.000,-1.000;
#RADAR:21:0:-1.000,-1.000,-1.000,-1.000,-1.000,-1.000,-1.000,-1.000,-1.000,-1.000,-1.000;
#RADAR:21:1:-1.000,-1.000,-1.000,-1.000,-1.000,-1.000,-1.000,-1.000,-1.000,-1.000,-1.000;
#RADAR:21:2:-1.000,-1.000,-1.000,-1.000,-1.000,-1.000,-1.000,-1.000,-1.000,-1.000,-1.000;
#RADAR:21:3:-1.000,-1.000,-1.000,-1.000,-1.000,-1.000,-1.000,-1.000,-1.000,-1.000,-1.000;
#RADAR:21:4:-1.000,-1.000,-1.000,-1.000,-1.000,-1.000,-1.000,-1.000,-1.000,-1.000,-1.000;
#RADAR:21:5:-1.000,-1.000,-1.000,-1.000,-1.000,-1.000,-1.000,-1.000,-1.000,-1.000,-1.000;
#RADAR:22:0:-1.000,-1.000,-1.000,-1.000,-1.000,-1.000,-1.000,-1.000,-1.000,-1.000,-1.000;
#RADAR:22:1:-1.000,-1.000,-1.000,-1.000,-1.000,-1.000,-1.000,-1.000,-1.000,-1.000,-1.000;
#RADAR:22:2:-1.000,-1.000,-1.000,-1.000,-1.000,-1.000,-1.000,-1.000,-1.000,-1.000,-1.000;
#RADAR:22:3:-1.000,-1.000,-1.000,-1.000,-1.000,-1.000,-1.000,-1.000,-1.000,-1.000,-1.000;
#RADAR:22:4:-1.000,-1.000,-1.000,-1.000,-1.000,-1.000,-1.000,-1.000,-1.000,-1.000,-1.000;
#RADAR:22:5:-1.000,-1.000,-1.000,-1.000,-1.000,-1.000,-1.000,-1.000,-1.000,-1.000,-1.000;
#RADAR:23:0:-1.000,-1.000,-1.000,-1.000,-1.000,-1.000,-1.000,-1.000,-1.000,-1.000,-1.000;
#RADAR:23:1:-1.000,-1.000,-1.000,-1.000,-1.000,-1.000,-1.000,-1.000,-1.000,-1.000,-1.000;
#RADAR:23:2:-1.000,-1.000,-1.000,-1.000,-1.000,-1.000,-1.000,-1.000,-1.000,-1.000,-1.000;
#RADAR:23:3:-1.000,-1.000,-1.000,-1.000,-1.000,-1.000,-1.000,-1.000,-1.000,-1.000,-1.000;
#RADAR:23:4:-1.000,-1.000,-1.000,-1.000,-1.000,-1.000,-1.000,-1.000,-1.000,-1.000,-1.000;
#RADAR:23:5:-1.000,-1.000,-1.000,-1.000,-1.000,-1.000,-1.000,-1.000,-1.000,-1.000,-1.000;
#RADAR:24:0:-1.000,-1.000,-1.000,-1.000,-1.000,-1.000,-1.000,-1.000,-1.000,-1.000,-1.000;
#RADAR:24:1:-1.000,-1.000,-1.000,-1.000,-1.000,-1.000,-1.000,-1.000,-1.000,-1.000,-1.000;
#RADAR:24:2:-1.000,-1.000,-1.000,-1.000,-1.000,-1.000,-1.000,-1.000,-1.000,-1.000,-1.000;
#RADAR:24:3:-1.000,-1.000,-1.000,-1.000,-1.000,-1.000,-1.000,-1.000,-1.000,-1.000,-1.000;
#RADAR:24:4:-1.000,-1.000,-1.000,-1.000,-1.000,-1.000,-1.000,-1.000,-1.000,-1.000,-1.000;
#RADAR:24:5:-1.000,-1.000,-1.000,-1.000,-1.000,-1.000,-1.000,-1.000,-1.000,-1.000,-1.000;
#RADAR:25:0:-1.000,-1.000,-1.000,-1.000,-1.000,-1.000,-1.000,-1.000,-1.000,-1.000,-1.000;
#RADAR:25:1:-1.000,-1.000,-1.000,-1.000,-1.000,-1.000,-1.000,-1.000,-1.000,-1.000,-1.000;
#RADAR:25:2:-1.000,-1.000,-1.000,-1.000,-1.000,-1.000,-1.000,-1.000,-1.000,-1.000,-1.000;
#RADAR:25:3:-1.000,-1.000,-1.000,-1.000,-1.000,-1.000,-1.000,-1.000,-1.000,-1.000,-1.000;
#RADAR:25:4:-1.000,-1.000,-1.000,-1.000,-1.000,-1.000,-1.000,-1.000,-1.000,-1.000,-1.000;
#RADAR:25:5:-1.000,-1.000,-1.000,-1.000,-1.000,-1.000,-1.000,-1.000,-1.000,-1.000,-1.000;
#RADAR:26:0:-1.000,-1.000,-1.000,-1.000,-1.000,-1.000,-1.000,-1.000,-1.000,-1.000,-1.000;
#RADAR:26:1:-1.000,-1.000,-1.000,-1.000,-1.000,-1.000,-1.000,-1.000,-1.000,-1.000,-1.000;
#RADAR:26:2:-1.000,-1.000,-1.000,-1.000,-1.000,-1.000,-1.000,-1.000,-1.000,-1.000,-1.000;
#RADAR:26:3:-1.000,-1.000,-1.000,-1.000,-1.000,-1.000,-1.000,-1.000,-1.000,-1.000,-1.000;
#RADAR:26:4:-1.000,-1.000,-1.000,-1.000,-1.000,-1.000,-1.000,-1.000,-1.000,-1.000,-1.000;
#RADAR:26:5:-1.000,-1.000,-1.000,-1.000,-1.000,-1.000,-1.000,-1.000,-1.000,-1.000,-1.000;
#RADAR:27:0:-1.000,-1.000,-1.000,-1.000,-1.000,-1.000,-1.000,-1.000,-1.000,-1.000,-1.000;
#RADAR:27:1:-1.000,-1.000,-1.000,-1.000,-1.000,-1.000,-1.000,-1.000,-1.000,-1.000,-1.000;
#RADAR:27:2:-1.000,-1.000,-1.000,-1.000,-1.000,-1.000,-1.000,-1.000,-1.000,-1.000,-1.000;
#RADAR:27:3:-1.000,-1.000,-1.000,-1.000,-1.000,-1.000,-1.000,-1.000,-1.000,-1.000,-1.000;
#RADAR:27:4:-1.000,-1.000,-1.000,-1.000,-1.000,-1.000,-1.000,-1.000,-1.000,-1.000,-1.000;
#RADAR:27:5:-1.000,-1.000,-1.000,-1.000,-1.000,-1.000,-1.000,-1.000,-1.000,-1.000,-1.000;
// end cache tags
#SONG:*:10..10:showcourse,nodifficult;
#SONG:*:10..10:showcourse,nodifficult;
#SONG:*:10..10:showcourse,nodifficult;
#SONG:*:10..10:showcourse,nodifficult;
#SONG:*:10..10:showcourse,nodifficult;
#SONG:*:10..10:showcourse,nodifficult;
#SONG:*:10..10:showcourse,nodifficult;
#SONG:*:10..10:showcourse,nodifficult;
#SONG:*:10..10:showcourse,nodifficult;
#SONG:*:10..10:showcourse,nodifficult;
#SONG:*:10..10:showcourse,nodifficult;
#SONG:*:10..10:showcourse,nodifficult;
#SONG:*:10..10:showcourse,nodifficult;
#SONG:*:10..10:showcourse,nodifficult;
#SONG:*:10..10:showcourse,nodifficult;
#SONG:*:10..10:showcourse,nodifficult;
#SONG:*:10..10:showcourse,nodifficult;
#SONG:*:10..10:showcourse,nodifficult;
#SONG:*:10..10:showcourse,nodifficult;
#SONG:*:10..10:showcourse,nodifficult;
#SONG:*:10..10:showcourse,nodifficult;
#SONG:*:10..10:showcourse,nodifficult;
#SONG:*:10..10:showcourse,nodifficult;
#SONG:*:10..10:showcourse,nodifficult;
#SONG:*:10..10:showcourse,nodifficult;
#SONG:*:10..10:showcourse,nodifficult;
#SONG:*:10..10:showcourse,nodifficult;
#SONG:*:10..10:showcourse,nodifficult;
#SONG:*:10..10:showcourse,nodifficult;
#SONG:*:10..10:showcourse,nodifficult;
#SONG:*:10..10:showcourse,nodifficult;
#SONG:*:10..10:showcourse,nodifficult;
#SONG:*:10..10:showcourse,nodifficult;
#SONG:*:10..10:showcourse,nodifficult;
#SONG:*:10..10:showcourse,nodifficult;
#SONG:*:10..10:showcourse,nodifficult;
#SONG:*:10..10:showcourse,nodifficult;
#SONG:*:10..10:showcourse,nodifficult;
#SONG:*:10..10:showcourse,nodifficult;
#SONG:*:10..10:showcourse,nodifficult;
