// MilkShape 3D ASCII

Frames: 30
Frame: 1

Meshes: 1
"Line01" 0 0
88
0 -91.815323 -17.723148 0.000000 0.017266 0.655858 -1
0 -83.167305 -33.323174 0.000000 0.062736 0.793045 -1
0 -86.085732 -15.683537 0.000000 0.047391 0.637921 -1
0 -78.342110 -29.652140 0.000000 0.088106 0.760761 -1
0 -70.516800 -45.743553 0.000000 0.129250 0.902270 -1
0 -66.927628 -40.858978 0.000000 0.148121 0.859315 -1
0 -55.064331 -54.009186 0.000000 0.210496 0.974958 -1
0 -53.096756 -48.257206 0.000000 0.220841 0.924375 -1
0 -38.609192 -56.799999 0.000000 0.297015 0.999500 -1
0 -38.103996 -50.799999 0.000000 0.299671 0.946736 -1
0 38.644142 -56.799999 0.000000 0.703199 0.999500 -1
0 38.096004 -50.799999 0.000000 0.700317 0.946736 -1
0 55.183350 -53.752655 0.000000 0.790160 0.972702 -1
0 53.132019 -48.029617 0.000000 0.779374 0.922374 -1
0 70.581894 -45.217403 0.000000 0.871123 0.897643 -1
0 66.937981 -40.377117 0.000000 0.851964 0.855077 -1
0 83.138481 -32.683647 0.000000 0.937143 0.787421 -1
0 78.305954 -29.029814 0.000000 0.911734 0.755289 -1
0 91.742790 -17.245764 0.000000 0.982383 0.651660 -1
0 86.027946 -15.175001 0.000000 0.952335 0.633449 -1
0 94.998398 -0.020272 0.000000 0.999500 0.500178 -1
0 88.896004 0.000000 0.000000 0.967415 0.500000 -1
0 91.950157 16.716692 0.000000 0.983473 0.352993 -1
0 86.223831 14.672095 0.000000 0.953365 0.370973 -1
0 83.484398 32.004089 0.000000 0.938962 0.218556 -1
0 78.637238 28.371908 0.000000 0.913476 0.250497 -1
0 70.989601 44.623802 0.000000 0.873266 0.107578 -1
0 67.306740 39.815681 0.000000 0.853903 0.149860 -1
0 55.530731 53.411694 0.000000 0.791986 0.030297 -1
0 53.402824 47.719627 0.000000 0.780798 0.080353 -1
0 38.693741 56.799999 0.000000 0.703460 0.000500 -1
0 38.096004 50.799999 0.000000 0.700318 0.053264 -1
0 -38.663223 56.799999 0.000000 0.296731 0.000500 -1
0 -38.103996 50.799999 0.000000 0.299671 0.053264 -1
0 -55.271149 53.676983 0.000000 0.209409 0.027963 -1
0 -53.196190 47.962006 0.000000 0.220319 0.078221 -1
0 -70.694275 45.036240 0.000000 0.128317 0.103950 -1
0 -67.033157 40.209900 0.000000 0.147566 0.146393 -1
0 -83.241798 32.442142 0.000000 0.062344 0.214703 -1
0 -78.404060 28.796795 0.000000 0.087780 0.246760 -1
0 -91.815453 17.040779 0.000000 0.017265 0.350143 -1
0 -86.097954 14.975790 0.000000 0.047327 0.368302 -1
0 -95.004166 0.022650 0.000000 0.000500 0.499801 -1
0 -88.903992 0.000000 0.000000 0.032573 0.500000 -1
0 -80.264465 -13.611292 10.160000 0.077998 0.619698 -1
0 -73.439705 -25.922369 10.160000 0.113882 0.727962 -1
0 -63.281029 -35.896252 10.160000 0.167294 0.815672 -1
0 -51.097702 -42.413197 10.160000 0.231352 0.872982 -1
0 -37.590714 -44.703999 10.160000 0.302370 0.893128 -1
0 37.539101 -44.703999 10.160000 0.697389 0.893128 -1
0 51.047867 -42.215012 10.160000 0.768416 0.871240 -1
0 63.235771 -35.459385 10.160000 0.832498 0.811831 -1
0 73.396111 -25.317520 10.160000 0.885919 0.722643 -1
0 80.221657 -13.071106 10.160000 0.921807 0.614948 -1
0 82.695976 0.020597 10.160000 0.934816 0.499819 -1
0 80.405891 12.594785 10.160000 0.922776 0.389241 -1
0 73.712524 24.681610 10.160000 0.887583 0.282950 -1
0 63.564957 34.930630 10.160000 0.834229 0.192819 -1
0 51.240875 41.936489 10.160000 0.769431 0.131210 -1
0 37.488708 44.703999 10.160000 0.697124 0.106872 -1
0 -37.535812 44.703999 10.160000 0.302658 0.106872 -1
0 -51.088028 42.155590 10.160000 0.231403 0.129283 -1
0 -63.313469 35.306339 10.160000 0.167124 0.189515 -1
0 -73.488914 25.093121 10.160000 0.113623 0.279330 -1
0 -80.288979 12.877762 10.160000 0.077870 0.386753 -1
0 -82.706215 -0.023012 10.160000 0.065160 0.500202 -1
0 -74.443199 -11.539046 0.000000 0.108606 0.601474 -1
0 -68.537300 -22.192598 0.000000 0.139658 0.695162 -1
0 -59.634430 -30.933525 0.000000 0.186467 0.772030 -1
0 -49.098648 -36.569187 0.000000 0.241863 0.821590 -1
0 -37.077438 -38.607998 0.000000 0.305068 0.839520 -1
0 36.982193 -38.607998 0.000000 0.694461 0.839520 -1
0 48.963715 -36.400406 0.000000 0.757458 0.820106 -1
0 59.533554 -30.541653 0.000000 0.813032 0.768584 -1
0 68.486267 -21.605225 0.000000 0.860104 0.689997 -1
0 74.415375 -10.967211 0.000000 0.891278 0.596446 -1
0 76.495949 0.041194 0.000000 0.902218 0.499638 -1
0 74.587944 10.517473 0.000000 0.892186 0.407509 -1
0 68.787804 20.991312 0.000000 0.861690 0.315402 -1
0 59.823166 30.045580 0.000000 0.814555 0.235779 -1
0 49.078922 36.153351 0.000000 0.758064 0.182067 -1
0 36.881413 38.607998 0.000000 0.693931 0.160480 -1
0 -36.967636 38.607998 0.000000 0.305646 0.160480 -1
0 -48.979866 36.349174 0.000000 0.242487 0.180344 -1
0 -59.593773 30.402779 0.000000 0.186681 0.232637 -1
0 -68.573769 21.389446 0.000000 0.139466 0.311901 -1
0 -74.480003 10.779733 0.000000 0.108412 0.405203 -1
0 -76.508438 -0.046025 0.000000 0.097747 0.500405 -1
85
0.000000 0.000000 1.000000
-0.282293 -0.156492 0.946478
-0.403235 -0.277064 0.872145
-0.308254 -0.380027 0.872100
-0.182900 -0.452820 0.872640
-0.107942 -0.636447 0.763730
0.000000 -0.322768 0.946478
0.000000 -0.645536 0.763730
0.058485 -0.317425 0.946478
0.139529 -0.467986 0.872652
0.275837 -0.404361 0.872012
0.376284 -0.313075 0.872006
0.449533 -0.190939 0.872618
0.634306 -0.119883 0.763730
0.317544 0.057833 0.946478
0.468153 0.138811 0.872677
0.404874 0.275234 0.871965
0.315209 0.374630 0.871949
0.195258 0.447772 0.872568
0.127355 0.632848 0.763730
0.000000 0.322768 0.946478
0.000000 0.645536 0.763730
-0.059649 0.317208 0.946478
-0.141373 0.467408 0.872665
-0.277458 0.403301 0.871989
-0.376955 0.312348 0.871977
-0.449671 0.190542 0.872634
-0.634494 0.118886 0.763730
-0.317680 -0.057086 0.946478
-0.635359 -0.114171 0.763730
-0.424744 -0.235461 0.874157
0.048184 -0.063333 0.996829
0.063392 -0.046580 0.996901
0.084235 -0.028814 0.996029
0.081206 0.478806 0.874157
0.000000 -0.485643 0.874157
0.000000 0.485643 0.874157
0.087998 -0.477604 0.874157
0.083996 0.030107 0.996011
0.061392 0.046217 0.997043
0.046260 0.061183 0.997054
0.030190 0.083318 0.996066
-0.477195 0.090189 0.874157
0.477784 0.087017 0.874157
-0.030155 0.084456 0.995971
-0.045480 0.060694 0.997120
-0.059944 0.045915 0.997145
-0.082158 0.030714 0.996146
-0.095811 -0.476098 0.874157
0.000000 -0.485643 0.874157
-0.089749 0.477278 0.874157
-0.084095 -0.030533 0.995990
-0.060835 -0.046148 0.997080
-0.045790 -0.060768 0.997101
-0.030201 -0.083620 0.996040
0.477336 -0.089439 0.874157
-0.477987 -0.085892 0.874157
0.477987 0.085892 0.874157
0.749964 0.415750 0.514496
0.654921 0.550228 0.518003
0.473013 0.712752 0.517922
0.232381 0.822641 0.518904
0.143384 0.845420 0.514496
0.000000 0.857493 0.514496
-0.155377 0.843298 0.514496
-0.331764 0.787814 0.518924
-0.545872 0.658745 0.517763
-0.705707 0.483646 0.517750
-0.818275 0.247400 0.518863
-0.842576 0.159246 0.514496
-0.843616 -0.153644 0.514496
-0.788100 -0.331011 0.518970
-0.660339 -0.544024 0.517677
-0.488606 -0.702356 0.517648
-0.256150 -0.815637 0.518772
-0.169172 -0.840640 0.514496
0.000000 -0.857493 0.514496
0.158469 -0.842723 0.514496
0.335107 -0.786381 0.518948
0.548093 -0.656932 0.517721
0.706339 -0.482777 0.517698
0.818560 -0.246395 0.518892
0.842826 -0.157921 0.514496
0.843975 0.151658 0.514496
0.843975 0.151658 0.514496
152
0 0 1 2 0 0 1 1
0 1 3 2 0 2 1 1
0 1 4 3 0 0 2 1
0 4 5 3 0 3 2 1
0 4 6 5 0 0 3 1
0 6 7 5 0 4 3 1
0 6 8 7 0 0 4 1
0 8 9 7 0 5 4 1
0 8 10 9 0 0 6 2
0 10 11 9 0 7 6 2
0 10 12 11 0 0 8 3
0 12 13 11 0 9 8 3
0 12 14 13 0 0 9 3
0 14 15 13 0 10 9 3
0 14 16 15 0 0 10 3
0 16 17 15 0 11 10 3
0 16 18 17 0 0 11 3
0 18 19 17 0 12 11 3
0 18 20 19 0 0 12 3
0 20 21 19 0 13 12 3
0 20 22 21 0 0 14 4
0 22 23 21 0 15 14 4
0 22 24 23 0 0 15 4
0 24 25 23 0 16 15 4
0 24 26 25 0 0 16 4
0 26 27 25 0 17 16 4
0 26 28 27 0 0 17 4
0 28 29 27 0 18 17 4
0 28 30 29 0 0 18 4
0 30 31 29 0 19 18 4
0 30 32 31 0 0 20 5
0 32 33 31 0 21 20 5
0 32 34 33 0 0 22 2
0 34 35 33 0 23 22 2
0 34 36 35 0 0 23 2
0 36 37 35 0 24 23 2
0 36 38 37 0 0 24 2
0 38 39 37 0 25 24 2
0 38 40 39 0 0 25 2
0 40 41 39 0 26 25 2
0 40 42 41 0 0 26 2
0 42 43 41 0 27 26 2
0 42 0 43 0 0 28 3
0 0 2 43 0 29 28 3
0 2 3 44 1 2 30 1
0 3 45 44 2 31 30 1
0 3 5 45 2 3 31 1
0 5 46 45 3 32 31 1
0 5 7 46 3 4 32 1
0 7 47 46 4 33 32 1
0 7 9 47 4 5 33 1
0 9 48 47 5 34 33 1
0 9 11 48 6 7 35 2
0 11 49 48 7 36 35 2
0 11 13 49 8 9 37 3
0 13 50 49 9 38 37 3
0 13 15 50 9 10 38 3
0 15 51 50 10 39 38 3
0 15 17 51 10 11 39 3
0 17 52 51 11 40 39 3
0 17 19 52 11 12 40 3
0 19 53 52 12 41 40 3
0 19 21 53 12 13 41 3
0 21 54 53 13 42 41 3
0 21 23 54 14 15 43 4
0 23 55 54 15 44 43 4
0 23 25 55 15 16 44 4
0 25 56 55 16 45 44 4
0 25 27 56 16 17 45 4
0 27 57 56 17 46 45 4
0 27 29 57 17 18 46 4
0 29 58 57 18 47 46 4
0 29 31 58 18 19 47 4
0 31 59 58 19 48 47 4
0 31 33 59 20 21 36 5
0 33 60 59 21 49 36 5
0 33 35 60 22 23 50 2
0 35 61 60 23 51 50 2
0 35 37 61 23 24 51 2
0 37 62 61 24 52 51 2
0 37 39 62 24 25 52 2
0 39 63 62 25 53 52 2
0 39 41 63 25 26 53 2
0 41 64 63 26 54 53 2
0 41 43 64 26 27 54 2
0 43 65 64 27 55 54 2
0 43 2 65 28 29 56 3
0 2 44 65 29 57 56 3
0 44 45 66 30 31 58 1
0 45 67 66 31 59 58 1
0 45 46 67 31 32 59 1
0 46 68 67 32 60 59 1
0 46 47 68 32 33 60 1
0 47 69 68 33 61 60 1
0 47 48 69 33 34 61 1
0 48 70 69 34 62 61 1
0 48 49 70 35 36 63 2
0 49 71 70 36 63 63 2
0 49 50 71 37 38 64 3
0 50 72 71 38 65 64 3
0 50 51 72 38 39 65 3
0 51 73 72 39 66 65 3
0 51 52 73 39 40 66 3
0 52 74 73 40 67 66 3
0 52 53 74 40 41 67 3
0 53 75 74 41 68 67 3
0 53 54 75 41 42 68 3
0 54 76 75 42 69 68 3
0 54 55 76 43 44 70 4
0 55 77 76 44 71 70 4
0 55 56 77 44 45 71 4
0 56 78 77 45 72 71 4
0 56 57 78 45 46 72 4
0 57 79 78 46 73 72 4
0 57 58 79 46 47 73 4
0 58 80 79 47 74 73 4
0 58 59 80 47 48 74 4
0 59 81 80 48 75 74 4
0 59 60 81 36 49 76 5
0 60 82 81 49 76 76 5
0 60 61 82 50 51 77 2
0 61 83 82 51 78 77 2
0 61 62 83 51 52 78 2
0 62 84 83 52 79 78 2
0 62 63 84 52 53 79 2
0 63 85 84 53 80 79 2
0 63 64 85 53 54 80 2
0 64 86 85 54 81 80 2
0 64 65 86 54 55 81 2
0 65 87 86 55 82 81 2
0 65 44 87 56 57 83 3
0 44 66 87 57 84 83 3
0 75 76 77 0 0 0 11
0 75 77 78 0 0 0 11
0 74 75 78 0 0 0 11
0 74 78 79 0 0 0 11
0 73 74 79 0 0 0 11
0 72 73 79 0 0 0 11
0 71 72 79 0 0 0 11
0 71 79 80 0 0 0 11
0 71 80 81 0 0 0 11
0 70 71 81 0 0 0 11
0 70 81 82 0 0 0 11
0 70 82 83 0 0 0 11
0 70 83 84 0 0 0 11
0 69 70 84 0 0 0 11
0 68 69 84 0 0 0 11
0 68 84 85 0 0 0 11
0 67 68 85 0 0 0 11
0 66 67 85 0 0 0 11
0 66 85 86 0 0 0 11
0 87 66 86 0 0 0 11

Bones: 0
