// MilkShape 3D ASCII

Frames: 30
Frame: 1

Meshes: 2
"cells" 0 1
101
0 0.000000 -31.071068 0.000163 0.031458 0.053723 -1
0 32.071068 1.000000 0.000163 0.044719 0.040459 -1
0 0.000000 -28.242641 3.011776 0.031458 0.052554 -1
0 29.242641 1.000000 3.011776 0.043549 0.040459 -1
0 19.000000 14.071068 0.000163 0.039314 0.035053 -1
0 19.000000 11.242641 3.011776 0.039314 0.036223 -1
0 11.000000 6.071067 0.000163 0.036343 0.038362 -1
0 9.000000 1.242640 3.011776 0.035516 0.040283 -1
0 11.000000 30.000000 0.000163 0.036343 0.028465 -1
0 9.000000 28.000000 3.011776 0.035516 0.029292 -1
0 -11.000000 30.000000 0.000163 0.026572 0.028465 -1
0 -9.000000 28.000000 3.011776 0.027399 0.029292 -1
0 -11.000000 6.071067 0.000163 0.026572 0.038362 -1
0 -9.000000 1.242640 3.011776 0.027399 0.040283 -1
0 -19.000000 14.071068 0.000163 0.023601 0.035053 -1
0 -19.000000 11.242641 3.011776 0.023601 0.036223 -1
0 -32.071068 1.000000 0.000163 0.018196 0.040459 -1
0 -29.242641 1.000000 3.011776 0.019366 0.040459 -1
0 0.000000 -28.242641 3.011776 0.500000 0.936456 -1
0 29.242641 1.000000 3.011776 0.950939 0.485414 -1
0 0.000000 -24.000000 7.500001 0.500000 0.871017 -1
0 25.000000 1.000000 7.500001 0.885515 0.485414 -1
0 19.000000 11.242641 3.011776 0.792992 0.327431 -1
0 19.000000 7.000000 7.500001 0.792992 0.392870 -1
0 9.000000 1.242640 3.011776 0.651355 0.478852 -1
0 6.000000 -6.000000 7.500001 0.592524 0.593383 -1
0 9.000000 28.000000 3.011776 0.651355 0.068964 -1
0 6.000000 25.000000 7.500001 0.592524 0.115236 -1
0 -9.000000 28.000000 3.011776 0.348646 0.068964 -1
0 -6.000000 25.000000 7.500001 0.407477 0.115236 -1
0 -9.000000 1.242640 3.011776 0.348646 0.478852 -1
0 -6.000000 -6.000000 7.500001 0.407477 0.593383 -1
0 -19.000000 11.242641 3.011776 0.207009 0.327431 -1
0 -19.000000 7.000000 7.500001 0.207009 0.392870 -1
0 -29.242641 1.000000 3.011776 0.049061 0.485414 -1
0 -25.000000 1.000000 7.500001 0.114485 0.485414 -1
0 0.003530 -23.438393 7.499528 0.503354 0.849639 -1
0 24.219559 0.792938 7.499528 0.862324 0.490267 -1
0 19.000000 6.000001 7.499528 0.784931 0.413042 -1
0 0.003530 -12.972013 7.499528 0.503354 0.694413 -1
0 0.006654 -7.319974 7.499525 0.500000 0.612434 -1
0 -18.986691 6.000001 7.499528 0.221776 0.413042 -1
0 -24.206251 0.792942 7.499528 0.144383 0.490267 -1
0 5.932364 -1.384737 7.499848 0.591481 0.520812 -1
0 -5.928834 -1.384737 7.499848 0.408520 0.520812 -1
0 5.932364 3.797693 7.499848 0.591481 0.442263 -1
0 5.932364 13.678823 7.499848 0.591481 0.289855 -1
0 5.932364 7.850110 7.499849 0.591481 0.379758 -1
0 -5.928834 7.850108 7.499849 0.408520 0.379758 -1
0 -5.928834 13.678824 7.499848 0.408520 0.289855 -1
0 -5.928834 3.797693 7.499848 0.408520 0.442262 -1
0 -5.928834 18.085644 7.499848 0.408520 0.221884 -1
0 -5.928834 23.914360 7.499848 0.408520 0.131981 -1
0 5.932364 18.085644 7.499848 0.591481 0.221884 -1
0 5.932364 23.914360 7.499848 0.591481 0.131981 -1
0 0.000000 -28.242641 -3.011452 0.031458 0.052554 -1
0 29.242641 1.000000 -3.011452 0.043549 0.040459 -1
0 19.000000 11.242641 -3.011452 0.039314 0.036223 -1
0 9.000000 1.242640 -3.011452 0.035516 0.040283 -1
0 9.000000 28.000000 -3.011452 0.035516 0.029292 -1
0 -9.000000 28.000000 -3.011452 0.027399 0.029292 -1
0 -9.000000 1.242640 -3.011452 0.027399 0.040283 -1
0 -19.000000 11.242641 -3.011452 0.023601 0.036223 -1
0 -29.242641 1.000000 -3.011452 0.019366 0.040459 -1
0 29.242641 1.000000 -3.011452 0.950939 0.485414 -1
0 0.000000 -28.242641 -3.011452 0.500000 0.936456 -1
0 0.000000 -24.000000 -7.499676 0.500000 0.871017 -1
0 25.000000 1.000000 -7.499676 0.885515 0.485414 -1
0 19.000000 11.242641 -3.011452 0.792992 0.327431 -1
0 19.000000 7.000000 -7.499676 0.792992 0.392870 -1
0 9.000000 1.242640 -3.011452 0.651355 0.478852 -1
0 6.000000 -6.000000 -7.499676 0.592524 0.593383 -1
0 9.000000 28.000000 -3.011452 0.651355 0.068964 -1
0 6.000000 25.000000 -7.499676 0.592524 0.115236 -1
0 -9.000000 28.000000 -3.011452 0.348646 0.068964 -1
0 -6.000000 25.000000 -7.499676 0.407477 0.115236 -1
0 -9.000000 1.242640 -3.011452 0.348646 0.478852 -1
0 -6.000000 -6.000000 -7.499676 0.407477 0.593383 -1
0 -19.000000 11.242641 -3.011452 0.207009 0.327431 -1
0 -19.000000 7.000000 -7.499676 0.207009 0.392870 -1
0 -29.242641 1.000000 -3.011452 0.049061 0.485414 -1
0 -25.000000 1.000000 -7.499676 0.114485 0.485414 -1
0 0.003530 -23.438393 -7.499203 0.503354 0.849639 -1
0 24.219559 0.792938 -7.499203 0.862324 0.490267 -1
0 19.000000 6.000001 -7.499203 0.784931 0.413042 -1
0 0.003530 -12.972013 -7.499203 0.503354 0.694413 -1
0 0.006654 -7.319974 -7.499200 0.500000 0.612434 -1
0 -18.986691 6.000001 -7.499203 0.221776 0.413042 -1
0 -24.206251 0.792942 -7.499203 0.144383 0.490267 -1
0 5.932364 -1.384737 -7.499523 0.591481 0.520812 -1
0 -5.928834 -1.384737 -7.499523 0.408520 0.520812 -1
0 5.932364 3.797693 -7.499523 0.591481 0.442263 -1
0 5.932364 13.678823 -7.499523 0.591481 0.289855 -1
0 5.932364 7.850110 -7.499523 0.591481 0.379758 -1
0 -5.928834 13.678824 -7.499523 0.408520 0.289855 -1
0 -5.928834 7.850108 -7.499523 0.408520 0.379758 -1
0 -5.928834 3.797693 -7.499523 0.408520 0.442262 -1
0 -5.928834 23.914360 -7.499523 0.408520 0.131981 -1
0 -5.928834 18.085644 -7.499523 0.408520 0.221884 -1
0 5.932364 18.085644 -7.499523 0.591481 0.221884 -1
0 5.932364 23.914360 -7.499523 0.591481 0.131981 -1
125
-0.316228 -0.948683 0.000000
0.948683 -0.316228 0.000000
0.236107 -0.708320 0.665235
0.708320 0.236107 0.665235
0.316228 0.948683 0.000000
-0.236107 0.708320 0.665235
-0.281085 0.959683 0.000000
0.521736 0.285347 0.803971
0.894427 0.447214 0.000000
0.333905 0.667810 0.665235
-0.447214 0.894427 0.000000
-0.667810 0.333905 0.665235
-0.877355 0.479841 0.000000
0.167152 0.570694 0.803971
0.316228 0.948683 0.000000
-0.236107 0.708320 0.665235
-0.948683 0.316228 0.000000
-0.708320 -0.236107 0.665235
0.587873 -0.587873 0.555707
0.235428 -0.706282 0.667637
0.587873 -0.587873 0.555707
0.706283 0.235428 0.667637
0.587873 0.587873 0.555707
0.587873 0.587873 0.555707
-0.235428 0.706283 0.667637
-0.587873 0.587873 0.555707
-0.587873 0.587873 0.555706
0.519549 0.284151 0.805808
0.831379 0.000000 0.555707
0.332945 0.665890 0.667637
0.000000 0.831379 0.555707
-0.665890 0.332945 0.667637
-0.831379 0.000000 0.555707
0.166452 0.568302 0.805808
0.587874 0.587873 0.555706
-0.235427 0.706282 0.667637
-0.587873 0.587873 0.555707
-0.706282 -0.235428 0.667637
-0.587873 -0.587873 0.555707
-0.587873 -0.587873 0.555707
-0.000278 0.000836 1.000000
0.000265 0.000830 1.000000
-0.000717 0.000398 1.000000
-0.000592 -0.000042 1.000000
0.000001 -0.000477 1.000000
0.000000 -0.000473 1.000000
-0.000002 -0.000320 1.000000
-0.001241 -0.000065 0.999999
-0.000000 0.000016 1.000000
-0.000167 -0.000478 1.000000
0.000153 -0.000473 1.000000
0.001177 -0.000065 0.999999
0.000582 -0.000045 1.000000
0.000705 0.000390 1.000000
-0.001171 0.000016 0.999999
0.001115 0.000016 0.999999
-0.001510 -0.000000 0.999999
-0.001345 -0.000000 0.999999
-0.001122 -0.000000 0.999999
0.001422 -0.000000 0.999999
0.001597 -0.000000 0.999999
0.001076 -0.000000 0.999999
0.001069 -0.000000 0.999999
0.001072 -0.000070 0.999999
0.001286 -0.000056 0.999999
-0.001500 -0.000000 0.999999
-0.001691 -0.000035 0.999999
-0.000752 -0.000094 1.000000
0.236107 -0.708320 -0.665235
0.708320 0.236107 -0.665235
-0.236107 0.708320 -0.665235
0.521736 0.285347 -0.803971
0.333905 0.667810 -0.665235
-0.667810 0.333905 -0.665235
0.167152 0.570694 -0.803970
-0.236107 0.708320 -0.665235
-0.708320 -0.236107 -0.665235
0.587873 -0.587873 -0.555707
0.235427 -0.706282 -0.667637
0.706282 0.235427 -0.667637
0.587873 -0.587873 -0.555707
0.587873 0.587873 -0.555707
-0.235428 0.706283 -0.667637
0.587873 0.587873 -0.555707
-0.587873 0.587873 -0.555707
0.519549 0.284151 -0.805808
-0.587873 0.587873 -0.555707
0.831379 0.000000 -0.555707
0.332945 0.665890 -0.667637
0.000000 0.831379 -0.555707
-0.665890 0.332945 -0.667637
-0.831379 0.000000 -0.555707
0.166452 0.568301 -0.805808
0.587874 0.587873 -0.555706
-0.235427 0.706282 -0.667637
-0.587873 0.587873 -0.555707
-0.706282 -0.235427 -0.667637
-0.587873 -0.587873 -0.555707
-0.587873 -0.587873 -0.555707
0.000265 0.000830 -1.000000
-0.000278 0.000836 -1.000000
-0.000717 0.000398 -1.000000
-0.000592 -0.000043 -1.000000
0.000002 -0.000477 -1.000000
0.000000 -0.000473 -1.000000
-0.000002 -0.000321 -1.000000
-0.000000 0.000016 -1.000000
-0.001244 -0.000065 -0.999999
0.000153 -0.000473 -1.000000
-0.000167 -0.000478 -1.000000
0.001179 -0.000065 -0.999999
0.000582 -0.000045 -1.000000
0.000705 0.000390 -1.000000
-0.001171 0.000016 -0.999999
0.001115 0.000016 -0.999999
-0.001504 0.000000 -0.999999
-0.001354 0.000000 -0.999999
-0.001128 0.000000 -0.999999
0.001608 0.000000 -0.999999
0.001429 0.000000 -0.999999
0.001072 0.000000 -0.999999
0.001072 -0.000070 -0.999999
0.001286 -0.000056 -0.999999
-0.001692 -0.000035 -0.999999
-0.000752 -0.000094 -1.000000
140
0 0 1 2 0 1 2 1
0 1 3 2 1 3 2 1
0 1 4 3 1 4 3 1
0 4 5 3 4 5 3 1
0 4 6 5 4 6 5 1
0 6 7 5 6 7 5 1
0 6 8 7 6 8 7 1
0 8 9 7 8 9 7 1
0 8 10 9 8 10 9 1
0 10 11 9 10 11 9 1
0 10 12 11 10 12 11 1
0 12 13 11 12 13 11 1
0 12 14 13 12 14 13 1
0 14 15 13 14 15 13 1
0 14 16 15 14 16 15 1
0 16 17 15 16 17 15 1
0 16 0 17 16 0 17 1
0 0 2 17 0 2 17 1
0 18 19 20 18 18 19 6
0 19 21 20 20 21 19 6
0 19 22 21 22 22 21 6
0 22 23 21 23 24 21 6
0 22 24 23 25 25 24 6
0 24 25 23 26 27 24 6
0 24 26 25 28 28 27 6
0 26 27 25 28 29 27 6
0 26 28 27 30 30 29 6
0 28 29 27 30 31 29 6
0 28 30 29 32 32 31 6
0 30 31 29 32 33 31 6
0 30 32 31 34 34 33 6
0 32 33 31 23 35 33 6
0 32 34 33 36 36 35 6
0 34 35 33 36 37 35 6
0 34 18 35 38 38 37 6
0 18 20 35 39 19 37 6
0 36 20 21 40 41 42 1
0 36 21 37 40 42 43 1
0 37 21 23 43 42 44 1
0 37 23 38 43 44 45 1
0 39 38 23 46 45 44 1
0 25 40 39 47 48 46 1
0 23 25 39 44 47 46 1
0 33 41 39 49 50 46 1
0 39 40 31 46 48 51 1
0 39 31 33 46 51 49 1
0 41 33 35 50 49 52 1
0 41 35 42 50 52 53 1
0 42 35 20 53 52 41 1
0 42 20 36 53 41 40 1
0 25 43 40 47 54 48 1
0 40 44 31 48 55 51 1
0 45 43 25 56 54 47 1
0 25 46 47 47 57 58 1
0 25 47 45 47 58 56 1
0 48 49 31 59 60 51 1
0 31 44 50 51 55 61 1
0 31 50 48 51 61 59 1
0 51 52 29 62 63 64 1
0 29 49 51 64 60 62 1
0 53 46 27 65 57 66 1
0 27 54 53 66 67 65 1
0 27 46 25 66 57 47 1
0 31 49 29 51 60 64 1
0 29 52 54 64 63 67 1
0 29 54 27 64 67 66 1
0 51 49 46 62 60 57 1
0 51 46 53 62 57 65 1
0 47 48 50 58 59 61 1
0 47 50 45 58 61 56 1
0 1 0 55 1 0 68 1
0 56 1 55 69 1 68 1
0 4 1 56 4 1 69 1
0 57 4 56 70 4 69 1
0 6 4 57 6 4 70 1
0 58 6 57 71 6 70 1
0 8 6 58 8 6 71 1
0 59 8 58 72 8 71 1
0 10 8 59 10 8 72 1
0 60 10 59 73 10 72 1
0 12 10 60 12 10 73 1
0 61 12 60 74 12 73 1
0 14 12 61 14 12 74 1
0 62 14 61 75 14 74 1
0 16 14 62 16 14 75 1
0 63 16 62 76 16 75 1
0 0 16 63 0 16 76 1
0 55 0 63 68 0 76 1
0 64 65 66 77 77 78 6
0 67 64 66 79 80 78 6
0 68 64 67 81 81 79 6
0 69 68 67 82 83 79 6
0 70 68 69 84 84 82 6
0 71 70 69 85 86 82 6
0 72 70 71 87 87 85 6
0 73 72 71 88 87 85 6
0 74 72 73 89 89 88 6
0 75 74 73 90 89 88 6
0 76 74 75 91 91 90 6
0 77 76 75 92 91 90 6
0 78 76 77 93 93 92 6
0 79 78 77 94 83 92 6
0 80 78 79 95 95 94 6
0 81 80 79 96 95 94 6
0 65 80 81 97 97 96 6
0 66 65 81 78 98 96 6
0 66 82 67 99 100 101 1
0 67 82 83 101 100 102 1
0 67 83 69 101 102 103 1
0 69 83 84 103 102 104 1
0 84 85 69 104 105 103 1
0 86 71 85 106 107 105 1
0 71 69 85 107 103 105 1
0 87 79 85 108 109 105 1
0 86 85 77 106 105 110 1
0 77 85 79 110 105 109 1
0 79 87 81 109 108 111 1
0 81 87 88 111 108 112 1
0 81 88 66 111 112 99 1
0 66 88 82 99 112 100 1
0 89 71 86 113 107 106 1
0 90 86 77 114 106 110 1
0 89 91 71 113 115 107 1
0 92 71 93 116 107 117 1
0 93 71 91 117 107 115 1
0 94 95 77 118 119 110 1
0 90 77 96 114 110 120 1
0 96 77 95 120 110 119 1
0 97 98 75 121 120 122 1
0 94 75 98 118 122 120 1
0 92 99 73 116 115 123 1
0 100 73 99 124 123 115 1
0 92 73 71 116 123 107 1
0 94 77 75 118 110 122 1
0 97 75 100 121 122 124 1
0 100 75 73 124 122 123 1
0 94 98 92 118 120 116 1
0 92 98 99 116 120 115 1
0 95 93 96 119 117 120 1
0 96 93 91 120 117 115 1
"scroller" 0 0
48
0 0.003530 -12.972013 7.499528 0.664104 0.735058 -1
0 0.003530 -23.438393 7.499528 0.820240 0.891194 -1
0 24.219559 0.792938 7.499528 0.806601 0.181875 -1
0 19.000000 6.000001 7.499528 0.653930 0.179190 -1
0 5.932364 3.797693 7.499848 0.499031 0.399797 -1
0 0.003530 3.797693 7.499848 0.413937 0.484891 -1
0 0.006654 -7.319974 7.499525 0.579721 0.650956 -1
0 5.932364 -1.384737 7.499848 0.576341 0.477107 -1
0 5.932364 23.914360 7.499848 0.198934 0.099699 -1
0 0.003530 23.914360 7.499848 0.113840 0.184793 -1
0 0.003530 18.085644 7.499848 0.200791 0.271745 -1
0 5.932364 18.085644 7.499848 0.285886 0.186651 -1
0 5.932364 13.678823 7.499848 0.351626 0.252391 -1
0 0.003530 13.678824 7.499848 0.266532 0.337486 -1
0 0.003530 7.850108 7.499849 0.353483 0.424438 -1
0 5.932364 7.850110 7.499849 0.438578 0.339343 -1
0 -24.206251 0.792942 7.499528 0.806601 0.181875 -1
0 -18.986691 6.000001 7.499528 0.653930 0.179190 -1
0 -5.928834 3.797693 7.499848 0.499031 0.399797 -1
0 -5.928834 -1.384737 7.499848 0.576341 0.477107 -1
0 -5.928834 23.914360 7.499848 0.198934 0.099699 -1
0 -5.928834 18.085644 7.499848 0.285886 0.186651 -1
0 -5.928834 13.678824 7.499848 0.351626 0.252391 -1
0 -5.928834 7.850108 7.499849 0.438578 0.339343 -1
0 0.003530 -23.438393 -7.499203 0.820240 0.891194 -1
0 0.003530 -12.972013 -7.499203 0.664104 0.735058 -1
0 24.219559 0.792938 -7.499203 0.806601 0.181875 -1
0 19.000000 6.000001 -7.499203 0.653930 0.179190 -1
0 0.003530 3.797693 -7.499523 0.413937 0.484891 -1
0 5.932364 3.797693 -7.499523 0.499031 0.399797 -1
0 0.006654 -7.319974 -7.499200 0.579721 0.650956 -1
0 5.932364 -1.384737 -7.499523 0.576341 0.477107 -1
0 0.003530 23.914360 -7.499523 0.113840 0.184793 -1
0 5.932364 23.914360 -7.499523 0.198934 0.099699 -1
0 0.003530 18.085644 -7.499523 0.200791 0.271745 -1
0 5.932364 18.085644 -7.499523 0.285886 0.186651 -1
0 0.003530 13.678824 -7.499523 0.266532 0.337486 -1
0 5.932364 13.678823 -7.499523 0.351626 0.252391 -1
0 0.003530 7.850108 -7.499523 0.353483 0.424438 -1
0 5.932364 7.850110 -7.499523 0.438578 0.339343 -1
0 -24.206251 0.792942 -7.499203 0.806601 0.181875 -1
0 -18.986691 6.000001 -7.499203 0.653930 0.179190 -1
0 -5.928834 3.797693 -7.499523 0.499031 0.399797 -1
0 -5.928834 -1.384737 -7.499523 0.576341 0.477107 -1
0 -5.928834 23.914360 -7.499523 0.198934 0.099699 -1
0 -5.928834 18.085644 -7.499523 0.285886 0.186651 -1
0 -5.928834 13.678824 -7.499523 0.351626 0.252391 -1
0 -5.928834 7.850108 -7.499523 0.438578 0.339343 -1
25
-0.000000 -0.000000 1.000000
-0.000000 -0.000000 1.000000
0.000000 -0.000000 1.000000
0.000000 -0.000000 1.000000
-0.000027 -0.000015 1.000000
0.000000 -0.000029 1.000000
-0.000000 -0.000015 1.000000
-0.000055 0.000000 1.000000
0.000000 0.000000 1.000000
-0.000000 0.000000 1.000000
0.000000 0.000000 1.000000
-0.000000 0.000000 1.000000
-0.000000 0.000000 1.000000
-0.000000 -0.000000 1.000000
-0.000000 -0.000000 1.000000
0.000027 -0.000015 1.000000
0.000054 0.000000 1.000000
0.000000 0.000000 1.000000
0.000000 0.000000 -1.000000
0.000000 -0.000029 -1.000000
-0.000027 -0.000015 -1.000000
-0.000000 -0.000015 -1.000000
-0.000055 0.000000 -1.000000
0.000027 -0.000015 -1.000000
0.000054 0.000000 -1.000000
32
0 0 1 2 0 1 2 1
0 0 2 3 0 2 3 1
0 4 5 6 4 5 6 1
0 4 6 7 4 6 7 1
0 8 9 10 8 8 8 1
0 8 10 11 8 8 8 1
0 12 13 14 9 10 11 1
0 12 14 15 9 11 12 1
0 1 0 16 1 0 13 1
0 16 0 17 13 0 14 1
0 5 18 6 5 15 6 1
0 6 18 19 6 15 16 1
0 9 20 10 8 8 8 1
0 10 20 21 8 8 8 1
0 13 22 14 10 17 11 1
0 14 22 23 11 17 17 1
0 24 25 26 18 18 18 1
0 26 25 27 18 18 18 1
0 28 29 30 19 20 21 1
0 30 29 31 21 20 22 1
0 32 33 34 18 18 18 1
0 34 33 35 18 18 18 1
0 36 37 38 18 18 18 1
0 38 37 39 18 18 18 1
0 25 24 40 18 18 18 1
0 25 40 41 18 18 18 1
0 42 28 30 23 19 21 1
0 42 30 43 23 21 24 1
0 44 32 34 18 18 18 1
0 44 34 45 18 18 18 1
0 46 36 38 18 18 18 1
0 46 38 47 18 18 18 1

Materials: 2
"scroller"
0.588235 0.588235 0.588235 1.000000
0.588235 0.588235 0.588235 1.000000
0.898039 0.898039 0.898039 1.000000
0.000000 0.000000 0.000000 1.000000
12.799999
1.000000
"_4THS.PNG"
""
"01 - Default"
0.588235 0.588235 0.588235 1.000000
0.588235 0.588235 0.588235 1.000000
0.898039 0.898039 0.898039 1.000000
0.000000 0.000000 0.000000 1.000000
12.799999
1.000000
"SHELL.PNG"
""

Bones: 0
GroupComments: 0
MaterialComments: 0
BoneComments: 0
ModelComment: 0
