#TITLE:Baby Baby;
#SUBTITLE:;
#ARTIST:Bambee;
#TITLETRANSLIT:;
#SUBTITLETRANSLIT:;
#ARTISTTRANSLIT:;
#GENRE:Bubblegum Dance;
#CREDIT:;
#BANNER:Baby Baby-banner.png;
#BACKGROUND:Baby Baby-bg.png;
#LYRICSPATH:;
#CDTITLE:;
#MUSIC:Baby Baby.ogg;
#OFFSET:0.014;
#SAMPLESTART:42.960;
#SAMPLELENGTH:11.860;
#SELECTABLE:YES;
#BPMS:0.000=134.000;
#STOPS:;
#BGCHANGES:0.000=Baby Baby-bg.png=1.000=0=0=1=====,
16.000=-random-=1.000=0=0=1=====,
32.000=In The Groove 2/446_JumpBack_1.mpg=1.000=0=0=1=====,
48.000=In The Groove 2/446_JumpBack_1.mpg=0.300=0=0=1=Checkerboard1File2x2====,
64.000=In The Groove 2/926_JumpBack.mpg=1.000=0=0=1=====,
72.000=In The Groove 2/926_JumpBack.mpg=0.300=0=0=1=Checkerboard1File2x2====,
80.000=In The Groove 2/439_JumpBack_1.mpg=1.000=0=0=1=====,
88.000=In The Groove 2/439_JumpBack_1.mpg=0.300=0=0=1=Checkerboard1File2x2====,
96.000=In The Groove 2/817_JumpBack.mpg=1.000=0=0=1=====,
112.000=In The Groove 2/817_JumpBack.mpg=0.300=0=0=1=Checkerboard1File2x2====,
128.000=In The Groove 2/966_JumpBack.mpg=1.000=0=0=1=SongBgWithMovieViz====,
144.000=In The Groove 2/465_JumpBack.mpg=1.000=1=0=1=SongBgWithMovieViz==CrossFade==0.5^0.5^0.5^1,
156.000=Baby Baby-bg.png=1.000=0=0=1=StretchNormal====,
160.000=In The Groove 2/439_JumpBack1.mpg=1.000=0=0=1=====,
176.000=In The Groove 2/439_JumpBack1.mpg=0.300=0=0=1=Checkerboard1File2x2====,
192.000=In The Groove 2/817_JumpBack.mpg=1.000=0=0=1=====,
208.000=In The Groove 2/817_JumpBack.mpg=0.300=0=0=1=Checkerboard1File2x2====,
224.000=Baby Baby-bg.png=1.000=0=0=1=====,
99999=-nosongbg-=1.000=0=0=0 // don't automatically add -songbackground-
;
#BGCHANGES2:16.000=white flash=1.000=0=0=1=====,
28.000=yellow flash=1.000=0=0=1=====,
32.000=white flash=1.000=0=0=1=====,
112.000=white flash=1.000=0=0=1=====,
128.000=white flash=1.000=0=0=1=====,
156.000=yellow flash=1.000=0=0=1=====,
160.000=white flash=1.000=0=0=1=====,
192.000=white flash=1.000=0=0=1=====,
208.000=white flash=1.000=0=0=1=====,
224.000=white flash=1.000=0=0=1=====,
;
#KEYSOUNDS:;
// cache tags:
#FIRSTBEAT:16.000;
#LASTBEAT:226.000;
#SONGFILENAME:/Songs/In The Groove 2/Baby Baby/Baby Baby.sm;
#HASMUSIC:1;
#HASBANNER:1;
#MUSICLENGTH:103.880;
// end cache tags

//---------------dance-single - K. W.----------------
#NOTES:
     dance-single:
     K. W.:
     Hard:
     8:
     0.472,0.000,0.337,0.154,0.366,292.000,35.000,16.000,4.000,0.000,0.000:
0000
0000
0000
0000
,
0000
0000
0000
0000
,
0000
0000
0000
0000
,
0000
0000
0000
0000
,
1000
0000
0100
1000
0000
0100
1000
0000
0100
0000
0100
0000
0000
0000
0010
0000
,
0100
0000
1000
0010
0000
0100
0001
0000
0020
0000
0000
0000
0130
0000
0000
0000
,
1000
0000
0010
0100
0000
0010
1000
0000
0100
0000
0100
0000
0000
0000
0010
0000
,
0100
0000
1000
0010
0000
0100
0001
0000
0001
0000
0000
0000
0110
0000
0000
0000
,
2200
0000
0000
3300
0000
0010
0100
0001
,
0010
0000
0000
0001
0000
0000
0010
0000
0000
0000
1100
0000
0000
0000
0000
0000
,
0220
0000
0000
0330
0000
0001
0010
0100
,
0010
0000
0100
2000
0000
0000
3001
0000
,
0010
0000
0000
0110
0000
0000
1100
0000
0000
0000
0010
0000
0000
0100
0000
0000
,
0001
0000
0000
1000
0000
0000
1100
0000
0000
0000
0010
0000
0000
0100
0000
0000
,
0022
0000
0000
0033
0000
0001
1000
0010
,
0010
0000
0100
2000
0000
0000
3100
0000
,
0110
0000
0000
0000
0001
0000
0010
0100
0000
0000
0000
0000
1000
0000
0010
0100
,
0000
0000
0001
0010
0000
0010
0001
0000
,
1100
0000
0000
0000
0010
0000
0100
0001
0000
0000
0000
0000
0010
0000
0100
1000
,
0000
0000
0010
0100
0000
0001
0011
0000
,
1000
0000
0000
0000
0100
0000
0000
0100
0000
0000
0000
0M00
0010
0000
0000
0010
,
0000
0000
0000
00M0
0100
0000
1000
0000
0010
0000
0100
0000
0001
0000
0000
0000
,
1000
0000
0000
0000
0010
0000
0100
0001
0000
0000
0000
0000
0010
0000
0100
0000
,
1000
0000
0000
0100
0000
0000
0010
0000
1001
0000
0000
0000
0000
0000
0000
0000
,
1000
0000
0000
1000
0010
0000
0000
0010
0100
0000
0000
0100
0001
0000
0000
0001
,
0010
0000
0000
0010
0100
0000
0000
0100
1000
0000
0000
0000
1001
0000
0000
0000
,
0100
0000
0000
0100
0010
0000
0000
0010
0100
0000
0000
0100
0001
0000
0000
0001
,
0010
0000
0000
0010
0100
0000
0000
0000
1001
0000
0000
0000
0110
0000
0000
0000
,
1000
0000
0000
1000
0010
0000
0000
0010
0100
0000
0000
0100
0001
0000
0000
0001
,
0010
0000
0000
0010
0001
0000
0000
0001
0100
0000
0000
0100
1000
0000
0000
1000
,
0100
0000
0000
0100
0001
0000
0000
0001
0010
0000
0000
0010
0001
0000
0000
0001
,
1000
0010
0110
0000
0001
0000
0110
0000
,
2000
0000
0000
0100
,
3200
0000
0010
1000
,
2300
0000
0000
0001
,
3200
0000
0010
1300
,
0010
0000
0000
0010
0000
0000
0110
0000
0000
0000
0100
0000
0000
1000
0000
0000
,
0100
0000
0000
0001
0000
0000
0011
0000
0000
0000
0010
0000
0000
0100
0000
0000
,
0010
0000
0010
1100
0000
0100
0010
0000
,
1001
0000
0000
0000
,
0001
0000
0010
0001
0000
0010
0001
0000
0010
0000
0010
0000
0000
0000
0001
0000
,
0100
0000
0010
1000
0000
0010
1000
0000
0100
0000
0000
0100
1000
0000
0000
1000
,
0010
0000
0100
0010
0000
0100
0010
0000
0100
0000
0100
0000
0000
0000
0001
0000
,
0010
0000
0001
0010
0000
0001
0010
0000
0002
0000
0000
0000
1003
0000
M00M
0000
,
1000
0000
0000
1000
0010
0000
0000
0010
0001
0000
0000
0001
0010
0000
0000
0010
,
1000
0000
0000
1000
0100
0000
0000
0100
0010
0000
0000
0000
1100
0000
0000
0000
,
0010
0000
0000
0010
0100
0000
0000
0100
1000
0000
0000
1000
0100
0000
0000
0100
,
0001
0000
0000
0001
0010
0000
0000
0010
0001
0000
1000
0000
0001
0000
0000
0000
,
1001
0000
0000
0110
0000
0000
1100
0000
0000
0000
0010
0000
0100
0000
0001
0000
,
0010
0001
0000
0000
1000
0000
1001
0000
,
1100
0000
0000
0110
0000
0000
0011
0000
0000
0000
1000
0000
0001
0000
0100
0000
,
0010
1000
0000
0100
2000
0000
0010
0000
,
3100
0000
0000
0110
0000
0000
0011
0000
0000
0000
0001
0000
1000
0000
0010
0000
,
0100
0001
0000
0000
0011
0000
1100
0000
,
1001
0000
0100
0010
0000
0100
1000
0200
,
0000
0000
0301
0000
0000
0000
0010
0000
0100
0000
0000
0000
0110
0000
0000
0100
,
1000
0000
0000
0000
;

//---------------dance-single - K. W.----------------
#NOTES:
     dance-single:
     K. W.:
     Easy:
     3:
     0.220,0.000,0.077,0.067,0.000,145.000,8.000,7.000,0.000,0.000,0.000:
0000
0000
0000
0000
,
0000
0000
0000
0000
,
0000
0000
0000
0000
,
0000
0000
0000
0000
,
0010
0010
0010
0000
,
0100
0100
0100
0000
,
0001
0001
0001
0000
,
1100
0000
0001
0001
,
1000
0000
0000
1000
,
0001
0000
0000
0001
,
0010
0000
0000
0010
,
0001
0001
0001
0001
,
1000
0000
0000
0010
,
0100
0000
0000
0100
,
0001
0000
0000
0010
,
0001
0001
0002
0000
,
1003
0100
0010
0000
,
0100
0010
0001
0000
,
0001
0010
0100
0000
,
0010
0100
1000
0000
,
1000
0010
0001
0000
,
0001
0010
1000
0000
,
0001
0100
0010
1000
,
1001
0000
0000
0000
,
0001
0010
0001
0001
,
1000
0000
0100
0000
1000
0001
1000
0000
,
0010
0100
0010
0010
,
0100
0001
0000
0011
,
1000
0100
1000
1000
,
0001
0000
0010
0000
0001
1000
0001
0000
,
0100
0010
0100
0100
,
0010
0000
0110
0110
,
0002
0000
0000
0000
,
0003
0000
0000
0000
,
2000
0000
0000
0000
,
3000
0000
0000
0000
,
0001
0001
0001
0000
,
1000
1000
1000
0000
,
0010
0010
0010
0000
,
1001
0000
0000
0000
,
1000
0010
0010
1000
,
0001
0001
0010
0001
,
0100
0010
0010
0100
,
0001
0001
0000
1000
,
0010
0001
0100
1000
,
0010
0010
0010
0000
,
0010
0001
0100
1000
,
0001
0001
0000
1001
,
0020
0000
0030
0000
,
0002
0000
0003
0000
,
2000
0000
3000
0000
,
0200
0000
0300
0000
,
1000
1000
1000
0000
,
0010
0010
0010
0000
,
0100
0100
0100
0000
,
0001
1000
0010
0100
,
1001
0000
0000
0000
;

//---------------dance-single - K. Ward----------------
#NOTES:
     dance-single:
     K. Ward:
     Medium:
     6:
     0.337,0.000,0.125,0.125,0.000,219.000,13.000,13.000,0.000,0.000,0.000:
0000
0000
0000
0000
,
0000
0000
0000
0000
,
0000
0000
0000
0000
,
0000
0000
0000
0000
,
2000
0100
3100
0000
,
0002
0010
0013
0000
,
2001
0010
3100
0000
,
0011
0100
0110
1001
,
0010
0100
0010
0000
0000
0001
0001
0000
,
0100
0010
0100
0000
0000
0010
0010
0000
,
1000
0100
1000
0000
0000
0001
0001
0000
,
0100
1000
0010
0001
,
0010
0100
0010
0000
0100
1000
0100
0000
,
1000
0001
1000
0000
0010
0100
0001
0000
,
0220
0000
0330
0000
,
1000
0100
0010
0000
0100
0010
0001
0000
,
1000
1000
0001
0001
,
0100
0000
0100
0000
0010
0010
0010
0000
,
0100
0100
0010
0010
,
1000
0000
1000
0000
0001
0001
0001
0000
,
0000
0100
0010
0000
0000
1000
0100
0000
,
0000
0001
0010
0000
0000
1000
0100
0000
,
0001
0010
0001
0000
1000
0100
1000
0000
,
0020
1000
0130
0000
,
0001
0001
0010
0000
0001
0000
1000
0000
,
0010
0010
0100
0000
0002
0000
0000
0000
,
1003
1000
0100
0000
0010
0000
0001
0000
,
0100
0100
0010
0000
1000
0000
0001
0000
,
0100
0010
0100
0000
0001
0010
0001
0000
,
1000
0100
1000
0000
0001
1000
0001
0000
,
0010
0010
0010
0000
0100
0100
0100
0000
,
0010
0001
0100
1000
,
0002
0000
0000
1003
,
2000
0000
0010
0010
,
3002
0000
0000
0010
,
0023
0000
0230
0000
,
1300
0000
1000
1000
0000
0000
0010
0000
,
0100
0000
0100
0100
0000
0000
0001
0000
,
0010
0001
0100
1000
,
1001
0000
0000
0000
,
0000
1000
0000
0010
0000
0100
0100
0000
,
0000
0001
0000
0010
0000
0001
0001
0000
,
0000
1000
0000
0001
0000
0010
0010
0000
,
0001
0100
1000
0100
,
0001
0010
0001
0000
0100
1000
0100
0000
,
0001
1000
0001
0000
0010
0100
0010
0000
,
0001
0001
0001
0000
1000
1000
1000
0000
,
0010
0001
0100
1000
,
1001
0000
0000
1100
0000
0000
0000
0000
,
0110
0000
0000
1001
0000
0000
0010
0000
,
0100
0000
0100
0010
0100
0000
0010
0000
,
0001
0000
0001
0010
0002
0000
0000
0000
,
1003
0100
0001
0010
,
0000
0001
0001
0000
0000
1000
1000
0000
,
0010
0100
0001
1000
,
0010
0100
0010
0000
1100
0000
0011
0000
,
1001
0000
0000
0000
;

//---------------dance-single - K. Ward----------------
#NOTES:
     dance-single:
     K. Ward:
     Beginner:
     1:
     0.113,0.000,0.039,0.000,0.000,78.000,4.000,0.000,0.000,0.000,0.000:

0000
0000
0000
0000
,
0000
0000
0000
0000
,
0000
0000
0000
0000
,
0000
0000
0000
0000
,
1000
0000
0000
0000
,
0001
0000
0000
0000
,
0010
0000
0000
0000
,
0001
0000
0001
0000
,
1000
0000
0000
0000
,
0010
0000
0000
0000
,
0100
0000
0000
0000
,
0010
0000
1000
0000
,
0001
0000
0000
0000
,
0100
0000
0000
0000
,
0010
0000
0000
0000
,
1000
0000
0001
0000
,
1000
0000
0000
0000
,
0001
0000
0000
0000
,
1001
0000
0000
0000
,
1000
0000
0010
0000
,
0110
0000
0000
0000
,
0110
0000
0000
0000
,
0001
0000
1000
0000
,
0001
0000
0000
0000
,
1000
0000
1000
0000
,
0100
0000
0100
0000
,
0010
0000
0010
0000
,
0001
0000
0001
0000
,
0100
0000
0100
0000
,
0010
0000
0010
0000
,
1000
0000
1000
0000
,
0001
0000
1000
0000
,
0001
0000
0000
0000
,
1000
0000
0010
0000
,
0010
0000
0000
0000
,
0100
0000
0001
0000
,
0001
0000
0000
0000
,
0010
0000
0100
0000
,
0100
0000
0000
0000
,
1001
0000
0000
0000
,
1000
0000
1000
0000
,
0010
0000
0010
0000
,
0100
0000
0100
0000
,
0001
0000
0001
0000
,
1000
0000
1000
0000
,
0010
0000
0010
0000
,
0100
0000
0100
0000
,
0001
0000
1000
0000
,
0001
0000
0000
0000
,
1000
0000
0000
0000
,
0010
0000
0000
0000
,
0100
0000
0000
0000
,
0001
0000
0000
0000
,
0010
0000
0000
0000
,
0100
0000
0000
0000
,
1000
0000
0001
0000
,
1000
0000
0000
0000
;

//---------------dance-double - J.Casarino----------------
#NOTES:
     dance-double:
     J.Casarino:
     Hard:
     8:
     0.516,0.000,0.327,0.250,0.313,315.000,34.000,26.000,20.000,0.000,0.000:
00000000
00000000
00000000
00000000
,
00000000
00000000
00000000
00000000
,
00000000
00000000
00000000
00000000
,
00000000
00000000
00000000
00000000
,
00010000
00000000
00000000
00001000
00000000
00000000
00010000
00000000
00100000
00000000
00100000
00000000
00000000
00000000
10000000
00000000
,
01000000
00000000
00000000
00010000
00000000
00000000
00001000
00000000
00000020
00000000
00000000
00000000
00000001
00000000
00000000
00000000
,
00000130
00000000
00000000
00001000
00000000
00000000
00000010
00000000
00000100
00000000
00000100
00000000
00000000
00000000
00001000
00000000
,
00010000
00000000
00000000
00001000
00000000
00000000
00100000
00000000
01000000
00000000
00000000
00000000
10010000
00000000
00000000
00000000
,
20100000
00000000
00000000
00100000
00000000
00000000
30100000
00000000
00000000
00000000
10000000
00000000
01000000
00000000
00010000
00000000
,
00001000
00000000
00000000
00010000
00000000
00000000
00000100
00000000
00000000
00000000
00001010
00000000
00000000
00000000
00000001
00000000
,
00000020
00000000
00000000
00000100
00000000
00000000
00000130
00000000
00000000
00000000
00000001
00000000
00000010
00000000
00001000
00000000
,
00000010
00000100
00010000
00002000
00000000
00000000
00013000
00000000
,
00201000
00000000
00000000
00010000
00000000
00000000
00310000
00000000
00000000
00000000
10000000
00000000
01000000
00000000
00100000
00000000
,
00010000
00000000
00000000
10000000
00000000
00000000
00200000
00000000
00000000
00000000
00320000
00000000
00000000
00000000
00031000
00000000
,
00200000
00000000
00000000
00001000
00000000
00000000
00301000
00000000
00000000
00000000
00010000
00000000
00000010
00000000
00001000
00000000
,
00001000
00000000
00000001
00000020
00000000
00000000
00000130
00000000
,
00001001
00000000
00000000
00000000
00000000
00000000
00000000
00000000
00010010
00000000
00000000
000M00M0
00000000
00000000
00010010
00000000
00000000
00000000
00000000
00000000
00000000
00000000
00000000
00000000
00010100
00000000
00000000
000M0M00
00000000
00000000
00010100
00000000
,
00000000
00000000
00001000
01000000
00010000
10000000
00100000
00000000
,
10010000
00000000
00000000
00000000
00000000
00000000
00000000
00000000
01010000
00000000
00000000
0M0M0000
00000000
00000000
01010000
00000000
00000000
00000000
00000000
00000000
00000000
00000000
00000000
00000000
10100000
00000000
00000000
M0M00000
00000000
00000000
10100000
00000000
,
00000000
00000000
10000000
01000000
00010000
00001000
01000000
00000000
,
00101000
00000000
00000000
00000000
00010000
00000000
00001000
00000100
00000000
00000000
00000000
00000000
00001000
00000000
00010000
01000000
,
00000000
00000000
00010000
00001000
00000010
00001000
00010000
00000000
,
00100000
00000000
10000000
00000000
01000000
00000000
00100000
00010000
00000000
00000000
01000000
00000000
00100000
00000000
00010000
00001000
,
00010000
00000100
00001000
00000010
00000201
00000000
00000010
00000000
,
00000310
00000000
00001000
00000001
00000000
00000100
00000001
00000000
00000010
00000000
00001000
00000000
00000000
00000000
00010000
00000000
,
00001000
00000000
00000100
00000010
00000000
00000000
00000100
00000000
00001000
00000000
00000000
00000000
00020100
00000000
00000000
00000000
,
00031000
00000000
01000000
00010000
00000000
10000000
00010000
00000000
01000000
00000000
00100000
00000000
00000000
00000000
10000000
00000000
,
01000000
00000000
01000000
00010000
00000000
00000000
00001000
00000000
00010000
00000000
00001000
00000000
00100000
00000000
00000000
00000000
,
01000000
00000000
10000000
00100000
00000000
00100000
10000000
00000000
01000000
00000000
00010000
00000000
00001000
00000000
00010000
00000000
,
00000100
00000000
00001000
00000001
00000000
00000000
00000010
00000000
00000002
00000000
00000000
00000000
00000203
00000000
00000000
00000000
,
00001300
00000000
00010000
00000010
00000000
00000010
00010000
00000000
00001000
00000000
00000010
00000000
00000001
00000000
00000010
00000000
,
00001000
00000000
00001000
00010000
00000000
00000000
00100000
00000000
10000000
00000000
01000000
00000000
00100000
00000000
01000000
00000000
,
20010000
00000000
00000000
01000000
,
01000000
32000000
00000000
00000000
03020000
00000000
00032000
00000000
,
00003200
00000000
00000000
00000001
,
00000001
00000302
00000000
00001000
00001000
00000000
00001000
00000000
,
00000203
00000000
00000000
00000001
00000000
00000000
00001300
00000000
00000000
00000000
00001000
00000000
00000000
00010000
00000000
00000000
,
00200000
00000000
00000000
00010000
00000000
00000000
10300000
00000000
00000000
00000000
01000000
00000000
00000000
00100000
00000000
00000000
,
00020000
00000000
00000000
10000000
00000000
00000000
00130000
00000000
00000000
00000000
01000000
00000000
00000000
00010000
00000000
00000000
,
00020020
00000000
00000000
00030030
,
00001000
00000000
00000100
00000010
00000000
00000100
00000010
00000000
00000001
00000000
00000001
00000000
00000000
00000000
00000100
00000000
,
00000010
00000000
00010000
00000100
00000000
00010000
00000100
00000000
00010000
00000000
00001000
00000000
01000000
00000000
00001000
00000000
,
00100000
00000000
00010000
10000000
00000000
00010000
10000000
00000000
00100000
00000000
00100000
00000000
00000000
00000000
00010000
00000000
,
00001000
00000000
00000010
00001000
00000000
00000010
00001000
00000000
00010000
00000000
00001000
00000000
00000100
00000000
00000000
00000000
,
00000001
00000000
00000010
00000100
00000000
00001000
00000100
00000000
00010000
00000000
00010000
00000000
00000000
00000000
00001000
00000000
,
01000000
00000000
00010000
00100000
00000000
00001000
00100000
00000000
00010000
00000000
01000000
00000000
00100000
00000000
00000000
00000000
,
10000000
00000000
01000000
10000000
00000000
00100000
10000000
00000000
01000000
00000000
01000000
00000000
00000000
00000000
00010000
00000000
,
00001000
00000000
00010000
00000010
00000000
00000100
00000010
00000000
00000100
00000000
00000001
00000000
00001000
00000000
00000000
00000000
,
00000011
00000000
00000000
000000MM
00000000
00000000
00000011
00000000
00000000
000000MM
00000000
00000000
00000011
00000000
00000000
00000000
00000000
00000000
00000000
00000000
00000100
00000000
00000000
00000000
00010000
00000000
00000000
00000000
00001000
00000000
00000000
00000000
,
01000000
00010000
00000000
10000000
10100000
00000000
01010000
00000000
,
00101000
00000000
00000000
00M0M000
00000000
00000000
00101000
00000000
00000000
00M0M000
00000000
00000000
00101000
00000000
00000000
00000000
00000000
00000000
00000000
00000000
00010000
00000000
00000000
00000000
00100000
00000000
00000000
00000000
01000000
00000000
00000000
00000000
,
10000000
00100000
00000000
00010000
00001000
00010000
00100000
00000000
,
10100000
00000000
00000000
M0M00000
00000000
00000000
01100000
00000000
00000000
0MM00000
00000000
00000000
00110000
00000000
00000000
00000000
00000000
00000000
00000000
00000000
10000000
00000000
00000000
00000000
01000000
00000000
00000000
00000000
00010000
00000000
00000000
00000000
,
00001000
00000100
00000000
00000001
00000011
00000000
00001100
00000000
,
00000011
00000000
00000001
00000100
00001000
00000000
00010000
01000000
,
10000000
00000000
00100000
00010000
00001000
00010000
01000000
10000000
,
00220000
00330000
00000000
00000000
;

//---------------dance-double - J.Casarino----------------
#NOTES:
     dance-double:
     J.Casarino:
     Easy:
     3:
     0.261,0.000,0.270,0.116,0.000,150.000,28.000,12.000,2.000,0.000,0.000:
00000000
00000000
00000000
00000000
,
00000000
00000000
00000000
00000000
,
00000000
00000000
00000000
00000000
,
00000000
00000000
00000000
00000000
,
10010000
00000000
00000000
00000000
,
11000000
00000000
00000000
00000000
,
10010000
00000000
00000000
00000000
,
01010000
00000000
00100000
00100000
,
20020000
30030000
00000000
10000000
,
01000000
01000000
00010000
00010000
,
00001000
00000000
00000000
00010000
,
00001000
00001000
00000100
00000100
,
00000001
00000000
00000000
00000001
,
00000100
00001000
00000100
00000100
,
00000010
00000000
00000000
00000010
,
00010000
00000010
00001000
00001000
,
00000100
00000110
00000000
00001001
,
00000000
00000001
00000100
00001000
,
00010000
00011000
00000000
00011000
,
00000000
00001000
00010000
00100000
,
01000000
01100000
00000000
10010000
,
00000000
10000000
01000000
00010000
,
00001000
00011000
00000000
00010000
,
00000100
00000100
00000010
00000010
,
00001001
00000000
00001001
00000000
,
00000001
00000100
00001000
00010000
,
00001000
00000000
00011000
00000000
,
00001000
00010000
01000000
10000000
,
00010000
00000000
10010000
00000000
,
10000000
10000000
01000000
01000000
,
00010000
00000000
00011000
00000000
,
00001000
00001000
00000100
00000100
,
00001002
00000000
00000000
00000013
,
00000020
00000000
00000130
00000100
,
00002000
00000000
00000000
00003010
,
00000020
00000000
00010030
00010000
,
00020000
00000000
00000000
00031000
,
00002000
00000000
00103000
00100000
,
00100000
00010000
01000000
00010000
,
20020000
00000000
00000000
30030000
,
10010000
00000000
01100000
00000000
,
10000000
10000000
00100000
00100000
,
00010000
00000000
00011000
00000000
,
00001000
00001000
00000010
00000010
,
00001001
00000000
00000110
00000000
,
00000001
00000001
00000010
00000010
,
00001000
00000000
00011000
00000000
,
00010000
00010000
00100000
00100000
,
10010000
10010000
00000000
01000000
,
01000000
00000000
00100000
00100000
,
00010000
00010000
00000000
01000000
,
01000000
00000000
00001000
00001000
,
00001000
00001000
00000000
00010000
,
00010000
00000000
00000100
00000100
,
00000100
00001000
00000010
00001000
,
00000001
00000100
00001000
00000100
,
00000220
00000330
00000MM0
00000000
;

//---------------dance-double - J.Casarino----------------
#NOTES:
     dance-double:
     J.Casarino:
     Medium:
     6:
     0.451,0.000,0.404,0.125,0.005,273.000,42.000,13.000,2.000,0.000,0.000:
00000000
00000000
00000000
00000000
,
00000000
00000000
00000000
00000000
,
00000000
00000000
00000000
00000000
,
00000000
00000000
00000000
00000000
,
00010000
00000000
00000000
00001000
00010000
00001000
00000000
00000000
,
00010000
00000100
00010000
00001010
,
00000101
00000000
00000000
00001000
00000010
00001000
00000000
00000000
,
00000001
00000010
00000001
00001100
,
00010200
00000000
00000000
00000000
00000000
00010300
00010000
00001000
,
00010000
00000000
00001000
01000000
00000000
00010000
01000000
00000000
,
00120000
00000000
00000000
00000000
00030000
10000000
00010000
00100000
,
00010000
00000000
01000000
00001000
00000000
00010000
00001000
00000000
,
00102000
00000000
00000000
00000000
00003000
00010000
00010000
00000100
,
00001000
00000000
00000010
00000010
00000000
00000100
00000100
00000000
,
00001001
00000000
00000000
00000000
00000000
00000010
00000100
00000010
,
00000001
00000000
00001000
00000100
00000000
00000000
00000110
00000000
,
00001001
00000000
00000010
00000001
00000100
00000000
00000010
00010000
,
00001000
00000000
00010000
00010000
00001000
00001000
01000000
00000000
,
10010000
00000000
00100000
10000000
01000000
00000000
00100000
00001000
,
00010000
00000000
00000010
00010000
00001000
00010000
00000100
00000000
,
00001010
00000000
00000001
00000100
00000100
00000000
00001000
00000100
,
00000100
00000000
00000001
00000010
00000100
00000010
00001000
00000000
,
00010100
00000000
00010000
00001000
01000000
00000000
00001000
00010000
,
00000100
00000000
00000000
00000100
00000000
00000000
00000100
00000000
00000100
00000000
00000000
00000000
00011000
00000000
00000000
00000000
,
00001000
01000000
00001000
01000000
00001000
01000000
00000000
01000000
,
00010000
10000000
00010000
00100000
00010000
00000000
11000000
00000000
,
10000000
00100000
10000000
00100000
10000000
00100000
00000000
00100000
,
01000000
00001000
00010000
00001000
00100000
00000000
00011000
00000000
,
00010000
00000100
00010000
00000100
00010000
00000100
00000000
00000100
,
00001000
00000001
00001000
00000010
00001000
00000000
00000101
00000000
,
00000001
00000010
00000001
00000010
00000001
00000010
00000000
00000010
,
00000100
00010000
00001000
00010000
00000010
00000000
00011000
00000000
,
00010020
00000000
00000000
00000000
00000000
00010000
00010000
00010000
,
00010000
00020030
00000000
00000000
00032000
00000000
00100000
00000000
,
00203000
00000000
00000000
00000000
00000000
00010000
00010000
00010000
,
00010000
00320000
00000000
10000000
10030000
00000000
01000000
00000000
,
20010000
00000000
31000000
00000000
00000000
10000000
10000000
00100000
,
00100000
00010000
00000000
00000000
00200000
00000000
00320000
00000000
,
00031000
00000000
00010000
00001000
00000000
00010000
00000100
00001000
,
00000000
00000110
00000000
00000001
00001000
00000000
00000110
00000000
,
00000001
00000001
00000001
00001000
00000100
00001000
00000000
00000010
,
00010000
00001000
00001000
00000000
00011000
00000000
00101000
00000000
,
00001000
00001000
00001000
00100000
00010000
00100000
00000000
01000000
,
10000000
00100000
00100000
00000000
01010000
00000000
00101000
00000000
,
00000010
00010000
00001000
00010000
00000100
00000100
00000000
00001000
,
00000001
00000100
00000100
00000000
00001010
00000000
00011000
00000000
,
01000000
00001000
00010000
00001000
00100000
00100000
00000000
00010000
,
10000000
01000000
01000000
00000000
00110000
00000000
00011000
00000000
,
00001100
00000000
00001001
00000000
00000000
00000001
00000100
00000001
,
00001000
00001000
00000000
00000000
00001010
00000000
00011000
00000000
,
01010000
00000000
10010000
00000000
00000000
10000000
01000000
10000000
,
00010000
00010000
00000000
00100000
00001000
00000000
00101000
00000000
,
00011000
00000000
00010010
00000000
00000000
00001000
00000100
00001000
,
00000001
00000010
00000000
00000000
00001100
00000000
00010100
00000000
,
00011000
00000000
00010000
00010000
00000000
00001000
00001000
00001000
,
00000000
00010000
00000000
01000000
10000000
00000000
00100000
00000000
,
20020000
30030000
M00M0000
00000000
;

//---------------dance-double - J.Casarino----------------
#NOTES:
     dance-double:
     J.Casarino:
     Challenge:
     9:
     0.612,0.000,0.549,0.067,0.380,377.000,57.000,7.000,26.000,9.000,0.000:
00000000
00000000
00000000
00000000
,
00000000
00000000
00000000
00000000
,
00000000
00000000
00000000
00000000
,
00000000
00000000
00000000
00000000
,
00010000
00000000
00001000
00000010
00000000
00001000
00000010
00000000
00000001
00000000
00000101
00000000
00000000
00000000
00001000
00000000
,
00000010
00000000
00000100
00001000
00000000
00010000
00001000
00000000
00100000
00000000
00010000
00000000
10010000
00000000
00000000
00000000
,
00010000
00000000
00100000
00001000
00000000
00100000
00001000
00000000
00010000
00000000
01010000
00000000
00000000
00000000
00001000
00000000
,
00010000
00000000
00001000
00000010
00000000
00000100
00000010
00000000
00000001
00000000
00000100
00000000
00000101
00000000
00000000
00000000
,
00010010
00000000
00010000
00001000
00000000
01000000
00001000
00000000
00010000
00000000
00100000
00000000
10000000
00000000
01000000
00000000
,
00100000
00000000
00001000
00010000
00000000
01000000
00010000
00000000
00001000
00000000
00000100
00000000
00000001
00000000
00000010
00000000
,
00000001
00000000
00000100
00001000
00000000
00010000
00001000
00000000
00100000
00000000
01000000
00000000
00100000
00000000
00010000
00000000
,
10000000
00000000
00100000
01000000
00000000
00010000
01000000
00000000
00001000
00000000
00000100
00000000
00000010
00000000
00000100
00000000
,
00000001
00000000
00001000
00000010
00000000
00000010
00000100
00000000
00000001
00000000
00010000
00000000
00001000
00000000
10000000
00000000
,
00010000
00000000
10000000
01000000
00000000
01000000
00010000
00000000
00001000
00000000
00000100
00000000
00001000
00000000
01000000
00000000
,
00100000
00000000
00010000
00001000
00000000
00000010
00000001
00000000
00000010
00000000
00000100
00000000
00010000
00000000
00001000
00000000
,
00010000
00000000
01000000
00010000
00000000
00010000
00001000
00000000
00000100
00000000
00001000
00000000
00010000
00000000
00100000
00000000
,
10010000
00000000
00000000
00000000
01100000
00000000
10000000
00010000
00000000
00000000
00000000
00000000
01100000
00000000
00010000
10000000
,
00000000
00000000
11000000
00100000
00001000
00010000
00001000
00000000
,
00001001
00000000
00000000
00000000
00000110
00000000
00000001
00001000
00000000
00000000
00000000
00000000
00000110
00000000
00001000
00000001
,
00000000
00000000
00000101
00000010
00010000
00001000
00100000
00010000
,
01000000
00000000
00001000
00000000
00010000
00000000
00100000
10000000
00000000
00000000
01000000
00000000
00010000
00000000
00001000
00000100
,
00000000
00000010
00000001
00000010
00001000
00000100
00010000
00001000
,
01000000
00000000
00010000
00000000
00100000
00000000
10000000
00100000
00000000
00000000
00001000
00000000
00010000
00000000
01000000
10000000
,
01000000
00010000
00001000
00000010
00000200
00001000
00001300
00000000
,
00010100
00000000
00001000
00000010
00000000
00010000
00001000
00000000
00000100
00000000
00000100
00000000
00000001
00000000
00000010
00000000
,
00001000
00000000
00000010
00000001
00000000
00000100
00001000
00000000
00010000
00000000
01000000
00000000
00010000
00000000
00001000
00000000
,
00101000
00000000
00001000
00010000
00000000
00100000
01000000
00000000
00010000
00000000
00010000
00000000
10000000
00000000
01000000
00000000
,
10000000
00000000
00100000
00010000
00000000
00001000
00000010
00000000
00000100
00000000
00000100
00000000
00001001
00000000
00000000
00000000
,
00010010
00000000
00000010
00010000
00000000
00001000
00100000
00000000
00010000
00000000
10000000
00000000
00010000
00000000
01000000
00000000
,
00001000
00000000
00100000
00001000
00000000
00010000
00000100
00000000
00000010
00000000
00001000
00000000
00000010
00000000
00000001
00000000
,
00000101
00000000
00000100
00001000
00000000
00010000
00100000
00000000
10000000
00000000
01000000
00000000
00010000
00000000
01000000
00000000
,
00100000
00000000
01000000
00010000
00000000
00001000
00000010
00000000
00000100
00000000
00000010
00000000
00000001
00000000
00000100
00000000
,
00002020
00000000
00000000
00010000
,
00000001
00000000
00000000
00000000
00000000
00000000
00000000
00000000
00000100
00003030
00000000
00000000
00000000
00000000
00000000
00000000
,
01022100
00000000
00000000
00000010
,
00000010
00000000
00000000
00000000
00000000
00000000
00000000
00000000
00100000
00000000
00000000
00000000
00100000
00033000
00000000
00000000
,
00011000
00000000
00000000
00101000
00000000
00000000
01001000
00000000
00000000
00010000
00001000
00000000
00000100
00000000
00001000
00000000
,
00010000
00010000
00000000
01000000
10010000
M00M0000
00011000
000MM000
,
00001001
0000M00M
00011000
00000010
00000000
00011000
00100000
00001000
,
00000000
01010000
00000000
10000000
00100000
00010000
00001000
00000000
,
00011000
00000000
00010000
01000000
00000000
00010000
01000000
00000000
10000000
00000000
00100000
00000000
00000000
00000000
00010000
00000000
,
00011000
00000000
00001000
00000100
00000000
00001000
00000100
00000000
00000001
00000000
00000010
00000000
00000110
00000000
00000000
00000000
,
00001100
00000000
00000010
00010000
00000000
00000010
00010000
00000000
00001000
00000000
01000000
00000000
00000000
00000000
00001000
00000000
,
00011000
00000000
00001000
00000010
00000000
00001000
00000010
00000000
00000100
00000000
00001000
00000000
00000110
00000000
00000000
00000000
,
00001010
00000000
00001000
00000100
00000000
00000001
00000100
00000000
00001000
00000000
00000010
00000000
00000000
00000000
00010000
00000000
,
00101000
00000000
00010000
01000000
00000000
10000000
01000000
00000000
00010000
00000000
00100000
00000000
01000000
00000000
00000000
00000000
,
00101000
00000000
00001000
00100000
00000000
00000010
00010000
00000000
00000100
00000000
00001000
00000000
00000000
00000000
00000010
00000000
,
00010010
00000000
00001000
00000010
00000000
00100000
00010000
00000000
01000000
00000000
00000010
00000000
00010000
00000000
00000100
00000000
,
00000011
00000000
00000000
000000MM
00000000
00000000
00001001
00000000
00000000
0000000M
0000M000
00000000
00000101
00000000
00000000
00000000
00000000
00000000
00000000
00000000
00000100
00000000
00000010
00000000
00000100
00000000
00000000
00000000
00001000
00000000
00000000
00000000
,
00010000
00001000
00000000
01000000
00110000
00000000
01001000
00000000
,
10100000
00000000
00000000
M0M00000
00000000
00000000
10010000
00000000
00000000
M00M0000
00000000
00000000
11000000
00000000
00000000
00000000
00000000
00000000
00000000
00000000
01000000
00000000
00100000
00000000
01000000
00000000
00000000
00000000
00010000
00000000
00000000
00000000
,
00001000
00010000
00000000
00000100
00000010
00000001
00000010
00001000
,
00001010
00000000
00000000
0000M0M0
00000000
00000000
00011000
00000000
00000000
000MM000
00000000
00000000
01010000
00000000
00000000
00000000
00000000
00000000
00000000
00000000
00001000
00000000
00010000
00000000
00100000
00000000
00000000
00000000
10000000
00000000
00000000
00000000
,
01000000
10000000
00000000
00100000
00110000
00MM0000
00011000
000MM000
,
00001100
0000MM00
00000110
00000001
00000MM0
00000110
00001000
00010000
,
00000000
01100000
00000000
10000000
00100000
00000000
00000000
00000000
,
00122010
00033000
00000000
00000000
;
