#TITLE:Normal;
#SUBTITLE:;
#ARTIST:Anet;
#TITLETRANSLIT:;
#SUBTITLETRANSLIT:;
#ARTISTTRANSLIT:;
#GENRE:;
#CREDIT:;
#BANNER:normal-banner.png;
#BACKGROUND:Normal-bg.png;
#LYRICSPATH:;
#CDTITLE:;
#MUSIC:Anet - Normal.ogg;
#OFFSET:-0.027;
#SAMPLESTART:42.500;
#SAMPLELENGTH:13.780;
#SELECTABLE:YES;
#BPMS:0.000=140.960;
#STOPS:;
#BGCHANGES:0.000=Normal-bg.png=1.000=0=0=1=====,
24.000=VOL1-02-NTSC.mpg=1.000=0=0=1=====,
32.000=vol4-08-ntsc.mpg=1.000=0=0=1=====,
44.000=VOL1-32-NTSC.mpg=1.000=0=0=1=====,
52.000=vol4-12-ntsc.mpg=1.000=0=0=1=====,
60.000=VOL1-16-NTSC.mpg=1.000=0=0=1=====,
68.000=739_JumpBack.mpg=1.000=0=0=1=====,
76.000=vol4-21-ntsc.mpg=1.000=0=0=1=====,
80.000=739_JumpBack.mpg=1.000=0=0=1=====,
84.000=vol4-15-ntsc.mpg=1.000=0=0=1=====,
92.000=vol4-24-ntsc.mpg=1.000=0=0=1=====,
96.000=vol4-24-ntsc.mpg=0.000=0=0=1=====,
100.000=vol4-12-ntsc.mpg=1.000=0=0=1=====,
108.000=735_JumpBack.mpg=1.000=0=0=1=====,
116.000=708_JumpBack.mpg=1.000=0=0=1=====,
124.000=VOL1-02-NTSC.mpg=1.000=0=0=1=====,
133.000=735_JumpBack.mpg=1.000=0=0=1=====,
141.000=VOL1-32-NTSC.mpg=1.000=0=0=1=====,
153.000=vol3-21-ntsc.mpg=1.000=0=0=1=====,
161.000=vol3-24-ntsc.mpg=1.000=0=0=1=====,
169.000=VOL1-16-NTSC.mpg=1.000=0=0=1=====,
177.000=VOL1-02-NTSC.mpg=1.000=0=0=1=====,
185.000=708_JumpBack.mpg=1.000=0=0=1=====,
193.000=vol4-05-ntsc.mpg=1.000=0=0=1=====,
201.000=739_JumpBack.mpg=1.000=0=0=1=====,
209.000=vol4-21-ntsc.mpg=1.000=0=0=1=====,
213.000=739_JumpBack.mpg=1.000=0=0=1=====,
217.000=vol4-15-ntsc.mpg=1.000=0=0=1=====,
225.000=vol4-12-ntsc.mpg=1.000=0=0=1=====,
233.000=739_JumpBack.mpg=1.000=0=1=1=StretchRewind====,
241.000=vol4-21-ntsc.mpg=1.000=0=0=1=====,
245.000=739_JumpBack.mpg=1.000=0=1=1=StretchRewind====,
249.000=vol4-15-ntsc.mpg=1.000=0=0=1=====,
257.000=708_JumpBack.mpg=1.000=0=0=1=====,
261.000=708_JumpBack.mpg=0.000=0=0=1=====,
265.000=vol3-21-ntsc.mpg=1.000=0=0=1=====,
269.000=vol3-21-ntsc.mpg=0.000=0=0=1=====,
273.000=vol4-24-ntsc.mpg=1.000=0=0=1=====,
277.000=vol4-24-ntsc.mpg=0.000=0=0=1=====,
280.000=Normal-bg.png=1.000=0=0=1=====,
99999=-nosongbg-=1.000=0=0=0 // don't automatically add -songbackground-
;
#KEYSOUNDS:;
// cache tags:
#FIRSTBEAT:16.000;
#LASTBEAT:280.000;
#SONGFILENAME:/Songs/In The Groove/Normal/Normal.sm;
#HASMUSIC:1;
#HASBANNER:1;
#MUSICLENGTH:120.006;
// end cache tags

//---------------dance-single - R. McKanna----------------
#NOTES:
     dance-single:
     R. McKanna:
     Hard:
     7:
     0.420,0.000,0.283,0.175,0.000,298.000,34.000,21.000,0.000,0.000,0.000:


0000
0000
0000
0000
,
0000
0000
0000
0000
,
0000
0000
0000
0000
,
0000
0000
0000
0000
,
0000
0000
0000
0000
,
0000
0000
0000
0000
,
1000
0001
0100
0010
0000
0010
0100
0000
,
0001
1000
0100
0010
0000
0010
0100
0000
,
1000
0001
0100
0010
0000
0010
0100
0000
,
1001
0100
0010
0100
,
1001
0000
0000
0000
1000
0100
1000
0020
,
0000
0130
0000
0000
0001
0100
0001
2000
,
0000
0000
3000
0000
0100
0001
0010
0200
,
0000
1300
0000
0000
0001
1000
0010
0000
,
1000
0100
1000
0010
0100
0000
0001
0000
,
0100
0000
0010
0000
1000
0100
0100
1000
,
0000
1001
0000
0100
0010
0000
1001
0000
,
1000
0100
1000
0100
0000
0001
0100
0001
,
0000
0100
0000
1001
0000
0000
0001
0000
,
0001
0010
0001
0010
1000
0010
1000
0010
,
0000
0001
0000
0100
0000
0000
0100
0000
,
1000
0000
1000
0001
0000
0001
0000
0000
,
0100
0000
0100
0001
0000
0001
0000
0000
,
1001
0110
1010
0110
,
0202
0000
0000
0303
,
1000
0100
0010
0001
0000
0001
0010
0000
,
0010
0100
1000
0010
0000
0100
0001
0000
,
1000
0100
0010
0000
0100
0000
0001
0000
,
0010
0001
0100
0010
0000
1000
1000
0000
,
0001
0010
0001
1000
0000
1000
0000
0000
,
1000
0001
0010
0000
0100
0000
0100
0000
,
2000
0000
3002
0000
,
0200
0000
0000
0000
,
0303
0000
0001
0000
1000
0100
0000
0100
,
0000
0100
1000
0000
0001
0100
0000
0100
,
0000
0100
0001
0000
1000
0100
0000
0100
,
0000
0100
1000
0000
0100
0000
0010
0000
,
0001
0000
1001
0000
0000
0000
0001
0100
,
0001
0020
0000
0130
0000
0000
1000
0100
,
1000
0002
0000
0000
0003
0000
0100
1000
,
0010
0200
0000
0301
0000
0000
1000
0001
,
0010
2002
0000
0000
3003
0000
0100
0001
,
0010
0200
0000
0310
0000
0000
0100
1000
,
0010
0000
0100
0001
0010
0001
0200
0000
,
0020
0000
0000
0000
,
0330
0000
0100
0001
0010
0001
0100
0000
,
0010
0000
1001
0000
0100
0010
0000
0010
,
0100
0000
1000
0000
0001
0010
0000
0100
,
1000
0000
1001
0000
0010
0100
0000
0010
,
1000
0000
0001
0100
1000
0100
0000
0100
,
1001
0000
0001
0100
0001
0100
0000
1000
,
0100
1000
0000
0100
0000
1001
0000
0000
,
1000
0000
1000
0010
1000
0010
0001
0010
,
0001
0010
0000
1000
0000
0100
0000
0000
,
0100
0000
0001
0000
0001
1000
0000
1000
,
0000
0000
0100
0000
0100
1000
0000
1000
,
0000
1001
0110
0011
,
0110
2200
0000
0000
,
3300
0000
1000
0010
1000
0010
0000
0001
,
0010
0001
0000
0010
0000
1001
0000
0000
,
0001
0000
0001
0100
0001
0100
1000
0100
,
1000
0100
0000
0001
0000
0010
0000
0000
,
0010
0000
1000
0000
1000
0001
0000
0001
,
0000
0100
0000
0000
0100
0010
0000
0010
,
0000
1001
0110
1010
,
0110
0000
1000
0100
0010
0001
2000
0000
,
3001
0101
1010
0110
,
1001
0000
0001
0010
0100
1000
0002
0000
,
1003
1010
0101
0011
,
1100
0000
1000
0010
0100
0001
2000
0000
,
3100
0000
0000
0000
;

//---------------dance-single - R. McKanna----------------
#NOTES:
     dance-single:
     R. McKanna:
     Medium:
     5:
     0.332,0.000,0.083,0.192,0.000,246.000,10.000,23.000,0.000,0.000,0.000:


0000
0000
0000
0000
,
0000
0000
0000
0000
,
0000
0000
0000
0000
,
0000
0000
0000
0000
,
0000
0000
0000
0000
,
0000
0000
0000
0000
,
1000
0000
0000
0010
0000
0000
0100
0000
,
0001
0000
0000
0010
0000
0000
0100
0000
,
1000
0000
0000
0010
0000
0000
0000
0000
,
1001
0110
1010
0101
,
1001
0000
0000
0000
1000
1000
1000
0001
,
0000
0000
0100
0000
0001
0001
0001
1000
,
0000
0000
0100
0000
1000
1000
1000
0001
,
0000
0000
0100
0000
0001
0001
0001
0000
,
0010
0010
0100
0001
,
1001
0010
1000
0010
,
0000
0100
0000
0010
0100
0000
0010
0000
,
0200
0000
0000
0301
0000
0001
0100
0001
,
0000
0001
0000
0100
0000
0000
0100
0000
,
1000
0010
0100
0000
0001
0000
0001
0010
,
0000
0100
0000
1000
0000
0000
0000
0000
,
2000
0000
0000
3002
0000
0000
0000
0000
,
0203
0000
0000
0302
0000
0000
0003
0000
,
1000
0100
1000
0001
1000
0100
1000
0001
,
2000
0000
0000
0000
0000
3000
0000
0000
,
1000
0000
0000
1001
0000
0000
0010
0000
,
0010
0000
0000
1001
0000
0000
0001
0000
,
1000
0010
0100
0100
,
1001
0000
0001
0001
0000
1000
1000
0000
,
0001
0000
0000
1000
0000
1000
0000
0000
,
1000
0001
0100
0100
,
2000
0000
0010
0000
,
0002
0000
0000
0000
,
3003
0000
0001
0000
1000
0100
0000
0000
,
0000
0100
0010
0000
0010
0001
0000
0000
,
0000
0001
0100
0000
0100
0010
0000
0000
,
0000
0010
1000
0000
0100
0000
0010
0000
,
0001
0000
1000
0000
0000
0000
0100
0100
,
0100
1000
0000
0000
0100
0000
0100
0100
,
0100
0010
0000
0000
0001
0000
0010
0010
,
0010
0100
0000
0000
0001
0000
0100
0100
,
0100
0001
0000
0000
0001
0000
0010
0010
,
0010
0100
0000
0000
0001
0000
0100
0100
,
0100
0010
1000
0100
,
0002
0000
0000
0000
,
0003
1000
0010
0001
,
0100
0000
2000
0000
0000
3100
0000
0000
,
0100
0000
0002
0000
0000
0103
0000
0000
,
0100
0000
2000
0000
0000
3010
0000
0000
,
0010
0000
0002
0000
0000
0013
0000
0000
,
1001
0000
0200
0000
0000
0301
0000
0001
,
0100
0001
0000
0001
0000
0100
0000
0000
,
0100
0000
0001
0010
0100
0000
1000
0000
,
1000
0100
0000
0010
0000
0001
0000
0000
,
0000
0000
2000
0000
0000
3020
0000
0000
,
0000
0000
2030
0000
0000
3020
0000
0000
,
0030
0000
0100
0001
0100
0010
0100
0001
,
0100
0010
2000
0000
0000
0000
0000
0000
,
3000
0000
0020
0000
0000
0130
0000
0001
,
1000
0001
0000
1000
0000
0001
0000
0000
,
0100
0000
1000
0010
0100
0000
0001
0000
,
0001
0100
0000
0010
0000
1000
0000
0000
,
0000
0000
1000
0001
1000
0100
0010
0100
,
0000
1000
0000
0000
0100
0010
0000
0001
,
0000
0000
0001
0100
0001
1000
0001
0100
,
0001
1000
0002
0000
0000
0000
0000
0000
,
0003
0000
1000
0100
1000
0001
1000
0100
,
1000
0001
2000
0000
0000
0000
0000
3000
,
0000
0000
0010
0100
0001
0010
0100
1000
,
0010
0100
0002
0000
0000
0000
1000
0000
,
1003
0000
0000
0000
,
;

//---------------dance-single - R. McKanna----------------
#NOTES:
     dance-single:
     R. McKanna:
     Easy:
     3:
     0.221,0.000,0.092,0.100,0.000,163.000,11.000,12.000,0.000,0.000,0.000:


0000
0000
0000
0000
,
0000
0000
0000
0000
,
0000
0000
0000
0000
,
0000
0000
0000
0000
,
0000
0000
0000
0000
,
0000
0000
0000
0000
,
1000
0000
1000
0000
,
0001
0000
0001
0000
,
0100
0000
0100
0000
,
0010
1000
0100
1000
,
0001
0000
0100
0000
,
0010
0010
0010
0000
,
1000
0000
0100
0000
,
0010
0010
0010
0000
,
0001
0100
0010
0010
,
1001
0100
0100
0100
,
0000
1001
0000
0000
1001
0000
0000
0000
,
2000
0000
0100
0000
,
0001
0001
0001
3000
,
0002
0000
0100
0000
,
1000
0000
1000
0000
1000
0000
0000
0003
,
1000
0000
0100
0000
,
0001
0000
0100
0000
,
1000
0001
0100
1000
,
0200
0000
0000
0300
,
1000
0100
1000
0000
,
0010
0100
0010
0000
,
0001
0010
0001
0000
,
1001
0000
1001
0000
,
1000
0010
0100
0100
,
0010
1000
0001
0001
,
2002
0000
0000
0000
,
0000
0000
0000
0000
,
3003
1001
0100
0000
,
0001
0000
0100
0000
,
1000
0000
0100
0000
,
0001
0100
1000
0100
,
1000
1001
0000
0001
,
0000
0100
0000
0010
,
0010
0010
0000
1000
,
0000
0100
0000
0010
,
0010
0010
0000
0001
,
0000
0100
0000
0001
,
1000
0010
0010
0100
,
0100
1001
0000
0000
,
0000
0010
0010
0100
,
0100
0000
1001
0000
0000
1000
0000
0000
,
0000
0000
0100
0000
0000
0100
0000
0000
,
0000
0000
0010
0000
0000
0010
0000
0000
,
0000
0000
0001
0000
0000
0001
0000
0000
,
0000
2000
0000
0010
,
0000
0100
0100
0100
,
3000
0002
0000
0010
,
0000
0100
0100
0100
,
0003
1000
0000
0100
,
0000
0010
0000
0001
,
0000
1000
0100
0010
,
0001
1000
0010
0100
,
0001
0020
0000
0100
,
0000
0001
0001
0100
,
0030
0200
0000
0010
,
0000
1000
1000
0010
,
0300
0001
0000
0100
,
0000
1000
0000
1001
,
0000
1000
0100
1000
,
0010
2000
0000
0000
,
3000
0001
0010
0001
,
0100
0002
0000
0000
,
0003
1000
0100
0010
,
0001
2000
0000
0000
,
3000
0000
0000
0000
;

//---------------dance-double - M. Emirzian----------------
#NOTES:
     dance-double:
     M. Emirzian:
     Easy:
     1:
     0.111,0.000,0.050,0.108,0.000,74.000,6.000,13.000,0.000,0.000,0.000:


00000000
00000000
00000000
00000000
,
00000000
00000000
00000000
00000000
,
00000000
00000000
00000000
00000000
,
00000000
00000000
00000000
00000000
,
00000000
00000000
00000000
00000000
,
00000000
10010000
10010000
00000000
,
20000000
30000000
00000000
00000000
,
00020000
00030000
00000000
00000000
,
00002000
00003000
00000000
00000000
,
00000002
00000003
00000000
00000000
,
00001000
00000000
00000000
00000000
,
00000100
00000000
00000000
00000000
,
00100000
00000000
00000000
00000000
,
01000000
00000000
00000000
00000000
,
10000000
00000000
00010000
00000000
,
10000000
00000000
00000000
00000000
,
00001000
00000000
00010000
00000000
,
00000010
00000000
00000000
00000000
,
00000100
00000000
00000000
00000000
,
00000001
00000000
00000000
00000000
,
00001000
00000000
00000000
00000000
,
00010000
00000000
00000000
00000000
,
10000000
00000000
00000000
00000000
,
01000000
00000000
00100000
00000000
,
00022000
00000000
00000000
00033000
,
00010000
00000000
00000000
00000000
,
00000100
00000000
00000000
00000000
,
00000010
00000000
00000000
00000000
,
00000001
00000000
00000000
00000000
,
00001000
00000000
00000000
00000000
,
00010000
00000000
00000000
00000000
,
20000000
00000000
00000000
00000000
,
00000000
00000000
30000000
00000000
,
00000000
00001000
00000000
00000000
,
00000000
00010000
00000000
00000000
,
00000000
00001000
00000000
00000000
,
00000000
00000010
00000000
00000000
,
00000000
00000100
00000000
00000000
,
00000000
00100000
00000000
00000000
,
00000000
10000000
00000000
00000000
,
00000000
01000000
00000000
00000000
,
00000000
00001000
00000000
00000000
,
00000000
00000100
00000000
00000000
,
00000000
00000001
00000000
00000010
,
00000000
00000100
00000000
00000000
,
00000000
00010000
00000000
00001000
,
00000000
00010000
00000000
00000000
,
00000000
01000000
00000000
00000000
,
00000000
10000000
00000000
00000000
,
00000000
00010000
00000000
00000000
,
00000000
00001000
00000000
00000000
,
00000000
00000001
00000000
00000000
,
00000000
00000100
00000000
00000000
,
00000000
00100000
00000000
00000000
,
00000000
01000000
00000000
00000000
,
00000000
10000000
00000000
00000000
,
00000000
00010000
00000000
00000000
,
00000000
00001000
00000000
00000100
,
00000000
00000010
00000000
00000000
,
00000000
00000001
00000000
00000000
,
00000000
00001000
00000000
00000000
,
00000000
00010000
00000000
00000000
,
10000000
00000000
00000000
00000000
,
01000000
00000000
00000000
00000000
,
00000000
00001000
00000000
00010000
,
00000000
00022000
00033000
00000000
,
00000000
00000010
00000000
00000100
,
00000000
00000220
00000330
00000000
,
00000000
00100000
00000000
01000000
,
00000000
02200000
03300000
00000000
;

//---------------dance-double - M. Emirzian----------------
#NOTES:
     dance-double:
     M. Emirzian:
     Medium:
     6:
     0.469,0.000,0.842,0.067,0.000,285.000,101.000,8.000,0.000,0.000,0.000:


00000000
00000000
00000000
00000000
,
00000000
00000000
00000000
00000000
,
00000000
00000000
00000000
00000000
,
00000000
00000000
00000000
00000000
,
00000000
00000000
00000000
00000000
,
00000000
00000000
10000000
00010000
01000000
00000000
10010000
00000000
,
01000000
00100000
00001000
00010000
,
00000100
00001000
00000010
00000000
00001001
00000000
00001001
00000000
,
00000100
00000010
00010000
00000000
00001000
00000000
01000000
00000000
,
00010000
10000000
01000000
00000000
10010000
00000000
10010000
00000000
,
00100000
01000000
00010000
00000000
01000000
00000000
00001000
00010000
,
00000100
00000000
00001000
00000000
00000010
00000100
00000001
00000000
,
00000001
00000000
00001000
00000000
00000100
00000010
00000100
00000000
,
00001000
00000000
00000001
00000000
00000100
00000010
00010000
00000000
,
00001000
00000000
01000000
00000000
00010000
10000000
01000000
00000000
,
00110000
00110000
00101000
00101000
,
00010000
00000100
00001000
00000000
00001010
00000000
00001010
00000000
,
00000010
00000010
00000010
00000000
00001001
00000000
00000110
00000000
,
00001001
00011000
00101000
00011000
,
01100000
00000000
01000000
01000000
01000000
00000000
10010000
00000000
,
01100000
10010000
01100000
01001000
,
00011000
00010100
00011000
00010100
,
00010010
00000000
00001010
00000000
00000100
00000100
00000100
00000000
,
00001001
00000000
00000110
00000000
00001001
00001001
00001001
00000000
,
00002002
00000000
00000000
00003003
,
00000010
00001000
00000100
00000000
00010000
00001000
00100000
00000000
,
00010000
01000000
00100000
00000000
10000000
01000000
00100000
00000000
,
01010000
00110000
00101000
00011000
,
00010010
00011000
00010010
00001010
,
00001000
00000100
00000010
00000000
00000001
00000100
00000010
00000000
,
00001000
00000100
00010000
00000000
00011000
00000000
00010100
00000000
,
00010000
00000000
00000000
00000000
,
00000000
00000000
00000000
00000000
,
00000000
00000000
00010000
00001000
01000000
00000000
00100000
10000000
,
01000000
00100000
00001000
00011000
,
00010010
00000000
00001000
00000010
00000100
00000000
00000001
00000000
,
00000100
00000010
00001000
00000000
00000100
00000000
00011000
00000000
,
01100000
00000000
01010000
00000000
10000000
00010000
01000000
00000000
,
00100000
00000000
11000000
00000000
10100000
00000000
01000000
00001000
,
00010000
00000000
00001000
00010000
00000100
00000000
00001010
00000000
,
00001100
00000000
00000010
00000001
00000100
00000000
00000010
00000000
,
00001000
00001100
00001100
00010000
00001000
00000000
01001000
00000000
,
01010000
00000000
00100000
10000000
01000000
00000000
00100000
00010000
,
10000000
00000000
01000000
00100000
00001000
00000000
00010000
00000000
,
00000100
00000010
00000001
00000100
,
00000010
00000010
00000010
00000100
,
00000100
00000000
00000010
00000000
00000000
00010000
00000000
00000000
,
00001000
00000000
00010000
00000000
00000000
00001000
00000000
00000000
,
01000000
00000000
00100000
00000000
00000000
10000000
00000000
00000000
,
01000000
00000000
00100000
00000000
00000000
00001000
00000000
00000000
,
00010000
00001100
00001010
00000101
,
00000010
00000010
00000010
00000000
00001001
00000000
00000110
00000000
,
00010010
00000000
00011000
00000000
00101000
00000000
01000000
01000000
,
01000000
10010000
01100000
10010000
,
01100000
01001000
00011000
00010010
,
00011000
00000000
00010000
00010000
00010000
00000000
00001100
00000000
,
00000011
00001100
00000100
00010000
,
00011000
00000000
00101000
00000000
00011000
00000000
00001000
00100000
,
00010000
00000000
01000000
00100000
10000000
00000000
01010000
00000000
,
01010000
00000000
00100000
00001000
00010000
00000000
00011000
00000000
,
00011000
00000000
00010000
00000100
00001000
00000000
00001010
00000000
,
00001010
00000000
00000100
00000001
00000010
00000000
00001001
00000000
,
00000110
00001001
00010100
00011000
,
00101000
00000000
00001000
00001000
00001000
00000000
01000000
01000000
,
01000000
00000000
00100000
10000000
01000000
00000000
00100000
00000000
,
10010000
10010000
20020000
00000000
30030000
00000000
00000000
00000000
,
00000000
00010000
01000000
00001000
,
00011000
00011000
00022000
00000000
00033000
00000000
00000000
00000000
,
00000000
00001000
00010000
00000010
,
00001001
00001001
00002002
00000000
00003003
00000000
00000000
00000000
;

//---------------dance-double - M. Emirzian----------------
#NOTES:
     dance-double:
     M. Emirzian:
     Hard:
     8:
     0.629,0.000,0.833,0.042,0.000,423.000,100.000,5.000,4.000,0.000,0.000:


00000000
00000000
00000000
00000000
,
00000000
00000000
00000000
00000000
,
00000000
00000000
00000000
00000000
,
00000000
00000000
00000000
00000000
,
00000000
00000000
00000000
00000000
,
00000000
10010000
00011000
00001001
,
00001000
00000100
00000010
00000100
00001000
00000100
00000010
00000100
,
00001000
00010010
00001100
00011000
,
01000000
00100000
00010000
00100000
01000000
00100000
00010000
00100000
,
01000000
00000000
10000000
00010000
01000000
00001000
00011000
00011000
,
00011000
00000000
00010010
00000000
00001100
00000000
0000MM10
00000001
,
00000100
00000010
00000100
00000001
00000100
00000010
00000100
00000000
,
00001000
00000100
00000010
00000100
00001000
00000100
00000010
00000100
,
00001000
00000000
00010000
00100000
01000000
00100000
00010000
00100000
,
01000000
00100000
00010000
00000000
00001000
01000000
00010000
00100000
,
10010000
10010000
10010000
00000000
00011000
00011000
00011000
00000000
,
00001001
00001001
00001001
00000010
00000100
00001000
00000001
00000100
,
00000010
00001000
00000100
00000010
00000001
00000100
00000010
00010000
,
00011000
00011000
00011000
00001000
01001000
01001000
01001000
00010000
,
00100000
01000000
10000000
00100000
01000000
00010000
10000000
01000000
,
00110000
00110000
00110000
00100000
00101000
00101000
00101000
00010000
,
00000100
00001000
00000010
00000100
00000001
00001000
00000100
00010000
,
00011000
00011000
00011000
00001000
01001000
01001000
01001000
00010000
,
00001000
01000000
00010000
10000000
01010000
01010000
01010000
01010000
,
02020000
00000000
00000000
03030000
,
00100000
10000000
01000000
00100000
01000000
10000000
01000000
00100000
,
01000000
10000000
00100000
01000000
00100000
00010000
00100000
01000000
,
00100000
00010000
00001000
00000010
00000100
00000010
00001000
00000010
,
00000100
00000010
00000001
00000100
00000010
00000100
00000001
00000100
,
00000010
00000100
00000001
00001000
00000100
00000010
00000100
00001000
,
00000100
00000010
00000100
00001000
00000010
00000100
00001000
00000100
,
00000010
00000000
00000000
00000000
,
00000000
00000000
00000000
00000000
,
00000000
00000000
00100000
01000000
10000000
01000000
00100000
01000000
,
10000000
01000000
00100000
00000000
00101000
00000000
00011000
00000000
,
00001010
00000000
00000100
00000001
00000010
00000100
00000010
00000001
,
00000010
00000100
00000010
00000000
00000001
00000100
00000010
00001000
,
00010100
00010100
00010100
00000000
00001000
00000000
00010000
00000000
,
01000000
00100000
00010000
00100000
01000000
00100000
00010000
00100000
,
01000000
00000000
10000000
00100000
01000000
00100000
10000000
00100000
,
01000000
00100000
00010000
00000000
00001000
00000100
00000010
00000100
,
00001010
00001010
00001010
00000000
00000000
00000000
0000M0M1
00000100
,
00000010
00000100
00000001
00000100
00000010
00000100
00000001
00001000
,
00000100
00000010
00000100
00001000
00000010
00000100
00001000
00010000
,
00001000
01000000
00010000
00000000
10000000
00000000
01000000
00000000
,
00100000
00001000
00010000
00000010
,
00001000
00000000
00000001
00000010
00000100
00001000
00000000
00000020
,
00000000
00000130
00000001
00000010
00000100
00020000
00000000
00031000
,
00000000
01000000
00010000
00100000
01000000
20000000
00000000
31000000
,
00000000
00100000
00010000
01000000
00001000
00010000
00000010
00000000
,
00001000
00000010
00000100
00000001
00001000
00000100
00000010
00000001
,
00000100
00000010
00001010
00001010
00001010
00000010
00010010
00010010
,
00010010
00010000
00001000
01000000
00010000
10000000
01000000
00100000
,
00010000
01000000
01001000
01001000
01001000
00001000
00011000
00011000
,
00011000
00010000
00000100
00001000
00000010
00000100
00000001
00001000
,
00000100
00000010
00000011
00000011
00000011
00001000
00001100
00001100
,
00001100
00010000
00001000
01000000
00100000
10000000
00010000
01000000
,
00100000
10000000
10010000
00000000
00011000
00000000
00001001
00000000
,
00001000
00000001
00000010
00000001
00000100
00000010
00001000
00000100
,
00010000
00001000
01001000
01001000
01001000
01000000
01010000
01010000
,
01010000
00100000
10000000
01000000
00100000
00001000
00010000
00000100
,
00001000
00000010
00001010
00001010
00001010
00000010
00010010
00010010
,
00010010
00010000
00001000
01000000
00010000
10000000
00100000
00000000
,
01000000
00001000
00010000
00000100
,
00010000
00001000
00010000
00000010
00001000
00000001
00001001
00001001
,
00001001
00001001
00001001
00000000
00000000
00000000
00000000
00000000
,
00000000
00000000
00010000
00001000
01000000
00100000
10010000
10010000
,
10010000
10010000
10010000
00000000
00000000
00000000
00000000
00000000
,
00000000
00000000
00010000
00000100
00001000
00000010
00001001
00001001
,
00001001
00001001
00001001
00000000
00000000
00000000
00000000
00000000
;

//---------------lights-cabinet - ----------------
#NOTES:
     lights-cabinet:
     :
     Easy:
     1:
     0.842,0.000,1.000,0.175,0.000,372.000,182.000,21.000,0.000,118.000,0.000:


00000000
00000000
00000000
00000000
,
00000000
00000000
00000000
00000000
,
10000000
00110000
00000000
01100000
00000000
00110000
00000000
00000000
,
10000000
00110000
00000000
01100000
00000000
00110000
00000000
00010000
,
10000000
00110000
00000000
01100000
10000000
00110000
00000000
01100000
,
10000000
00100011
01000000
00010011
11110011
00000000
00000000
00000000
,
10000011
00010000
01000000
00100011
00000000
00100000
01000000
00000000
,
00010011
10000000
01000000
00100011
00000000
00100000
01000000
00000000
,
10000011
00010000
01000000
00100011
00000000
00100000
01000000
00000000
,
10010011
00000000
01000000
00000011
00100000
00000000
01000000
00000000
,
10010011
00000000
00000000
00000011
10000000
01000000
10000000
00200000
,
00000011
01300000
00000000
00000011
00010000
01000000
00010000
20000000
,
00000011
00000000
30000000
00000011
01000000
00010000
00100000
02000000
,
00000011
13000000
00000000
00000011
00010000
10000000
00100000
00000000
,
10000011
01000000
10000000
00100011
01000000
00000000
00010000
00000000
,
01000011
00000000
00100011
00000000
10000011
01000000
01000011
10000000
,
00000000
10010011
00000000
01000011
00100011
00000000
10010000
00000000
,
10000011
01000000
10000000
01000011
00000000
00010000
01000000
00010000
,
00000011
01000000
00000000
10010011
00000000
00000000
00010000
00000000
,
00010011
00100000
00010000
00100011
10000000
00100000
10000000
00100000
,
00000011
00010000
00000000
01000011
00000000
00000000
01000000
00000000
,
10000011
00000000
10000000
00010011
00000000
00010000
00000000
00000000
,
01000011
00000000
01000000
00010011
00000000
00010000
00000000
00000000
,
10010011
00000011
01100000
00000011
10100000
00000011
01100000
00000011
,
02020011
00000000
00000000
03030000
,
10000011
01000000
00100000
00010011
00000000
00010000
00100000
00000000
,
00100011
01000000
10000000
00100011
00000000
01000000
00010000
00000000
,
10000011
01000000
00100000
00000011
01000000
00000000
00010000
00000000
,
00100011
00010000
01000000
00100011
00000000
10000011
10000000
00000000
,
00010011
00100000
00010000
10000011
00000000
10000000
00000000
00000000
,
10000011
00010000
00100000
00000011
01000000
00000011
01000000
00000000
,
11000011
00000000
00110000
00000000
,
22220000
00000000
33330000
00000000
,
00000000
00000000
00010011
00000000
10000000
01000011
00000000
01000000
,
00000000
01000000
10000011
00000000
00010000
01000011
00000000
01000000
,
00000000
01000000
00010011
00000000
10000000
01000011
00000000
01000000
,
00000000
01000000
10000011
00000000
01000000
00000011
00100000
00000000
,
00010011
00000000
10010011
00000000
00000000
00000011
00010000
01000000
,
00010000
10000000
00100011
01000000
00010000
00000011
10000000
01000000
,
10000000
00020000
00000011
00000000
00030000
00000011
01000000
10000000
,
00100000
02000000
00000011
03010000
00000000
00000011
10000000
00010000
,
00100000
20020011
00000011
00000000
30030000
00000011
01000000
00010000
,
00100000
02000000
00000011
03100000
00000000
00000011
01000000
10000000
,
00100000
00000000
01000011
00010000
00100011
00010000
02000011
00000000
,
00200011
00000000
00000000
00000011
00000000
00000011
00000000
00000000
,
03300011
00000000
01000011
00010000
00100000
00010011
01000011
00000000
,
00100011
00000000
10010011
00000000
01000000
00100011
00000000
00100000
,
01000000
00000000
10000011
00000000
00010000
00100011
00000000
01000000
,
10000000
00000000
10010011
00000000
00100000
01000011
00000000
00100000
,
10000000
00000000
00010011
01000000
10000000
01000011
00000000
01000000
,
10010011
00000000
00010011
01000000
00010000
01000011
00000000
10000000
,
01000000
10000000
00000011
01000000
00000000
10010011
00000000
00000000
,
10000000
00000011
10000011
00100000
10000000
00100011
00010000
00100000
,
00010000
00100000
00000011
10000000
00000000
01000011
00000000
00000000
,
01000011
00000000
00010011
00000000
00010000
10000011
00000000
10000000
,
00000000
00000000
01000011
00000000
01000000
10000011
00000000
10000000
,
00000000
10010011
01100011
00110011
,
01100011
22000011
00000000
00000011
,
33000011
00000000
10000011
00100000
10000000
00100011
00000000
00010000
,
00100000
00010000
00000011
00100000
00000000
10010011
00000000
00000000
,
00010011
00000000
00010011
01000000
00010000
01000011
10000000
01000000
,
10000000
01000000
00000011
00010000
00000000
00100011
00000000
00000011
,
00100000
00000000
10000011
00000000
10000000
00010011
00000000
00010000
,
00000000
01000000
00000011
00000000
01000000
00100011
00000000
00100000
,
00000000
00000000
10010011
00000011
01100000
00000011
10100000
00000011
,
01100000
00000011
10000011
01000000
00100000
00010000
20000000
00000000
,
30010000
00000000
01010011
00000011
10100000
00000011
01100000
00000011
,
10010000
00000011
00010011
00100000
01000000
10000000
00020000
00000000
,
10030000
00000000
10100011
00000011
01010000
00000011
00110000
00000011
,
11000000
00000011
10000011
00100000
01000000
00010000
20000000
00000000
,
31110000
00000000
00000000
00000000
;

//---------------dance-single - M. Puls----------------
#NOTES:
     dance-single:
     M. Puls:
     Beginner:
     1:
     0.069,0.000,0.000,0.000,0.000,58.000,0.000,0.000,0.000,0.000,0.000:



0000
0000
0000
0000
,
0000
0000
0000
0000
,
0000
0000
0000
0000
,
0000
0000
0000
0000
,
0100
0000
0000
0000
,
0000
0000
0000
0000
,
0100
0000
0000
0000
,
0010
0000
0000
0000
,
0010
0000
0000
0000
,
0001
0000
0000
0000
,
0000
0000
0000
0000
,
1000
0000
0000
0000
,
0001
0000
0000
0000
,
0010
0000
0000
0000
,
0100
0000
0000
0000
,
1000
0000
0000
0000
,
1000
0000
0000
0000
,
0100
0000
0000
0000
,
0010
0000
0000
0000
,
0001
0000
0000
0000
,
0000
0000
0000
0000
,
1000
0000
0000
0000
,
0001
0000
0000
0000
,
0100
0000
0000
0000
,
0000
0000
0000
0000
,
0001
0000
0000
0000
,
1000
0000
0000
0000
,
0010
0000
0000
0000
,
0000
0000
0000
0000
,
0100
0000
0000
0000
,
0010
0000
0000
0000
,
0100
0000
0000
0000
,
0000
0000
0000
0000
,
1000
0000
0000
0000
,
0001
0000
0000
0000
,
1000
0000
0000
0000
,
0100
0000
0000
0000
,
0100
0000
0000
0000
,
0100
0000
0000
0000
,
0100
0000
0000
0000
,
0000
0000
0000
0000
,
0000
0000
0000
0000
,
0000
1000
0000
0000
,
0000
0100
0000
0000
,
0000
1000
0000
0000
,
0000
0001
0000
0000
,
0000
0010
0000
0000
,
0000
0001
0000
0000
,
0000
0000
0000
0000
,
0000
0001
0000
0000
,
0000
1000
0000
1000
,
0000
1000
0000
0000
,
0000
1000
0000
0000
,
0000
0001
0000
0001
,
0000
0001
0000
0000
,
0000
0000
0000
0000
,
0000
0100
0000
0000
,
0000
0010
0000
0000
,
0000
0100
0000
0000
,
0000
0010
0000
0000
,
0000
1000
0000
0000
,
0000
0001
0000
0000
,
0000
1000
0000
0000
,
0000
0001
0000
0000
,
0000
1000
0000
0000
,
0000
1000
0000
0000
,
0000
0010
0000
0000
,
0000
0100
0000
0000
,
0000
0001
0000
0000
,
0000
1000
0000
0000
;
