#TITLE:Perfect;
#SUBTITLE:;
#ARTIST:Sammi Morelli;
#TITLETRANSLIT:;
#SUBTITLETRANSLIT:;
#ARTISTTRANSLIT:;
#GENRE:;
#CREDIT:;
#BANNER:perfect-banner.png;
#BACKGROUND:Perfect-bg.png;
#LYRICSPATH:;
#CDTITLE:;
#MUSIC:Sammi Morelli - Perfect.ogg;
#OFFSET:-0.642;
#SAMPLESTART:39.240;
#SAMPLELENGTH:16.800;
#SELECTABLE:YES;
#DISPLAYBPM:100.000;
#BPMS:0.000=99.970;
#STOPS:;
#BGCHANGES:0.000=Perfect-bg.png=1.000=0=0=1=====,
8.000=VOL1-11-NTSC.mpg=1.000=0=0=1=====,
16.000=VOL1-20-NTSC.mpg=1.000=0=0=1=====,
24.000=VOL1-12-NTSC.mpg=1.000=0=0=1=====,
32.000=jb_042.mpg=1.000=0=0=1=====,
40.000=VOL1-47-NTSC.mpg=1.000=0=0=1=====,
48.000=vol4-14-ntsc.mpg=1.000=0=0=1=====,
56.000=vol4-03-ntsc.mpg=1.000=0=0=1=====,
66.000=vol3-24-ntsc.mpg=1.000=0=0=1=====,
72.000=vol4-08-ntsc.mpg=1.000=0=0=1=====,
82.000=vol4-13-ntsc.mpg=1.000=0=0=1=====,
88.000=vol3-19-ntsc.mpg=1.000=0=0=1=====,
96.000=VOL1-20-NTSC.mpg=1.000=0=0=1=====,
104.000=VOL1-17-NTSC.mpg=1.000=0=0=1=====,
112.000=VOL1-08-NTSC.mpg=1.000=0=0=1=====,
120.000=VOL1-25-NTSC.mpg=1.000=0=0=1=====,
128.000=VOL1-32-NTSC.mpg=1.000=0=0=1=====,
136.000=vol4-13-ntsc.mpg=1.000=0=0=1=====,
143.000=VOL1-12-NTSC.mpg=1.000=0=0=1=====,
151.000=jb_042.mpg=1.000=0=0=1=====,
159.000=vol4-10-ntsc.mpg=1.000=0=0=1=====,
167.000=vol3-20-ntsc.mpg=1.000=0=0=1=====,
175.000=VOL1-20-NTSC.mpg=1.000=0=0=1=====,
183.000=vol3-19-ntsc.mpg=1.000=0=0=1=====,
191.000=vol4-08-ntsc.mpg=1.000=0=0=1=====,
199.000=VOL1-20-NTSC.mpg=1.000=0=0=1=====,
204.750=Perfect-bg.png=1.000=0=0=1=====,
206.000=Perfect-bg.png=1.000=0=0=1=====,
99999=-nosongbg-=1.000=0=0=0 // don't automatically add -songbackground-
;
#KEYSOUNDS:;
// cache tags:
#FIRSTBEAT:8.000;
#LASTBEAT:206.000;
#SONGFILENAME:/Songs/In The Groove/Perfect/Perfect.sm;
#HASMUSIC:1;
#HASBANNER:1;
#MUSICLENGTH:124.865;
// end cache tags

//---------------dance-single - R. McKanna----------------
#NOTES:
     dance-single:
     R. McKanna:
     Easy:
     3:
     0.186,0.000,0.088,0.024,0.000,149.000,11.000,3.000,0.000,0.000,0.000:



0000
0000
0000
0000
,
0000
0000
0000
0000
,
0020
0000
0000
0000
,
0000
0000
0000
0030
,
1000
0000
1000
0000
,
0100
0000
0100
0000
,
0010
0000
0010
0000
,
0001
0001
0001
0000
,
1000
0000
0001
0000
,
0100
0100
0010
0000
,
1000
0000
0001
0000
,
0100
0100
0010
1000
,
0001
0000
1000
0000
,
0010
0010
0100
0000
,
0001
0000
1000
0000
,
0010
0010
0100
0001
,
1000
0001
1000
0001
1000
0000
0100
0000
,
0001
0000
1000
0100
,
0001
0000
1000
0100
,
0001
0001
0010
1000
,
1000
0000
0001
0100
,
1000
0000
0001
0100
,
1000
0000
0001
0100
,
1000
1000
0010
0001
,
0001
0000
0001
0000
,
0010
0000
0010
0000
,
0100
0000
0100
0000
,
1000
1000
1000
0000
,
0100
0000
0100
0001
,
1000
0000
0001
0100
,
1000
0000
0100
0000
,
0001
0001
0010
0100
,
1000
0000
0001
0010
,
0100
0000
0010
1001
,
0110
1001
0110
1001
,
0110
2002
0003
3100
,
0100
0000
0001
0000
,
0001
1000
0001
0000
1000
0001
1000
0000
,
0010
0001
1000
0100
,
0010
1001
0110
0001
,
0001
0010
0000
0010
,
0010
0100
0000
0100
,
0100
1000
0000
1000
,
0100
1001
0100
0100
,
0001
0010
0000
0100
,
0001
0010
0000
0100
,
0001
0010
0010
1000
,
0100
0100
0000
0010
,
0001
0100
0000
0010
,
0001
0100
0000
0010
,
0001
0100
0100
1000
,
0010
1001
0000
0000
;

//---------------dance-single - R. McKanna----------------
#NOTES:
     dance-single:
     R. McKanna:
     Hard:
     8:
     0.419,0.000,0.208,0.024,0.308,337.000,26.000,3.000,0.000,0.000,0.000:



0000
0000
0000
0000
,
0000
0000
0000
0000
,
2000
0000
0001
0000
,
3001
0000
0002
0000
1000
1000
1000
1000
,
1003
0000
0000
0000
0100
0000
0000
0100
0000
0000
0000
0000
1000
0000
1000
0000
,
0010
0000
0000
0000
0100
0000
0000
0100
0000
0000
0001
0000
0100
0000
0001
0000
,
1000
0000
0000
0000
0001
0000
0000
0001
0000
0000
0000
0000
0100
0000
0100
0000
,
0010
0000
0000
0000
1000
0000
0000
1000
0000
0000
0010
0000
0100
0000
0010
0000
,
0100
0000
0001
0000
0010
0000
0000
0001
0000
0010
0001
0000
0010
0000
0000
0000
,
0100
0000
1000
0000
0010
0000
0000
1000
0000
0010
1000
0000
0010
0000
0100
0000
,
0001
0000
0010
0000
0100
0000
0000
0010
0000
0100
0010
0000
0100
0000
0000
0000
,
1000
0000
0010
0000
0100
0000
0000
0010
0000
0100
0010
0000
0100
0000
0001
0000
,
0010
0000
0100
0000
1000
0000
0000
0100
0000
1000
0100
0000
1000
0000
0000
0000
,
0010
0000
0100
0000
0001
0000
0000
0100
0000
0001
0100
0000
0001
0000
0010
0000
,
0100
0000
1000
0000
0010
0000
0000
1000
0000
0010
1000
0000
0010
0000
0000
0000
,
0100
0000
0001
0000
0010
0000
0000
0001
0000
0010
0001
0000
0010
0000
0100
0000
,
1000
0000
1001
0000
1000
0000
1001
0000
1000
0000
0000
0000
0100
1000
0000
0100
,
0000
0000
0001
0000
1001
0000
0000
0000
0001
0000
0000
0000
0010
0001
0000
0010
,
0000
0000
1000
0000
1001
0000
0000
0000
1000
0100
0000
0010
0001
0000
0100
0000
,
0010
0000
1000
0000
0010
0000
0100
0000
0001
0010
0000
0100
1000
0000
0001
0000
,
0110
0000
0000
0000
1001
0000
0000
0000
0001
0000
0000
0000
0010
0001
0000
0010
,
0000
0000
1000
0000
1001
0000
0000
0000
1000
0000
0000
0000
0100
1000
0000
0100
,
0000
0000
0001
0000
1001
0000
0000
0000
0001
0010
0000
0100
1000
0000
0010
0000
,
0100
0000
0001
0000
0100
0000
0010
0000
1000
0100
0000
0010
0001
0000
1000
0000
,
0001
0000
0000
0000
0010
0000
0000
0010
0000
0000
0000
0000
0001
0000
0001
0000
,
0100
0000
0000
0000
0010
0000
0000
0010
0000
0000
1000
0000
0010
0000
1000
0000
,
0001
0000
0000
0000
1000
0000
0000
1000
0000
0000
0000
0000
0010
0000
0010
0000
,
0100
0000
0001
0000
0100
0000
0001
0100
0000
0000
0000
0000
0000
0000
0000
0000
,
0010
0000
1000
0000
0100
0000
1000
0010
0000
1000
0100
0000
1000
0000
0010
0000
,
0100
0000
0001
0000
0010
0000
0001
0100
0000
0001
0010
0000
0001
0000
0100
0000
,
0010
0000
1000
0000
0100
0000
1000
0010
0000
1000
0100
0000
1000
0000
0010
0000
,
0100
0000
0001
0000
0010
0000
0001
0100
0000
0001
0010
0000
0001
0000
0100
0000
,
0010
0000
0000
0000
0000
0000
1000
0000
0000
0001
0000
0000
0000
0000
0001
0000
,
0100
0000
0000
0010
0000
0010
1000
0000
,
1001
0100
0101
0100
0110
0100
0101
0100
,
1001
0000
0000
0000
0010
0000
0000
0000
1001
0000
0000
0000
0001
0010
0100
0000
,
0001
0010
0100
0000
1000
0000
0000
0000
0101
0000
0100
0000
0001
0000
0000
0000
,
1000
0100
0010
0100
1000
0000
0000
0000
0001
0100
0010
0100
0001
0000
0000
0000
,
1100
0000
0110
0000
0011
0001
0100
0010
,
1000
0010
0100
0000
1001
0000
1000
1000
,
0100
0000
0100
0010
0000
0000
0000
0000
1000
0000
1000
0000
0100
0000
0100
0000
,
0010
0000
0010
0001
0000
0000
0000
0001
0010
0000
0010
0000
0001
0000
0001
0000
,
0010
0000
0010
0100
0000
0000
0000
0000
0001
0000
0001
0000
0010
0000
0010
0000
,
0100
0000
0100
1000
0000
0000
0000
0000
1001
0000
0000
0000
0001
0000
0000
0000
,
0100
0001
0000
0100
0000
0000
1000
0000
1001
0000
0000
0000
1000
0000
0000
0000
,
0010
1000
0000
0010
0000
0000
0001
0000
1001
0000
0000
0000
0001
0100
0000
0010
,
1000
0000
0100
0000
0010
0000
0001
0000
0010
0000
0100
0000
1000
0010
0000
0100
,
0001
1000
0110
0000
1001
0000
1000
0000
,
0010
1000
0000
0010
0000
0000
0001
0000
1001
0000
0000
0000
0001
0000
0000
0000
,
0100
0001
0000
0100
0000
0000
1000
0000
1001
0000
0000
0000
1000
0010
0000
0100
,
0001
0000
0010
0000
0100
0000
1000
0000
0100
0000
0010
0000
0001
0100
0000
0010
,
1000
0000
0001
2000
0000
0000
0000
0000
3000
0000
0000
0000
0000
0000
0000
0000
;

//---------------dance-single - R. McKanna----------------
#NOTES:
     dance-single:
     R. McKanna:
     Medium:
     5:
     0.293,0.000,0.120,0.080,0.036,231.000,15.000,10.000,0.000,0.000,0.000:



0000
0000
0000
0000
,
0000
0000
0000
0000
,
2000
0000
0001
0000
,
0001
0000
0000
0000
0001
0001
0001
0001
,
3001
0000
0000
0000
0020
0000
0000
0130
0000
0000
0000
0000
1000
0000
0000
0000
,
0001
0000
0000
0000
0020
0000
0000
0130
0000
0000
0000
0000
1000
0000
0000
0000
,
1000
0000
0000
0000
0200
0000
0000
0310
0000
0000
0000
0000
0001
0000
0000
0000
,
1000
0000
0000
0000
0200
0000
0000
0310
0000
0000
0000
0000
0001
0000
0000
0000
,
0001
0000
0100
0000
0010
0000
1000
0100
,
0010
0001
0100
0000
,
0001
0000
0100
0000
0010
0000
1000
0001
,
0010
0100
0100
1001
,
0100
0000
0001
0000
0010
0000
0100
0010
,
0001
0100
1000
0000
,
0001
0000
0010
0000
0100
0000
1000
0100
,
0010
0001
0100
1001
,
0100
0100
0100
0100
0100
0000
0100
0010
,
0100
0000
1001
0000
0010
0000
0100
0010
,
0100
0000
1001
0000
1000
0100
0010
0000
,
0001
0000
0100
1000
0010
0000
0100
0000
,
1001
0000
0000
0000
0010
0000
0010
0100
,
0010
0000
1001
0000
0100
0000
0010
0100
,
0010
0000
1001
0000
0001
0010
0100
0000
,
1000
0000
0010
0001
0100
0000
0010
0000
,
0110
0000
0000
0000
2000
0000
0000
3001
0000
0000
0000
0000
0100
0000
0000
0000
,
0010
0000
0000
0000
2000
0000
0000
3001
0000
0000
0000
0000
0100
0000
0000
0000
,
0100
0000
0000
0000
0002
0000
0000
1003
0000
0000
0000
0000
0010
0000
0000
0000
,
0100
0000
0000
0000
0002
0000
0000
1003
0000
0000
0000
0000
0000
0000
0000
0000
,
0100
0100
0100
0000
0010
0000
0001
0000
,
0100
0100
0100
0000
0010
0000
1000
0000
,
0100
0100
0100
0000
1000
0000
0001
0000
,
0100
0100
0100
0000
0010
0000
0010
0000
,
1000
1000
1000
0000
0100
0000
1000
0000
,
0001
0001
0001
0000
0100
0000
1000
0000
,
0010
0100
0010
0100
0010
0100
0010
0100
,
0001
0000
1001
0000
0000
0000
1000
1000
,
0001
0001
0000
0000
0100
0000
0000
0000
,
0100
0010
1000
0000
0001
0010
0001
0000
,
1000
0000
1000
0000
0100
0010
0100
0000
,
0100
1001
0100
1000
,
0100
0000
0010
0000
0001
0010
0100
0000
,
1000
0000
0100
0000
0001
0010
0100
0000
,
0001
0000
0010
0000
1000
0100
0010
0000
,
1000
0100
0010
0100
1000
0000
0100
0000
,
0100
0010
0100
0000
1001
0000
0010
0000
,
0100
0010
0100
0000
1001
0000
1000
0100
,
0010
0000
0001
0000
0100
1000
0010
0000
,
0100
1001
0000
0010
,
0010
0100
0010
0000
1001
0000
0100
0000
,
0010
0100
0010
0000
1001
0000
0001
0010
,
0100
0000
1000
0000
0010
0001
0100
0000
,
0010
0000
0000
0200
0000
0000
0000
0000
0300
0000
0000
0000
0000
0000
0000
0000
;

//---------------dance-double - R. McKanna----------------
#NOTES:
     dance-double:
     R. McKanna:
     Hard:
     8:
     0.414,0.000,0.168,0.024,0.308,338.000,21.000,3.000,0.000,0.000,0.000:



00000000
00000000
00000000
00000000
,
00000000
00000000
00000000
00000000
,
00000200
00000000
00001000
00000000
,
00001300
00000000
00020000
00000000
00001000
00001000
00001000
00001000
,
00031000
00000000
00000000
00000000
00000100
00000000
00000000
00000100
00000000
00000000
00000000
00000000
00000001
00000000
00000001
00000000
,
00000010
00000000
00000000
00000000
00000100
00000000
00000000
00000100
00000000
00000000
00001000
00000000
00001000
00000000
00000010
00000000
,
00010000
00000000
00000000
00000000
00010000
00000000
00000000
00010000
00000000
00000000
00000000
00000000
00001000
00000000
00001000
00000000
,
00100000
00000000
00000000
00000000
01000000
00000000
00000000
01000000
00000000
00000000
10000000
00000000
00100000
00000000
01000000
00000000
,
00010000
00000000
00100000
00000000
00001000
00000000
00000000
00010000
00000000
00001000
00010000
00000000
00000100
00000000
00000000
00000000
,
00000100
00000000
00001000
00000000
00000010
00000000
00000000
00001000
00000000
00000010
00001000
00000000
00000010
00000000
00000100
00000000
,
00000001
00000000
00000010
00000000
00000100
00000000
00000000
00000010
00000000
00000100
00000010
00000000
00000100
00000000
00000000
00000000
,
00010000
00000000
00001000
00000000
01000000
00000000
00000000
00001000
00000000
01000000
00001000
00000000
01000000
00000000
00010000
00000000
,
00100000
00000000
01000000
00000000
10000000
00000000
00000000
01000000
00000000
10000000
01000000
00000000
10000000
00000000
00000000
00000000
,
00100000
00000000
01000000
00000000
00010000
00000000
00000000
01000000
00000000
00010000
01000000
00000000
00010000
00000000
00100000
00000000
,
00001000
00000000
00010000
00000000
00000010
00000000
00000000
00010000
00000000
00000010
00010000
00000000
00000010
00000000
00000000
00000000
,
00000100
00000000
00000001
00000000
00000010
00000000
00000000
00000001
00000000
00000010
00000001
00000000
00000010
00000000
00000100
00000000
,
00010000
00000000
00001000
00000000
01000000
00000000
00100000
00000000
10000000
00000000
00000000
00000000
01000000
10000000
00000000
01000000
,
00000000
00000000
00010000
00000000
10010000
00000000
00000000
00000000
00010000
00000000
00000000
00000000
00100000
00010000
00000000
00100000
,
00000000
00000000
10000000
00000000
10010000
00000000
00000000
00000000
10000000
01000000
00000000
00100000
00010000
00000000
01000000
00000000
,
00001000
00000000
00010000
00000000
00000100
00000000
00001000
00000000
00000001
00000010
00000000
00000100
00001000
00000000
00000001
00000000
,
00000110
00000000
00000000
00000000
00001001
00000000
00000000
00000000
00001000
00000000
00000000
00000000
00000100
00001000
00000000
00000100
,
00000000
00000000
00000001
00000000
00001001
00000000
00000000
00000000
00000001
00000000
00000000
00000000
00000010
00000001
00000000
00000010
,
00000000
00000000
00001000
00000000
00001001
00000000
00000000
00000000
00001000
00000100
00000000
00000010
00000001
00000000
00000100
00000000
,
00000010
00000000
00010000
00000000
00001000
00000000
00100000
00000000
00010000
00100000
00000000
01000000
10000000
00000000
00010000
00000000
,
10000000
00000000
00000000
00000000
00100000
00000000
00000000
00100000
00000000
00000000
00000000
00000000
00010000
00000000
00010000
00000000
,
00001000
00000000
00000000
00000000
00010000
00000000
00000000
00010000
00000000
00000000
00001000
00000000
01000000
00000000
00001000
00000000
,
00010000
00000000
00000000
00000000
00001000
00000000
00000000
00001000
00000000
00000000
00000000
00000000
00010000
00000000
00000100
00000000
,
00010000
00000000
00001000
00000000
00010000
00000000
00000100
00001000
00000000
00000000
00000000
00000000
00000001
00000000
00000000
00000000
,
00000100
00000000
00000001
00000000
00000010
00000000
00000001
00000100
00000000
00000001
00000010
00000000
00000001
00000000
00000100
00000000
,
00000010
00000000
00001000
00000000
00000100
00000000
00001000
00000010
00000000
00001000
00000100
00000000
00010000
00000000
00001000
00000000
,
00100000
00000000
00010000
00000000
01000000
00000000
00010000
00100000
00000000
00010000
01000000
00000000
00100000
00000000
10000000
00000000
,
01000000
00000000
10000000
00000000
00100000
00000000
10000000
01000000
00000000
10000000
00100000
00000000
10000000
00000000
01000000
00000000
,
00100000
00000000
00000000
00000000
00000000
00000000
00010000
00000000
00000000
10000000
00000000
00000000
00000000
00000000
00010000
00000000
,
01000000
00000000
00000000
00100000
00000000
00100000
10000000
00000000
,
10010000
01000000
00010000
00100000
00001000
00010000
00000100
00001000
,
00001001
00000000
00000000
00000000
00000100
00000000
00000000
00000000
00001001
00000000
00000000
00000000
00001000
00000100
00000010
00000000
,
00001000
00000100
00000010
00000000
00000001
00000000
00000000
00000000
00001010
00000000
00000010
00000000
00001000
00000000
00000000
00000000
,
00000001
00000010
00000100
00000010
00000001
00000000
00000000
00000000
00001000
00000010
00000100
00000010
00001000
00000000
00000000
00000000
,
00001100
00000000
00011000
00000000
00110000
00010000
01000000
00100000
,
10000000
00100000
01000000
00000000
10010000
00000000
10000000
10000000
,
01000000
00000000
01000000
00100000
00000000
00000000
00000000
00000000
00100000
00000000
00100000
00000000
00001000
00000000
00001000
00000000
,
00010000
00000000
00010000
00001000
00000000
00000000
00000000
00001000
00010000
00000000
00010000
00000000
00000100
00000000
00000100
00000000
,
00001000
00000000
00001000
00000001
00000000
00000000
00000000
00000000
00000001
00000000
00000001
00000000
00000010
00000000
00000010
00000000
,
00000100
00000000
00000100
00001000
00000000
00000000
00000000
00000000
00001001
00000000
00000000
00000000
00000001
00000000
00000000
00000000
,
00000010
00000001
00000000
00000010
00000000
00000000
00001000
00000000
00001001
00000000
00000000
00000000
00001000
00000000
00000000
00000000
,
00000100
00001000
00000000
00000100
00000000
00000000
00000001
00000000
00001001
00000000
00000000
00000000
00000001
00000010
00000000
00000100
,
00001000
00000000
00000010
00000000
00010000
00000000
00001000
00000000
00100000
00000000
00010000
00000000
10000000
01000000
00000000
00100000
,
00010000
10000000
01100000
00000000
10010000
00000000
10000000
00000000
,
01000000
10000000
00000000
01000000
00000000
00000000
00010000
00000000
10010000
00000000
00000000
00000000
00010000
00000000
00000000
00000000
,
00100000
00010000
00000000
00100000
00000000
00000000
10000000
00000000
10010000
00000000
00000000
00000000
10000000
01000000
00000000
00100000
,
00010000
00000000
01000000
00000000
00001000
00000000
00010000
00000000
00000100
00000000
00001000
00000000
00000001
00000010
00000000
00000100
,
00001000
00000000
00000001
00000020
00000000
00000000
00000000
00000000
00000030
00000000
00000000
00000000
00000000
00000000
00000000
00000000
;

//---------------dance-double - R. McKanna----------------
#NOTES:
     dance-double:
     R. McKanna:
     Medium:
     6:
     0.291,0.000,0.104,0.080,0.036,231.000,13.000,10.000,0.000,0.000,0.000:



00000000
00000000
00000000
00000000
,
00000000
00000000
00000000
00000000
,
00000000
00002000
00010000
00000000
,
00010000
00000000
00000000
00000000
00010000
00010000
00010000
00010000
,
00013000
00000000
00000000
00000000
00000200
00000000
00000000
00000310
00000000
00000000
00000000
00000000
00000001
00000000
00000000
00000000
,
00001000
00000000
00000000
00000000
00000200
00000000
00000000
00000310
00000000
00000000
00000000
00000000
00000001
00000000
00000000
00000000
,
00000001
00000000
00000000
00000000
00000020
00000000
00000000
00000130
00000000
00000000
00000000
00000000
00001000
00000000
00000000
00000000
,
00000001
00000000
00000000
00000000
00000020
00000000
00000000
00000130
00000000
00000000
00000000
00000000
00010000
00000000
00000000
00000000
,
00001000
00000000
01000000
00000000
00100000
00000000
10000000
01000000
,
00100000
00010000
01000000
00000000
,
00010000
00000000
01000000
00000000
00100000
00000000
10000000
00010000
,
00100000
01000000
01000000
10010000
,
01000000
00000000
00010000
00000000
00001000
00000000
00000100
00000001
,
00000010
00000100
00001000
00000000
,
00001000
00000000
00000100
00000000
00000010
00000000
00000001
00000010
,
00000100
00001000
00000010
00001001
,
00000010
00000010
00000010
00000010
00000010
00000000
00000010
00000100
,
00000010
00000000
00001001
00000000
00000100
00000000
00000010
00000100
,
00001000
00000000
00011000
00000000
00010000
01000000
00100000
00000000
,
00010000
00000000
01000000
00100000
10000000
00000000
00010000
00000000
,
10010000
00000000
00000000
00000000
00100000
00000000
00100000
01000000
,
00100000
00000000
10010000
00000000
01000000
00000000
00100000
01000000
,
00010000
00000000
00011000
00000000
00001000
00000100
00000010
00000000
,
00000001
00000000
00000010
00001000
00000100
00000000
00000010
00000000
,
00000110
00000000
00000000
00000000
00002000
00000000
00000000
00013000
00000000
00000000
00000000
00000000
01000000
00000000
00000000
00000000
,
00100000
00000000
00000000
00000000
00002000
00000000
00000000
00013000
00000000
00000000
00000000
00000000
00000100
00000000
00000000
00000000
,
00000010
00000000
00000000
00000000
00002000
00000000
00000000
00013000
00000000
00000000
00000000
00000000
00100000
00000000
00000000
00000000
,
01000000
00000000
00000000
00000000
00002000
00000000
00000000
00013000
00000000
00000000
00000000
00000000
00000000
00000000
00000000
00000000
,
01000000
01000000
01000000
00000000
00100000
00000000
00001000
00000000
,
00010000
00010000
00010000
00000000
00000010
00000000
00000100
00000000
,
00000001
00000001
00000001
00000000
00000010
00000000
00000100
00000000
,
00010000
00010000
00010000
00000000
00001000
00000000
00100000
00000000
,
01000000
01000000
01000000
00000000
10000000
00000000
00100000
00000000
,
00010000
00010000
00010000
00000000
00001000
00000000
00010000
00000000
,
00001000
00010000
00001000
00010000
00001000
00010000
00001000
00010000
,
00001000
00000000
00101000
00000000
00000000
00000000
00010000
00010000
,
00100000
00100000
00000000
00000000
00010000
00000000
00000000
00000000
,
00010000
00001000
00000100
00000000
00001000
00010000
01000000
00000000
,
10000000
00000000
10000000
00000000
01000000
00100000
01000000
00000000
,
01000000
10010000
01000000
00010000
,
00001000
00000000
00000100
00000000
00000010
00001000
00000100
00000000
,
00000010
00000000
00000001
00000000
00001000
00000100
00000010
00000000
,
00000001
00000000
00001000
00000000
00000001
00000010
00000100
00000000
,
00000001
00000010
00000100
00000010
00000001
00000000
00000010
00000000
,
00000010
00000100
00000010
00000000
00000100
00000000
00010000
00000000
,
00001000
00010000
01000000
00000000
10010000
00000000
10000000
01000000
,
00100000
00000000
00010000
00000000
01000000
00100000
10000000
00000000
,
01000000
10010000
00000000
00100000
,
00100000
01000000
00100000
00000000
00100000
00000000
00001000
00000000
,
00010000
00001000
00000100
00000000
00001001
00000000
00000010
00000100
,
00001000
00000000
00000001
00000000
00000010
00001000
00000100
00000000
,
00000010
00000000
00000000
00000200
00000000
00000000
00000000
00000000
00000300
00000000
00000000
00000000
00000000
00000000
00000000
00000000
;

//---------------dance-double - R. McKanna----------------
#NOTES:
     dance-double:
     R. McKanna:
     Easy:
     3:
     0.190,0.000,0.112,0.024,0.000,149.000,14.000,3.000,0.000,0.000,0.000:



00000000
00000000
00000000
00000000
,
00000000
00000000
00000000
00000000
,
00200000
00000000
00000000
00000000
,
00000000
00000000
00000000
00300000
,
10000000
00000000
10000000
00000000
,
01000000
00000000
01000000
00000000
,
00100000
00000000
00100000
00000000
,
00001000
00001000
00001000
00000000
,
00010000
00000000
00001000
00000000
,
00000010
00000010
00000100
00000000
,
00001000
00000000
00000001
00000000
,
00000010
00000010
00000100
00001000
,
00000001
00000000
00000001
00000000
,
00000100
00000100
00000010
00000000
,
00001000
00000000
00000001
00000000
,
00000100
00000100
00000010
00001000
,
00000001
00001000
00000001
00001000
00000001
00000000
00000010
00000000
,
00001000
00000000
00010000
01000000
,
10000000
00000000
10000000
01000000
,
00010000
00010000
00100000
10000000
,
10000000
00000000
10000000
01000000
,
00010000
00000000
00001000
00000010
,
00000001
00000000
00001000
00000010
,
00000001
00000010
00000100
00001000
,
00010000
00000000
00100000
00000000
,
10000000
00000000
00100000
00000000
,
01000000
00000000
01000000
00000000
,
00010000
00010000
00010000
00000000
,
01000000
00000000
01000000
00010000
,
10000000
00000000
00010000
01000000
,
10000000
00000000
01000000
00000000
,
00010000
01000000
00100000
10000000
,
00010000
00000000
00010000
00100000
,
01000000
00000000
00100000
10010000
,
00110000
00011000
00001100
00001001
,
00000110
00002002
00003000
00000103
,
00000100
00000000
00001000
00000000
,
00010000
00001000
00010000
00000000
00001000
00010000
00001000
00000000
,
00001100
00011000
00110000
00010000
,
00100000
10010000
01100000
00010000
,
00010000
00001000
00000000
00001000
,
00001000
00000100
00000000
00000100
,
00000100
00000001
00000000
00001000
,
00000010
00001001
00000100
00000100
,
00001000
00100000
00000000
01000000
,
10000000
00010000
00000000
01000000
,
00010000
00100000
00100000
01000000
,
10000000
10000000
00000000
00100000
,
00010000
00001000
00000000
00100000
,
00010000
00001000
00000000
00100000
,
00010000
00001000
00001000
00000100
,
00000010
00001001
00000000
00000000
;

//---------------dance-couple - BASIC----------------
#NOTES:
     dance-couple:
     BASIC:
     Easy:
     3:
     0.302,0.000,0.801,0.048,0.000,148.000,100.000,6.000,0.000,5.000,0.000:



00000000
00000000
00000000
00000000
,
00000000
00000000
00000000
00000000
,
00200020
00000000
00000000
00000000
,
00000000
00000000
00000000
00300030
,
10000001
00000000
10000001
00000000
,
01000100
00000000
01000100
00000000
,
00100010
00000000
00100010
00000000
,
00011000
00011000
00011000
00000000
,
10000001
00000000
00001000
00000000
,
10000100
00000100
00000010
00000000
,
10000001
00000000
00010000
00000000
,
01000001
01000000
00100000
10000000
,
00010001
00000000
10000001
00000000
,
00100010
00100010
01000100
00000000
,
00011000
00000000
10000001
00000000
,
00100010
00100010
01000100
00011000
,
10000001
00011000
10000001
00011000
10000001
00000000
00000100
00000000
,
00001000
00000000
10000000
01000000
,
00010000
00000000
00001000
00000100
,
00000001
00010001
00100010
10001000
,
10001000
00000000
00010000
01000000
,
10000000
00000000
00000001
00000100
,
00001000
00000000
00010000
01000000
,
10000000
10001000
00100010
00010001
,
00010001
00000000
00011000
00000000
,
00100010
00000000
00100010
00000000
,
01000100
00000000
01000100
00000000
,
10000001
10000001
10000001
00000000
,
01000100
00000000
01000100
00011000
,
10000001
00000000
00011000
01000100
,
10000001
00000000
01000100
00000000
,
00011000
00011000
00100010
01000100
,
10000001
00000000
00011000
00100010
,
01000100
00000000
00100010
10010000
,
00001001
10010000
00001001
10010000
,
00001001
20022002
00000000
30033003
,
01000100
00000000
00011000
00000000
,
10000000
00010000
10000000
00000000
00001000
00000001
00001000
00000000
,
00100010
00010001
10001000
01000100
,
00100010
10010110
01101001
00010001
,
00010001
00100010
00000000
00100010
,
00100010
01000100
00000000
01000100
,
01000100
10001000
00000000
10001000
,
01000100
10011001
01000100
01000000
,
00010000
00100000
00000000
00000100
,
00000001
00000010
00000000
01000000
,
00010000
00100000
00100010
10001000
,
01000100
01000100
00000000
00000010
,
00000001
00000100
00000000
00100000
,
00010000
01000000
00000000
00000010
,
00000001
00000100
01000100
10001000
,
00100010
10011001
00000000
00000000
;

//---------------dance-double - M. Emirzian----------------
#NOTES:
     dance-double:
     M. Emirzian:
     Challenge:
     9:
     0.574,0.000,0.200,0.024,0.541,474.000,25.000,3.000,3.000,0.000,0.000:



00000000
00000000
00000000
00000000
,
00000000
00000000
00000000
00000000
,
00000000
00000000
00000000
00000000
,
00000000
00000000
00000000
00000000
,
00010000
00000000
00001000
01000000
00001000
00000000
00010000
00100000
00000000
01000000
00000000
00001000
01000000
00000000
00100000
00000000
,
10000000
00000000
01000000
00100000
00001000
00000000
00100000
01000000
00000000
10000000
00000000
00010000
01000000
00100000
10000000
00000000
,
01000000
00000000
00100000
00001000
00010000
00000000
00000100
00000010
00000000
00000100
00000000
00010000
00000100
00000000
00001000
00000000
,
00000010
00000000
00000100
00000001
00000010
00000000
00000100
00001000
00000000
00000001
00000100
00000000
00001010
00000000
00000101
00000000
,
00000010
00000000
00010000
00000000
00001000
00000000
01000000
00000000
00001000
00100000
00001000
00000000
00010000
00000000
00100000
00000000
,
01000000
00001000
01000000
00000000
00010000
00000000
00100000
00000000
01000000
10000000
00100000
01000000
00010000
00000000
00100000
00000000
,
01000000
00000000
10000000
00000000
00100000
00000000
01000000
00000000
00001000
00010000
00000010
00000000
00001000
00000000
00000100
00000000
,
00000010
00000001
00000100
00000000
00000010
00001000
00000001
00000000
00000010
00000000
00001100
00000000
00000011
00000000
00001001
00000000
,
00000010
00000000
00001000
00000000
00000100
00000000
00010000
00000000
00001000
01000000
00100000
00000000
01000000
00000000
00010000
00000000
,
00100000
00001000
00100000
00000000
00010000
00000000
01000000
00000000
00100000
10000000
01000000
00100000
00010000
00000000
01000000
00000000
,
00001000
00000000
00010000
00000000
00000010
00000000
00001000
00000000
00000100
00010000
00000100
00000000
00001000
00000000
00000010
00000000
,
00000100
00000001
00000010
00000000
00000100
00000000
00001000
00000000
00000001
00000100
00000010
00000000
00010000
00001000
01000000
00100000
,
10000000
00000000
01010000
00000000
10100000
00000000
10010000
00000000
00100000
10000000
01000000
00000000
00100000
00000000
01000000
00100000
,
00001000
00100000
00010000
00000000
01000000
00000000
00100000
00000000
00010000
00001000
01000000
00000000
00001000
00000000
00100000
00001000
,
00010000
00000100
00000010
00000000
00000001
00000000
00000100
00000000
00000010
00010000
00000010
00000000
00001000
00000000
00000100
00000010
,
00000001
00000100
00000010
00000000
00001000
00000000
00000100
00000000
00000010
00000001
00000100
00000000
00000010
00010000
00001000
00000000
,
00100000
01000000
10000000
00100000
01000000
00000000
00010000
00000000
00100000
01000000
10000000
00000000
00100000
00000000
01000000
00001000
,
01000000
00010000
00100000
00000000
01000000
00000000
00100000
00000000
00001000
01000000
00001000
00000000
00010000
00000000
00100000
01000000
,
00001000
01000000
00010000
00000000
00100000
00000000
01000000
00000000
10000000
01000000
00010000
00000000
00001000
00010000
00000010
00000000
,
00001000
00000000
00001100
00000000
00000011
00000000
00000110
00000000
00000100
00000000
00001000
00000001
00000000
00000100
00000010
00010000
,
00000100
00000000
00001000
00000000
00000010
00000000
00000100
00000001
00000000
00000010
00000000
00000100
00010000
00000000
00001000
00000000
,
00100000
00000000
00001000
01000000
00001000
00000000
00010000
00100000
00000000
10000000
00000000
01000000
00100000
00001000
00100000
00000000
,
00010000
00000000
01000000
00000000
00100000
00000000
00010000
00001000
00000000
00100000
00000000
00001000
00010000
00000000
00000100
00000000
,
00000010
00000000
00000001
00000100
00000010
00000000
00001000
00000002
00000000
0000M000
00000000
00000000
00000000
00000000
00000000
00000000
,
00000013
00000000
00000100
00000000
00001000
00000000
00000001
00000100
00000000
00000010
00010000
00000000
00001000
00000000
01000000
00000000
,
00001000
00000000
00010000
00000000
00100000
00000000
10000000
00100000
00000000
01000000
00001000
00000000
01000000
00000000
00100000
00000000
,
10000000
00000000
00010000
00000000
00100000
00000000
01000000
00010000
00000000
00001000
00100000
00000000
00001000
00000000
00010000
00000000
,
00000010
00000000
00001000
00000000
00000100
00000000
00000010
00000001
00000000
00000100
00000010
00000000
00010000
00000000
00000100
00000000
,
00001000
00000010
00000100
00000000
00000001
00000000
00000010
00000000
00000100
00000000
00001000
00000010
00010000
00001000
01000000
00000000
,
00100000
10000000
00010000
00000000
00100000
00000000
01000000
00000000
10000000
00000000
00100000
01000000
00010000
00100000
01000000
00000000
,
10000000
01010000
00100000
00101000
00010000
00011000
00000100
00010010
,
00001010
00000000
00000001
00000000
00000220
00000000
00000000
00000000
00000000
00000000
00000330
00000000
00001MM0
00000001
00000100
00000000
,
00000010
00001000
00000100
00010000
00000000
00100000
00000000
10000000
00010000
00000000
00100000
00000000
01000000
00000000
10000000
00000000
,
00010000
01000000
00001000
00010000
00000010
00000000
00001000
00000000
00000100
00000010
00000001
00001000
00000011
00000000
00000000
00000000
,
00011000
00000000
00000000
00000000
11000000
00000000
00100000
00000000
01000000
00010000
00100000
00000000
01000000
00000000
10000000
00000000
,
10100000
00000000
01000000
00000000
00011000
00000000
00000010
00000000
00000001
00000100
00000010
00001000
00000100
00000000
00000010
00000000
,
00000100
00000000
00010000
00000100
00000000
00010000
00000000
00100000
10000000
00000000
00010000
00000000
01000000
00000000
00001000
00000000
,
00100000
00001000
00010000
01000000
00000000
10000000
00000000
00010000
00000000
01000000
00001000
00010000
00000010
00000000
00001000
00000000
,
00000100
00010000
00000100
00000010
00000000
00000001
00000000
00000100
00000010
00000000
00000100
00000000
00001000
00000000
01000000
00000000
,
00100000
10000000
01000000
00100000
00000000
00000000
00010000
00000000
00010000
00000000
00010000
00000000
01000000
00100000
10000000
00000000
,
00010000
00000000
00100000
00001000
00100000
00010000
01000000
00000000
00100000
00000000
00010000
00000000
00001000
00010000
00000010
00000000
,
00001000
00000000
00000100
00010000
00000100
00001000
00000001
00000000
00000010
00000000
00000100
00000000
00010000
00000010
00010000
00000000
,
00001000
00000000
00000010
00000001
00000010
00000100
00010000
00000000
00001000
00000000
01000000
00000000
00100000
01000000
00001000
00000000
,
00100000
00010000
01000000
00000000
00100000
10000000
01000000
00100000
00010000
00000000
01000000
00000000
00001000
01000000
00001000
00000000
,
00010000
00000000
00100000
10000000
00010000
00100000
01000000
00000000
00100000
00000000
00001000
00000000
00010000
00000010
00001000
00000000
,
00000100
00000000
00000010
00000001
00000100
00000010
00001000
00000000
00000100
00000000
00010000
00000000
00000010
00010000
00000010
00000000
,
00001000
00000100
00010000
00000000
00001000
00000000
01100000
00000000
10010000
00000000
11000000
00000000
01000000
00000000
10000000
00100000
,
00000000
00010000
00001000
00000010
00000000
00000000
00000000
00000000
00000000
00000000
00000000
00000000
00000000
00000000
00000000
00000000
;

//---------------lights-cabinet - ----------------
#NOTES:
     lights-cabinet:
     :
     Easy:
     1:
     0.825,0.000,1.000,0.016,0.144,291.000,225.000,2.000,0.000,159.000,0.000:


00000000
00000000
00000000
00000000
,
00000000
00000000
00000000
00000000
,
10000000
10000000
00010000
01100000
,
00010000
00000000
10000000
00000000
00010011
01100011
00010011
10000011
,
01100011
00000000
00000000
00000000
00010011
00000000
00000000
01000011
00000000
00000000
00000000
00000000
10010011
00000000
00000000
00000000
,
00010011
00000000
00000000
00000000
00100011
00000000
00000000
01000011
00000000
00000000
00000000
00000000
10000011
00000000
00100000
00000000
,
10000011
00000000
00000000
00000000
01000011
00000000
00000000
00100011
00000000
00000000
00000000
00000000
10010011
00000000
00000000
00000000
,
01100011
00000000
00000000
00000000
01000011
00000000
00000000
00100011
00000000
00000000
00000000
00000000
00010000
00000000
10000000
00000000
,
00010011
00000000
00000000
00000000
01000000
00000000
00000000
00000011
00100000
00000000
00000000
00000000
10000011
00000000
01000000
00000000
,
00100011
00000000
00000000
00000000
00010000
00000000
00000000
00000011
01000000
00000000
00000011
00000000
10010011
00000000
01100000
00000000
,
10010011
00000000
00000000
00000000
01000000
00000000
00000000
00000011
00100000
00000000
00000000
00000000
10000011
00000000
00010000
00000000
,
00100011
00000000
01000011
00000000
01000011
00000000
10010011
00000011
,
01000011
00000000
00000000
00000000
00010011
00000000
00000000
00000011
00100000
00000000
00000000
00000000
01000011
00000000
00100000
00000000
,
00010011
00000000
00000000
00000000
01000011
00000000
00000000
00000011
10000000
00000000
00000000
00000000
01100011
00000000
00000011
00000000
,
00010011
00000000
00000000
00000000
00100011
00000000
00000000
00000011
01000000
00000000
00000000
00000000
10000011
00000000
01000000
00000000
,
00100011
00000000
00000000
00000000
00010011
00000000
00000000
00000011
01000000
00000000
00000000
00000000
10010011
00000000
00000011
00000000
,
01010011
00000000
01100011
00000000
11000011
00000000
01010011
00000000
11000011
00000000
00000000
00000000
01000011
00000000
00100000
00000011
,
01000000
00000000
00000000
00000000
10010011
00000000
00000000
00000000
00100011
00000000
00000000
00000000
01000011
00000000
00100000
00000011
,
01000000
00000000
10010011
00000000
10000011
01000000
00100011
00000000
,
00010011
00000000
01000011
10000011
00100011
00000000
01100011
00000000
,
11110011
00000000
00000000
00000000
00000011
00000000
00000011
00000000
00100011
00000000
00000000
00000000
00100011
00000000
01000000
00000011
,
00100000
00000000
00000000
00000000
10010011
00000000
00000011
00000000
01000011
00000000
00000000
00000000
00100011
00000000
01000000
00000011
,
00100000
00000000
10010011
00000000
00010011
00100000
01000011
00000000
,
11000011
00000000
00000000
00000000
00100011
00000000
00010011
00000000
01100011
00000000
00000000
00000011
00110000
00000000
00000011
00000000
,
11000000
00000000
00000000
00000000
10010011
00000000
00000000
00010011
00000000
00000000
00000000
00000000
01000011
00000000
00000011
00000000
,
00100011
00000000
00000000
00000000
10000011
00000000
00000000
00010011
00000000
00000000
00000000
00000000
01000011
00000000
00000011
00000000
,
01000011
00000000
00000000
00000000
00010011
00000000
00000000
10000011
00000000
00000000
00000000
00000000
00100011
00000000
00000011
00000000
,
01000011
00000000
00000000
00000000
00010011
00000000
00000000
10000011
00000000
00000000
00000000
00000000
20020000
00000000
00000000
00000000
,
31030011
01000000
01000011
00000000
00100000
00000000
00010000
00000000
,
01000011
01000000
01000011
00000000
00100000
00000000
10000000
00000000
,
01000011
01000000
01000011
00000000
10100000
00000000
10010000
00000000
,
01100011
01100000
01100011
00000000
10100011
00000011
10100011
00000011
,
10010011
00000000
10010000
00000000
10010011
00000000
00000000
00000011
01100000
00000000
00000000
00000000
10010011
00000000
00000011
00000000
,
01010011
00000000
01010000
00000000
01010011
00000000
00000000
00000011
01000000
00000000
00000000
00000000
10000011
00000000
00000011
00000000
,
00100011
01000000
00100011
01000000
00100011
01000000
00100011
01000000
,
00010011
00000000
10010000
00000000
00000000
00000000
10000011
10000000
,
00010011
00000000
00010000
00000011
00000000
00000000
00000000
00000000
01000011
00000000
00000011
00000000
00000011
00000000
00000000
00000000
,
01000011
00000000
00100000
00000011
10000000
00000000
00000000
00000000
00010011
00000000
00100011
00000000
00010011
00000000
00000000
00000000
,
10000011
00000000
00000000
00000011
10000000
00000000
00000000
00000000
01000011
00000000
00100011
00000000
01000011
00000000
00000000
00000000
,
01000011
00000000
00000000
00000011
10010000
00000000
00000000
00000000
01100011
00000000
00000011
00000000
10010011
00000000
00000000
00000000
,
01000011
00000000
00000000
00000011
00100000
00000000
00000000
00000000
00010011
00000000
00100011
00000000
01000011
00000000
00000000
00000000
,
10000011
00000000
00000000
00000011
00110000
00000000
00000000
00000000
11000011
00000000
00100011
00000000
01000011
00000000
00000000
00000000
,
00010011
00000000
00000000
00000011
00100000
00000000
00000000
00000000
10000011
00000000
01000011
00000000
00100011
00000000
00000000
00000000
,
10000011
00000000
01000000
00000011
00100000
00000000
01000000
00000000
10000000
00000000
00000000
00000000
01000011
00000000
00000000
00000000
,
01000011
00000000
00100000
00000011
01000000
00000000
00000000
00000000
10010011
00000000
00000011
00000000
00100011
00000000
00000000
00000000
,
01000011
00000000
00100000
00000011
01000000
00000000
00000000
00000000
10010011
00000000
00000011
00000000
10000011
00000000
01000000
00000000
,
00100011
00000000
00010011
00000000
01000011
10000000
00100011
00000000
,
01000011
00000000
00000000
00000011
10010000
00000000
00000000
00000000
01000011
00000000
01000011
00000000
00100011
00000000
00000000
00000000
,
00100011
00000000
01000000
00000011
00100000
00000000
00000000
00000000
10010011
00000000
00000011
00000000
01000011
00000000
00000000
00000000
,
00100011
00000000
01000000
00000011
00100000
00000000
00000000
00000000
10010011
00000000
00000011
00000000
00010011
00000000
00100000
00000000
,
01000011
00000000
00000000
00000000
10000011
00000000
00000000
00000000
00100011
00000000
10010011
00000000
01100011
00000000
00000000
10010000
,
00000000
01100000
00000000
00000000
00000000
00000000
00000000
00000000
;

//---------------dance-single - K. Ward----------------
#NOTES:
     dance-single:
     K. Ward:
     Beginner:
     1:
     0.086,0.000,0.040,0.000,0.000,70.000,5.000,0.000,0.000,0.000,0.000:




0000
0000
0000
0000
,
0000
0000
0000
0000
,
0010
0000
0000
0000
,
0000
0000
0000
0000
,
1000
0000
0000
0000
,
0001
0000
0000
0000
,
1000
0000
0000
0000
,
0001
0000
0000
0000
,
0010
0000
0010
0000
,
0010
0000
0000
0000
,
0001
0000
0001
0000
,
0001
0000
0000
0000
,
1000
0000
0000
0000
,
0010
0000
0010
0000
,
0100
0000
0000
0000
,
0100
0000
0100
0000
,
1001
0000
1001
0000
,
0000
0000
0001
0000
,
0000
0000
1000
0000
,
1000
0000
0010
0000
,
0000
0000
0100
0000
,
0100
0000
0001
0000
,
0001
0000
0010
0000
,
0000
0000
1001
0000
,
1001
0000
0000
0000
,
0010
0000
0100
0000
,
0001
0000
0000
0000
,
1000
0000
0001
0000
,
1000
0000
0000
0000
,
1000
0000
0000
0000
,
0001
0000
0000
0000
,
0001
0000
0000
0000
,
0010
0000
0010
0000
,
0100
0000
0100
0000
,
0001
0000
1000
0000
,
1001
0000
0000
1000
,
0000
0000
0000
0001
,
0000
0000
0000
0010
,
0000
0000
0000
0010
,
0000
0001
0000
1000
,
0000
0000
0000
0100
,
0000
0100
0000
1000
,
0000
0000
0000
0001
,
0000
0001
0000
0010
,
0000
0000
0000
0001
,
0000
0000
0000
1000
,
0000
1000
0000
1000
,
0000
0000
0000
0010
,
0000
0100
0000
0001
,
0000
0001
0000
1000
,
0000
1000
0000
0001
,
0000
0001
0000
0000
;
