#TITLE:Mythology;
#SUBTITLE:;
#ARTIST:Digital Explosion;
#TITLETRANSLIT:;
#SUBTITLETRANSLIT:;
#ARTISTTRANSLIT:;
#GENRE:;
#CREDIT:;
#BANNER:mythology-banner.png;
#BACKGROUND:Mythology-bg.png;
#LYRICSPATH:;
#CDTITLE:;
#MUSIC:Digital Explosion - Mythology.ogg;
#OFFSET:-0.004;
#SAMPLESTART:76.493;
#SAMPLELENGTH:11.840;
#SELECTABLE:YES;
#BPMS:0.000=137.980;
#STOPS:;
#BGCHANGES:0.000=Mythology-bg.png=1.000=0=0=1=====,
16.000=vol4-05-ntsc.mpg=1.000=0=0=1=====,
24.000=VOL1-22-NTSC.mpg=1.000=0=0=1=====,
32.000=vol3-06-ntsc.mpg=1.000=0=0=1=====,
40.000=vol4-20-ntsc.mpg=1.000=0=0=1=====,
48.000=VOL1-16-NTSC.mpg=1.000=0=0=1=====,
56.000=vol3-07-ntsc.mpg=1.000=0=0=1=====,
64.000=jb_053.mpg=1.000=0=0=1=====,
72.000=EV01455N.mpg=1.000=0=0=1=====,
80.000=jb_120.mpg=1.000=0=0=1=====,
88.000=EV01439N.mpg=1.000=0=0=1=====,
96.000=EV01453N.mpg=1.000=0=0=1=====,
104.000=708_JumpBack.mpg=1.000=0=0=1=====,
112.000=EV01441N.mpg=1.000=0=0=1=====,
120.000=676_JumpBack.mpg=1.000=0=0=1=====,
128.000=728_JumpBack.mpg=1.000=0=0=1=====,
136.000=EV01440N.mpg=1.000=0=0=1=====,
144.000=EV01446N.mpg=1.000=0=0=1=====,
152.000=jb_117.mpg=1.000=0=0=1=====,
160.000=EV01457N.mpg=1.000=0=0=1=====,
168.000=jb_048.mpg=1.000=0=0=1=====,
176.000=670_JumpBack.mpg=1.000=0=0=1=====,
192.000=EV01455N.mpg=1.000=0=0=1=====,
200.000=738_JumpBack.mpg=1.000=0=0=1=====,
208.000=689_JumpBack.mpg=1.000=0=0=1=====,
216.000=EV01446N.mpg=1.000=0=0=1=====,
224.000=EV01454N.mpg=1.000=0=0=1=====,
232.000=666_JumpBack.mpg=1.000=0=0=1=====,
240.000=712_JumpBack.mpg=1.000=0=0=1=====,
248.000=EV01453N.mpg=1.000=0=0=1=====,
256.000=686_JumpBack.mpg=1.000=0=0=1=====,
264.000=EV01441N.mpg=1.000=0=0=1=====,
272.000=712_JumpBack.mpg=1.000=0=0=1=====,
280.000=EV01454N.mpg=1.000=0=0=1=====,
286.000=670_JumpBack.mpg=1.000=0=0=1=====,
287.500=Mythology-bg.png=1.000=0=0=1=====,
289.750=Mythology-bg.png=1.000=0=0=1=====,
99999=-nosongbg-=1.000=0=0=0 // don't automatically add -songbackground-
;
#KEYSOUNDS:;
// cache tags:
#FIRSTBEAT:16.000;
#LASTBEAT:289.750;
#SONGFILENAME:/Songs/In The Groove/Mythology/Mythology.sm;
#HASMUSIC:1;
#HASBANNER:1;
#MUSICLENGTH:126.743;
// end cache tags

//---------------dance-single - R. McKanna----------------
#NOTES:
     dance-single:
     R. McKanna:
     Hard:
     9:
     0.640,0.000,0.387,0.016,0.276,517.000,49.000,2.000,0.000,0.000,0.000:


0000
0000
0000
0000
,
0000
0000
0000
0000
,
0000
0000
0000
0000
,
0000
0000
0000
0000
,
2000
0001
0001
0001
,
3001
0000
0000
0110
,
0002
1000
1000
1000
,
1003
0000
0000
0110
,
1000
1000
0001
0000
1000
1000
0100
0000
,
0001
0001
1000
0000
0001
0001
0010
0000
,
1000
0100
0010
0000
0100
0010
0001
0000
,
0001
0010
0100
0000
0010
0100
1000
0000
,
0001
0001
0100
0000
0001
0001
0010
0000
,
1000
1000
0010
0000
1000
1000
0100
0000
,
0001
0100
0010
0000
0100
0010
1000
0000
,
1000
0010
0100
0000
0010
0100
0001
0000
,
1000
0000
1000
0000
1000
0000
0100
1000
0000
1000
0010
0000
0100
0000
0001
0000
,
0010
0000
0001
0000
0010
0000
0100
1000
0000
0000
0000
0000
0000
0000
0000
0000
,
0010
0000
0010
0000
0010
0000
0100
0001
0000
0001
1000
0000
0100
0000
0010
0001
,
0000
0000
0001
0000
0001
0000
1000
0100
0000
0000
0100
0000
0110
0000
0010
0000
,
0001
0000
0001
0000
0001
0000
0010
0001
0000
0001
0100
0000
0010
0000
1000
0000
,
0100
0000
1000
0000
0100
0000
0010
0001
0000
0000
0000
0000
0000
0000
0000
0000
,
0100
0000
0100
0000
0100
0000
0010
1000
0000
1000
0001
0000
0010
0000
0100
1000
,
0000
0000
0100
0000
0000
1000
0000
0000
0001
0000
0000
0010
0000
0000
0000
0000
,
0001
0000
1000
0000
0001
1000
0000
0000
1001
0000
0000
1000
0001
0000
1000
0000
,
0001
0000
0010
0000
0001
0010
0000
0000
0011
0000
0000
0010
0001
0000
0010
0000
,
0100
0000
1000
0000
0100
1000
0000
0000
1100
0000
0000
1000
0100
0000
1000
0000
,
0001
0000
1000
0000
0001
1000
0000
0000
0011
0000
0000
0010
0001
0000
0010
0000
,
0001
0000
0010
0000
0100
1000
0000
0000
0011
0000
0000
1000
0100
0000
0010
0000
,
0001
0000
1000
0000
0010
0100
0000
0000
0011
0000
0000
0100
0010
0000
1000
0000
,
0001
0000
0100
0000
0010
1000
0000
0000
0101
0000
0000
1000
0010
0000
0100
0000
,
0001
0000
1000
0000
0100
1000
0000
0000
1001
0000
0000
0000
1001
0000
0000
0000
,
1000
0000
0001
0000
1000
0001
0000
0000
1001
0000
0000
0001
1000
0000
0001
0000
,
1000
0000
0100
0000
1000
0100
0000
0000
1100
0000
0000
0100
1000
0000
0100
0000
,
0010
0000
0001
0000
0010
0001
0000
0000
0011
0000
0000
0001
0010
0000
0001
0000
,
1000
0000
0001
0000
1000
0001
0000
0000
1100
0000
0000
0100
1000
0000
0100
0000
,
1000
0000
0100
0000
0010
0001
0000
0000
1100
0000
0000
0001
0010
0000
0100
0000
,
1000
0000
0001
0000
0100
0010
0000
0000
1100
0000
0000
0010
0100
0000
0001
0000
,
1000
0000
0010
0000
0100
0001
0000
0000
1010
0000
0000
0001
0100
0000
0010
0000
,
1000
0000
0001
0000
0010
0001
0000
0000
1001
0000
0010
0000
1001
0000
0000
0000
,
0001
0000
1000
0000
0001
0100
0000
0000
1001
0000
0000
0100
0001
0000
1000
0000
,
1000
0000
0001
0000
1000
0100
0000
0000
1001
0000
0000
0100
1000
0000
0001
0000
,
0001
0000
1000
0000
0010
1000
0000
0000
1001
0000
0000
1000
0010
0000
1000
0000
,
1000
0000
0001
0000
0100
0001
0000
0000
1001
0000
0000
0001
0100
0000
0001
0000
,
1000
0100
0010
0100
1000
0010
0100
0001
,
0100
0001
1000
0100
0010
1000
0010
0100
,
1000
0010
0100
0010
1000
0100
0010
0001
,
0010
0001
1000
0010
0100
1000
0100
0010
,
1000
0100
0001
0100
1000
0100
0001
0100
,
0010
0000
0100
0000
0010
0000
0100
0000
1000
0000
0100
0000
1000
0100
1000
0000
,
0100
0001
0100
0010
0001
0100
1000
0100
,
0001
0000
0010
0000
0100
0000
0001
0000
0100
0000
1000
0000
0001
1000
0001
0000
,
0001
0100
1000
0100
0001
0100
1000
0100
,
0010
0000
0100
0000
0010
0000
0100
0000
0001
0000
0100
0000
0001
0100
0001
0000
,
0010
1000
0010
0100
1000
0010
0001
0010
,
1000
0000
0100
0000
0010
0000
1000
0000
0010
0000
0001
0000
1000
0001
1000
0000
,
1000
0000
0100
0000
0001
0100
0001
0000
0100
0000
1000
0000
0010
0001
0010
0000
,
1000
0000
0100
0000
0001
0000
1000
0000
0010
0000
0001
0000
0100
1000
0100
0000
,
0001
0000
0010
0000
1000
0010
1000
0000
0010
0000
0001
0000
0100
1000
0100
0000
,
0001
0010
1000
0001
0100
1000
0010
0100
,
0001
0010
0110
0100
1000
0010
0110
0100
,
0001
1000
1100
0100
1000
0001
0101
0100
,
0001
0100
0110
0010
1000
0100
0110
0010
,
0001
1000
1010
0010
1000
0001
0011
0010
,
0001
0100
0110
0100
0001
0100
1100
0100
,
0001
0010
0110
0010
0001
0010
1010
0010
,
0001
0100
1100
0100
0010
1000
1100
1000
,
0100
0001
0101
0001
0100
1000
1100
1000
,
0100
0010
0100
0000
0110
0000
0100
0000
1000
0100
1000
0000
1100
0000
1000
0000
,
0010
1000
0010
0000
1010
0000
0010
0000
0100
0010
0100
0000
0110
0000
0100
0000
,
0001
0100
0001
0000
0101
0000
0001
0000
0010
0001
0010
0000
0011
0000
0010
0000
,
0100
0010
0100
0000
0110
0000
0100
0000
1000
0010
1000
0000
1010
0000
1000
0000
;

//---------------dance-single - M. Puls----------------
#NOTES:
     dance-single:
     M. Puls:
     Medium:
     7:
     0.419,0.000,0.110,0.363,0.110,312.000,14.000,46.000,0.000,0.000,0.000:


0000
0000
0000
0000
,
0000
0000
0000
0000
,
0000
0000
0000
0000
,
0000
0000
0000
0000
,
0010
0000
0000
0000
,
1000
0000
0000
0100
,
0110
0000
0001
0000
,
1000
0001
0001
1000
,
2000
0000
3200
0000
0310
0001
0100
0000
,
0002
0000
0023
0000
0130
1000
0010
0000
,
1000
0000
0001
0100
0010
0200
0000
0300
,
0002
0000
0023
0000
0130
1000
0010
0000
,
2000
0000
3200
0000
0310
0001
0100
0000
,
0001
0000
1000
0010
0100
0020
0000
0030
,
1100
0000
0010
0001
0000
0000
0011
0000
,
1000
0000
1100
0000
0010
0001
0010
0000
,
0001
0000
0100
0000
0001
0000
0010
0001
,
0000
0100
0000
0001
0000
0100
0000
0000
,
0001
0000
1000
0010
1000
0001
0010
0001
,
0000
0100
0000
0001
0010
0100
1000
0000
,
0001
0000
0010
0000
0001
1000
0100
1000
,
0000
0010
0000
1000
0000
0010
0000
0000
,
1000
0000
1000
0000
0001
1000
0100
1000
,
0000
0010
0000
1000
0100
0010
0001
0000
,
1001
0000
0000
0000
1000
0000
0000
0100
0010
0000
0000
0100
0010
0000
0000
0000
,
1100
0000
0000
0000
0011
0000
0000
1000
0010
0000
0000
1000
0010
0000
0000
0000
,
0011
0000
0000
0000
1100
0000
0000
0001
0100
0000
0000
0001
0100
0000
0000
0000
,
1001
0100
0010
0000
0110
0000
0001
1000
,
0002
0000
0013
0000
0001
0200
0010
0310
,
0010
0000
0000
1000
0100
0000
0000
1000
0100
0000
0000
0000
0000
0000
0000
0000
,
1000
0000
0100
0000
1000
0010
0100
0000
,
0100
0000
0000
0001
0010
0000
0000
0001
0010
0000
1000
0000
0100
0000
1000
0000
,
0100
0000
0000
0000
0000
0000
0000
1000
0100
0000
0000
0010
0001
0000
0000
0000
,
0010
0000
0000
0000
0000
0000
0000
0001
0010
0000
0000
0100
1000
0000
0000
0000
,
0100
0000
0000
0000
0000
0000
0000
1000
0100
0000
0000
0010
0001
0000
0000
0000
,
0010
1000
0001
0000
0010
0100
1000
0000
,
2000
0000
3100
0000
1000
0020
0100
0130
,
0100
0000
0000
0001
0010
0000
0000
0001
0010
0000
0000
0000
0000
0000
0000
0000
,
0001
0000
0010
0000
0001
0100
0010
0000
,
0010
0000
0000
1000
0100
0000
0000
1000
0100
0000
0001
0000
0010
0000
0001
0000
,
0010
0000
0000
0000
0000
0000
0000
0001
0010
0000
0000
0100
1000
0000
0000
0000
,
0100
0000
0000
0000
0000
0000
0000
1000
0100
0000
0000
0010
0001
0000
0000
0000
,
0010
0000
0000
0001
0100
0000
0000
0100
1000
0000
0000
1000
0100
0000
0000
0100
,
0010
0001
1000
0000
0100
0010
0001
0000
,
2000
0000
0001
0000
3010
0000
1000
0001
,
0200
0000
0000
0300
,
0002
0000
1000
0000
0103
0000
0001
1000
,
0020
0000
0000
0030
,
2000
0000
0001
0000
3010
0000
1000
0001
,
0200
0000
0300
0010
0200
0000
0300
0000
,
0002
0000
1000
0000
0103
0000
0001
1000
,
0010
1000
0200
0300
,
2000
0000
0001
0000
3001
0000
0001
1000
,
0020
0000
0030
0100
0020
0000
0030
0000
,
2000
0000
0001
0000
3010
0000
1000
0001
,
0100
0001
0020
0030
,
1001
0000
1001
0000
2002
0000
0000
3003
,
0200
0000
0000
0300
0020
0000
0000
0030
,
2000
0100
0200
0300
,
3002
0010
0020
0030
,
1003
1000
0001
0100
0001
0001
1000
0100
,
2000
0000
0000
3000
0002
0000
0000
0003
,
1000
1000
0100
0000
0001
0001
0100
0000
,
1000
0100
0010
0001
1000
0100
0010
0001
,
0002
0000
0000
0003
2000
0000
0000
3000
,
0001
0010
0100
1000
0001
0010
0100
1000
,
2000
0000
0000
0000
0001
0000
0000
0001
,
3002
0000
0000
0000
0100
0000
0000
0100
,
0203
0000
0000
0000
0010
0000
0000
0010
,
0320
0000
1000
0000
,
1030
0100
2000
0000
0000
0000
0000
0000
,
3001
0010
0002
0000
0000
0000
1000
0000
,
0003
0000
0000
0000
;

//---------------dance-single - M. Puls----------------
#NOTES:
     dance-single:
     M. Puls:
     Easy:
     3:
     0.228,0.000,0.047,0.150,0.000,177.000,6.000,19.000,0.000,0.000,0.000:


0000
0000
0000
0000
,
0000
0000
0000
0000
,
0000
0000
0000
0000
,
0000
0000
0000
0000
,
1000
0000
0000
0000
,
0001
0000
0000
0000
,
0100
0000
0000
0000
,
0010
0000
0000
0000
,
1000
0001
0100
0000
,
0001
1000
0100
0000
,
1000
0000
0100
0000
,
0001
0000
0100
0000
,
0100
0010
0100
0000
,
1000
0001
1000
0000
,
0001
0001
0001
0000
,
1000
1000
1000
0000
,
0010
0001
0010
0001
,
0010
0001
0000
0000
,
0100
1000
0100
1000
,
0100
1000
0001
1000
,
0010
0000
1000
0100
,
1000
0001
0010
0001
,
1001
0000
1001
0000
,
1001
0000
0100
0000
,
1001
0000
1000
1000
,
0100
0000
0001
0001
,
0010
0000
0100
0100
,
0010
0000
0010
0010
,
0100
0000
1000
0100
,
0010
0000
0001
0001
,
0001
1000
0010
1000
,
0001
0010
0100
1000
,
0100
0000
0001
0001
,
0010
0000
1000
1000
,
0100
0000
0010
0010
,
0100
0000
0100
0100
,
0010
0000
0001
0010
,
0100
0000
1000
1000
,
1000
0001
0100
0001
,
1000
0100
0010
0001
,
0010
0000
0000
0000
,
1000
0000
0000
0000
,
0001
0000
0000
0000
,
0100
0000
0000
0000
,
0010
1000
0001
0100
,
0010
0100
0010
1000
,
0002
0000
0003
1000
,
0100
0001
1000
0010
,
0100
0010
0100
0001
,
2000
0000
3000
0001
,
1000
0000
0001
0000
,
0001
0000
1000
0000
,
2000
0000
3002
0000
,
0003
1000
0010
1000
,
0002
0000
2003
0000
,
3000
0001
0100
0001
,
1001
0000
1001
0000
,
2000
0000
0000
0000
,
3002
0000
0000
0000
,
0203
0000
0000
0000
,
0320
0000
0000
0000
,
0030
1000
1000
0100
,
0100
0010
0010
0001
,
0001
1000
1000
0010
,
0010
0100
0100
0001
,
0001
2000
3002
0203
,
0320
0000
0100
0000
,
0230
0000
0010
0000
,
0320
0000
0100
0000
,
0230
0000
0010
0000
,
0320
0000
0100
0000
,
0230
0000
0000
0000
,
0300
0000
0000
0000
;

//---------------dance-double - M. Emirzian----------------
#NOTES:
     dance-double:
     M. Emirzian:
     Easy:
     4:
     0.222,0.000,0.000,0.008,0.000,196.000,0.000,1.000,0.000,0.000,0.000:


00000000
00000000
00000000
00000000
,
00000000
00000000
00000000
00000000
,
00000000
00000000
00000000
00000000
,
00000000
00000000
00000000
00000000
,
10000000
00000000
01000000
00000000
,
00100000
00010000
00100000
00000000
,
00001000
00000000
00010000
00000000
,
00000100
00001000
00000100
00000000
,
00000010
00000000
00000001
00000000
,
00000010
00000000
00000100
00000000
,
00010000
00000000
00001000
00000000
,
01000000
00000000
00100000
00000000
,
10000000
00000000
01000000
00000000
,
00100000
00000000
00001000
00000000
,
00010000
00000000
00000100
00000000
,
00000010
00000001
00000010
00000000
,
00000100
00000000
00001000
00000000
,
00000010
00010000
00001000
00000000
,
01000000
00000000
00100000
00000000
,
10000000
01000000
00100000
00000000
,
00001000
00000000
00010000
00000000
,
00000100
00001000
00000010
00000000
,
00000100
00000000
00000001
00000000
,
00000010
00000100
00001000
00000010
,
00010000
00010000
00001000
00000000
,
01000000
01000000
00100000
10000000
,
00000000
01000000
01000000
00100000
,
00000000
00001000
00010000
00010000
,
00000000
00000100
00000010
00000010
,
00000000
00000001
00000100
00000100
,
00000010
00000000
00010000
00001000
,
00001000
00000000
01000000
00100000
,
00100000
00000000
10000000
00000000
,
01000000
00100000
00010000
00000000
,
00100000
00000000
00001000
00000000
,
00010000
00000100
00001000
00000000
,
00000010
00000000
00000100
00000000
,
00000001
00000010
00000100
00000000
,
00001000
00000000
00000001
00000000
,
00000100
00000010
00010000
00000000
,
00001000
00010000
00001000
00000000
,
01000000
00010000
01000000
00000000
,
00100000
10000000
00100000
00000000
,
01000000
00010000
00100000
01000000
,
10000000
00000000
10000000
00000000
,
00010000
00100000
00010000
00000000
,
00100000
00000000
00100000
00000000
,
00001000
00010000
00001000
00000000
,
00000100
00000000
00000100
00000000
,
00000001
00000010
00000001
00000010
,
00000100
00000000
00000100
00000000
,
00010000
00001000
00010000
00001000
,
01000000
00000000
01000000
00000000
,
00100000
10000000
00100000
01000000
,
00010000
00000000
00010000
00000000
,
00100000
00001000
00010000
00001000
,
00000100
00000100
00000001
00000001
,
00000010
00000010
00000100
00000000
,
00001000
00001000
00000010
00000010
,
00010000
00010000
00001000
00000000
,
01000000
01000000
00100000
00100000
,
10000000
10000000
01000000
00000000
,
00100000
00100000
00001000
00001000
,
00010000
00010000
00000100
00000000
,
00001000
00001000
00000010
00000010
,
00000100
00000100
00000001
00000000
,
00000010
00000010
00000100
00000100
,
00010000
00010000
00001000
00000000
,
01000000
01000000
00100000
00100000
,
10000000
10000000
01000000
00100000
,
00010000
00000000
01000000
00000000
,
00001000
00000000
00000000
00000000
00010000
00000000
00000000
00000000
00000010
00000000
00000000
00000000
00002000
00000000
00000000
00003000
;

//---------------dance-double - M. Emirzian----------------
#NOTES:
     dance-double:
     M. Emirzian:
     Medium:
     8:
     0.482,0.000,0.363,0.047,0.012,376.000,46.000,6.000,0.000,0.000,0.000:


00000000
00000000
00000000
00000000
,
00000000
00000000
00000000
00000000
,
00000000
00000000
00000000
00000000
,
00000000
00000000
00000000
00000000
,
20000000
00000000
31000000
00010000
,
00001000
00000010
00001000
00000000
,
00020000
00000000
00031000
00000100
,
00001000
00010000
00000010
00000000
,
00010000
00000000
00001000
00010000
00001000
00000000
00010000
00000000
,
00001000
00010000
00001000
00000000
00010000
00100000
00010000
00000000
,
00100000
10000000
00100000
00000000
10000000
01000000
10000000
00000000
,
01000000
00010000
01000000
00000000
00010000
00001000
00010000
00000000
,
00001000
00000010
00001000
00000000
00000010
00000001
00000010
00000000
,
00000001
00000100
00000001
00000000
00000100
00001000
00000100
00000000
,
00001000
00010000
00001000
00000000
00010000
01000000
00010000
00000000
,
01000000
10000000
01000000
00010000
01000000
10000000
00100000
00000000
,
10010000
00000000
10000000
00000000
01000000
00000000
00100000
00001000
,
00100000
00000000
00000000
00000000
00010000
00000000
00000000
02000000
00000000
00000000
00000000
00000000
03001000
00000000
00000000
00000000
,
00011000
00000000
00010000
00000000
00000100
00010000
00000100
00000000
,
00001000
00000000
00000010
00001000
00000100
00001000
00000020
00000000
,
00000130
00000000
00000001
00000000
00001000
00000000
00000100
00010000
,
00000100
00000000
00000000
00000000
00001000
00000000
00000000
00000020
00000000
00000000
00000000
00000000
00000130
00000000
00000000
00000000
,
00010010
00000000
00001000
00000000
00010000
00000000
00000100
00010000
,
00000100
00000000
00001000
00000100
00001000
00000010
00000100
00000001
,
00000020
00000130
00001000
00000001
,
00001100
00001000
00011000
00101000
,
01010000
00100000
10000000
01000000
,
00100000
00000000
00001000
00010000
00001000
00000000
00000010
00001000
,
00000010
00000001
00000100
00000000
00000010
00000000
00001000
00000000
,
00010010
00001000
00101000
01010000
,
01100000
00010000
01000000
10000000
,
01000000
00000000
00010000
01000000
00010000
00000000
00100000
00001000
,
00010000
01000000
00000000
00010000
00001000
00000000
00010000
00000100
,
00000010
00000000
00000001
00000100
00001000
00000000
00010000
01000000
,
10000000
00000000
00100000
00000000
10000000
00000000
01000000
00010000
,
00001000
00000000
00010000
00001000
00000010
00000001
00000100
00000010
,
00000100
00000100
00000000
00000000
00000100
00000000
00000001
00000000
,
00000100
00001010
00000100
00010100
,
00011000
01001000
00110000
01000000
,
10000000
00000000
00100000
00010000
00100000
00000000
00010000
00001000
,
00100000
00000000
01000000
00000000
00010000
00000000
00001000
00010000
,
00001000
00000000
00000100
00001000
00000100
00000001
00000010
00000000
,
00000100
00001000
00000001
00000100
00000010
00001000
00000100
00000010
,
00001000
00010000
00001000
00010000
01000000
10000000
00100000
00000000
,
10000000
01000000
00100000
00000000
00010000
01000000
00100000
00000000
,
10000000
01000000
00100000
00001000
00010000
00001000
00000100
00000000
,
00000001
00000010
00000100
00000000
00001000
00000010
00000100
00000000
,
00000001
00000100
00001000
00010000
00001000
00000100
00000010
00000000
,
00001000
00000000
00000100
00000000
00010000
00001000
01000000
00000000
,
00001000
00000000
00010000
00000000
00100000
01000000
00010000
00000000
,
01000000
00000000
00100000
00000000
01000000
00100000
10000000
00000000
,
01000000
00000000
00100000
00000000
01000000
00100000
00010000
00100000
,
00001000
00000000
00010000
00000000
00001000
00000100
00000010
00001000
,
00000100
00000010
00000100
00000010
00000001
00000100
00000010
00000000
,
00000100
00000000
00000001
00000000
00000010
00000100
00001000
00000000
,
00000010
00000100
00000001
00000100
00000010
00001000
00000100
00010000
,
00011000
00101000
01010000
10010000
,
01100000
01000000
10000000
00100000
00010000
00100000
10000000
00000000
,
01010000
00101000
00011000
00010010
,
00001010
00001000
00000100
00000001
00000100
00001000
00000010
00000000
,
00000101
00001001
00001100
00010010
,
00011000
00001000
00010000
01000000
00010000
00001000
00010000
00000000
,
01010000
01100000
11000000
00110000
,
01001000
01000000
00001000
00010000
00100000
00010000
00001000
00000000
,
00010010
00001100
00000011
00001001
,
00000110
00000100
00000001
00000010
00001000
00000010
00000001
00000000
,
00000110
00010100
00011000
01001000
,
01100000
01000000
00010000
00100000
10000000
00100000
00010000
00000000
,
10000000
01000000
00010000
01000000
10000000
01000000
00100000
00000000
,
00010000
01000000
00100000
00010000
00001000
00010000
00001000
00000000
,
00000100
00000001
00000010
00001000
00000010
00000001
00000100
00001000
,
00010000
00000000
00001000
00000000
00000100
00000000
00001000
00000000
00010000
00000000
01000000
00000000
10000000
00000000
00010000
01000000
;

//---------------dance-double - M. Emirzian----------------
#NOTES:
     dance-double:
     M. Emirzian:
     Hard:
     9:
     0.642,0.000,0.260,0.024,0.489,534.000,33.000,3.000,3.000,0.000,0.000:


00000000
00000000
00000000
00000000
,
00000000
00000000
00000000
00000000
,
00000000
00000000
00000000
00000000
,
00000000
00000000
00000000
00000000
,
10000000
00000000
00100000
00000000
01000000
00000000
00000000
00000000
00210000
00000000
00000000
00000000
00310000
00000000
00001000
00M00000
,
00000010
00000000
00001000
00000000
00010000
00000000
00000000
00000000
00001020
00000000
00000000
00000000
00000130
00000000
00000000
000000M0
,
00001000
00000000
00000001
00000000
00000100
00000000
00000000
00000000
00001200
00000000
00000000
00000000
00001300
00000000
00010000
00000M00
,
01000000
00000000
00010000
00000000
00001000
00000000
00000000
00000000
00101000
00000000
00000000
00000000
01000000
00100000
00000000
00100000
,
00010000
00001000
00010000
00000000
01000000
10000000
00100000
00000000
,
00010000
00001000
00010000
00000000
01000000
10000000
00100000
00000000
,
01000000
00010000
10000000
00000000
01000000
00010000
00001000
00000000
,
00010000
00000000
00000010
00000000
00001000
00000000
00000100
00000000
00000001
00000000
00000100
00000000
00001000
00000001
00000000
00000001
,
00000100
00001000
00010000
00001000
00000010
00001000
00010000
00000000
,
00001000
00000100
00000001
00000000
00000010
00001000
00010000
00000000
,
00100000
10000000
01000000
00000000
00010000
00001000
00000100
00000000
,
00000001
00000000
00000010
00000000
00000100
00000000
00000000
00000000
00001001
00000000
00001000
00000000
00000001
00000100
00000000
00000100
,
00000010
00000000
00001000
00000000
00000010
00000000
00000000
00000100
00000000
00000000
00000001
00000000
00000100
00000000
00001000
00000000
,
00010000
00000000
01000000
00000000
00100000
00000000
00000000
00010000
00000000
00000000
00000000
00000000
01000000
00000000
00000000
00000000
,
00100000
00000000
10000000
00000000
01000000
00000000
00000000
00010000
00000000
00000000
01000000
00000000
10000000
00000000
00100000
00000000
,
01000000
00000000
00001000
00000000
00010000
00000000
00000000
00001000
00000000
00000000
00000100
00000000
00000010
00000000
00000000
00000000
,
00001000
00000000
00000100
00000000
00000001
00000000
00000000
00000100
00000000
00000000
00001000
00000000
00000010
00000000
00001000
00000000
,
00000100
00000000
00000010
00000000
00000001
00000000
00000000
00000100
00000000
00000000
00001000
00000000
00010000
00000000
00100000
00000000
,
10000000
00000000
00100000
00000000
01000000
00000000
00000000
00010000
00000000
00000000
00100000
00000000
01000000
00000000
10000000
00000000
,
00100000
00000000
00010000
00000000
00100000
10000000
00000000
01000000
00100000
00000000
00010000
01000000
00000000
00000000
00010000
00000000
,
10000000
00000000
01100000
00000000
00000000
01001000
00000000
00000000
00011000
00000000
00000000
00010100
00000000
00000000
00001000
00000000
,
00000010
00000000
00000100
00000000
00000000
00000001
00000000
00000010
00000100
00000000
00000000
00001000
00000000
00000000
00000001
00000000
,
00000000
00000000
00001001
00000000
00000000
00000010
00000000
00000000
00000100
00000000
00000000
00001000
00000000
00000000
00000001
00000000
,
00000100
00000000
00001000
00000000
00010000
00000000
00001000
00000000
00000010
00000100
00000010
00000000
00001000
00000000
00010000
00000000
,
00000000
00000000
00100000
00000000
00000000
00011000
00000000
00000000
00010000
00000000
00000000
00001000
00000000
00000000
00000100
00000000
,
00001000
00000000
00010000
00000000
00000000
01010000
00000000
00000000
01000000
00000000
00000000
10000000
00000000
00000000
00100000
00000000
,
00000000
00000000
00110000
00000000
00000000
00010000
00000000
00000000
00001000
00000000
00000000
00010000
00000000
00000000
01000000
00000000
,
10000000
00000000
00100000
00000000
00010000
00000000
00100000
00000000
10000000
00010000
10000000
00000000
01000000
00000000
00010000
00000000
,
00001000
00000000
00011000
00000000
00000000
00010010
00000000
00000000
00011000
00000000
00000000
01001000
00000000
00000000
00001000
00000000
,
00010000
00000000
00000010
00000000
00000000
00010100
00000000
00000000
00011000
00000000
00000000
00101000
00000000
00000000
00011000
00000000
,
00000000
00000000
00000110
00000000
00000000
00000101
00000000
00000000
00001010
00000000
00000000
00001001
00000000
00000000
00000001
00000000
,
00000010
00000000
00001000
00000000
00000010
00000000
00000001
00000000
00000100
00000010
00000100
00000000
00001000
00000000
00010000
00000000
,
01000000
00000000
00100000
00000000
00010000
00000000
01000000
00000000
00100000
00000000
00000000
01000000
00000000
00000000
00010000
00000000
,
10000000
01000000
00010000
01000000
10000000
00100000
01000000
00001000
,
00000000
00000000
00011000
00000000
00000000
00010010
00000000
00000000
00001100
00000000
00000000
00000011
00000000
00000000
00001010
00000000
,
00001000
00000000
00000010
00000000
00000001
00000000
00001000
00000000
00000010
00000100
00000010
00000000
00001000
00000000
00000001
00000000
,
00000100
00000000
00001000
00000000
00010000
00000000
00000100
00000000
00010000
00000000
00000000
00001000
00000000
00000000
00000100
00000000
,
00001000
00000000
00010000
00000000
00000000
00001000
00000000
00100000
00010000
00000000
00000000
01000000
00000000
00000000
00100000
00000000
,
10000000
00010000
00100000
00000000
01000000
10000000
00100000
00000000
,
01000000
00010000
00100000
10000000
00100000
00010000
01000000
00100000
,
00010000
00000000
00001000
00000000
00010000
00000000
00000000
00001100
00000000
00000000
00001000
00000000
00000100
00000000
00000001
00000000
,
00000010
00000100
00000010
00001000
00010000
00001000
00000100
00000000
,
00000001
00000000
00000100
00000000
00001000
00000000
00000000
00011000
00000000
00000000
00010000
00000000
00100000
00000000
10000000
00000000
,
01000000
00100000
01000000
00010000
01000000
10000000
00100000
00000000
,
10000000
01000000
00000000
00100000
00010000
00000000
00010000
00000000
00100000
00000000
00000000
01000000
00000000
00100000
00010000
00000000
,
01000000
00001000
00000000
00010000
00000000
00001000
00010000
00000000
00000010
00001000
00000000
00000100
00000000
00000010
00000001
00000000
,
00000100
00000000
00000000
00000010
00001000
00000000
00001000
00000000
00000100
00000000
00000000
00000010
00000000
00001000
00000010
00000000
,
00000100
00010000
00000000
00001000
00010000
00000000
00000100
00000000
00010000
00001000
00000000
00100000
00000000
00100000
01000000
00000000
,
10000000
00100000
00000000
01000000
00010000
00000000
00010000
00000000
10000000
00000000
00000000
00100000
00000000
01000000
00001000
00000000
,
00010000
00001000
00000000
00000010
00000000
00000100
00001000
00000000
00000100
00000010
00000000
00000001
00000000
00000001
00001000
00000000
,
00000010
00000100
00000000
00001000
00000000
00000000
00010000
00000000
00001000
00000000
00000000
00100000
00000000
00001000
00010000
00000000
,
00100000
01000000
00000000
00010000
00100000
00000000
01000000
00000000
10000000
00010000
00000000
01000000
00000000
01000000
00100000
00000000
,
10000000
01000000
00010000
01000000
10000000
00100000
01000000
00001000
,
00010000
00001000
00010000
00000000
01000000
00000000
00010000
00000000
00001000
00010000
00001000
00000000
00000010
00000000
00000001
00000000
,
00000100
00000010
00000100
00001000
00000100
00000010
00010000
00001000
,
00100000
00010000
00100000
00000000
01000000
00000000
10000000
00000000
01000000
00100000
01000000
00000000
10000000
00000000
00010000
00000000
,
01000000
00001000
01000000
00000000
00001000
00010000
00001000
00000000
00000010
00000000
00000001
00000000
00000100
00000000
00000010
00000000
,
00001000
00000100
00001000
00000000
00000010
00010000
00000010
00000000
00010000
00000000
00001000
00000000
00000100
00000000
00001000
00000000
,
00010000
00001000
00010000
00000000
00001000
01000000
00001000
00000000
00010000
00000000
01000000
00000000
10000000
00000000
00100000
00000000
,
01000000
00010000
01000000
00000000
00100000
10000000
00100000
00000000
01000000
00000000
00001000
00000000
00010000
00000000
00000100
00000000
,
00010000
00000010
00010000
00000000
00000010
00001000
00000010
00000000
00000101
00000000
00001000
00000000
00000010
00000000
00000100
00000000
,
00000010
00001000
00000010
00000000
00010000
00000010
00010000
00000000
00001000
00000000
00000100
00000000
00001000
00000000
00010000
00000000
,
00100000
01000000
00100000
00000000
00010000
00001000
00010000
00000000
01000000
00000000
10000000
00000000
00100000
00000000
00010000
00000000
,
00100000
10000000
00100000
00000000
01000000
00010000
01000000
00000000
00100000
10000000
01000000
00100000
00010000
00000000
00100000
00000000
,
00001000
00010000
00001000
00000000
00010000
00000100
00010000
00000000
00001000
00000000
00000100
00000000
00000001
00000000
00000100
00000000
,
00000010
00001000
00000010
00000000
00010000
00000010
00010000
00000000
00001000
00010000
00001000
01000000
00010000
00000000
00100000
00000000
,
00010000
01000000
00100000
00000000
10000000
01000000
00100000
00000000
01000000
00000000
10000000
00000000
01000000
00000000
00010000
00000000
,
00001000
00000100
00000010
00000000
00000100
00000001
00000010
00000000
00000100
00001000
00000010
00000100
00000010
00000100
00001000
00010000
;

//---------------dance-double - M. Emirzian----------------
#NOTES:
     dance-double:
     M. Emirzian:
     Challenge:
     10:
     0.754,0.000,0.497,0.008,0.714,605.000,63.000,1.000,9.000,0.000,0.000:


00000000
00000000
00000000
00000000
,
00000000
00000000
00000000
00000000
,
00000000
00000000
00000000
00000000
,
00000000
00000000
00000000
00000000
,
00010000
00000000
10000000
00000000
01000000
00100000
00010000
00000000
00100000
00000000
01000000
00000000
00010000
00000000
00001000
00000000
,
00000010
00000000
00000100
00000000
00001000
00000010
00000100
00000000
00000001
00000000
00000001
00000000
00001001
00000000
0000M000
00000000
,
00000010
00000000
00000100
00000000
00001000
00000010
00000100
00000000
00000010
00000000
00001000
00000000
00000100
00000000
00000010
00000000
,
00001000
00000000
00010000
00000000
00100000
01000000
00010000
00000000
00100000
00000000
00100000
00000000
10010000
00000000
00000000
00000000
,
00110000
00000000
00010000
00M00000
00001000
00000000
00000100
00000000
00001000
00000000
00010000
00000000
00100000
00000000
00000000
00000000
,
01010000
00000000
00010000
0M000000
00001000
00000000
00000100
00000000
00000010
00000000
00001000
00000000
00000100
00000000
00000000
00000000
,
00001010
00000000
00001000
000000M0
00010000
00000000
00100000
00000000
01000000
00000000
00001000
00000000
00010000
00000000
00000000
00000000
,
00001010
00000000
00000010
0000M000
00000001
00000000
00000100
00000000
00000010
00001000
00000010
00000000
00000101
00000000
00000000
00000000
,
00001100
00000000
00001000
00000M00
00010000
00000000
01000000
00000000
00100000
00000000
00001000
00000000
00010000
00000000
00000000
00000000
,
00110000
00000000
00100000
000M0000
10000000
00000000
01000000
00000000
00010000
00000000
00001000
00000000
00000100
00000000
00000000
00000000
,
00001010
00000000
00000010
0000M000
00000001
00000000
00000010
00000000
00001000
00000000
00010000
00000000
00100000
00000000
00000000
00000000
,
01010000
00000000
00010000
0M000000
00001000
00000000
00000100
00000000
00000010
00001000
00000010
00000000
00001001
00000000
00000000
00000000
,
00000001
00000000
00000100
00000000
00000010
00001000
00000000
00000001
00000000
00001000
00000100
00000000
00000010
00000000
00000001
00000000
,
00001000
00000000
00000100
00000000
00000010
00000000
00000100
00010000
00000000
00000000
00001000
00000000
00011000
00000000
00000000
00000000
,
00000100
00000000
00001000
00000000
00010000
00001000
00000000
00100000
00000000
00001000
01000000
00000000
00010000
00000000
00100000
00000000
,
01000000
00000000
10000000
00000000
00010000
00000000
01000000
10000000
00000000
00000000
01000000
00000000
01010000
00000000
00000000
00000000
,
00100000
00000000
10000000
00000000
00010000
00100000
00000000
01000000
00000000
00100000
00001000
00000000
00010000
00000000
00100000
00000000
,
00010000
00000000
00001000
00000000
00000010
00000000
00000001
00001000
00000000
00000000
00000100
00000000
00001100
00000000
00000000
00000000
,
00000010
00000000
00000001
00000000
00000100
00000010
00000000
00000001
00000000
00000010
00001000
00000000
00000100
00000000
00000010
00000001
,
00000000
00000000
00001000
00000000
00000010
00000100
00000000
00001000
00010000
00000000
00100000
01000000
00000000
00000000
00010000
00000000
,
10000000
00000000
00110000
00000000
00000000
10010000
00000000
00000000
01010000
00000000
00000000
01001000
00000000
00000000
00011000
00000000
,
00010010
00000000
00011000
00000000
00000000
00010100
00000000
00000000
00001010
00000000
00000000
00000011
00000000
00000000
00001001
00000000
,
00000000
00000000
00000110
00000000
00000000
00010100
00000000
00000000
00011000
00000000
00000000
01001000
00000000
00000000
00011000
00000000
,
00101000
00000000
00011000
00000000
00000000
00010000
00000000
00001000
00100000
00000000
00010000
01000000
00000000
00100000
10000000
00000000
,
01000000
00100000
00010000
10000000
00100000
00010000
00001000
00010000
,
00100000
00000000
10010000
00000000
00000000
00010000
00000000
01000000
00100000
00000000
00010000
00001000
00000000
00000100
00000010
00000000
,
00001000
00000000
00000100
00000000
00000000
00000010
00000000
00000001
00000100
00000000
00001000
00010000
00000000
01000000
00100000
00000000
,
01000000
00000000
00010000
00000000
00001000
00000000
00000010
00000000
00000001
00001000
00000001
00000000
00001100
00000000
00001001
00000000
,
00000000
00000000
00000110
00000000
00000000
00010100
00000000
00000000
00011000
00000000
00000000
00101000
00000000
00000000
00011000
00000000
,
01001000
00000000
00011000
00000000
00000000
00101000
00000000
00000000
01100000
00000000
00000000
10010000
00000000
00000000
01100000
00000000
,
00000000
00000000
00101000
00000000
00000000
00011000
00000000
00000000
00010100
00000000
00000000
00011000
00000000
00000000
00010010
00000000
,
00011000
00000000
01001000
00000000
00000000
00010000
00000000
00100000
01000000
00000000
00010000
00001000
00000000
00000010
00000100
00000000
,
00001000
00000010
00000001
00000010
00001000
00000001
00000010
00000100
,
00001000
00000000
00001001
00000000
00000000
00001000
00000000
00000100
00000010
00000000
00001000
00010000
00000000
01000000
00100000
00000000
,
00010000
00000000
10000000
00000000
00000000
00100000
00000000
01000000
00100000
00000000
00010000
00001000
00000000
00000010
00000100
00000000
,
00001000
00000000
00000010
00000000
00000100
00000000
00000001
00000000
00001000
00000010
00001000
00000000
00010010
00000000
00011000
00000000
,
00000000
00000000
00010100
00000000
00000000
00000110
00000000
00000000
00001001
00000000
00000000
00000110
00000000
00000000
00000001
00000000
,
00000010
00000000
00000100
00000000
00000000
00001000
00000000
00000000
00000010
00000000
00000000
00010000
00000000
00000000
00011000
00000000
,
00000000
00000000
00001000
00000000
00000000
00010000
00000000
00000000
00100000
00000000
00000000
10000000
00000000
00000000
01000000
00000000
,
00100000
00010000
10000000
00100000
00010000
00100000
10000000
01000000
,
00010000
01000000
00100000
01000000
10000000
00100000
00010000
00001000
,
00010000
00000010
00001000
00000100
00000010
00001000
00010000
00011000
,
00001000
00000100
00000010
00000100
00000001
00000100
00001000
00010000
,
00000010
00001000
00000100
00000010
00001000
00010000
00100000
10000000
,
01000000
00100000
00000000
00010000
01000000
00000000
00100000
00000000
00010000
00001000
00000000
01000000
00000000
00001000
00010000
00000000
,
00000010
00000100
00000000
00000001
00000000
00000100
00000010
00000000
00001000
00000100
00000000
00000010
00000000
00000100
00001000
00000000
,
00000001
00000100
00000000
00001000
00010000
00000000
01000000
00000000
10000000
00100000
00000000
01000000
00000000
00100000
10000000
00000000
,
10000000
01000000
00000000
00010000
00001000
00000000
00010000
00000000
00001000
00000100
00000000
00000001
00000000
00000010
00000100
00000000
,
00001000
00000001
00000000
00000100
00001000
00000000
00010000
00000000
00001000
01000000
00000000
00001000
00000000
00010000
01000000
00000000
,
00100000
00010000
00000000
10000000
00000000
01000000
00010000
00000000
00001000
00000100
00000000
00000001
00000000
00000010
00000100
00000000
,
00000010
00001000
00000000
00000010
00000100
00000000
00001000
00000000
00000001
00000100
00000000
00000010
00000000
00010000
00001000
00000000
,
01000000
00100000
00000000
01000000
00010000
00000000
00100000
00000000
10000000
00100000
00000000
01000000
00000000
00100000
00010000
00000000
,
10000000
01000000
00010000
00000000
00001000
00000000
00010000
00000000
00001000
01000000
00100000
00000000
00010000
00000000
00001000
00000000
,
00000010
00000100
00001000
00000000
00000100
00000000
00000010
00000000
00000001
00000100
00000010
00010000
00001000
00000000
01000000
00000000
,
00001000
00010000
00000100
00000000
00010000
00000000
01000000
00000000
10000000
00010000
01000000
00000000
00100000
00000000
01000000
00000000
,
00001000
00010000
00000010
00000000
00010000
00000000
00001000
00000000
00000100
00000010
00010000
00001000
00010000
00000000
00000010
00000000
,
00000100
00000001
00000010
00000000
00000100
00001000
00000001
00000000
00000100
00001000
00010000
00000000
00001000
00000000
01000000
00000000
,
00100000
01000000
00001000
00000000
01000000
00100000
10000000
00000000
01000000
00100000
00001000
00010000
00000010
00000100
00000001
00000000
,
00000001
00000100
00000010
00000000
00000100
00001000
00010000
00000000
00000010
00000100
00001000
00000000
00010000
00000100
00001000
00000010
,
00001000
00000010
00000100
00000000
00001000
00010000
00000100
00000000
00010000
00001000
01000000
00100000
10000000
00000000
01000000
00000000
,
10000000
00100000
00010000
00000000
00100000
01000000
00001000
00000000
01000000
00100000
10000000
00000000
01000000
00000000
00010000
00000000
,
00001000
00010000
01000000
00000000
00100000
00001000
00010000
00000000
00001000
00000100
00000010
00010000
00001000
00000010
00000001
00001000
,
00000001
00001000
00000100
00000000
00000010
00000001
00000100
00000000
00001000
00010000
00000010
00000000
00000100
00000000
00001000
00000000
,
00010000
00001000
01000000
00000000
00010000
00100000
01000000
00000000
00010000
01000000
10000000
00100000
10000000
00000000
01000000
00000000
,
00100000
00001000
00010000
00000000
01000000
10000000
01000000
00000000
00010000
00001000
01000000
00000000
00001000
00010000
00000010
00001000
,
00000100
00001000
00000001
00000000
00000010
00000001
00000100
00000000
00000010
00000100
00001000
00010000
00000100
00000000
00010000
00000000
,
00001000
00010000
00000010
00000000
00010000
00001000
01000000
00000000
00100000
10000000
01000000
00000000
00100000
00000000
00010000
00000000
,
01000000
00100000
10000000
01000000
00100000
00010000
10000000
00000000
01000000
00100000
00001000
00010000
00001000
00000100
00000001
00000020
,
00000000
00000000
00000000
00000000
00000000
00000000
00000000
00000030
00000000
00000000
00000000
00000000
00000000
00000000
00000000
00000000
;

//---------------dance-single - M. Emirzian----------------
#NOTES:
     dance-single:
     M. Emirzian:
     Challenge:
     11:
     0.836,0.000,0.750,0.000,0.848,647.000,95.000,0.000,0.000,0.000,0.000:



0000
0000
0000
0000
,
0000
0000
0000
0000
,
0000
0000
0000
0000
,
0000
0000
0000
0000
,
1000
0000
0010
0000
0100
0001
0010
0000
0100
0000
1000
0000
0010
1000
0100
0000
,
0010
0000
0001
0000
0100
0001
0010
0000
0100
0000
1001
0000
0110
0000
0000
0000
,
0100
0000
1000
0000
0001
0100
1000
0000
0001
0000
0010
0000
1000
0010
0001
0000
,
1000
0000
0010
0000
1000
0100
0001
0000
0100
0000
1001
0000
0001
0100
0000
0001
,
0010
0001
0100
1000
0100
0001
0011
0000
,
1010
0010
0001
0100
1000
0100
0101
0000
,
1100
0100
0001
0010
1000
0010
1010
0000
,
0011
0000
0010
0000
0001
0000
0100
0000
1000
0000
0100
0000
0001
0010
0000
0001
,
0100
1000
0100
0001
1000
0010
0011
0000
,
1010
0010
1000
0100
0001
0100
1100
0000
,
0101
0100
1000
0010
0001
0010
0011
0000
,
1010
0000
0010
0000
1000
0000
0100
0000
0010
0000
0001
0000
0100
1000
0000
0100
,
0001
0000
0010
0000
0100
1000
0000
0010
0000
0100
0001
0000
0010
0000
0100
0000
,
1000
0000
0010
0000
0100
0000
0001
0010
0000
0000
0100
0000
1001
0000
0000
0000
,
0100
0000
0010
0000
1000
0100
0000
0010
0000
0001
0100
0000
0010
0000
1000
0000
,
0001
0000
0010
0000
0100
0000
1000
0010
0000
0000
0100
0000
0001
0010
0000
0100
,
1000
0000
0001
0000
0100
1000
0000
0100
0000
0001
1000
0000
0010
0000
0001
0000
,
0010
0000
1000
0000
0100
0000
0010
0001
0000
0000
0100
0000
1010
0000
0000
0000
,
0100
0000
0010
0000
0001
0100
0000
0010
0000
1000
0100
0000
0010
0000
0001
0000
,
1000
0000
0010
0000
0100
0001
0000
0010
0100
0000
1000
0001
0000
0000
1000
0000
,
0100
0000
1010
0000
0000
0011
0000
0000
1010
0000
0000
1100
0000
0000
0110
0000
,
1001
0000
0110
0000
0000
1100
0000
0010
0100
0000
0000
0011
0000
0000
1100
0000
,
0000
0000
0101
0000
0000
1100
0000
0000
0101
0000
0000
0110
0000
0000
1001
0000
,
0110
0000
1001
0000
0000
1100
0000
0010
0001
0000
0100
0010
0000
1000
0100
0000
,
0010
0000
0011
0000
0000
0101
0000
0000
0011
0000
0000
0101
0000
0000
0110
0000
,
1001
0000
0110
0000
0000
1001
0000
0010
0100
0000
0000
1001
0000
0000
1010
0000
,
0000
0000
0011
0000
0000
1010
0000
0000
0011
0000
0000
0110
0000
0000
1001
0000
,
0110
0000
1001
0000
0000
0101
0000
0010
1000
0000
0100
0010
0000
0001
1000
0000
,
0100
0000
1001
0000
0000
0110
0000
0000
1100
0000
0000
0110
0000
0000
0011
0000
,
1001
0000
0110
0000
0000
0101
0000
0010
1000
0000
0000
1100
0000
0000
0011
0000
,
0000
0000
1010
0000
0000
0011
0000
0000
0101
0000
0000
1100
0000
0000
0101
0000
,
1001
0000
1010
0000
0000
0011
0000
1000
0100
0000
0010
0001
0000
0100
0010
0000
,
1000
0000
0110
0000
0000
1100
0000
0000
0101
0000
0000
0110
0000
0000
1010
0000
,
0011
0000
1001
0000
0000
0101
0000
0010
1000
0000
0000
1100
0000
0000
0101
0000
,
0000
0000
1100
0000
0000
0110
0000
0000
1001
0000
0000
0110
0000
0000
0101
0000
,
1001
0000
1010
0000
0000
0101
0000
0010
0100
0000
1000
0010
0000
0100
0001
0000
,
0010
0000
1001
0000
0000
0110
0000
0000
1100
0000
0000
0101
0000
0000
0100
0000
,
1000
0000
0010
0000
0000
0100
0000
0001
1000
0000
0000
0100
0000
0000
0010
0000
,
0000
0000
0001
0000
0000
0100
0000
0000
0010
0000
0000
1000
0000
0000
0100
0000
,
0010
0000
0001
0000
0100
0010
1000
0100
,
0010
0001
1000
0010
0001
0010
1000
0001
,
0010
0100
1000
0001
0100
0010
1000
0100
,
0010
0001
0010
1000
0010
0100
1000
0001
,
0100
0010
0001
0010
0100
0001
0010
0100
,
1000
0000
0001
0100
0010
0000
1000
0100
0010
0000
0001
0100
0000
0010
1000
0000
,
0001
0000
0100
0010
1000
0000
0100
0010
0001
0000
0100
0010
0000
0010
1000
0000
,
0100
0000
0010
0001
0100
0000
0010
1000
0100
0000
1000
0001
0000
0010
0100
0000
,
1000
0000
0001
0100
0010
0000
0100
0001
0010
0000
0100
1000
0000
0001
0100
0000
,
1001
0000
0010
1000
0100
0000
1000
0001
0010
0000
0100
1000
0000
0001
0010
0000
,
0100
0000
1000
0010
0100
0000
0010
1000
0100
0000
0010
0001
0000
0100
0010
0000
,
1001
0000
0100
0010
1000
0000
0001
0010
0100
0000
1000
0010
0000
0100
0001
0000
,
0010
0000
0100
1000
0010
0000
0100
0001
0010
0000
0001
0000
0100
0000
0010
0000
,
1000
0010
0100
0000
0001
0000
0010
0000
0100
1000
0001
0000
1000
0000
0010
0000
,
0100
0001
0010
0000
0100
1000
0001
0000
0010
0100
1000
0000
0010
0000
0100
0000
,
0001
0010
0100
0000
1000
0000
0010
0000
0100
0001
0010
0000
0100
0000
1000
0000
,
0010
0100
0001
0000
0010
0100
1000
0000
0010
0100
0001
0000
0010
0000
0100
0000
,
1000
0010
0001
0010
0100
0010
1000
0100
0010
0001
0100
0010
1000
0100
0001
0100
,
1000
0100
0010
1000
0010
0001
0010
0100
1000
0010
0100
0001
0100
1000
0100
0000
,
0001
0100
0010
1000
0010
0100
0001
0010
0100
1000
0010
0100
0001
0010
1000
0010
,
0001
0010
0100
1000
0010
0001
0010
0100
0010
1000
0100
0010
0001
0100
0010
0000
,
0100
0001
0100
1000
0001
0010
1000
0100
1000
0010
0100
0001
0010
0100
1000
0001
,
0010
0100
1000
0001
0100
1000
0100
0010
1000
0010
0100
0001
0010
0100
1000
0000
,
0001
0100
1000
0100
0001
0100
0010
1000
0010
0001
0010
0100
0010
1000
0001
0010
,
0100
1000
0010
0100
0001
0100
0010
1000
0100
0010
0001
0010
0100
1000
0001
0000
,
0100
0010
1000
0100
1000
0010
1000
0100
1000
0100
0010
0001
0100
0001
0010
0001
,
0100
1000
0100
0001
0100
1000
0100
0001
0010
0100
1000
0010
0100
0001
1000
0100
,
1000
0001
0010
0100
1000
0010
0001
0010
1000
0100
0010
0001
1000
0100
0010
0100
,
0010
0001
0100
0010
1000
0100
0001
0100
1000
0100
0001
0100
1000
0100
0010
0001
;

//---------------lights-cabinet - ----------------
#NOTES:
     lights-cabinet:
     :
     Easy:
     1:
     1.000,0.000,1.000,0.000,0.118,395.000,276.000,0.000,0.000,236.000,0.000:


00000000
00000000
00000000
00000000
,
00000000
00000000
00000000
00000000
,
00000000
00000000
00000000
00000000
,
00000000
00000000
00000000
00000000
,
11110011
01100011
00010011
01000011
,
10010011
00100011
01000011
01010011
,
00100011
10000011
01010011
10000011
,
10100011
01010011
00010011
10010011
,
10100011
00000000
01000011
00000000
10100011
00010000
01000011
00000000
,
01010011
00000000
00100011
00000000
01000011
10000000
00100011
00000000
,
10010011
00000000
00010011
01000000
00100011
01000000
00100011
00000000
,
10010011
00000000
00100011
00000000
01000011
10000000
00100011
00000000
,
10000011
00000000
01100011
00000000
00100011
00010000
11000011
00000000
,
00010011
00000000
10100011
00100000
01000011
00100000
10000011
00000000
,
11000011
00000000
00100011
00010000
10000011
00000000
00110011
00000000
,
10000011
00000000
11000011
00000000
00100011
00010000
00100011
00010011
,
10000011
00000000
01010011
00000000
10000011
00010000
00100011
00010000
,
00000011
01000000
00000011
00010000
00000011
01000000
00010011
00000000
,
10100011
00000000
11000011
00100000
10010011
01000000
00100011
10010000
,
00000011
00000000
01010000
10000000
00000011
00000000
00010000
00000000
00100011
00000000
01000000
00000000
10000011
00000000
00000000
00000000
,
10010011
00000000
00100011
00000000
00010011
10000000
01000011
10000000
,
00010011
00100000
00010011
10000000
00000011
10100000
00000011
00000000
,
10010011
00000000
01100011
00010000
10000011
01100000
00010011
10000000
,
00000011
00000000
00100000
00010000
00000011
00000000
10000000
00000000
01000011
00000000
00100000
00000000
00010011
00000000
00000000
00000000
,
10010011
00000000
00000000
00000000
10000000
00000000
00000000
01000000
00100011
00000000
00000000
01000000
00100000
00000000
00000000
00000000
,
11000011
00000000
00000000
00000000
00110000
00000000
00000000
10000000
00100011
00000000
00000000
10000000
00100011
00000000
00000000
00000000
,
00110011
00000000
00000000
00000000
11000000
00000000
00000000
00010000
01000011
00000000
00000000
00010000
01000000
00000000
00000000
00000000
,
10010011
01000000
00100000
00000000
01100011
00000000
00010011
10000011
,
00010011
00000000
00100000
00000000
00010011
01000000
00100000
00100000
,
00100011
00000000
00000000
10000000
01000000
00000000
00000000
10000000
01000011
00000000
00000000
00000000
00000011
00000000
00000000
00000000
,
10000011
00000000
01000000
00000000
10000011
00100000
01000000
00000000
,
01000011
00000000
00000000
00010000
00100011
00000000
00000000
00010000
00100011
00000000
10000000
00000000
01000011
00000000
10000011
00000000
,
01000011
00000000
00000000
00000000
00000011
00000000
00000000
10000000
01000011
00000000
00000000
00100000
00010011
00000000
00000000
00000000
,
00100011
00000000
00000000
00000000
00000011
00000000
00000000
00010000
00100011
00000000
00000000
01000000
10000011
00000000
00000000
00000000
,
01000011
00000000
00000000
00000000
00000011
00000000
00000000
10000000
01000011
00000000
00000000
00100000
00010011
00000000
00000000
00000000
,
00100011
10000011
00010011
00000000
00100011
01000011
10000011
00000000
,
10000011
00000000
01000011
00000000
10000011
00100000
01000011
01000000
,
01000011
00000000
00000000
00010000
00100011
00000000
00000000
00010000
00100011
00000000
00000000
00000000
10010011
00000000
00000000
00000000
,
00010011
00000000
00100011
00000000
00010011
01000000
00100011
00000000
,
00100011
00000000
00000000
10000000
01000011
00000000
00000000
10000000
01000011
00000000
00010000
00000000
00100011
00000000
00010011
00000000
,
00100011
00000000
00000000
00000000
00000011
00000000
00000000
00010000
00100011
00000000
00000000
01000000
10000011
00000000
00000000
00000000
,
01000011
00000000
00000000
00000000
00110011
00000000
00000000
10000000
01000011
00000000
00000000
00100000
00010011
00000000
00000000
00000000
,
00100011
00000000
00000000
00010000
01000011
00000000
00000000
01000000
10000011
00000000
00000000
10000000
01000011
00000000
00000000
01000000
,
00100011
00010011
10000011
00000000
01000011
00100011
00010011
00000000
,
10000011
00000000
00010011
00000000
00100011
00000000
10000011
00010011
,
01000000
00000011
11000011
00000000
01100011
00000000
11110011
00000000
,
00010011
00000000
10000011
00000000
01000011
00000000
00010011
10000011
,
00100000
00000011
11000011
00000000
01100011
00000000
11110011
00000000
,
10000011
00000000
00010011
00000000
00100011
00000000
10000011
00010011
,
01000000
00000011
00000011
00100000
01000011
00000000
01100011
00000000
,
00010011
00000000
10000011
00000000
01000011
00000000
00010011
10000000
,
00100011
00000000
10000000
00000000
01000011
00000011
11110011
00000000
,
00010011
00000000
10000011
00000000
01000011
00000000
00010011
10000000
,
00100011
00000000
00000011
01000000
00100011
00000000
11110011
00000011
,
10000011
00000000
00010011
00000000
00100011
00000000
10000011
00010000
,
01000011
00000000
00010011
00000000
00100011
00000011
00000011
00000011
,
10010011
01100000
10010011
00000011
,
01000011
00110000
11000011
11110011
,
10000011
01000000
01000011
00110011
,
10000011
01100000
01100011
00000011
,
10000011
10000000
00010000
01000000
00010011
00010000
10000011
01000000
,
10000011
01100000
10010011
01100011
,
10000011
10000000
01000000
00000000
00010011
00010000
01000011
00000000
,
10000011
01000000
00100000
00010000
10000011
01000000
00100011
00010000
,
00010011
01100000
10000011
01100011
,
00010011
00100000
01000000
10000000
00010011
00100000
01000011
00010000
,
10000011
00000000
10010000
00000000
01100011
00000000
10010011
01000000
,
00010011
00000000
10000000
01000000
00100011
00010000
10000011
10000000
,
00010011
01100000
10000011
01100011
,
00010011
00100000
01000000
10000000
01000011
00100000
00010011
10000000
,
00100011
01000000
00010011
00000000
10000011
01000000
10000011
00000011
,
00010011
00100000
00010011
10000000
00100011
01000000
00010011
10000011
;

//---------------dance-single - M. Puls----------------
#NOTES:
     dance-single:
     M. Puls:
     Beginner:
     1:
     0.074,0.000,0.000,0.000,0.000,66.000,0.000,0.000,0.000,0.000,0.000:


0000
0000
0000
0000
,
0000
0000
0000
0000
,
0000
0000
0000
0000
,
0000
0000
0000
0000
,
0001
0000
0000
0000
,
0000
0000
0000
0000
,
1000
0000
0000
0000
,
0000
0000
0000
0000
,
0001
0000
0000
0000
,
0010
0000
0000
0000
,
0001
0000
0000
0000
,
1000
0000
0000
0000
,
0100
0000
0000
0000
,
1000
0000
0000
0000
,
0100
0000
0000
0000
,
0010
0000
0000
0000
,
0100
0000
0000
0000
,
1000
0000
0000
0000
,
1000
0000
0000
0000
,
0001
0000
0000
0000
,
0001
0000
0000
0000
,
1000
0000
0000
0000
,
0100
0000
0000
0000
,
0010
0000
0000
0000
,
0001
0000
0000
0000
,
1000
0000
0000
0000
,
0100
0000
0000
0000
,
1000
0000
0000
0000
,
0001
0000
0000
0000
,
0010
0000
0000
0000
,
0001
0000
0000
0000
,
0001
0000
0000
0000
,
0010
0000
0000
0000
,
0100
0000
0000
0000
,
1000
0000
0000
0000
,
1000
0000
0000
0000
,
0100
0000
0000
0000
,
1000
0000
0000
0000
,
0001
0000
0000
0000
,
0010
0000
0000
0000
,
0001
0000
0000
0000
,
0100
0000
0000
0000
,
0010
0000
0000
0000
,
0100
0000
0000
0000
,
0010
0000
0000
0000
,
1000
0000
0000
0000
,
0100
0000
0000
0000
,
0001
0000
0000
0000
,
0010
0000
0000
0000
,
0001
0000
0000
0000
,
0100
0000
0000
0000
,
0010
0000
0000
0000
,
1000
0000
0000
0000
,
0010
0000
0000
0000
,
0100
0000
0000
0000
,
0001
0000
0000
0000
,
0010
0000
0000
0000
,
0010
0000
0000
0000
,
0100
0000
0000
0000
,
0100
0000
0000
0000
,
0001
0000
0000
0000
,
0001
0000
0000
0000
,
1000
0000
0000
0000
,
1000
0000
0000
0000
,
1000
0000
0000
0000
,
0100
0000
0000
0000
,
1000
0000
0000
0000
,
0001
0000
0000
0000
,
0010
0000
0000
0000
,
0001
0000
0000
0000
,
0100
0000
0000
0000
,
0010
0000
0000
0000
;
