#TITLE:ROM-eo & Juli8;
#SUBTITLE:;
#ARTIST:Nina;
#TITLETRANSLIT:;
#SUBTITLETRANSLIT:;
#ARTISTTRANSLIT:;
#GENRE:;
#CREDIT:;
#BANNER:ROM-eo & Juli8-banner.png;
#BACKGROUND:ROM-eo & Juli8-bg.png;
#LYRICSPATH:;
#CDTITLE:;
#MUSIC:Nina - Romeojuli8.ogg;
#OFFSET:-0.054;
#SAMPLESTART:35.520;
#SAMPLELENGTH:9.960;
#SELECTABLE:YES;
#BPMS:0.000=135.000;
#STOPS:;
#BGCHANGES:0.000=ROM-eo & Juli8-bg.png=1.000=0=0=1=====,
15.000=VOL1-08-NTSC.mpg=1.000=1=0=1===CrossFade==,
32.000=vol3-13-ntsc.mpg=1.000=0=0=1=====,
48.000=VOL1-33-NTSC.mpg=1.000=0=0=1=====,
56.000=vol4-01-ntsc.mpg=1.000=0=0=1=====,
64.000=vol3-08-ntsc.mpg=1.000=0=0=1=====,
72.000=vol4-13-ntsc.mpg=1.000=0=0=1=====,
80.000=VOL1-24-NTSC.mpg=1.000=0=0=1=====,
96.000=vol3-19-ntsc.mpg=1.000=0=0=1=====,
108.000=vol4-03-ntsc.mpg=1.000=0=0=1=====,
120.000=vol3-24-ntsc.mpg=1.000=0=0=1=====,
124.000=VOL1-32-NTSC.mpg=1.000=0=0=1=====,
132.000=VOL1-12-NTSC.mpg=1.000=0=0=1=====,
140.000=VOL1-35-NTSC.mpg=1.000=0=0=1=====,
148.000=EV01457N.mpg=1.000=0=0=1=====,
164.000=VOL1-16-NTSC.mpg=1.000=0=0=1=====,
172.000=VOL1-15-NTSC.mpg=1.000=0=0=1=====,
180.000=jb_072.mpg=1.000=0=0=1=====,
188.000=vol4-07-ntsc.mpg=1.000=0=0=1=====,
196.000=vol4-11-ntsc.mpg=1.000=0=0=1=====,
204.000=vol4-10-ntsc.mpg=1.000=0=0=1=====,
212.000=vol4-14-ntsc.mpg=1.000=0=0=1=====,
220.000=vol3-24-ntsc.mpg=1.000=0=0=1=====,
228.000=VOL1-24-NTSC.mpg=1.000=0=0=1=====,
244.000=VOL1-48-NTSC.mpg=1.000=0=0=1=====,
260.000=EV01457N.mpg=1.000=0=0=1=====,
268.000=VOL1-12-NTSC.mpg=1.000=0=0=1=====,
272.000=ROM-eo & Juli8-bg.png=1.000=0=0=1=====,
273.000=ROM-eo & Juli8-bg.png=1.000=0=0=1=====,
99999=-nosongbg-=1.000=0=0=0 // don't automatically add -songbackground-
;
#KEYSOUNDS:;
// cache tags:
#FIRSTBEAT:16.000;
#LASTBEAT:273.000;
#SONGFILENAME:/Songs/In The Groove/ROM-eo & Juli8/romeojuli8.sm;
#HASMUSIC:1;
#HASBANNER:1;
#MUSICLENGTH:122.749;
// end cache tags

//---------------dance-single - M. Puls----------------
#NOTES:
     dance-single:
     M. Puls:
     Easy:
     2:
     0.171,0.000,0.081,0.179,0.000,115.000,10.000,22.000,0.000,0.000,0.000:



0000
0000
0000
0000
,
0000
0000
0000
0000
,
0000
0000
0000
0000
,
0000
0000
0000
0000
,
1000
0000
1000
0000
,
0010
0000
0010
0000
,
0100
0000
0100
0000
,
0001
0000
0001
0000
,
0100
0000
0010
0000
,
0100
0000
0001
0000
,
0001
0000
1000
0000
,
1000
0000
0000
0000
,
2000
0000
0000
3000
,
0020
0000
0000
0030
,
0200
0000
0000
0300
,
0002
0000
0000
0003
,
2000
0000
0000
3000
,
0020
0000
0000
0030
,
0200
0000
0000
0300
,
0002
0000
0000
0003
,
1000
0000
1000
0000
,
0010
0000
1000
0000
,
0100
0000
1000
0000
,
0100
0000
1000
0000
,
0001
0010
0001
0000
,
0001
0010
0001
0000
,
2002
0000
3003
0000
,
0010
0000
0010
0000
,
2002
0000
0000
0000
,
3003
0000
0000
0000
,
0010
0000
0000
0000
,
0011
0000
0000
0000
,
1100
0000
0000
0000
,
0101
0000
0000
0000
,
1010
0000
0000
0000
,
0001
1000
1000
0000
,
1000
0001
0001
0000
,
1000
1000
1000
0000
,
0001
0001
0001
0000
,
0001
0000
0010
0000
,
1000
0000
0010
0000
,
0001
0000
0100
0000
,
1000
0000
0000
0000
,
0010
0010
1000
0000
,
0100
0100
0001
0000
,
0010
0010
1000
0000
,
0001
0001
0001
0000
,
1000
0200
0000
0300
,
0001
2000
0000
3000
,
0100
0020
0000
0030
,
0100
0002
0000
0003
,
0010
0002
0000
0003
,
0100
0020
0000
0030
,
2002
0000
0000
3003
,
0000
0000
0100
0000
,
2002
0000
0000
0000
,
3003
0000
0000
0000
,
0010
0000
1000
0000
,
0001
0000
0100
0000
,
0001
0000
1000
0000
,
0001
0000
0010
0000
,
0001
0000
1000
0000
,
0100
0000
1000
0000
,
0010
0000
1000
0000
,
1000
0000
0001
0010
,
0001
0000
1000
0000
,
0001
0000
1000
0000
,
1001
0000
0000
0000
,
1001
0000
0000
0000
;

//---------------dance-single - M. Puls----------------
#NOTES:
     dance-single:
     M. Puls:
     Medium:
     6:
     0.379,0.000,0.342,0.130,0.000,268.000,42.000,16.000,0.000,0.000,0.000:



0000
0000
0000
0000
,
0000
0000
0000
0000
,
0000
0000
0000
0000
,
0000
0000
0000
0000
,
0010
0100
0100
0001
,
0010
0010
1000
0010
,
0010
1000
0100
0100
,
0010
1000
0001
0200
0000
0000
0300
0000
,
0100
0100
0010
0100
,
0100
0010
0001
0001
,
0100
1000
1000
0010
,
0100
0001
1000
0020
0000
0000
0030
0000
,
0100
0000
0100
0200
0000
0300
0010
0000
,
0010
0000
0010
0020
0000
0030
1000
0000
,
1000
0000
1000
2000
0000
3000
0010
0000
,
0010
0000
0010
0020
0000
0030
0100
0000
,
0001
0000
1000
0002
0000
0003
0010
0000
,
0100
0000
0010
0200
0000
0300
1000
0000
,
0010
0000
0100
0020
0000
0030
0001
0000
,
1000
0000
0001
2000
0000
3000
0000
0000
,
1000
0000
0001
0100
0000
0010
1000
0010
,
1000
0000
0001
0100
0000
0010
1000
0000
,
0001
0000
1000
0010
0000
0100
0001
0000
,
1000
0010
1000
0010
0000
0100
0001
0000
,
1000
0000
0001
0100
0000
0010
1000
0000
,
0001
0100
0001
0100
0000
0010
1000
0000
,
0001
1000
0001
1000
,
1001
1001
0100
0010
,
2002
0000
0000
0000
,
3003
0000
0000
0000
,
0010
0110
0100
0110
,
0001
1000
0100
0010
,
0101
0001
0100
1000
,
1010
1000
0100
0001
,
0101
1000
0110
0001
,
1000
0000
1000
0001
0100
0000
0000
0000
,
0001
0000
0001
1000
0100
0000
0000
0000
,
1000
0001
0100
0000
1000
0000
0000
0000
,
0001
0000
1000
0100
0010
0000
0000
0000
,
1000
0000
1000
0001
0010
0000
0000
0000
,
0001
1000
0010
0000
0001
0000
0000
0000
,
1000
0000
0001
0010
0100
0000
0000
0000
,
1100
0011
1100
0000
,
0010
0010
1100
0000
,
0100
0100
0011
0000
,
0010
0010
1100
0000
,
0001
0001
1100
0000
,
1000
0000
0001
0100
0000
0010
1000
0010
,
1000
0000
0001
0100
0000
0010
1000
0000
,
0001
0000
1000
0010
0000
0100
0001
0000
,
1000
0010
1000
0010
0000
0100
0001
0000
,
1000
0000
0001
0100
0000
0010
1000
0000
,
0001
0100
0001
0100
0000
0010
1000
0000
,
1001
0100
0010
0100
,
0110
0010
1100
0010
,
1001
0010
0100
0110
,
0010
2002
3003
0000
,
1000
0000
0001
0110
0000
0010
1000
0010
,
1000
0000
0001
0110
0000
0010
1000
0000
,
0001
0000
1000
0110
0000
0100
0001
0000
,
1000
0010
1000
0010
0000
0110
0001
0000
,
1000
0000
0001
0110
0000
0010
1000
0000
,
0001
0100
0001
0100
0000
0110
1000
0000
,
1001
0100
0110
0100
,
1010
0001
1100
0010
,
0110
1001
1001
0010
,
0100
1001
2002
3003
,
0110
1001
0110
0110
,
1001
0000
0000
0000
;

//---------------dance-single - R. McKanna----------------
#NOTES:
     dance-single:
     R. McKanna:
     Hard:
     7:
     0.432,0.000,0.155,0.065,0.073,344.000,19.000,8.000,0.000,0.000,0.000:



0000
0000
0000
0000
,
0000
0000
0000
0000
,
0000
0000
0000
0000
,
0000
0000
0000
0000
,
1000
0010
0100
0000
1000
0000
0100
0000
,
0001
0010
0100
0000
0001
0000
0010
0000
,
1000
0010
0100
0001
0010
0000
0100
0000
,
1000
0000
0000
0001
0000
0000
0020
0000
0000
0000
0000
0000
0030
0000
0000
0000
,
0001
0100
0010
0000
0001
0000
0010
0000
,
1000
0100
0010
0000
1000
0000
0100
0000
,
0001
0100
0010
1000
0100
0000
0010
0000
,
0001
0000
0000
1000
0000
0000
0200
0000
0000
0000
0000
0000
0300
0000
0000
0000
,
1001
0000
0010
0100
0010
0000
1000
0000
,
0001
0000
0010
0100
1000
0010
0100
0000
,
1001
0000
0001
0010
1000
0000
0010
0000
,
0100
0000
1000
0010
0100
0001
0010
0000
,
1001
0000
0100
0010
0100
0000
0001
0000
,
1000
0000
0100
0010
0001
0100
0010
0000
,
1001
0000
1000
0100
0001
0000
0100
0000
,
0010
0000
0001
0100
0010
1000
0100
0000
,
1000
0000
0010
0100
0000
0010
0100
0000
,
0001
0000
0010
0100
0000
0110
0110
0000
,
0001
0000
0010
0100
0000
0010
0100
0000
,
1000
0100
0010
0100
0000
1001
1001
0000
,
0001
0000
0100
0010
0000
0100
0010
0000
,
1000
0000
0100
0010
0000
0110
0110
0000
,
1000
0000
1000
0000
0010
0100
0000
0010
,
0000
0020
0000
0000
0000
1000
1030
0000
,
0001
0000
0001
0000
0100
0010
0000
0010
,
0000
0020
0000
0000
0000
1000
1030
0000
,
1000
0001
1000
0001
,
1000
0000
0100
0000
0010
0001
0000
0001
0100
0000
0010
0000
1000
0100
0000
0100
,
0010
0000
0001
0000
0100
0010
0000
0010
1000
0000
0100
0000
0010
0000
0100
0000
,
1000
0000
0010
0000
0100
0001
0000
0001
0010
0000
0100
0000
1000
0010
0000
0010
,
0100
0000
0001
0000
0010
0100
0000
0100
1000
0000
0010
0000
0100
0000
0001
0000
,
1000
0010
0100
0000
0010
0100
0001
0000
,
0100
0001
1000
0000
1000
0100
0010
0100
,
0001
0100
1000
0000
0100
1000
0001
0000
,
1000
0001
0010
0000
0001
0010
0100
0010
,
1000
0010
0001
0000
0010
0001
1000
0000
,
0001
1000
0100
0000
1000
0100
0010
0100
,
0001
0100
1000
0000
0100
1000
0010
0000
,
1000
0010
0100
0000
0010
0000
0100
0000
,
1001
0000
0001
0001
0100
0010
0000
0000
,
0001
0000
1000
1000
0010
0100
0000
0000
,
1000
0000
0001
0001
0010
0100
0000
1000
,
0000
0010
0000
0100
0000
0000
1001
0000
,
1000
0000
0100
1000
0000
0010
0010
0000
,
0100
0010
0100
0001
0000
0010
0010
0000
,
0001
0000
0100
0001
0000
0010
0010
0000
,
0100
0010
0100
1000
0000
0010
0010
0000
,
1000
0000
0010
1000
0000
0100
0100
0000
,
0010
0100
0010
0001
0000
0100
0100
0000
,
0001
0000
0001
0000
1000
0000
1000
0100
,
0000
0200
0000
0000
0000
0000
0300
0000
,
1000
0000
1000
0000
0001
0000
0001
0100
,
0000
0200
0000
0000
0300
0000
1001
0000
,
0001
0000
0010
0100
0000
0010
0100
0000
,
1000
0000
0010
0100
0000
0110
0110
0000
,
1000
0000
0010
0100
0000
0010
0100
0000
,
0001
0100
0010
0100
0000
1001
1001
0000
,
1000
0000
0100
0010
0000
0100
0010
0000
,
0001
0000
0100
0010
0000
0110
0110
0000
,
0001
0000
0001
0000
0100
0010
0000
0100
,
0000
0200
0000
0000
0000
0001
0301
0000
,
1000
0000
1000
0000
0010
0100
0000
0100
,
0000
0200
0000
0000
0000
0001
0301
0000
,
1000
0000
0100
0000
0010
0001
0000
0001
0100
0000
0010
0000
1000
0001
0000
0001
,
1000
0000
0000
0000
;

//---------------dance-double - M. Emirzian----------------
#NOTES:
     dance-double:
     M. Emirzian:
     Easy:
     3:
     0.233,0.000,0.008,0.073,0.000,190.000,1.000,9.000,0.000,0.000,0.000:



00000000
00000000
00000000
00000000
,
00000000
00000000
00000000
00000000
,
00000000
00000000
00000000
00000000
,
00000000
00000000
00000000
00000000
,
00001000
00000000
00200000
00000000
,
00010000
00010000
00310000
00000000
,
01000000
00000000
00200000
00000000
,
10000000
10000000
10300000
00000000
,
01000000
00000000
00020000
00000000
,
00001000
00001000
00031000
00000000
,
00000010
00000000
00000002
00000000
,
00000100
00000100
00000103
00000000
,
00001000
00010000
00000010
00000000
,
00010000
00001000
00000100
00000000
,
00001000
01000000
00010000
00000000
,
10000000
01000000
00010000
00000000
,
00001000
00100000
00010000
00000000
,
01000000
00100000
00010000
00000000
,
00001000
00010000
00000100
00000000
,
00000010
00000001
00000100
00000100
,
00000010
00000000
00001000
00000000
,
00000001
00001000
00000100
00000000
,
00010000
00001000
00000010
00001000
,
00010000
00001000
00000000
00000000
,
01000000
00100000
10000000
01000000
,
00010000
00001000
00100000
00000000
,
00001000
00010000
00000010
00000100
,
00000001
00000010
00000010
00000000
,
00000100
00000000
00010000
00000000
,
00002000
00000000
00000000
00003000
,
00001000
00010000
00001000
00011000
,
01000000
10000000
00010000
00000000
,
01000000
00100000
10000000
00000000
,
01000000
00010000
00001000
00000000
,
00010000
00000010
00000100
00000000
,
00000100
00000000
00000001
00000100
,
00000010
00000000
00000100
00001000
,
00010000
00000000
00001000
00000000
,
01000000
00010000
10000000
00000000
,
01000000
00000000
00100000
00001000
,
00010000
00000000
00001000
00000010
,
00000001
00000000
00000100
00000000
,
00000010
00000100
00001000
00000000
,
00010000
00001000
00100000
00000000
,
01000000
10000000
00100000
00000000
,
00010000
00000000
00001000
00000000
,
00001000
00000000
00010000
00000000
,
00001000
00010000
00000100
00000010
,
00000001
00001000
00000100
00000000
,
00000010
00001000
00010000
00100000
,
10000000
01000000
00000000
00100000
,
00010000
01000000
00001000
00010000
,
00100000
00010000
00001000
00010000
,
00000100
00001000
00001000
00000000
,
00000010
00000000
00000100
00000000
,
00000001
00000100
00000010
00020000
,
00001000
00000000
00001000
00000000
,
00031000
00010000
01000000
10000000
,
00010000
10000000
01000000
00000000
,
01000000
00100000
00001000
00020000
,
00001000
00000000
00001000
00000000
,
00031000
00000010
00000001
00000010
,
00000100
00001000
00000010
00000200
,
00000001
00000000
00000001
00000000
,
00000301
00000100
00000010
00020000
,
00001000
00000000
00001000
00000000
,
00031000
00010000
01000000
10000000
,
00010000
00000000
10000000
00000000
,
00010000
00000000
00000000
00000000
;

//---------------dance-double - M. Emirzian----------------
#NOTES:
     dance-double:
     M. Emirzian:
     Medium:
     5:
     0.319,0.000,0.024,0.081,0.000,261.000,3.000,10.000,0.000,0.000,0.000:



00000000
00000000
00000000
00000000
,
00000000
00000000
00000000
00000000
,
00000000
00000000
00000000
00000000
,
00000000
00000000
00000000
00000000
,
10000000
00000000
00010000
00000000
01000000
00001000
00010000
00000000
,
00000010
00000100
00000200
00000300
,
00000001
00000000
00000010
00000000
00000100
00000000
00010000
00001000
,
00100000
01000000
02000000
03000000
,
10000000
00000000
10000000
00000000
01000000
00000000
00010000
00001000
,
00000010
00000001
00000002
00000003
,
00000100
00000000
00000001
00000000
00000010
00000000
00001000
00010000
,
01000000
10000000
20000000
30000000
,
00100000
00000000
01000000
00000000
00001000
00000000
00010000
00001000
,
00010000
00000100
00002000
00003000
,
00000010
00000000
00000100
00000000
00000001
00000000
00001000
00000100
,
00001000
00000010
00020000
00030000
,
00001000
00000000
01000000
00000000
00100000
00000000
10000000
00010000
,
10000000
01000000
00200000
00300000
,
00001000
00000000
00010000
00000000
00000100
00000000
00001000
00000001
,
00001000
00000010
00000200
00000300
,
00000001
00000100
00001000
00010000
,
01000000
10000000
00010000
00000000
01000000
00000000
00100000
00000000
,
10000000
00100000
00010000
00001000
,
00000010
00000001
00001000
00000000
00000100
00000000
00000010
00000000
,
00000001
00000000
00000100
00000010
00000100
00000000
00001000
00000100
,
00001000
00000000
00010000
00001000
00010000
00000000
00001000
00000000
,
01000000
00010000
01000000
00000000
00100000
00000000
10000000
00010000
,
10000000
01000000
00100000
00001000
,
00010000
00000000
00000100
00001000
00000100
00000000
00000010
00000001
,
00000010
00000100
00000100
00010000
,
00010010
00000000
00000100
00000000
,
00010000
00000000
00001000
00000000
,
00010000
00000000
01000000
00000000
,
10000000
00000000
00010000
00000000
,
01000000
00000000
00001000
00010000
,
00000100
00000000
00001000
00000000
00000000
00000000
00000010
00000100
,
00000010
00001000
00000100
00000000
,
00010000
00001000
00000000
00010000
,
00000000
00000000
00001000
01000000
,
00000000
00100000
10000000
01000000
,
00000000
00100000
00000000
00001000
,
00000000
00010000
00000100
00001000
,
00000010
00000100
00000001
00000010
00000000
00000000
00000000
00000000
,
00000100
00001000
00000010
00000100
,
00001000
00000000
00010000
00000000
00001000
00000000
01000000
00010000
,
10000000
00100000
00100000
01000000
,
00010000
10000000
01000000
00000000
00010000
00000000
00001000
00000000
,
00010000
00000000
00000100
00000000
00001000
00000010
00000100
00000000
,
00000001
00000001
00000010
00000100
,
00010000
00000000
00001000
00000000
01000000
00100000
10000000
00000000
,
01000000
00000000
01000000
00000000
00100000
00010000
01000000
00000000
,
00001000
00010000
00000100
00000100
,
00001000
00000010
00000100
00000001
,
00001000
00000100
00000010
00000000
00000001
00000000
00000100
00001000
,
00010000
00000000
00001000
00000000
00100000
00010000
01000000
00000000
,
00100000
00000000
00100000
00000000
,
10000000
01100000
10000000
10000000
,
01000000
00000000
00100000
00010000
00100000
00000000
01000000
00000000
,
00100000
00001000
00010000
00000000
00001000
00000000
00000100
00000001
,
00000010
00000000
00000100
00000000
00001000
00000000
00000010
00000100
,
00000000
00000200
00000000
00000000
00000300
00000000
00000000
00000000
,
00000100
00000001
00000100
00000010
,
00001000
00000100
00010000
00000000
00001000
00000000
00010000
00000000
,
01000000
10000000
00100000
00000000
01000000
00000000
00100000
10000000
,
01000000
00010000
00020000
00030000
,
00001000
00010000
00000100
00000000
00000010
00000000
00000001
00000100
,
00000010
00001000
00000100
00010000
,
00001000
00010000
01000000
00000000
10000000
00000000
00100000
00000000
,
01010000
00000000
00000000
00000000
,
;

//---------------dance-double - M. Emirzian----------------
#NOTES:
     dance-double:
     M. Emirzian:
     Hard:
     7:
     0.449,0.000,0.155,0.081,0.057,357.000,19.000,10.000,0.000,0.000,0.000:



00000000
00000000
00000000
00000000
,
00000000
00000000
00000000
00000000
,
00000000
00000000
00000000
00000000
,
00000000
00000000
00000000
00000000
,
10000000
00100000
01000000
00000000
00001000
00010000
00000100
00000000
,
00002000
00000000
00003010
00000000
00000100
00000001
00000010
00000000
,
00000001
00000100
00000010
00000000
00001010
00000000
00001100
00000000
,
00010000
00001000
02000000
00000000
03100000
00000000
10100000
00000000
,
10000000
01000000
00010000
00000000
00001000
00010000
01000000
00000000
,
00020000
00000000
00031000
00000000
00000010
00000100
00001000
00000000
,
00000001
00000100
00000010
00000000
00011000
00000000
01001000
00000000
,
00100000
01000000
10000000
00000000
00100000
00000000
01010000
00000000
,
10000000
00100000
01000000
00000000
00001000
00000000
00010000
00000000
,
00001000
00000100
00000001
00000000
00000010
00000000
00000100
00000000
,
00010000
00001000
01000000
00000000
00100000
00000000
10000000
00000000
,
01000000
00100000
00010000
00000000
01000000
00000000
00100000
00000000
,
01000000
00001000
00010000
00000000
00000100
00000000
00000010
00000000
,
00000001
00000100
00001000
00000000
00000100
00000000
00000001
00000000
,
00000010
00000100
00001000
00000000
00000010
00000000
00010000
00000000
,
00001000
00000100
00000001
00000000
00000110
00000000
00001001
00000000
,
00000100
00001000
00000001
00000000
00000100
00000000
00000010
00001000
,
00000100
00010000
00001000
00000000
01000000
00010000
10000000
00000000
,
01000000
00100000
00010000
00000000
01000000
00100000
00010000
00001000
,
00010000
00000000
00000100
00000000
00000010
00000001
00000100
00000000
,
00000010
00001000
00000010
00000100
00001000
00010000
00100000
00000000
,
10000000
01000000
00010000
01000000
10000000
00000000
01000000
00000000
,
00010000
00001000
00100000
00000000
00001000
00010000
00001000
00000000
,
00010000
00001000
00000010
00000000
00000001
00000000
00000101
00000000
,
00000010
00001000
00000100
00000000
00010000
00001000
00000100
00000000
,
00001000
00000000
00010000
00000000
00100000
00000000
10000000
00010000
,
01000000
10010000
01100000
11000000
,
10000000
00000000
01000000
00000000
00100000
00001000
00000000
00010000
00000100
00000000
00010000
00000000
00001000
00010000
00000000
00000100
,
00001000
00000000
00000010
00000000
00000100
00000001
00000000
00000010
00000100
00000000
00001000
00000000
00000001
00000100
00000000
00000010
,
00010000
00000000
00001000
00000000
01000000
00001000
00000000
00010000
00001000
00000000
00100000
00000000
01000000
10000000
00000000
00010000
,
01000000
00000000
00100000
00000000
10000000
01000000
00000000
00100000
00010000
00000000
00000000
00000000
10010000
00000000
00000000
00000000
,
01000000
10000000
00100000
00000000
01000000
00010000
00000000
00000000
,
00200000
00000000
00301000
00000000
00010000
00000100
00001000
00000000
,
00000000
00000010
00001000
00000000
00000100
00000000
00000010
00000000
,
00000000
00000001
00000000
00000100
00000010
00000000
00001010
00000000
,
00000000
00010000
00001000
01000000
,
00000000
00000000
00010000
00000000
01000000
00000000
00100000
10000000
,
01000000
00100000
00010000
01000000
,
00100000
00000000
00000000
10000000
00000000
00000000
00000000
00000000
,
00010000
00000000
00000100
00000000
00001000
00000000
00000010
00001000
,
00000100
00000000
00000010
00000000
00000001
00000100
00001000
00000000
,
00010000
00001000
00000100
00000001
00000100
00000000
00001000
00010000
,
01000000
20000000
00000000
30100000
,
01000000
00010000
10000000
01000000
00100000
00000000
00001000
00010000
,
00000100
00001000
00000010
00000000
00000100
00000001
00000010
00000000
,
00000100
00001000
00000100
00000000
00000001
00000100
00001000
00000100
,
00000010
00001000
00010000
00000000
00001000
00010000
00100000
00000000
,
10000000
01000000
00010000
00000000
01000000
00000000
00100000
00010000
,
01000000
00100000
00010000
00000000
00001000
00010000
00000100
00000000
,
00000020
00000000
00000031
00000000
00000100
00000010
00001000
00000000
,
00000001
00000100
00002000
00003000
,
00020000
00000000
01030000
00000000
10000000
00100000
10000000
00000000
,
10010000
01010000
00101000
00010100
,
00010000
00001000
00000010
00000000
00000001
00000000
00000100
00000010
,
00001000
00000100
00000010
00000000
00000100
00001000
00000010
00000000
,
00010000
00001000
01000000
00100000
10000000
01000000
00100000
00010000
,
01000000
00001000
00010000
00000000
00000100
00001000
00000002
00000000
,
00000013
00000000
00000100
00001000
00000010
00000000
00010000
00001000
,
01000000
00100000
10000000
00100000
01000000
00000000
00010000
10000000
,
01000000
00000000
01000000
00010000
00001000
00000000
00010000
00001000
,
00000100
00001000
00010000
00000000
00001000
00000010
00000001
00000000
,
00001000
00000000
00000001
00000100
00000010
00000000
00002000
00000000
,
00003100
00010000
00001000
00010000
00100000
10000000
00100000
00000000
,
01000000
00000000
00010000
00000000
00100000
00000000
00001000
00010000
,
00011000
00000000
00000000
00000000
;

//---------------dance-double - M. Emirzian----------------
#NOTES:
     dance-double:
     M. Emirzian:
     Challenge:
     9:
     0.561,0.000,0.106,0.081,0.134,459.000,13.000,10.000,0.000,5.000,0.000:



00000000
00000000
00000000
00000000
,
00000000
00000000
00000000
00000000
,
00000000
00000000
00000000
00000000
,
00000000
00000000
00000000
00000000
,
10000000
01000000
00100000
00010000
10000000
00100000
01000000
00000000
,
00010000
01000000
00001000
00010000
00000010
00001000
00000001
00000000
,
00000010
00000100
00001000
00000000
00000001
00000100
00000010
00000000
,
00001000
00001001
00001100
00000010
,
00000001
00000100
00001000
00010000
00001000
00000100
00000001
00000000
,
00000010
00001000
00010000
00100000
00010000
00001000
00010000
00000000
,
01000000
10000000
00100000
00000000
00010000
00001000
00000100
00000000
,
00001000
00011000
00110000
10000000
,
01000000
00100000
00010000
10000000
00100000
00000000
01000000
00000000
,
00010000
00100000
10000000
00100000
00010000
00000000
01000000
00000000
,
00001000
00010000
00000010
00001000
00000001
00000000
00000010
00000000
,
00000001
00000100
00001000
00010000
00001000
00000000
00000100
00000000
,
00000001
00000010
00000100
00001000
00000001
00000000
00000100
00000000
,
00001000
00010000
01000000
10000000
00100000
00010000
00100000
00000000
,
10000000
00010000
00100000
01000000
10000000
00010000
10000000
00000000
,
00100000
00010000
00001000
00000100
00001000
00000000
00010000
00001000
,
00010000
00000000
01000000
00000000
10000000
00000000
00100000
00000000
00010000
00000000
00001000
00000000
00010000
00000000
00100000
00010000
,
00100000
00000000
00010000
00000000
00001000
00000000
00000010
00000000
00000001
00000000
00000100
00000000
00001000
00000000
00010000
00001000
,
00010000
00000000
01000000
00000000
00100000
00000000
00001000
00000000
00010000
00000000
00100000
00000000
10000000
00000000
00100000
00010000
,
00100000
00000000
00010000
00000000
00001000
00000000
00000100
00001000
00000100
00000000
00000001
00000000
00000010
00000000
00001000
00000000
,
00010000
00000000
00001000
00000000
00000010
00000000
00000100
00000000
00010000
00000000
00000010
00000000
00000100
00000000
00000001
00000100
,
00000001
00000000
00000010
00000000
00000100
00000000
00010000
00000000
00001000
00000000
01000000
00000000
00100000
00000000
10000000
01000000
,
10000000
00000000
00100000
00000000
00010000
00000000
00001000
00010000
00001000
00000000
01000000
00000000
00001000
00000000
00010000
00000000
,
00000010
00000100
00000001
00000010
00001000
00010000
00001000
00000000
,
00000100
00001000
00010000
01000000
10000000
00100000
01000000
00001000
,
00010000
00000010
00010000
00001000
00100000
01000000
00010000
00001000
,
00000010
00000000
00000000
00000002
00000000
00000000
00000200
00000000
00000000
00001000
00000303
00000000
,
00001000
00000000
00010000
00000000
00001000
01000000
00000000
00100000
10000000
00000000
10000000
00000000
01000000
00100000
00000000
00001000
,
01000000
00000000
01000000
00000000
00100000
10000000
00000000
01000000
00100000
00000000
00100000
00000000
00001000
00010000
00000000
00001000
,
00000010
00000000
00000001
00000000
00000001
00000100
00000000
00001000
00000100
00000000
00000100
00000000
00000010
00001000
00000000
00000100
,
00010000
00000000
00010000
00000000
00001000
00100000
00000000
00001000
00010000
00000000
00010000
00000000
00001000
00010000
00001000
00000000
,
00000100
00000001
00000010
00000100
00010000
00001000
00000010
00000001
,
00000010
00001000
00100000
01000000
10000000
00100000
01000000
00001000
,
00010000
01000000
10000000
00100000
00010000
00000010
00000100
00000001
,
00001000
00000100
00000010
00000000
00000001
00000010
00000100
00000000
,
00010000
00000000
00000000
00001000
00000000
00000000
00000200
00000000
00000000
00000000
00000000
00000000
00002000
00000000
00000000
00000000
00000000
00000000
00010000
00000000
00003300
00000000
00000000
00000000
,
00010000
00000000
00000000
00100000
00000000
00000000
20000000
00000000
00000000
00000000
00000000
00000000
02000000
00000000
00000000
00000000
00000000
00000000
00010000
00000000
33000000
00000000
00000000
00000000
,
00010000
00001000
00000100
00000000
00001000
00000000
00010000
00000000
,
00002000
00000000
00000000
00000020
00000000
00000000
00000001
00003030
00000000
00000001
00000000
00000000
,
00000100
00000000
00001000
00000000
00010000
00000000
00001000
00000000
00000100
00000010
00000100
00000000
00000001
00000000
00000010
00000000
,
00001000
00000000
00010000
00000000
00001000
00000000
00000100
00000000
00000010
00000000
00010000
00000000
00001000
00010000
00001000
00000000
,
01000000
00100000
10000000
01000000
00100000
00001000
00010000
00100000
,
10000000
01000000
10000000
00000000
10010000
00000000
00000000
00000000
00100000
00001000
00100000
00000000
00011000
00000000
00010000
00000000
,
00001000
00000000
00010000
00000010
00001000
00000000
00000001
00000100
,
00000010
00001000
00000100
00000010
00000001
00000000
00000100
00000000
,
00000010
00010000
00001000
00000100
00001000
00010000
00100000
00010000
,
00001000
00000000
01001000
00000000
00100000
01000000
10000000
00000000
,
00010000
01000000
00100000
10000000
01000000
00100000
00001000
00010000
,
01000000
10000000
00100000
01000000
00001000
00000000
00011000
00000000
,
00001000
00100000
01000000
00000000
00100000
01000000
10000000
00000000
,
00010000
01000000
00001000
00000000
,
00010000
00000000
00000100
00000000
,
00000101
00010010
01001000
10010000
,
01000000
00000000
00100000
00000000
00010000
00000000
00001000
00000000
00010000
00000000
00000010
00000000
00000100
00000000
00000001
00000010
,
00000001
00000000
00000100
00000000
00000010
00000000
00010000
00000000
00001000
00000000
00010000
00000000
00000010
00000000
00010000
00001000
,
00010000
00000000
01000000
00000000
10000000
00000000
00100000
00000000
00010000
00000000
00001000
00000000
00010000
00000000
00100000
10000000
,
00100000
00000000
01000000
00000000
00001000
00000000
00010000
00001000
00010000
00000000
00001000
00000000
00000100
00000000
00000001
00000000
,
00000010
00000000
00000100
00000000
00001000
00000000
00000010
00000000
00000100
00000000
00000001
00000000
00000100
00000000
00000010
00010000
,
00000010
00000000
00001000
00000000
00000100
00000000
00010000
00000000
00100000
00000000
10000000
00000000
01000000
00000000
00010000
00001000
,
00010000
00000000
01000000
00000000
10000000
00000000
00100000
01000000
00100000
00000000
00010000
00000000
00001000
00000000
00010000
00000000
,
00000100
00000010
00000001
00000100
00000010
00010000
00001000
00000000
,
00000100
00000010
00010000
00001000
00010000
00000010
00010000
01000000
,
10000000
01000000
00100000
00001000
00000100
00000010
00001000
00000100
,
00000020
00000000
00000000
00000000
00000000
00000000
00000002
00000000
00000000
00000000
00000000
00000000
00001000
00000000
00000033
00000000
00000000
00000000
00000100
00000000
00000000
00000010
00000000
00000000
,
00010010
00000000
00000000
00000000
;

//---------------dance-single - K. Ward----------------
#NOTES:
     dance-single:
     K. Ward:
     Challenge:
     9:
     0.596,0.000,0.098,0.334,0.273,459.000,12.000,41.000,64.000,10.000,0.000:



0000
0000
0000
0000
,
0000
0000
0000
0000
,
0000
0000
0000
0000
,
0000
0000
0000
0000
,
0001
0010
0100
1000
0001
0100
0010
0100
,
0001
0100
0010
1000
0100
1000
0010
0100
,
0001
0010
0001
0100
0010
1000
0010
1000
,
0200
0000
0000
2000
0000
0000
0020
0000
0000
0000
3330
0000
0000
0000
0000
0000
,
0001
0010
0001
0100
0001
0010
0001
0100
,
0010
1000
0100
1000
0010
0100
0001
0010
,
0001
0010
0001
0100
0010
1000
0100
1000
,
0020
0000
0000
0200
0000
0000
0002
0000
0000
0000
0333
0000
0000
0000
0000
0000
,
1000
0010
0100
0001
0010
0001
0100
0010
,
1000
0100
0001
0100
1000
0010
0001
0010
,
1000
0010
0100
0001
0010
0001
0100
0001
,
1000
0100
0001
0100
1000
0010
0100
0001
,
0010
0001
0100
0010
1000
0100
1000
0010
,
1000
0100
0001
0100
1000
0010
0001
0010
,
1000
0100
1000
0010
0100
0001
0010
0001
,
2000
0000
0200
0020
0000
0000
3330
0000
,
1000
0100
1000
0000
0010
0000
0100
0000
0001
0010
0001
0000
0100
0000
0010
0000
,
1000
0020
0100
0230
0000
0310
0110
0000
,
1000
0100
1000
0000
0010
0000
0100
0000
0001
0010
0001
0000
0100
0000
0020
0000
,
0000
2030
0M0M
3010
0000
1100
1100
0000
,
0001
0010
0001
0000
0100
0000
0010
0000
1000
0100
1000
0000
0010
0000
0100
0000
,
0001
0010
0001
0000
0100
0000
0010
0000
1000
0010
0100
0000
0001
0010
0001
0010
,
0001
0010
1000
0100
0001
0010
1000
0100
,
0001
0010
0001
0100
0010
1000
0002
0000
,
1003
0100
0001
0010
1000
0100
0001
0010
,
1000
0100
1000
0010
0100
0001
0001
0010
,
0001
0000
2000
0000
0200
0000
0001
3300
,
1000
0000
0010
0000
0100
0010
0000
0010
0100
0000
0001
0000
0010
0001
0000
0001
,
0100
0000
0010
0000
1000
0001
0000
0001
0100
0000
0010
0000
1000
0100
0000
0100
,
1000
0000
0010
0000
0100
0001
0000
0001
0010
0000
0001
0000
0100
0010
0000
0010
,
0100
0000
0010
0000
1000
0100
0000
0100
1000
0000
0010
0000
2000
0000
0000
0000
,
3001
1000
0100
0010
0001
0010
0100
1000
,
0100
1000
0010
0100
0001
0010
0001
0010
,
0100
1000
0010
0100
0001
0010
0001
1000
,
0001
0010
0100
1000
2200
0000
0010
3300
,
1000
0000
0000
0001
0000
0000
0020
0000
0000
0000
0000
0000
0002
0000
0000
0000
0000
0000
1000
0000
0033
0000
0000
0000
,
1000
0000
0000
0100
0000
0000
0002
0000
0000
0000
0000
0000
0020
0000
0000
0000
0000
0000
1000
0000
0033
0000
0000
0000
,
1000
0001
0200
0000
0310
1000
0001
0010
,
0002
0000
0000
0200
0000
0000
0010
0000
0000
0000
0303
0000
0000
0000
0000
0000
,
1000
0100
1000
0000
0010
0000
0100
0000
0001
0010
0001
0000
0100
0000
0010
0000
,
1000
0100
1000
0000
0010
0000
0100
0000
0001
0010
0001
0000
0010
0000
0001
0000
,
0100
0010
1000
0000
0010
0100
0001
0000
1000
0100
1000
0000
0010
0100
0001
0000
,
1000
0100
1000
0010
0100
0001
0002
0000
,
1003
0000
0MM0
0000
M00M
0000
M1M0
0000
M00M
0M00
0000
00M0
0000
M00M
0000
0M00
,
0010
000M
0M00
000M
MM00
0000
M0M1
0000
0M00
000M
M0M0
0000
00MM
0M00
0000
M000
,
0001
M000
00M0
0M0M
M000
0000
M010
000M
0M00
0000
M0M0
0000
0M00
M00M
0000
00M0
,
0100
000M
M000
00M0
0000
0M00
1000
00M0
000M
M000
00M0
0M00
00M0
M000
000M
0000
,
0010
1000
0010
0100
0001
0010
0001
0100
,
0010
1000
0100
0020
0000
0031
0010
0001
,
0200
0000
0320
0000
2030
0000
3100
1100
,
0000
0110
0000
0MM0
0000
0001
0001
0100
,
0020
0000
1030
M0M0
0200
0000
1300
MM10
,
0000
0110
0000
0011
0000
1100
0000
0001
,
0001
0010
0001
0000
0100
0000
0010
0000
1000
0100
1000
0000
0010
0000
0100
0000
,
0001
0100
0020
0000
0100
0000
0130
0000
0010
0000
0100
0000
0110
0000
0000
0000
,
0001
0010
0001
0000
0100
0000
0010
0000
1000
0100
1000
0000
0010
0000
0200
0000
,
0000
0302
M0M0
0103
0000
0011
0011
0000
,
1000
0100
1000
0000
0010
0000
0100
0000
0001
0010
0001
0000
0100
0000
0010
0000
,
1000
0100
1000
0000
0010
0000
0100
0000
0001
0100
0010
0000
1000
0100
1000
0100
,
1000
0100
0001
0010
1000
0100
0001
0010
,
1000
0100
1000
0010
0100
0001
2000
0001
,
3001
0010
1000
0100
0001
0010
1000
0100
,
0001
0010
0001
0100
0010
1000
1000
0100
,
1000
0002
0200
0020
,
2000
3333
0000
0000
;

//---------------lights-cabinet - ----------------
#NOTES:
     lights-cabinet:
     :
     Easy:
     1:
     1.000,0.000,1.000,0.122,0.065,394.000,256.000,15.000,0.000,201.000,0.000:



00000000
00000000
00000000
00000000
,
00000000
00000000
00000000
00000000
,
22220000
00000000
33330000
00000000
,
10010000
01100000
10010000
01100000
,
10000011
00100000
01000011
00000000
10000011
00000000
01000011
00000000
,
00010011
00100000
01000011
00000000
00010011
00000000
00100011
00000000
,
10000011
00100000
01000011
00010000
00100011
00000000
01000011
00000000
,
10000011
00000000
00000000
00010000
00000011
00000000
00200000
00000000
00000011
00000000
00000000
00000000
00300011
00000000
00000000
00000000
,
00010011
01000000
00100011
00000000
00010011
00000000
00100011
00000000
,
10000011
01000000
00100011
00000000
10000011
00000000
01000011
00000000
,
00010011
01000000
00100011
10000000
01000011
00000000
00100011
00000000
,
00010011
00000000
00000000
10000000
00000011
00000000
02000000
00000000
00000011
00000000
00000000
00000000
03000011
00000000
00000000
00000000
,
10010011
00000000
00100011
01000000
00100011
00000000
10000011
00000000
,
00010011
00000000
00100011
01000000
10000011
00100000
01000011
00000000
,
10010011
00000000
00010011
00100000
10000011
00000000
00100011
00000000
,
01000011
00000000
10000011
00100000
01000011
00010000
00100011
00000000
,
10010011
00000000
01000011
00100000
01000011
00000000
00010011
00000000
,
10000011
00000000
01000011
00100000
00010011
01000000
00100011
00000000
,
10010011
00000000
10000011
01000000
00010011
00000000
01000011
00000000
,
00100011
00000000
00010000
01000000
00100000
10000000
01000000
00000000
,
10000011
00000000
00100011
01000000
00000011
00100000
01000011
00000000
,
00010011
00000000
00100011
01000000
00000011
01100011
01100011
00000000
,
00010011
00000000
00100011
01000000
00000011
00100000
01000011
00000000
,
10000011
01000000
00100011
01000000
00000011
10010011
10010011
00000000
,
00010011
00000000
01000011
00100000
00000011
01000000
00100011
00000000
,
10000011
00000000
01000011
00100000
00000011
01100011
01100011
00000000
,
10000011
00000000
10000011
00000000
00100011
01000000
00000011
00100000
,
00000011
00200000
01000011
00000000
01000011
10010011
10310011
00000000
,
00010011
00000000
00010011
00000000
01000011
00100000
00000011
00100000
,
00000011
00200000
00000011
00000000
00000011
10010011
10310011
00000000
,
01100011
10010011
01100011
00010011
,
10000011
00000000
01000000
00000000
00100011
00010000
00000000
10000000
01000011
00000000
00100000
00000000
10000011
01000000
00000000
10000000
,
00100011
00000000
00010000
00000000
01000011
00100000
00000000
00010000
10000011
00000000
01000000
00000000
00100011
00000000
01000000
00000000
,
10000011
00000000
00100000
00000000
01000011
00010000
00000000
10000000
00100011
00000000
01000000
00000000
10000022
00100000
00000000
10000000
,
01000033
00000000
00010000
00000000
00100000
01000000
00000000
00010000
10000000
00000000
00100000
00000000
01000000
00000000
00010000
00000000
,
10000011
00100000
01000011
00000000
00100011
01000000
00010011
00000000
,
01000011
00010000
10000011
00000000
10000011
01000000
00100011
01000000
,
00010011
01000000
10000011
00000000
01000011
10000000
00010011
00000000
,
10000011
00010000
00100011
00000000
00010011
00100000
01000011
00100011
,
10000011
00100000
00010011
00000000
00100011
00010000
10000011
00000000
,
00010011
10000000
01000011
00000000
10000011
01000000
00100011
01000000
,
00010011
01000000
10000011
00000000
01000011
10000000
00100011
00000000
,
10000011
00100000
01000011
00000000
00100011
00000000
01000011
00000011
,
10010011
00000000
00010011
00010000
01000011
00100000
00000011
00000000
,
00010011
00000000
10000011
10000000
00100011
01000000
00000011
00000000
,
10000011
00000000
00010011
00010000
00100011
01000000
00000011
10000000
,
00000011
01100000
00000011
01100000
00000011
00000011
11110011
00000011
,
10000011
00000000
01000000
10000000
00000000
01100000
01100000
00000000
,
01000000
00100000
01000000
00010000
00000000
10010000
10010000
00000000
,
00010000
00000000
01000000
00010000
00000000
01100000
01100000
00000000
,
01000000
00100000
01000000
10000000
00000000
10010000
10010000
00000000
,
10000011
00000000
00100000
10000000
00000000
01000000
01000000
00000000
,
00100000
01000000
00100000
00010000
00000000
01100000
01100000
00000000
,
00010000
00000000
00010000
00000000
10000000
00000000
10100000
01010000
,
00000000
02000000
00000000
00000000
10010000
00000000
13010000
01100000
,
10010000
00000000
10010000
00000000
11110000
00000000
10010000
01100000
,
00000000
02200000
00000000
00000000
03300000
00000000
10010000
00000000
,
10010011
00000000
00100011
01000000
00000011
00100000
01000011
00000000
,
10010011
00000000
00100011
01000000
00000011
01100000
01100011
00000000
,
10000011
00000000
00100011
01000000
00000011
00100000
01000011
00000000
,
00010011
01000000
00100011
01000000
00000011
10010011
10010011
00000000
,
10000011
00000000
01000011
00100000
00000011
01000000
00100011
00000000
,
00010011
00000000
01000011
00100000
00000011
10010000
01100011
00000000
,
10010011
00000000
10010011
00000000
01000011
00100000
00000011
01000000
,
00000011
02000000
00000011
00000000
00000011
10010011
13010011
00000000
,
10000011
00100000
10000011
00000000
00100011
10000000
00010011
01100000
,
00000011
02000000
00000011
00000000
00000011
10010011
13010011
00000000
,
10000011
00000000
01000000
00000000
00100011
00010000
00000000
10000000
01000011
00000000
00100000
00000000
10010011
00000000
00000000
00000000
,
11110011
00000000
00000000
00000000
;

//---------------dance-single - M. Puls----------------
#NOTES:
     dance-single:
     M. Puls:
     Beginner:
     1:
     0.083,0.000,0.057,0.000,0.000,64.000,7.000,0.000,0.000,0.000,0.000:



0000
0000
0000
0000
,
0000
0000
0000
0000
,
0000
0000
0000
0000
,
0000
0000
0000
0000
,
1000
0000
0000
0000
,
0000
0000
0000
0000
,
0001
0000
0000
0000
,
0000
0000
0000
0000
,
1000
0000
0000
0000
,
0100
0000
0000
0000
,
0010
0000
0000
0000
,
0010
0000
0000
0000
,
0001
0000
0000
0000
,
0100
0000
0000
0000
,
0010
0000
0000
0000
,
1000
0000
0000
0000
,
0010
0000
0000
0000
,
0100
0000
0000
0000
,
0001
0000
0000
0000
,
1000
0000
0000
0000
,
1001
0000
0000
0000
,
1000
0000
0000
0000
,
0001
0000
0000
0000
,
1000
0000
0000
0000
,
1001
0000
0000
0000
,
0001
0000
0000
0000
,
1000
0000
0001
0000
,
1000
0000
0000
0000
,
0100
0000
0000
0000
,
0010
0000
0000
0000
,
1001
0000
0000
0000
,
1001
0000
0000
0000
,
0000
0000
0000
0000
,
1000
0000
0000
0000
,
1000
0000
1000
0000
,
1000
0000
0000
0000
,
0001
0000
0000
0000
,
0010
0000
0000
0000
,
0100
0000
0000
0000
,
1000
0000
0000
0000
,
1000
0000
0000
0000
,
0010
0000
0000
0000
,
0100
0000
0000
0000
,
0001
0000
0000
0000
,
1000
0000
0000
0000
,
0100
0000
0000
0000
,
0010
0000
0000
0000
,
1001
0000
0000
0000
,
1000
0000
0000
0000
,
0010
0000
0000
0000
,
0100
0000
0000
0000
,
0001
0000
0000
0000
,
0001
0000
0000
0000
,
1000
0000
0000
0000
,
0100
0000
0000
0000
,
1000
0000
0000
0000
,
0100
0000
0000
0000
,
1001
0000
0000
0000
,
0001
0000
0000
0000
,
0001
0000
0000
0000
,
1000
0000
0000
0000
,
1000
0000
0000
0000
,
0010
0000
0000
0000
,
0100
0000
0000
0000
,
0010
0000
0000
0000
,
0100
0000
0000
0000
,
0001
0000
0000
0000
,
1000
0000
0000
0000
,
1001
0000
0000
0000
;
