#TITLE:Land of the Rising Sun;
#SUBTITLE:;
#ARTIST:Spacekats;
#TITLETRANSLIT:;
#SUBTITLETRANSLIT:;
#ARTISTTRANSLIT:;
#GENRE:;
#CREDIT:;
#BANNER:Land of the Rising Sun-banner.png;
#BACKGROUND:Land of the Rising Sun-bg.png;
#LYRICSPATH:;
#CDTITLE:;
#MUSIC:Spacekats - Land of the rising sun.ogg;
#OFFSET:-0.360;
#SAMPLESTART:81.484;
#SAMPLELENGTH:14.280;
#SELECTABLE:YES;
#BPMS:0.000=136.020;
#STOPS:;
#BGCHANGES:0.000=Land of the Rising Sun-bg.png=1.000=0=0=1=====,
12.000=VOL1-49-NTSC.mpg=1.200=0=0=1=====,
20.000=673_JumpBack.mpg=0.900=0=0=1=====,
36.000=672_JumpBack.mpg=0.900=0=0=1=====,
52.000=714_JumpBack.mpg=1.000=0=0=1=====,
68.000=686_JumpBack.mpg=1.000=0=0=1=====,
84.000=673_JumpBack.mpg=0.900=0=0=1=====,
100.000=672_JumpBack.mpg=0.900=0=0=1=====,
116.000=EV01453N.mpg=1.000=0=0=1=====,
132.000=vol3-11-ntsc.mpg=1.000=0=0=1=====,
148.000=VOL1-49-NTSC.mpg=1.400=0=0=1=====,
152.000=714_JumpBack.mpg=1.000=0=0=1=====,
168.000=672_JumpBack.mpg=0.900=0=0=1=====,
184.000=712_JumpBack.mpg=0.900=0=0=1=====,
200.000=673_JumpBack.mpg=0.900=0=0=1=====,
216.000=EV01453N.mpg=1.000=0=0=1=====,
232.000=EV01455N.mpg=1.000=0=0=1=====,
248.000=VOL1-48-NTSC.mpg=1.000=0=0=1=====,
256.000=VOL1-49-NTSC.mpg=1.000=1=0=1===CrossFade==,
263.500=Land of the Rising Sun-bg.png=1.000=0=0=1=====,
99999=-nosongbg-=1.000=0=0=0 // don't automatically add -songbackground-
;
#KEYSOUNDS:;
// cache tags:
#FIRSTBEAT:12.000;
#LASTBEAT:263.500;
#SONGFILENAME:/Songs/In The Groove/Land of the Rising Sun/Rikki & Daz  - Land of the rising sun.sm;
#HASMUSIC:1;
#HASBANNER:1;
#MUSICLENGTH:119.919;
// end cache tags

//---------------dance-single - K. Ward----------------
#NOTES:
     dance-single:
     K. Ward:
     Hard:
     7:
     0.447,0.000,0.250,0.050,0.083,339.000,30.000,6.000,0.000,0.000,0.000:


0000
0000
0000
0000
,
0000
0000
0000
0000
,
0000
0000
0000
0000
,
1100
0000
0110
0000
,
1100
0000
1100
0000
0001
0100
0001
0000
,
1000
0000
0000
0000
1000
0000
0000
0000
0010
0000
0000
0010
0000
0000
0010
0000
,
0100
0000
0000
0000
0100
0000
0000
0000
0001
0000
0000
0001
0000
0000
0001
0000
,
0010
0000
0000
0000
0010
0000
0000
0000
0001
0000
0000
0001
0000
0000
0001
0000
,
0100
0000
0000
0000
0100
0000
0000
0000
0010
0000
0000
0010
0000
0000
0010
0000
,
1000
0000
0001
0000
1000
0000
0000
0000
0010
0000
0000
0010
0000
0000
0010
0000
,
0100
0000
0010
0000
0100
0000
0000
0000
0001
0000
0000
0001
0000
0000
0001
0000
,
0010
0000
0001
0000
1000
0000
0000
0000
0001
0000
0000
0001
0000
0000
0001
0000
,
0100
0000
0010
0000
0100
0000
0000
0000
0010
0000
0000
0010
0000
0000
0010
0000
,
1000
0010
0100
0000
0001
0100
0100
0000
,
0010
1000
0001
1000
0010
0100
0100
0000
,
0001
0010
0001
0000
1000
0100
1000
0000
,
0001
0100
0010
1000
0001
1000
1000
0000
,
0010
0100
0001
0000
0100
0010
1000
0000
,
0001
0100
0010
0100
0001
1000
1000
0000
,
0001
0100
0010
1000
,
0001
0100
0010
1000
0110
0000
0101
0000
,
1000
0000
0000
0000
0001
0000
0000
1000
0001
0000
0100
0000
0001
0000
1000
0000
,
0010
0100
0001
1100
,
0001
0000
0001
0000
1000
0010
1000
0002
,
0000
0000
1003
0000
0010
1000
0011
0000
,
1000
0000
0000
0000
0001
0000
0000
1000
0001
0000
0100
0000
0001
0000
1000
0000
,
0010
0100
0001
1100
,
0001
0000
0001
0000
1000
0010
1000
0000
,
0001
0000
0001
0000
0100
0010
1100
0000
,
0010
1000
1100
0000
0010
0001
0011
0000
,
0100
0000
0010
0000
1000
0001
0011
0000
,
0100
0001
0100
0001
1000
0010
1000
0001
,
2000
0000
0000
0000
3010
0100
0010
0000
,
0010
1000
1100
0000
0010
0001
0011
0000
,
0100
0000
0010
0000
1000
0001
0011
0000
,
1000
0000
0000
0001
0000
0000
0100
0000
0010
0000
0000
1000
0000
0000
0020
0000
,
0000
0000
0100
0130
,
1001
1001
0000
0000
,
0001
0100
0001
0000
0100
0010
1000
0000
,
0100
1000
0100
0000
1000
0001
0001
0000
,
0100
0010
0100
0000
0001
0010
0001
0000
,
1000
0000
0010
0000
1000
0001
0001
0000
,
1000
0000
0010
0000
1000
0001
0100
0000
,
0010
0100
0001
0100
0001
0100
0100
0000
,
0001
0100
0010
1000
,
0001
0100
0010
1000
0110
0000
0101
0000
,
1000
0000
0000
0000
0001
0000
0000
1000
0001
0000
0100
0000
0001
0000
1000
0000
,
0010
0100
0001
1100
,
0001
0000
0001
0000
1000
0010
1000
0002
,
0000
0000
1003
0000
0010
1000
0011
0000
,
1000
0000
0000
0000
0001
0000
0000
1000
0001
0000
0100
0000
0001
0000
1000
0000
,
0010
0100
0001
1100
,
0001
0000
0001
0000
1000
0010
1000
0000
,
0001
0000
0001
0000
0100
0010
1100
0000
,
0001
0100
0110
0000
0001
1000
1001
0000
,
0010
0000
1000
0000
0100
1000
1001
0000
,
0010
1000
0010
1000
0100
1000
0001
1000
,
0200
0000
0000
0000
1300
0010
1000
0000
,
0010
0100
0110
0000
0001
1000
1001
0000
,
0010
0000
1000
0000
0100
1000
1001
0000
,
1000
0000
0000
0001
0000
0000
0100
0000
0010
0000
0000
1000
0000
0000
0020
0000
,
0000
0000
0100
0130
,
0000
0000
0001
0000
0001
0000
0001
0000
0100
0000
0000
0100
0000
0000
0100
0000
,
0000
0000
0010
0000
0010
0000
0010
0000
1000
0000
0000
1000
0000
0000
1000
0000
,
0000
0000
0010
0000
0010
0000
0010
0000
0100
0000
0000
0100
0000
0000
0100
0000
,
0000
0000
0001
0000
0001
0000
0001
0000
1000
0000
0000
1000
0000
0000
1000
0000
;

//---------------dance-single - K. Ward----------------
#NOTES:
     dance-single:
     K. Ward:
     Medium:
     5:
     0.355,0.000,0.208,0.042,0.000,268.000,25.000,5.000,0.000,0.000,0.000:


0000
0000
0000
0000
,
0000
0000
0000
0000
,
0000
0000
0000
0000
,
1001
0000
1001
0000
,
1001
0000
0110
0000
0001
0100
0010
0000
,
1000
0000
1000
0000
0010
1000
0010
0000
,
1000
0000
1000
0000
0001
0010
0001
0000
,
1000
0000
1000
0000
0010
0100
0010
0000
,
1000
0000
1000
0000
0001
1000
0001
1000
,
1000
0000
1000
0000
0100
0001
0100
0000
,
1000
0000
1000
0000
0001
0010
0001
0000
,
1000
0000
1000
0000
0010
0100
0010
0000
,
1000
0000
1000
0000
0010
0100
0010
1000
,
0001
0100
0001
0001
,
1000
0010
0100
0100
,
0001
0000
1000
0000
0010
0100
0010
0000
,
1000
1000
0110
0110
,
0001
0000
0100
0000
0001
0100
0001
0000
,
1000
1000
0020
1030
,
0001
1000
0010
0100
,
0001
1000
0010
1000
,
0001
0011
0100
0011
,
0001
1000
0001
1000
,
1000
1100
0010
1100
,
1000
0000
0001
0000
1000
0001
1000
0000
,
0001
0011
0100
0011
,
0001
1000
0001
1000
,
1000
1100
0010
1100
,
1000
0000
0001
0000
1000
0010
1000
0000
,
0010
0100
0010
1000
,
0010
0000
1000
0000
0001
0100
0010
0000
,
0100
0010
1000
0000
0001
0100
0010
0000
,
0200
0000
0010
0310
,
0001
0100
0010
1000
,
0010
0100
0010
1000
,
0010
0100
0010
0000
1000
0100
1000
0000
,
2000
0000
0000
0000
,
3010
0000
0000
0000
,
0010
1000
0010
1000
,
0010
0100
0001
0001
,
0100
0010
1000
0010
,
1000
0010
0100
0100
,
0010
0100
0100
0001
,
1000
0100
1000
1000
,
0010
0100
0010
1000
,
0010
0100
0001
0001
,
0001
0011
0100
0011
,
0001
1000
0001
1000
,
1000
1100
0010
1100
,
1000
0000
0001
0000
1000
0001
1000
0000
,
0001
0011
0100
0011
,
0001
1000
0001
1000
,
1000
1100
0010
1100
,
1000
0000
0001
0000
1000
0010
1000
0000
,
0010
0100
0010
1000
,
0010
0000
1000
0000
0001
0100
0010
0000
,
0010
1000
0001
0000
1000
0001
0100
0000
,
0020
0000
0100
0130
,
0001
0101
1000
0011
,
1000
0000
0110
0000
0100
0001
1000
0000
,
0100
1000
0001
0100
,
0002
0000
0000
1003
,
0001
1000
0010
1000
,
0001
0100
0010
0010
,
1000
0001
0100
0001
,
1000
0000
0010
0000
0100
0010
0100
0010
;

//---------------dance-single - K. Ward----------------
#NOTES:
     dance-single:
     K. Ward:
     Easy:
     3:
     0.189,0.000,0.033,0.000,0.000,155.000,4.000,0.000,0.000,0.000,0.000:



0000
0000
0000
0000
,
0000
0000
0000
0000
,
0000
0000
0000
0000
,
1000
0000
0100
0000
,
1000
1000
0001
0100
,
0010
0000
0010
0000
,
0100
0000
0100
0000
,
0001
0001
0000
0000
,
1000
1000
0000
0000
,
0010
0010
0010
0000
,
0100
0100
0100
0000
,
0001
0001
0001
0000
,
0100
1000
0010
0001
,
1000
0000
0100
0000
,
0001
0000
0010
0000
,
0100
0010
0010
0000
,
0001
0010
0010
0000
,
1000
0000
0010
0000
,
0100
0100
0001
0001
,
0010
0000
0100
0000
,
1000
0000
0010
0100
,
0001
0000
0001
0000
,
0100
0100
0100
0000
,
0010
0000
0010
0000
,
1000
1000
1000
1000
,
0001
0000
0010
0000
,
0100
0100
0100
0000
,
0010
0000
0001
0000
,
0100
0100
0100
0010
,
1000
0000
0000
0000
,
0001
0000
0000
0000
,
0010
0010
0010
0000
,
1001
0000
0000
0000
,
0100
0000
0010
0000
,
1000
1000
0001
0000
,
0100
1000
0100
0001
,
0010
0000
0000
0000
,
0001
1001
0000
0000
,
0100
0000
1000
0000
,
0100
0100
0001
0001
,
1000
0000
0010
0000
,
0100
0100
0001
0010
,
0100
0000
1000
0000
,
0001
0001
1000
1000
,
0100
0000
1000
0000
,
0010
0000
0010
0100
,
0001
0000
1000
0000
,
0100
0100
0100
0000
,
0010
0000
0100
0000
,
1000
1000
1000
1000
,
0010
0000
0100
0000
,
0001
0001
0001
0000
,
0010
0000
0001
0000
,
1000
0000
0010
0000
,
0110
0000
0000
0000
,
1000
0000
0000
0000
,
0001
0010
0010
0001
,
1000
0000
0000
0000
,
0010
0000
0100
0000
,
0010
0000
0001
0000
,
0010
0010
0100
0000
,
1001
0000
0000
0000
,
1000
0000
0010
0000
,
0100
0000
0001
0000
,
0010
0000
0010
0000
,
0100
0000
1000
0001
;

//---------------dance-double - M. Emirzian----------------
#NOTES:
     dance-double:
     M. Emirzian:
     Easy:
     4:
     0.328,0.000,0.200,0.275,0.000,218.000,24.000,33.000,0.000,0.000,0.000:


00000000
00000000
00000000
00000000
,
00000000
00000000
00000000
00000000
,
00000000
00000000
00000000
00000000
,
10000000
00000000
01000000
00000000
,
00100000
00100000
00001000
00010000
,
00000000
00000100
00000100
00001010
,
00000000
00000100
00000100
00001001
,
00000000
00000100
00000100
00001010
,
00000000
00000100
00000100
00011000
,
00000000
00100000
00100000
01010000
,
00000000
00100000
00100000
11000000
,
00000000
00100000
00100000
01010000
,
00000000
00100000
00100000
00011000
,
00010000
00000100
00001000
00001000
,
00000010
00000100
00000001
00000001
,
00000100
00000010
00010000
00010000
,
00001000
01000000
00010000
00010000
,
10000000
01000000
00100000
00100000
,
00001000
00010000
00000100
00000100
,
00001000
00000001
00000100
00000100
,
00000010
00000010
00001000
00001000
,
00000100
00010000
00001000
01000000
,
00010000
01000000
00010000
01000000
,
00100000
10000000
00010000
01000000
,
00001000
00010000
00000010
00000100
,
00000001
00001000
00000100
00000010
,
00000001
00001000
00000100
00010000
,
00001000
01000000
00100000
10000000
,
01000000
01000000
00100000
00000000
,
00001000
00001000
00020020
00030030
,
00001000
00001000
00000220
00000330
,
00001000
00001000
00020200
00030300
,
00001000
00001000
00022000
00033000
,
00010000
00010000
20200000
30300000
,
00010000
00010000
02002000
03003000
,
00010000
00010000
00202000
00303000
,
00010000
00010000
00022000
00033000
,
00020000
00000000
00000000
00000000
,
00031000
00010000
00000100
00000100
,
00001000
00000010
00000100
00000100
,
00000001
00000100
00000010
00000010
,
00001000
00000010
00010000
00010000
,
00001000
01000000
00010000
00010000
,
01000000
00100000
10000000
10000000
,
01000000
00100000
00010000
00010000
,
00100000
00001000
00010000
00010000
,
00001000
00010000
00000100
00001000
,
00000001
00001000
00000001
00001000
,
00000100
00010000
00001000
01000000
,
00010000
10000000
01000000
00100000
,
00001000
00010000
00000100
00001000
,
00000001
00000010
00000100
00001000
,
00000010
00010000
00001000
01000000
,
00100000
10000000
01000000
00100000
,
00010000
00010000
00202000
00303000
,
00010000
00010000
02002000
03003000
,
00010000
00010000
02200000
03300000
,
00010000
00010000
00022000
00033000
,
00000100
00000100
00002020
00003030
,
00000100
00000100
00002002
00003003
,
00000100
00000100
00022000
00033000
,
00000100
00000100
00020200
00030300
,
00000000
00010000
00001000
00010000
,
00000000
00001000
01000000
00001000
,
00000000
01000000
00100000
01000000
,
00000000
00000000
00100000
00000000
10000000
00000000
00000000
01000000
;

//---------------dance-double - M. Emirzian----------------
#NOTES:
     dance-double:
     M. Emirzian:
     Medium:
     6:
     0.374,0.000,0.200,0.042,0.050,285.000,24.000,5.000,0.000,0.000,0.000:


00000000
00000000
00000000
00000000
,
00000000
00000000
00000000
00000000
,
00000000
00000000
00000000
00000000
,
00000010
00000000
00010000
00001000
,
00100000
00000000
01000000
00000000
10000000
00100000
01000000
00000000
,
00010000
00000000
00000000
00000000
01000000
00000000
00000000
00000000
00010000
00000000
00000000
00010000
00000000
00000000
00010000
00000000
,
00000000
00000000
00000000
00000000
01000000
00000000
00000000
00000000
00001000
00000000
00000000
00001000
00000000
00000000
00001000
00000000
,
00000000
00000000
00000000
00000000
00010000
00000000
00000000
00000000
00000010
00000000
00000000
00000010
00000000
00000000
00000010
00000000
,
00000000
00000000
00000000
00000000
00001000
00000000
00000000
00000000
00000100
00000000
00000000
00000100
00000000
00000000
00000100
00000000
,
00000000
00000000
00000000
00000000
00000010
00000000
00000000
00000000
00000001
00000000
00000000
00000001
00000000
00000000
00000001
00000000
,
00000000
00000000
00000000
00000000
00000100
00000000
00000000
00000000
00000010
00000000
00000000
00000010
00000000
00000000
00000010
00000000
,
00000000
00000000
00000000
00000000
00010000
00000000
00000000
00000000
00001000
00000000
00000000
00001000
00000000
00000000
00001000
00000000
,
00000000
00000000
00000000
00000000
01000000
00000000
00000000
00000000
00100000
00000000
00000000
00100000
00000000
00000000
00100000
00000000
,
10000000
00000000
01000000
00000000
00100000
00001000
00010000
00000000
,
00001000
00000000
01000000
00000000
00001000
00010000
00000010
00000000
,
00000100
00000000
00000001
00000000
00000100
00000010
00001000
00000000
,
00000100
00000000
00010000
00000000
00001000
01000000
00010000
00000000
,
00100000
00000000
00001000
00000000
01000000
00010000
10000000
00000000
,
01000000
00000000
00100000
00000000
00010000
00100000
00001000
00000000
,
00010000
00000000
00000100
00000000
00001000
00000010
00000100
00000000
,
00000001
00000000
00000010
00000000
00000100
00001000
00000010
00000000
,
00010000
00000000
00001000
00000000
01000000
00010000
01000000
00000000
,
00100000
10000000
00100000
00000000
01000000
00000000
00110000
00000000
,
00001000
00010000
00001000
00000000
00010000
00000000
00000100
00000000
,
00001000
00000010
00001000
00000000
00000100
00000000
00000011
00000000
,
00000100
00000000
00000010
00000000
00010000
00000100
00010000
00000000
,
00001000
00010000
00001000
00000000
00010000
00000000
01001000
00000000
,
00010000
01000000
00010000
00000000
00100000
00000000
01000000
00000000
,
10000000
00010000
10000000
00000000
00100000
00000000
01010000
00000000
,
00100000
01001000
00100000
00011000
,
00100000
00000000
01001000
00000000
00010000
00001000
00010000
00000000
,
00000100
00000000
00000010
00000000
00000001
00000100
00000001
00000000
,
00002020
00000000
00000000
00003030
,
00000100
00001010
00000100
00010010
,
00000100
00000000
00011000
00000000
00001000
00010000
00001000
00000000
,
01000000
00000000
00100000
00000000
10000000
00100000
10000000
00000000
,
01010000
00100000
00001000
00010000
,
00002000
00000000
00000000
00000000
,
00013000
00000000
00000100
00000000
00000010
00000001
00001000
00000000
,
00000100
00000000
00010000
00000000
00001000
01000000
00010000
00000000
,
01000000
00000000
00100000
00000000
10000000
00100000
01000000
00000000
,
00001000
00000000
00010000
00000000
00000100
00010000
00001000
00000000
,
00010000
00000000
00000010
00000000
00001000
00000001
00000100
00000000
,
00000010
00000000
00010000
00000000
00001000
01000000
00010000
00000000
,
00100000
00000000
00001000
00000000
00100000
00010000
10000000
00000000
,
00100000
00000000
01000000
00000000
00100000
01000000
00001000
00000000
,
00010000
00000000
00000100
00000000
00001000
00000010
00001000
00000000
,
00000001
00000100
00000001
00000000
00000010
00000000
00001100
00000000
,
00010000
00001000
00010000
00000000
00001000
00000000
01000000
00000000
,
00100000
10000000
00100000
00000000
01000000
00000000
01100000
00000000
,
00010000
00000000
01000000
00000000
00001000
00010000
00001000
00000000
,
00000010
00000100
00000010
00000000
00000001
00000000
00000101
00000000
,
00000010
00001000
00000010
00000000
00000100
00000000
00000010
00000000
,
00010000
00001000
00010000
00000000
00010000
00000000
01001000
00000000
,
00010000
01100000
00010000
10100000
,
00010000
00000000
01001000
00000000
00010000
00001000
00010000
00000000
,
00000100
00000000
00001000
00000000
00000010
00000100
00000010
00000000
,
00002002
00000000
00000000
00003003
,
00010000
00001100
00010000
00101000
,
00010000
00000000
01100000
00000000
01000000
00010000
01000000
00000000
,
00100000
00000000
10000000
00000000
01000000
00100000
01000000
00000000
,
00110000
00100000
00001000
00010000
,
00000010
00000000
00000000
00000000
00010000
00000000
00000000
00000000
00000100
00000000
00000000
00000100
00000000
00000000
00000100
00000000
,
00000000
00000000
00000000
00000000
00000010
00000000
00000000
00000000
00000001
00000000
00000000
00000001
00000000
00000000
00000001
00000000
,
00000000
00000000
00000000
00000000
00000100
00000000
00000000
00000000
00000010
00000000
00000000
00000010
00000000
00000000
00000010
00000000
,
00000000
00000000
00000000
00000000
00010000
00000000
00000000
00000000
00001000
00000000
00000000
00001000
00000000
00000000
00001000
00000000
,
;

//---------------dance-double - M. Emirzian----------------
#NOTES:
     dance-double:
     M. Emirzian:
     Hard:
     8:
     0.503,0.000,0.400,0.108,0.050,361.000,48.000,13.000,0.000,0.000,0.000:


00000000
00000000
00000000
00000000
,
00000000
00000000
00000000
00000000
,
00000000
00000000
00000000
00000000
,
10010000
00000000
00011000
00000000
,
00001001
00000000
00000110
00000000
00000001
00000100
00000010
00001000
,
00000100
00000000
00000010
00000000
00000100
00000000
00010000
00000000
00001000
00000000
00000000
01000000
00000000
00000000
01100000
00000000
,
00000000
00000000
00010000
00000000
01000000
00000000
00100000
00000000
10000000
00000000
00000000
00010000
00000000
00000000
00101000
00000000
,
00000000
00000000
01000000
00000000
00001000
00000000
00010000
00000000
00000010
00000000
00000000
00001000
00000000
00000000
00010010
00000000
,
00000000
00000000
00000100
00000000
00001000
00000000
00000001
00000000
00000100
00000000
00000000
00000010
00000000
00000000
00010010
00000000
,
00000000
00000000
00010000
00000000
00001000
00000000
00100000
00000000
00010000
00000000
00000000
01000000
00000000
00000000
01001000
00000000
,
00000000
00000000
00010000
00000000
01000000
00000000
00100000
00000000
10000000
00000000
00000000
01000000
00000000
00000000
00110000
00000000
,
00000000
00000000
01000000
00000000
00001000
00000000
00010000
00000000
00000010
00000000
00000000
00001000
00000000
00000000
00010010
00000000
,
00000000
00000000
00001000
00000000
00010000
00000000
00000100
00000000
00010000
00000000
00000000
00001000
00000000
00000000
00000010
00000000
,
00000001
00000100
00000010
00000100
00000001
00000100
00001000
00000000
,
00010000
00001000
01000000
00100000
01000000
00001000
00100000
00000000
,
00010000
01000000
00100000
10000000
01000000
00100000
00001000
00000000
,
01000000
00001000
00010000
00000010
00001000
00000100
00000010
00000000
,
00000001
00000100
00000010
00000100
00000001
00000010
00000100
00000000
,
00010000
00000010
00010000
00001000
01000000
00100000
10000000
00000000
,
00100000
01000000
00010000
10000000
01000000
00100000
00001000
00000000
,
01000000
00001000
00010000
00000100
00001000
00000010
00000100
00000000
,
00000001
00000000
00000011
00000000
00000100
00000010
00001000
00000100
,
00010000
00011000
01001000
00011000
,
00001000
00000000
01000000
00000000
00100000
10000000
01000000
00100000
,
00001000
01000000
00010000
00100000
00001000
00010000
00000100
00000000
,
00000010
00000000
00000011
00000000
00000100
00000010
00010000
00000100
,
00001000
00001001
00000110
00001001
,
00000010
00000000
00010000
00000000
00001000
00100000
00001000
01000000
,
00010000
00100000
01000000
10000000
00010000
01000000
00100000
00000000
,
01000000
00120000
01030000
00012000
,
01003000
00000000
00102000
00000000
01003000
00010000
00100000
00000000
,
00010000
01000000
00001000
00010000
00000010
00000000
00001010
00000000
,
00001001
00000000
00000100
00000000
00001000
00000010
00000100
00000000
,
00000010
00001200
00000310
00021000
,
00030010
00000000
00012000
00000000
00003010
00001000
00010000
00000000
,
00100000
01000000
00010000
00100000
01000000
00000000
00101000
00000000
,
00011000
00000000
00001000
00000000
00000010
00000100
00001000
00000001
,
00001002
00000000
00000000
00000000
,
00000013
00000100
00001000
00000010
00010000
00000100
00001000
00000000
,
00000010
00010000
00001000
01000000
00100000
10000000
00010000
00000000
,
10000000
01000000
00100000
00001000
00010000
00000010
00010000
00000000
,
00001000
00010000
00000100
00010000
00000010
00001000
00000100
00000000
,
00000010
00000001
00000100
00000010
00000100
00000001
00000010
00000000
,
00001000
00010000
00000100
00010000
00001000
01000000
00100000
00000000
,
01000000
00001000
00100000
00010000
01000000
00100000
10000000
00000000
,
01000000
00100000
00001000
00010000
00000010
00001000
00000100
00000000
,
00000010
00000000
00000011
00000000
00000100
00000010
00010000
00001000
,
00100000
01001000
00011000
01001000
,
00010000
00000000
01000000
00000000
00100000
10000000
00010000
00100000
,
01000000
00100000
00001000
00010000
00001000
01000000
00010000
00000000
,
10000000
00000000
00011000
00000000
00000100
00001000
00000010
00000100
,
00000001
00000011
00000101
00000011
,
00000100
00000000
00010000
00000000
00001000
00100000
00001000
01000000
,
00010000
10000000
01000000
00100000
00010000
01000000
00100000
00000000
,
00100000
01020000
00130000
00012000
,
00103000
00000000
01002000
00000000
00103000
00001000
00010000
00000000
,
00000010
00000100
00000001
00000100
00000010
00000000
00001010
00000000
,
00001100
00000000
00000001
00000000
00000010
00000100
00010000
00000000
,
00001000
00010200
00001300
00020010
,
00031000
00000000
00010200
00000000
00001300
00000100
00010000
00000000
,
00001000
00100000
00001000
00010000
01000000
00000000
11000000
00000000
,
00110000
00000000
10000000
00000000
00100000
00010000
00001000
01000000
,
00100000
00000000
00000000
00000000
01000000
00000000
00000000
00000000
00100000
00000000
00000000
10000000
00000000
00000000
01000000
00000000
,
00000000
00000000
00000000
00000000
10000000
00000000
00000000
00000000
01000000
00000000
00000000
00010000
00000000
00000000
00001000
00000000
,
00000000
00000000
00000000
00000000
00010000
00000000
00000000
00000000
00001000
00000000
00000000
00000100
00000000
00000000
00000001
00000000
,
00000000
00000000
00000000
00000000
00000010
00000000
00000000
00000000
00000100
00000000
00000000
00001000
00000000
00000000
00000001
00000000
;

//---------------dance-double - M. Emirzian----------------
#NOTES:
     dance-double:
     M. Emirzian:
     Challenge:
     9:
     0.615,0.000,0.484,0.008,0.125,457.000,58.000,1.000,1.000,0.000,0.000:


00000000
00000000
00000000
00000000
,
00000000
00000000
00000000
00000000
,
00000000
00000000
00000000
00000000
,
00101000
00011000
00010010
00011000
,
01001000
00000000
00000000
00000000
00010010
00000000
00000000
00000000
00000100
00000001
00000000
00000010
00000100
00000000
00010000
00000000
,
00011000
00000000
00001000
00000000
01000000
00000000
00100000
00000000
00010000
00000000
00001000
01000000
00000000
00100000
10000000
00000000
,
01000000
00000000
00010000
00000000
00001000
00000000
00000010
00000000
00000100
00000000
00010000
00000100
00000000
00001000
00000010
00000000
,
00000100
00000000
00000001
00000000
00000010
00000000
00000100
00000000
00000010
00000000
00000001
00000100
00000000
00000010
00010000
00000000
,
00001000
00000000
01000000
00000000
00100000
00000000
10000000
00000000
01000000
00000000
00100000
00001000
00000000
00010000
00000010
00000000
,
00001000
00000000
00000100
00000000
00010000
00000000
00000100
00000000
00000010
00000000
00000001
00000100
00000000
00000010
00010000
00000000
,
00001000
00000000
00100000
00000000
00001000
00000000
00010000
00000000
01000000
00000000
10000000
00100000
00000000
01000000
00001000
00000000
,
00010000
00000000
00100000
00000000
01000000
00000000
00001000
00000000
00100000
00000000
00010000
10000000
00000000
01000000
00100000
00000000
,
00001000
00000000
00010000
00000000
00000010
00000000
00010000
00000000
00001000
00000000
00000010
00000001
00000000
00000100
00000010
00000000
,
00001000
00000100
00000010
00001000
00010000
00100000
00010000
00001000
,
00100000
01000000
00100000
00001000
00010000
00100000
10000000
00100000
,
01000000
00010000
00100000
01000000
00010000
00001000
00000100
00000010
,
00000100
00000001
00000010
00001000
00010000
00001000
00000100
00000010
,
00010000
00001000
00100000
01000000
00100000
00001000
01000000
00100000
,
00010000
00001000
00000010
00000100
00010000
00000100
00000010
00001000
,
00010000
00100000
01000000
00001000
01000000
00100000
10000000
01000000
,
00010000
00001000
00000010
00001000
00010100
00000110
00001001
00000000
,
00000100
00001000
00010000
00100000
01000000
00100000
00010000
00001000
,
00011000
00000000
01001000
00000000
01100000
10000000
01000000
00100000
,
01000000
10000000
00100000
00010000
00001000
01000000
00001000
00010000
,
00000010
00000000
00001001
00000000
00000110
00000010
00000100
00001000
,
00000010
00000100
00001000
00010000
01000000
00100000
01000000
10000000
,
00110000
00000000
01001000
00000000
00010100
00001000
00000010
00000100
,
00000010
00001000
00000100
00000010
00001000
00010000
00000010
00001000
,
00000001
00000000
00011000
00000000
10010000
01000000
00100000
00000000
,
00010000
00000000
01000000
00000000
10000000
00000000
01000000
00000000
00010000
01000000
00010000
00000000
10000000
00000000
00010000
00000000
,
00100000
00001000
00100000
00000000
00001000
00000000
00010000
00000000
00000100
00000000
00001000
00000000
00000010
00000000
00000100
00000000
,
00000101
00001100
00010100
00101000
,
01001000
00000000
00010000
01000000
00100000
10000000
01000000
00000000
,
10000000
00000000
01000000
00000000
00010000
00000000
01000000
00000000
10000000
01000000
10000000
00000000
01000000
00000000
00100000
00000000
,
00001000
00010000
00001000
00000000
00000100
00000000
00000010
00000000
00001000
00000000
00000100
00000000
00000010
00000000
00000001
00000000
,
00001100
00011000
00101000
01100000
,
10010000
00000000
00100000
00000000
00001000
00010000
00000010
00010010
,
00021000
00000000
00000000
0000M000
,
00031000
00000010
00000001
00000010
00000100
00001000
00000010
00000100
,
00001000
00010000
01000000
00010000
00001000
01000000
00100000
01000000
,
00001000
00010000
01000000
10000000
01000000
00100000
00001000
00010000
,
00000010
00001000
00000001
00000010
00000100
00000010
00000001
00000100
,
00000010
00010000
00001000
00100000
01000000
10000000
01000000
00010000
,
00001000
00000100
00000010
00010000
00000010
00000100
00000001
00000100
,
00001000
00010000
01000000
00100000
00001000
00100000
01000000
10000000
,
01000000
00010000
00001000
01000000
00101000
00011000
01001000
00000000
,
01000000
00100000
00010000
00001000
00000010
00000100
00000010
00001000
,
00011000
00000000
01001000
00000000
00110000
01000000
00100000
01000000
,
10000000
00100000
00010000
00001000
00000100
00000010
00000100
00000001
,
00001010
00000000
00010100
00000000
01001000
00010000
00100000
01000000
,
00100000
00010000
00001000
00000010
00000100
00001000
00000010
00000100
,
00000101
00000000
00010100
00000000
00101000
00010000
01000000
10000000
,
01000000
00010000
00100000
01000000
00010000
00001000
00000100
00000001
,
00001010
00000000
00010100
00000000
00101000
00010000
00000010
00000000
,
00010000
00000000
00001000
00000000
00000100
00000000
00001000
00000000
00010000
00001000
00010000
00000000
01000000
00000000
10000000
00000000
,
01000000
00100000
01000000
00000000
00010000
00000000
00001000
00000000
00000010
00000000
00000100
00000000
00000010
00000000
00000001
00000000
,
00001100
00011000
01001000
00110000
,
00101000
00000000
01000000
10000000
00100000
01000000
00001000
00000000
,
00100000
00000000
01000000
00000000
00010000
00000000
00001000
00000000
01000000
00100000
01000000
00000000
00001000
00000000
00010000
00000000
,
00001000
00010000
00001000
00000000
00000100
00000000
00000001
00000000
00000010
00000000
00000100
00000000
00001000
00000000
00000010
00000000
,
00000101
00001100
00010010
00011000
,
00010100
00000000
00001000
01000000
00100000
10000000
01000000
00110000
,
00000000
00000000
00100000
00000000
00010000
00000000
01000000
00000000
00100000
00000000
00000000
00010000
00000000
00000000
00001000
00000000
,
00000000
00000000
00010000
00000000
01000000
00000000
00010000
00000000
00001000
00000000
00000000
00000100
00000000
00000000
00000001
00000000
,
00000000
00000000
00000010
00000000
00000100
00000000
00010000
00000000
00001000
00000000
00000000
00000100
00000000
00000000
00001000
00000000
,
00000000
00000000
00010000
00000000
01000000
00000000
10000000
00000000
01000000
00000000
00000000
00010000
00000000
00000000
00001000
00000000
;

//---------------lights-cabinet - ----------------
#NOTES:
     lights-cabinet:
     :
     Easy:
     1:
     1.000,0.110,1.000,0.075,0.079,374.000,278.000,9.000,0.000,223.000,0.000:


00000000
00000000
00000000
00000000
,
11000000
00000000
00110000
00000000
,
11000000
00110000
11000000
00110000
,
11000011
00000000
01100011
00000000
,
11110011
00000000
01100011
00000000
11110011
00000011
11110011
00000011
,
10010011
00000000
00000000
00000000
10010011
00000000
00000000
00000000
01100011
00000000
00000000
01100000
00000011
00000000
01100000
00000000
,
10010011
00000000
00000000
00000000
01100011
00000000
00000000
00000000
10010011
00000000
00000000
10010000
00000011
00000000
10010000
00000000
,
01100011
00000000
00000000
00000000
01100011
00000000
00000000
00000000
10010011
00000000
00000000
10010000
00000011
00000000
10010000
00000000
,
01100011
00000000
00000000
00000000
01100011
00000000
00000000
00000000
01100011
00000000
00000000
01100000
00000011
00000000
01100011
00000000
,
10010011
00000000
10010000
00000000
10010011
00000000
00000000
00000000
00100011
00000000
00000000
00100000
00000011
00000000
00100000
00000000
,
01000011
00000000
00100000
00000000
01000011
00000000
00000000
00000000
00010011
00000000
00000000
00010000
00000011
00000000
00010000
00000000
,
00100011
00000000
00010000
00000000
10000011
00000000
00000000
00000000
00010011
00000000
00000000
00010000
00000011
00000000
00010000
00000000
,
01000011
00100000
01000011
00000000
11110011
00000000
11110011
00000011
,
10010011
00100000
01000011
00000000
00010011
01000000
01000011
00000000
,
00100011
10000000
00010011
10000000
00100011
01000000
01000011
00000000
,
00010011
00100000
00010011
00000000
10000011
01000000
10000011
00000000
,
00010011
01000000
00100011
10000000
00010011
10000000
10000011
00000011
,
00100011
01000000
00010011
00000000
01000011
00100000
10000011
00000000
,
00010011
01000000
00100011
01000000
00100011
10010000
10010011
00000000
,
00010011
01000000
00100011
10000000
,
00010011
01000000
00100011
10000000
01100011
00000011
01010011
00000000
,
10000011
00000000
00000000
00000000
00010011
00000000
00000000
10000000
00010011
00000000
01000000
00000000
00010011
00000000
10000000
00000000
,
00100011
01000011
00010011
11000011
,
10010011
00000000
10010011
00000000
10000011
00100000
10000011
00020000
,
00000011
00000000
10030011
00000000
00100011
10000000
00110011
00000011
,
10000011
00000000
00000000
00000000
00010011
00000000
00000000
10000000
00010011
00000000
01000000
00000000
00010011
00000000
10000000
00000000
,
00100011
01000011
00010011
11000011
,
10010011
00000000
10010000
00000000
01100011
01100000
10010000
00000000
,
10010011
00000000
10010011
00000000
01000011
00100011
11000011
00000000
,
00100011
10000000
11000011
00000000
00100011
00010000
00110011
00000000
,
01000011
00000000
00100011
00000000
10000011
00010000
00110011
00000000
,
01000011
00010011
01000011
00010000
10000011
00100011
10000011
00010000
,
20000011
00000000
01100000
00000000
30010011
01000011
00100011
00000000
,
00100011
10000000
11000011
00000000
00100011
00010000
00110011
00000000
,
01000011
00000000
00100011
00000000
10000011
00010000
00110011
00000000
,
10010011
00000000
00000000
00110000
00000000
00000000
01100000
00000000
10100011
00000000
00000000
10010000
00000000
00000000
02200000
00000000
,
00000011
00000000
00000011
00000000
10010011
00000011
13310011
00000011
,
11110011
00000000
11110011
00000000
00000011
00000011
00000011
00000000
,
00010011
01000000
00010011
00000000
01000011
00100000
10000011
00000000
,
01000011
10000000
01000011
00000000
10000011
00010000
00010011
00000000
,
01000011
00100000
01000011
00000000
00010011
00100000
00010011
00000000
,
10000011
00000000
00100011
00000000
10000011
00010000
00010011
00000011
,
10000011
00000000
00100011
00000000
10000011
00010000
01000011
00000000
,
00100011
01000000
00010011
01000000
00010011
01100000
01100011
00000000
,
10010011
01100000
01100011
10010000
,
10010011
01000000
00100011
10000000
01100011
00000011
01010011
00000000
,
10000011
00000000
00000000
00000000
00010011
00000000
00000000
10000000
00010011
00000000
01000000
00000000
00010011
00000000
10000000
00000000
,
00100011
01000011
00010011
11000011
,
01100011
00000000
01100011
00000000
10010011
01100000
10010011
20020000
,
00000011
00000000
31130011
00000000
00100011
10000000
00110011
00000011
,
10000011
00000000
00000000
00000000
00010011
00000000
00000000
10000000
00010011
00000000
01000000
00000000
00010011
00000000
10000000
00000000
,
00100011
01000011
00010011
11000011
,
00010011
00000000
00010000
00000000
10000011
00100000
10000000
00000000
,
00010011
00000000
11110011
00000000
01000011
00100011
11000011
00000000
,
00010011
01000000
01100011
00000000
00010011
10000000
10010011
00000000
,
00100011
00000000
10000011
00000000
01000011
10000000
10010011
00000000
,
00100011
10000000
00100011
10000000
01000011
10000000
00010011
10000011
,
02000011
00000000
00000000
00000000
13000011
00100011
10000011
00000000
,
00100011
01000000
01100011
00000000
00010011
10000000
10010011
00000000
,
00100011
00000000
10000011
00000000
01000011
10000000
10010011
00000000
,
10010011
00000000
00000000
01100000
00000000
00000000
00110000
00000000
11000011
00000000
00000000
10010000
00000000
00000000
02200000
00000000
,
00000011
00000000
00000011
00000000
10010011
00000011
13310011
00000011
,
00000011
00000000
00010000
00000000
00010000
00000000
00010000
00000000
01000000
00000000
00000000
01000000
00000000
00000000
01000000
00000000
,
00000000
00000000
00100000
00000000
00100000
00000000
00100000
00000000
10000000
00000000
00000000
10000000
00000000
00000000
10000000
00000000
,
00000000
00000000
00100000
00000000
00100000
00000000
00100000
00000000
01000000
00000000
00000000
01000000
00000000
00000000
01000000
00000000
,
00000000
00000000
00010000
00000000
00010000
00000000
00010000
00000000
10010000
00000000
00000000
01100000
00000000
00000000
11110011
00000000
;

//---------------dance-single - M. Puls----------------
#NOTES:
     dance-single:
     M. Puls:
     Beginner:
     1:
     0.087,0.000,0.042,0.000,0.000,68.000,5.000,0.000,0.000,0.000,0.000:


0000
0000
0000
0000
,
0000
0000
0000
0000
,
0000
0000
0000
0000
,
0100
0000
0000
0000
,
0010
0000
0000
0000
,
1000
0000
0000
0000
,
0001
0000
0000
0000
,
1000
0000
0000
0000
,
1000
0000
0000
0000
,
0001
0000
0000
0000
,
1000
0000
0000
0000
,
0001
0000
0000
0000
,
0001
0000
0000
0000
,
1001
0000
0000
0000
,
1000
0000
0000
0000
,
0100
0000
0000
0000
,
0010
0000
0000
0000
,
0001
0000
0000
0000
,
0010
0000
0000
0000
,
0100
0000
0000
0000
,
1000
0000
0000
0000
,
1001
0000
0000
0000
,
1000
0000
0000
0000
,
1000
0000
0000
0000
,
0100
0000
0000
0000
,
1001
0000
0000
0000
,
0001
0000
0000
0000
,
0001
0000
0000
0000
,
0010
0000
0000
0000
,
1000
0000
1000
0000
,
1000
0000
0000
0000
,
0001
0000
0000
0000
,
0010
0000
0000
0000
,
0001
0000
0001
0000
,
0001
0000
0000
0000
,
1000
0000
0000
0000
,
0100
0000
0000
0000
,
0000
0000
0000
0000
,
1000
0000
0000
0000
,
0100
0000
0000
0000
,
0010
0000
0000
0000
,
0010
0000
0000
0000
,
0001
0000
0000
0000
,
0010
0000
0000
0000
,
0100
0000
0000
0000
,
0100
0000
0000
0000
,
1000
0000
0000
0000
,
0001
0000
0000
0000
,
1000
0000
0000
0000
,
1000
0000
0000
0000
,
0001
0000
0000
0000
,
1000
0000
0000
0000
,
0001
0000
0000
0000
,
0001
0000
0000
0000
,
1001
0000
0000
0000
,
0001
0000
0000
0000
,
0001
0000
0000
0000
,
0010
0000
0000
0000
,
1001
0000
0000
0000
,
1000
0000
0000
0000
,
1000
0000
0000
0000
,
0100
0000
0000
0000
,
0001
0000
0001
0000
,
0001
0000
0000
0000
,
1000
0000
1000
0000
,
1000
0000
0001
1000
;
