#TITLE:Queen of Light;
#SUBTITLE:;
#ARTIST:Missing Heart;
#TITLETRANSLIT:;
#SUBTITLETRANSLIT:;
#ARTISTTRANSLIT:;
#GENRE:;
#CREDIT:;
#BANNER:Queen of Light-banner.png;
#BACKGROUND:Queen of Light-bg.png;
#LYRICSPATH:;
#CDTITLE:;
#MUSIC:Missing Heart - Queenoflight.ogg;
#OFFSET:-0.550;
#SAMPLESTART:65.920;
#SAMPLELENGTH:14.320;
#SELECTABLE:YES;
#BPMS:0.000=132.010;
#STOPS:;
#BGCHANGES:0.000=Queen of Light-bg.png=1.000=0=0=1=====,
15.000=vis_vol4-06-ntsc.mpg=1.000=1=0=1===CrossFade==,
28.000=vol3-10-ntsc.mpg=1.000=1=0=1===CrossFade==,
32.000=vol4-07-ntsc.mpg=1.000=0=0=1=====,
40.000=vol3-19-ntsc.mpg=1.000=0=0=1=====,
48.000=708_JumpBack.mpg=1.000=0=0=1=====,
56.000=vis_vol3-10-ntsc.mpg=1.000=0=0=1=====,
64.000=vol3-20-ntsc.mpg=1.000=0=0=1=====,
72.000=VOL1-41-NTSC.mpg=1.000=0=0=1=====,
80.000=vol3-16-ntsc.mpg=1.000=0=0=1=====,
88.000=VOL1-37-NTSC.mpg=1.000=0=0=1=====,
96.000=VOL1-15-NTSC.mpg=1.000=0=0=1=====,
104.000=VOL1-21-NTSC.mpg=1.000=0=0=1=====,
112.000=vol3-24-ntsc.mpg=1.000=0=0=1=====,
120.000=vol4-04-ntsc.mpg=1.000=0=0=1=====,
128.000=vol4-01-ntsc.mpg=1.000=0=0=1=====,
136.000=jb_072.mpg=1.000=0=0=1=====,
142.000=vis_vol3-10-ntsc.mpg=1.000=0=0=1=====,
144.000=vol4-07-ntsc.mpg=1.000=0=0=1=====,
152.000=VOL1-48-NTSC.mpg=1.000=0=0=1=====,
168.000=vol4-04-ntsc.mpg=1.000=0=0=1=====,
176.000=708_JumpBack.mpg=1.000=0=0=1=====,
184.000=vol3-19-ntsc.mpg=1.000=0=0=1=====,
192.000=jb_072.mpg=1.000=0=0=1=====,
200.000=vis_vol3-10-ntsc.mpg=1.000=0=0=1=====,
208.000=vol4-06-ntsc.mpg=1.000=0=0=1=====,
216.000=vol4-21-ntsc.mpg=1.000=0=0=1=====,
224.000=VOL1-13-NTSC.mpg=1.000=0=0=1=====,
232.000=vol4-04-ntsc.mpg=1.000=0=0=1=====,
240.000=vol3-20-ntsc.mpg=1.000=0=0=1=====,
248.000=vol4-07-ntsc.mpg=1.000=0=0=1=====,
256.000=vis_vol4-06-ntsc.mpg=1.000=1=0=1===CrossFade==,
264.000=Queen of Light-bg.png=1.000=1=0=1===CrossFade==,
264.125=Queen of Light-bg.png=1.000=0=0=1=====,
99999=-nosongbg-=1.000=0=0=0 // don't automatically add -songbackground-
;
#KEYSOUNDS:;
// cache tags:
#FIRSTBEAT:16.000;
#LASTBEAT:264.125;
#SONGFILENAME:/Songs/In The Groove/Queen of Light/queenoflight.sm;
#HASMUSIC:1;
#HASBANNER:1;
#MUSICLENGTH:123.403;
// end cache tags

//---------------dance-single - K. Ward----------------
#NOTES:
     dance-single:
     K. Ward:
     Hard:
     7:
     0.511,0.000,0.405,0.162,0.057,371.000,50.000,20.000,0.000,0.000,0.000:


0000
0000
0000
0000
,
0000
0000
0000
0000
,
0000
0000
0000
0000
,
0000
0000
0000
0000
,
2010
0010
0010
3010
,
0102
0000
0100
0000
0100
0000
0103
0010
,
0210
0000
0010
0000
0010
0000
0010
0300
,
1001
0000
0000
0000
,
0001
0100
1000
0100
0001
0100
1000
0000
,
1000
0100
0001
0100
1000
0100
0001
0000
,
1000
0010
0001
0010
1000
0010
0001
0000
,
0011
0000
1100
0000
0110
0001
1001
0000
,
0001
0100
1000
0100
0001
0100
1000
0000
,
1000
0100
0001
0100
1000
0100
0001
0000
,
1000
0010
0001
0010
1000
0010
0001
0000
,
0011
0000
1100
0000
0110
0001
1001
0000
,
1000
0001
0000
0100
0000
0110
0110
0000
,
0001
0010
0000
0001
0000
0011
0011
0000
,
1000
0100
0000
1000
0000
1100
1100
0000
,
1000
0010
0001
0010
2000
0000
0001
3000
,
0001
0000
1000
0000
0001
0000
1000
0000
0001
0000
1000
0000
0001
0000
1000
0010
,
0100
0000
0010
0000
0100
0000
0010
1000
0100
0000
0010
0000
0100
0000
0010
0000
,
0001
0000
1000
0000
0001
0000
1000
0000
0001
0000
1000
0000
0001
0000
1000
0010
,
0100
0000
0010
0000
0100
0000
0001
0010
0001
0000
0010
0000
0001
0000
0100
0000
,
0010
1000
0001
1000
1000
0001
1000
0001
,
0010
0010
0001
0100
0010
1000
0100
0100
,
1000
0000
0001
0000
1000
0000
0001
0000
1000
0000
0001
0000
1000
0000
0010
0100
,
0010
0000
0100
0000
0001
0000
0010
0001
0100
0000
0010
0000
0100
0000
0000
0000
,
0011
0001
0100
0100
0000
0010
1000
0001
,
0020
0001
0130
0000
,
0001
0001
0010
0001
0000
0100
0010
1000
,
0200
1000
0310
0000
,
1100
0000
0000
1100
0000
0000
0010
0000
0100
0000
0010
0000
0100
0000
0010
0000
,
0110
0000
0000
0110
0000
0000
0001
0000
0010
0000
0001
0000
0010
0000
0001
0000
,
0011
0000
0000
0011
0000
0000
0001
0000
0010
0000
0100
0000
1000
0000
0100
0000
,
2200
0000
0000
3300
0022
0000
0000
0033
,
1000
0100
0010
0000
0010
0100
1000
0000
,
0001
0100
0001
0000
1000
0010
1000
0000
,
0001
0100
0010
1000
0010
0100
0001
0010
,
1100
0110
0011
0110
,
1000
0100
0010
0000
0010
0100
1000
0000
,
0001
0100
1000
0100
0001
0010
0001
0000
,
1000
0010
0100
0001
0100
0010
1000
0001
,
0011
0000
0110
0000
1100
0010
0110
0000
,
2000
0000
0010
3010
0000
0000
0100
0010
,
0200
0000
0001
0301
0000
0000
1000
0000
,
0020
0000
0100
0130
0000
0000
0001
0010
,
0100
1000
0001
0011
,
2000
0000
0010
3010
0000
0000
0100
0010
,
0200
0000
0001
0301
0000
0000
1000
0000
,
0020
0000
0100
0130
0000
0000
0001
0010
,
0100
0000
0010
0000
0001
1000
1100
0000
,
0001
0100
1000
0100
0001
0100
1000
0000
,
1000
0100
0001
0100
1000
0100
0001
0000
,
1000
0010
0001
0010
1000
0010
0001
0000
,
0011
1100
0110
1001
,
1000
0100
1000
0000
0010
0000
0001
0000
0010
0000
1000
0000
0001
0000
0000
0000
,
0001
0010
0001
0000
0100
0000
1000
0000
0100
0000
0001
0000
1000
0000
0000
0000
,
0100
1000
0100
0000
1000
0000
0010
0000
0001
0000
0010
0000
1000
0000
0000
0000
,
0011
0000
0110
0000
1100
1000
1001
0000
,
0102
0100
0100
0103
,
0210
0000
0010
0000
0010
0000
0310
1000
,
1020
1000
1000
1030
,
2010
0000
0100
0000
0001
0001
3001
0000
,
1000
0010
1000
0000
0010
0000
0000
0000
0010
0000
0000
0000
0010
0000
0000
0000
,
0100
0001
0100
0000
0001
0000
0000
0000
0001
0000
0000
0000
0001
0000
0000
0000
,
1001
0000
0000
0000
;

//---------------dance-single - K. Ward----------------
#NOTES:
     dance-single:
     K. Ward:
     Easy:
     3:
     0.176,0.000,0.016,0.000,0.000,150.000,2.000,0.000,0.000,0.000,0.000:



0000
0000
0000
0000
,
0000
0000
0000
0000
,
0000
0000
0000
0000
,
0000
0000
0000
0000
,
0010
0000
0000
0000
,
0100
0000
0000
0000
,
0010
0000
0000
0000
,
0100
0000
0000
0000
,
0001
1000
0000
1000
,
1000
0001
0000
0001
,
0001
1000
0000
0001
,
0010
0000
0100
0000
,
0001
1000
0000
1000
,
1000
0001
0000
0001
,
0001
1000
0000
0001
,
0010
0000
0100
0100
,
1000
0000
0000
0000
,
1000
0000
0000
0000
,
0001
0000
0000
0000
,
1000
0010
0100
0000
,
0001
0001
0000
1000
,
0010
0000
0010
0000
,
0100
0100
0000
0001
,
1000
0000
0100
0000
,
0010
0010
0000
0000
,
0010
0010
0000
0000
,
0100
0100
0000
0000
,
0100
0100
0100
0010
,
1000
0000
0001
0000
,
0100
0000
0100
0000
,
0001
0000
0001
0000
,
1000
0000
1000
0000
,
0100
1000
0010
0001
,
0100
1000
0010
0001
,
0100
1000
0010
0001
,
1000
0000
0011
0000
,
1000
0000
0010
0000
,
0001
0000
0010
0000
,
1000
0000
0010
0000
,
1000
0100
0010
0001
,
0001
0000
0100
0000
,
1000
0000
0100
0000
,
0001
0000
0010
0000
,
0100
0010
0001
1000
,
0001
0000
0000
1000
,
1000
0000
0000
0010
,
0010
0000
0000
0100
,
0010
0001
0010
0100
,
0001
0001
0000
0100
,
0100
0000
0000
0010
,
0010
0000
0000
1000
,
1000
0000
0001
0010
,
0001
1000
0000
1000
,
1000
0100
0000
0010
,
0010
0001
0000
0100
,
1000
0010
0100
0001
,
0001
1000
0000
1000
,
1000
0001
0000
0001
,
0001
1000
0000
0010
,
0100
0000
0010
0001
,
0010
0000
0000
0000
,
0100
0000
0000
0000
,
0001
0000
0000
0000
,
1000
0000
0001
0000
,
0010
0000
0100
0000
,
1000
0000
0010
0000
,
1001
0000
0000
0000
;

//---------------dance-single - K. Ward----------------
#NOTES:
     dance-single:
     K. Ward:
     Medium:
     4:
     0.286,0.000,0.162,0.194,0.000,203.000,20.000,24.000,0.000,0.000,0.000:


0000
0000
0000
0000
,
0000
0000
0000
0000
,
0000
0000
0000
0000
,
0000
0000
0000
0000
,
2000
0000
0000
3010
0000
0000
0100
0000
,
0002
0000
0000
0103
0000
0000
0010
0000
,
2000
0000
0000
0001
3000
0000
0100
0000
,
0110
0000
0000
0000
,
1000
0000
1000
0000
0010
0100
0010
0000
,
1000
0000
1000
0000
0001
0010
0001
0000
,
1000
0000
1000
0000
0010
0100
0010
0000
,
1100
0000
0011
0000
,
0001
0000
0001
0000
0100
0010
0100
0000
,
0010
0000
0010
0000
1000
0100
1000
0000
,
0001
0000
0001
0000
1000
0100
1000
0000
,
1100
0000
0011
0000
,
1000
0000
0100
0000
,
1000
0000
0000
0000
0010
0000
0010
0100
,
0010
0000
1000
0000
,
0001
0000
2000
0000
,
3001
0010
0100
0010
,
0001
1000
0001
1000
,
0010
0010
0100
0010
,
1000
0100
0010
0001
,
1000
1000
0001
0000
,
0100
0100
0010
0000
,
1000
1000
0001
1000
,
1000
0001
2000
0000
,
3001
0100
0010
1000
,
2000
0000
3010
0000
,
0100
0001
0010
0001
,
0020
0000
0130
0000
,
0010
0000
0001
0000
0001
0010
0001
0000
,
0100
0000
0100
0000
0010
0100
0001
0000
,
1000
1000
0001
1000
,
1001
0000
0011
0000
,
0010
0001
0001
0100
,
0010
1000
1000
0010
,
1000
0001
0001
0100
,
1001
0000
0110
0000
,
0001
1000
1000
0010
,
0100
0001
0100
0010
,
0010
0100
0100
0001
,
0011
0000
0110
0000
,
2000
0000
0000
3100
0000
0000
0010
0000
,
0020
0000
0000
0130
0000
0000
0001
0000
,
0002
0000
0000
0013
0000
0000
0001
0000
,
0110
0000
1001
0000
,
0002
0000
0000
0103
0000
0000
0100
0000
,
0020
0000
0000
0130
0000
0000
0010
0000
,
2000
0000
0000
3010
0000
0000
0100
0000
,
0001
0100
0010
0010
,
0020
0000
0000
1030
0000
0000
1000
0000
,
0002
0000
0000
0010
0003
0000
0010
0000
,
0002
0000
0000
1003
0000
0000
0100
0000
,
1100
1100
0011
0000
,
2000
0000
0000
3010
0000
0000
0100
0000
,
0002
0000
0000
0013
0000
0000
0001
0000
,
2000
0000
0000
3001
0000
0000
1000
0000
,
1100
1100
0011
0000
,
2000
0000
0000
3010
0000
0000
0010
0000
,
0200
0000
0000
0001
0300
0000
0001
0000
,
0020
0000
0000
0031
0000
0000
0001
0000
,
1000
0001
0100
0001
,
0002
0000
0000
0000
,
2003
0000
0000
3000
,
1001
0000
0000
0000
;

//---------------dance-single - C. Foy----------------
#NOTES:
     dance-single:
     C. Foy:
     Challenge:
     10:
     0.671,0.000,0.357,1.000,0.231,374.000,44.000,155.000,86.000,51.000,0.000:


0000
0000
0000
0000
,
0000
0000
0000
0000
,
0000
0000
0000
0000
,
0000
0000
0000
0000
,
1000
0000
0001
0100
0000
0000
0001
0010
,
0001
0000
0000
0010
0001
0100
0010
0000
0000
0000
1000
0000
0001
0000
1000
0000
,
0010
0000
0000
0010
1000
0100
0010
0000
0000
0000
0001
0000
1000
0000
0001
0000
,
2000
0000
0200
0000
0002
0000
0020
3333
,
0000
0000
0010
0010
0000
0000
2200
0010
,
0010
0000
0001
3301
0000
0000
2002
0000
,
0010
0000
0010
3013
0000
0000
2000
0010
,
0020
3000
0002
0030
0200
0003
2000
0300
,
0002
0000
0010
3013
0000
0000
0202
0010
,
0010
0000
1000
1303
0000
0000
2200
0000
,
0001
0000
0000
0000
0010
0000
3301
0000
0000
0000
0000
0000
2000
0000
0020
3000
,
0002
0030
0000
0000
0200
0003
0000
0000
2000
0300
0000
0000
0020
3000
0030
0000
,
1000
0100
0001
0100
1000
0010
0002
0000
,
0010
0003
1000
0000
0100
0000
0001
0000
0100
0000
1000
0000
0001
0000
0010
0000
,
0001
0100
0010
1000
0100
1000
0002
0000
,
1000
0003
0010
0000
0001
0000
0010
0000
1000
0000
0100
0000
0100
0000
0000
0000
,
2000
0000
0002
3000
2000
0003
0200
3000
0020
0300
0200
0030
0002
0300
0103
0001
,
0200
0000
2000
0300
0200
3000
1300
0001
2000
0000
0200
3000
2000
0300
0020
3000
,
2000
0030
0020
3000
0200
0030
0020
0300
0002
0030
0020
0003
0002
0030
1003
0001
,
2000
0000
0002
3000
0020
0003
1030
0001
2000
0000
0002
3000
0020
0003
2000
0030
,
0020
3000
0002
0030
0200
0003
2000
0300
0200
3000
0020
0300
2000
0030
0200
3000
,
2000
0300
0020
3000
0002
0030
2000
0003
0200
3000
0020
0300
0002
0030
0013
0001
,
0020
0000
2000
0030
0200
3000
0020
0300
2000
0030
0002
3000
2000
0003
0020
3000
,
0200
0030
0020
0300
0002
0030
2000
0003
0020
3000
1000
0030
1000
0000
1000
0000
,
2000
0000
0200
3000
0002
0300
0200
0003
2000
0300
0020
3000
0002
0030
0013
0001
,
0020
0000
2000
0030
0020
3000
1030
0100
1000
0000
2000
0000
0020
3000
0002
0030
,
2000
0003
0002
3000
0020
0003
2000
0030
0200
3000
0020
0300
2000
0030
3010
1000
,
0020
0000
0200
0030
2000
0300
3020
1000
0200
0030
2000
0300
0020
3000
0002
0030
,
0020
0003
0030
0010
1000
0000
1000
0000
1000
0000
0000
1000
0100
0000
0000
0000
,
2200
0000
0000
0000
0000
0000
0010
0000
0001
0000
0000
0001
3310
0000
0000
0000
,
0202
0000
0000
0000
0000
0000
1000
0000
0010
0000
0000
0010
1303
0000
0000
0000
,
0002
0003
0200
0300
,
2002
0000
0010
0020
3003
0000
0000
0000
,
0200
0000
0000
1000
1330
0000
1001
0000
,
0110
0000
0000
0000
2002
0000
0010
3003
0000
0000
0000
0000
0010
0000
0010
0000
,
1101
0000
1110
0000
,
1111
0000
0000
0000
1001
0000
0220
0000
0000
0330
0000
0000
1010
0000
0101
0000
,
1100
0000
0011
1001
0000
0000
2002
0000
,
0100
0000
0010
3013
0000
0000
0000
0000
,
11M1
0000
1M11
1M11
,
0020
0000
0030
0000
200M
0M00
3002
0000
00M0
0000
M003
0000
0M10
000M
M100
0000
,
20M0
000M
3M00
0000
0001
0000
M2M0
0000
000M
0000
M3M0
0000
2002
0000
3MM3
0000
,
2020
000M
3030
0M00
0011
0000
2020
000M
0M00
0000
303M
0000
0101
M000
0110
0000
,
2002
0MM0
0000
0000
0000
0000
0000
0000
01M0
0000
0000
0000
0000
0000
0000
0000
0M10
0000
0000
0000
0000
0000
0000
0000
3M13
0000
0000
0000
0000
0000
0000
0000
,
0220
000M
1000
133M
0000
0000
2002
0010
,
3013
0000
1010
0101
0000
0000
0110
0000
,
0020
0000
0100
0130
0000
0000
0200
0010
,
0310
2002
0010
3013
,
0010
0000
0000
1000
0000
0000
0200
0000
0000
0000
0000
0000
M00M
0000
0000
0000
0000
0000
0000
0000
00M0
0000
0000
0000
M00M
0000
0000
0000
0000
0000
0300
0000
0000
0000
0000
0000
1010
0000
0000
0000
0000
0000
0000
0000
000M
0000
0000
0000
,
0010
1000
0100
0000
0100
0000
0000
0000
11MM
0000
0000
0000
MM11
0000
0000
0000
,
0001
1000
0100
0000
1000
0010
0200
0000
M0M0
0000
000M
0000
M0M0
0000
030M
0000
,
0001
0100
0010
0000
1000
0000
0000
1000
0100
0000
0000
0000
M11M
0000
0000
0000
,
0100
1000
0001
0000
0010
0000
0000
0000
0100
0000
0000
0000
1MM1
0000
0000
0000
,
0100
1000
0010
0000
1000
0000
0M0M
0000
0010
M000
0M0M
0000
0010
0000
0M0M
0000
,
1000
0100
0010
0000
0010
0001
M200
0000
00M0
0000
000M
0000
00M0
0000
M30M
0000
,
0001
0100
0010
0000
1000
0000
0000
0100
1000
0000
0000
0000
0010
0000
0000
0000
,
0010
0100
M02M
0000
0M00
0000
0000
000M
M000
0000
0030
0000
0M10
000M
M000
0000
,
0010
1000
0001
0000
2MM2
0000
0000
0000
0010
0000
0000
0000
3M13
0000
0000
0000
,
0001
1000
0100
0000
1000
0100
0020
0000
M00M
0000
0M00
0000
M000
0000
0M3M
0000
,
0010
0001
0100
0000
0001
0000
0000
1000
1000
0000
0000
0000
0110
0000
0000
0000
,
0010
1000
0100
0000
0010
0001
0100
0000
0010
1000
0100
0000
1000
0100
1000
0000
,
0010
1000
0100
0000
0100
1000
0010
0000
1000
0001
0100
0000
0001
1000
0100
0000
,
M01M
0M00
0000
0000
0000
0000
0000
0000
0000
0000
0000
0000
0000
0000
0000
0000
0000
0000
0000
0000
0000
0000
0000
0000
0000
0000
0000
0000
0000
0000
0000
0000
;

//---------------dance-double - M. Emirzian----------------
#NOTES:
     dance-double:
     M. Emirzian:
     Easy:
     3:
     0.200,0.000,0.016,0.049,0.000,165.000,2.000,6.000,0.000,0.000,0.000:


00000000
00000000
00000000
00000000
,
00000000
00000000
00000000
00000000
,
00000000
00000000
00000000
00000000
,
00000000
00000000
00000000
00000000
,
00001000
00000000
00010000
00000000
,
00100000
01000000
00100000
00000000
,
10000000
00000000
01000000
00000000
,
00100000
01000000
00100000
00000000
,
00010000
01000000
00010000
01000000
,
00001000
00010000
00001000
00010000
,
00000010
00001000
00000010
00001000
,
00000000
00001000
00000000
00001000
,
00000100
00000010
00000100
00000010
,
00000001
00000100
00000001
00000100
,
00000010
00010000
00000010
00010000
,
00000000
00010000
00000000
00010000
,
00001000
00010000
00000000
00000000
,
01000000
10000000
00000000
00000000
,
00100000
01000000
00000000
00000000
,
00001000
00010000
00000000
00000000
,
00000200
00000000
00000310
00000000
,
00000002
00000000
00000103
00000000
,
00000020
00000000
00001030
00000000
,
00010010
00000000
00011000
00000000
,
00200000
00000000
00310000
00000000
,
02000000
00000000
03100000
00000000
,
10000000
01000000
00010000
00000000
,
00001000
00000010
00000001
00000100
,
00000000
00000010
00000000
00000010
,
00000000
00010000
00000000
00010000
,
00000000
00001000
00000000
00001000
,
00000000
01000000
00000000
01000000
,
00000000
00010000
00000000
00010000
,
00000000
10000000
00000000
10000000
,
00000000
01000000
00000000
01000000
,
00010000
00001000
00000010
00000000
,
00000001
00000100
00000010
00000000
,
00000100
00000010
00001000
00000000
,
00000100
00010000
00001000
00000000
,
00010000
00001000
00100000
00000000
,
01000000
10000000
00010000
00000000
,
01000000
00010000
10000000
00000000
,
01000000
00010000
00001000
00000000
,
00010000
00001000
00000100
00000000
,
00000001
00000100
00000001
00000100
,
00000010
00010000
00000010
00010000
,
00001000
00010000
00001000
00010000
,
00000000
00010000
00000000
00010000
,
00001000
00010000
00001000
00010000
,
00001000
00100000
01000000
00100000
,
01000000
10000000
01000000
10000000
,
00000000
10000000
00000000
10000000
,
10000000
00000000
01000000
00000000
,
00100000
00010000
00100000
00000000
,
00001000
00000000
00010000
00000000
,
00000100
00000010
00000100
00000000
,
00000001
00000000
00000100
00000000
,
00000010
00001000
00000010
00000000
,
00010000
00000000
00001000
00000000
,
01000000
00010000
01000000
00000000
,
00100000
00000000
00000000
10000000
,
01000000
00000000
00000000
01000000
,
00010000
00000000
00000000
00010000
,
00001000
00000000
00000010
00000001
,
00000010
00000000
00000200
00000000
,
00000300
00000000
00000000
00000000
;

//---------------dance-double - M. Emirzian----------------
#NOTES:
     dance-double:
     M. Emirzian:
     Medium:
     6:
     0.369,0.000,0.073,0.073,0.000,301.000,9.000,9.000,0.000,0.000,0.000:


00000000
00000000
00000000
00000000
,
00000000
00000000
00000000
00000000
,
00000000
00000000
00000000
00000000
,
00000000
00000000
00000000
00000000
,
00010000
00001000
00010000
00100000
,
10000000
00000000
01000000
00010000
01000000
00000000
10000000
01000000
,
00010000
00000000
00001000
00010000
00000000
00000000
00001000
00000010
,
00000001
00000000
00000100
00000000
00000001
00000010
00001000
00000000
,
00010000
00000000
01100000
00000000
10010000
00000000
01000000
00010000
,
00001000
00000010
00000001
00000010
00000100
00001000
00000010
00000000
,
00000100
00000000
00001000
00010000
01000000
00000000
10000000
00000000
,
00010000
10000000
01000000
00000000
00100000
00010000
10000000
00000000
,
01000000
00000000
00101000
00000000
00011000
00000000
00001000
00000010
,
00000001
00000100
00000010
00001000
00000100
00000010
00001000
00000000
,
00010000
00000000
01000000
00100000
00010000
00000000
01000000
00000000
,
00010000
01000000
10000000
00000000
01000000
00010000
10000000
00000000
,
00100000
01000000
00000000
02000000
00000000
00001000
00000000
03000000
,
00001000
00010000
00000000
00020000
00000000
00000100
00000000
00030000
,
00000100
00001000
00000000
00002000
00000000
00000010
00000000
00003000
,
00000010
00000100
00000000
00000200
00000000
00000001
00000000
00000300
,
00000100
00000010
00001000
00000000
00001000
00000010
00000100
00000000
,
00000100
00001000
00010000
00000000
00001000
00000000
00010000
00000000
,
00001000
01000000
00100000
00000000
00100000
10000000
01000000
00000000
,
01000000
10000000
00010000
00000000
00100000
00000000
00001000
00000000
,
00010000
00000100
00000010
00000000
00000010
00000100
00001000
00000000
,
00001000
00000001
00000100
00000000
00000010
00000000
00000010
00000000
,
00000100
00000100
00001000
00010000
,
00001000
00001000
00010000
00010000
,
01000000
10000000
00010000
00000000
00010000
01000000
00100000
00000000
,
00100000
00010000
00001000
00000000
00010000
00000000
00000100
00000000
,
00001000
00000010
00000100
00000000
00000100
00001000
00010000
00000000
,
00010000
00000010
00001000
00000000
00000100
00000000
00000001
00000000
,
00000100
00001000
00000010
00000000
00000010
00010000
00001000
00000000
,
00001000
00010000
01000000
00000000
10000000
00000000
10000000
00000000
,
01000000
01000000
00010000
00010000
,
00001000
00000000
00001000
00000000
,
00011000
00000000
00001000
00010000
00000100
00000000
00001000
00000000
,
00000010
00000100
00000001
00000000
00001001
00000000
00000100
00000000
,
00000010
00001000
00000100
00000000
00010000
00000000
00001000
00000000
,
01000000
00100000
10000000
00000000
10000000
01000000
00010000
00001000
,
00000100
00000000
00000001
00000100
00000010
00000000
00001000
00000000
,
00000100
00010000
00001000
00000000
01001000
00000000
00001000
00000000
,
01000000
00100000
10000000
00000000
00010000
00000000
10000000
00000000
,
01000000
00010000
00001000
00000000
00010000
00001000
00000010
00000000
,
00000001
00000000
00001000
00000100
00000000
00000000
00000010
00000000
,
00000001
00000100
00000010
00000100
00000000
00000000
00001000
00000000
,
00010000
00000000
00001000
00100000
00010000
00000000
01000000
00100000
,
10000000
00000000
01000000
00000000
00010000
01000000
10000000
00000000
,
10000000
01000000
00010000
00001000
00000010
00000001
00000100
00000000
,
00000010
00000000
00001000
00000100
00000010
00000000
00000001
00000000
,
00000100
00000010
00000100
00001000
00010000
00000000
00001000
01000000
,
00100000
00000000
10000000
00000000
01000000
00010000
00001000
00000000
,
00010000
00000000
00010000
00000100
00000000
00000000
00000100
00000000
,
00001000
00000000
00000010
00000100
00000000
00000001
00000100
00000000
,
00001000
00000000
00010000
01000000
00000000
00000000
10000000
00010000
,
01000000
00100000
10000000
00000000
01000000
00100000
00001000
00000000
,
00010000
00000000
00000100
00001000
00000000
00000000
00000010
00000100
,
00000001
00000100
00001000
00010000
00000000
01000000
10000000
00100000
,
01000000
00000000
00010000
10000000
00000000
00000000
01000000
00000000
,
00100000
00001000
00010000
00000000
00011000
00000000
00010010
00000000
,
00000200
00000000
00000300
00000100
,
00000002
00000000
00000003
00000001
,
00000200
00000000
00000300
00001000
,
00002000
00000000
00013000
01000000
,
10000000
00000000
00020000
00000000
,
00030000
00000000
00000000
00000000
;

//---------------dance-double - M. Emirzian----------------
#NOTES:
     dance-double:
     M. Emirzian:
     Hard:
     8:
     0.485,0.000,0.081,0.089,0.130,398.000,10.000,11.000,0.000,0.000,0.000:


00000000
00000000
00000000
00000000
,
00000000
00000000
00000000
00000000
,
00000000
00000000
00000000
00000000
,
00000000
00000000
00000000
00000000
,
00001000
00000000
00010000
00200000
00000000
00000000
10300000
00000000
,
01000000
00010000
01000000
20000000
00000000
30100000
01000000
00000000
,
00100000
00000000
00010000
00002000
00000000
00000000
00013000
00001000
,
00000100
00000001
00000010
00000100
,
00001000
00000100
00000001
00000100
00001000
00000000
00000001
00000100
,
00001000
00010000
01000000
00100000
00010000
10000000
00100000
00000000
,
10000000
01000000
00010000
01000000
10000000
00000000
01000000
00010000
,
00001000
00010000
00000000
00000000
00101000
00000000
00000000
00000000
00001000
00010000
00000000
00000000
00010010
00000000
00000000
00000000
,
00001000
00010000
01000000
00010000
00001000
00000000
01000000
00100000
,
00010000
00001000
00000010
00000100
00001000
00000001
00000010
00000000
,
00000100
00001000
00000010
00001000
00000100
00000000
00000010
00000001
,
00000100
00000010
00000000
00000000
00001001
00000000
00000000
00000000
00000010
00000100
00000000
00000000
00001000
00000000
00000100
00000000
,
00000020
00000000
00000001
00000000
00000000
00000000
00000100
00000030
00000000
00000000
00010000
00000000
00010000
00000000
00000000
00000000
,
00002000
00000000
00000100
00000000
00000000
00000000
00010000
00003000
00000000
00000000
01000000
00000000
01000000
00000000
10000000
00000000
,
20000000
00000000
00100000
00000000
00000000
00000000
01000000
30000000
00000000
00000000
00100000
00000000
00100000
00000000
00000000
00000000
,
00002000
00000000
00010000
00000000
00000000
00000000
00000100
00003000
00000000
00000000
00010000
00000000
00010000
00000000
00000000
00000000
,
00011000
00000100
00000010
00000100
00001000
00000010
00000100
00000000
,
00000101
00000010
00001000
00000100
00000001
00000100
00001000
00000000
,
00010100
00001000
00010000
00100000
01000000
00010000
10000000
00000000
,
11000000
00100000
01000000
10000000
01000000
00010000
00100000
00000000
,
01000000
10000000
00010000
00000000
10000000
01000000
00010000
00000000
,
00001000
00000100
00000010
00010000
00001000
00000010
00000001
00000010
,
00000100
00001000
00000010
00000000
00000100
00000001
00001000
00000000
,
00000100
00000010
00001000
00010000
00100000
01000000
00010000
00000000
,
10000000
01000000
00000000
00000000
00100000
00010000
00000000
00000000
10000000
00000000
01000000
00000000
00100000
00000000
00000000
00000000
,
01000000
10000000
00000000
00000000
00010000
01000000
00000000
00000000
00100000
00000000
00010000
00000000
00001000
00000000
00000000
00000000
,
00010000
00000010
00000000
00000000
00001000
00000100
00000000
00000000
00000010
00000000
00000001
00000000
00000100
00000000
00000000
00000000
,
00000010
00001000
00000000
00000000
00000001
00000100
00000000
00000000
00000010
00000000
00000100
00000000
00001000
00000000
00000000
00000000
,
00010000
00000000
00000000
00001000
00000000
00000000
00000100
00000000
00001000
00000000
00000000
00010000
00000000
00000000
01000000
00000000
,
00100000
00000000
00000000
00010000
00000000
00000000
00100000
00000000
01000000
00000000
00000000
10000000
00000000
00000000
00100000
00000000
,
00010000
00000000
00000000
00001000
00000000
00000000
00000010
00000000
00000100
00000000
00000000
00001000
00000000
00000000
00000010
00000000
,
00000100
00000001
00000020
00000000
,
00000130
00001000
00000001
00000100
00001000
00010000
01000000
00100000
,
00010000
00100000
00010000
00000000
01000000
00000000
00100000
00000000
10000000
00000000
01000000
00000000
00100000
00000000
00000000
00000000
,
00010000
01000000
10000000
01000000
00010000
10000000
01000000
00010000
,
00001000
00010000
00000000
00000000
00000010
00000000
00000100
00000000
00000001
00000010
00000000
00000000
00000100
00000000
00000000
00000000
,
00001000
00000010
00000100
00001000
00010000
00001000
00000100
00000010
,
00001000
00000010
00001000
00000000
00000100
00000000
00000010
00000000
00000001
00000000
00000010
00000000
00000100
00000000
00000000
00000000
,
00001000
00000001
00000100
00001000
00010000
01000000
10000000
00100000
,
01000000
00010000
00000000
00000000
00100000
00000000
01000000
00000000
10000000
00010000
00000000
00000000
10000000
00000000
00000000
00000000
,
00010000
01000000
10000000
01000000
00010000
00000000
10000000
01000000
,
00010000
00001000
00000010
00000100
00001000
00000001
00000100
00000000
,
00001000
00000100
00000001
00000100
00001000
00000000
00010000
00000100
,
00010000
00001000
00000000
00000000
01001000
00000000
00000000
00000000
00010000
10000000
00000000
00000000
01100000
00000000
00000000
00000000
,
10000000
01000000
00010000
01000000
10000000
00000000
01000000
00100000
,
00010000
00001000
00000010
00000100
00001000
00000001
00000010
00000000
,
00000100
00001000
00000010
00000100
00000001
00000000
00010000
00001000
,
01000000
00100000
00000000
00000000
10010000
00000000
00000000
00000000
01000000
00100000
00000000
00000000
00010000
00000000
01000000
00000000
,
10000000
01000000
00010000
00100000
01000000
10000000
00010000
00000000
,
10000000
01000000
00010000
00001000
00000010
00000100
00001000
00000000
,
00000001
00000100
00001000
00000100
00000001
00000010
00000100
00001000
,
00000001
00000100
00000000
00000000
00000010
00000000
00001000
00000000
00000010
00000100
00000000
00000000
00000001
00000000
00000100
00000000
,
00000010
00000100
00001000
00010000
01000000
00100000
00010000
00000000
,
10000000
00100000
00010000
00100000
10000000
01000000
00010000
00000000
,
01000000
00100000
01000000
00010000
00001000
00000100
00000010
00001000
,
00000100
00000010
00000000
00000000
00000100
00000000
00001000
00000000
00000001
00000100
00000000
00000000
00000010
00000000
00001000
00000000
,
00000100
00000000
00010000
00002000
00000000
00000000
00003100
00000000
,
00001000
00010000
01000000
00100000
00000000
00010000
01000000
00000000
,
00100000
00000000
10000000
02000000
00000000
00000000
03010000
00001000
,
00010000
01000000
00010000
00001000
,
00000100
00000000
00000001
00000000
,
00000020
00000000
00000000
00000030
;

//---------------dance-double - M. Emirzian----------------
#NOTES:
     dance-double:
     M. Emirzian:
     Challenge:
     9:
     0.578,0.000,0.170,0.057,0.146,471.000,21.000,7.000,6.000,0.000,0.000:


00000000
00000000
00000000
00000000
,
00000000
00000000
00000000
00000000
,
00000000
00000000
00000000
00000000
,
00000000
00000000
00000000
00000000
,
10000000
00100000
00010000
00001000
00000010
00000100
00001000
00000000
,
00000001
00000100
00001000
00000100
00000001
00000010
00000100
00000000
,
00001000
00000001
00000010
00001000
00010000
00100000
01000000
00010000
,
10010000
00000000
00000000
00000000
11000000
00000000
00000000
00000000
10000000
01000000
00000000
00000000
00010000
01000000
00000000
00000000
,
10000000
00000000
00100000
00000000
00010000
00000000
00100000
01000000
00100000
00000000
00010000
00000000
00001000
00000000
00000010
00000000
,
00000100
00000000
00001000
00000000
00000001
00000000
00000100
00000000
00000010
00001000
00000010
00000000
00000100
00000000
00001000
00000000
,
00010000
00000000
01000000
00000000
00010000
00000000
00001000
00010000
00001000
00000000
00100000
00000000
01000000
00000000
10000000
00000000
,
00100000
01000000
00100000
00000000
10000000
00000000
01000000
00000000
00100000
00010000
00100000
00000000
01000000
00000000
00010000
00000000
,
00001000
00000000
00000100
00000000
00000010
00000000
00001000
00000001
00001000
00000000
00000100
00000000
00000010
00000000
00000100
00000000
,
00010000
00000000
00001000
00000000
00000100
00000000
00001000
00000000
00010000
00001000
00010000
00000000
00100000
00000000
01000000
00000000
,
00010000
00000000
00100000
00000000
01000000
00000000
10000000
00010000
10000000
00000000
00100000
00000000
00010000
00000000
00001000
00000000
,
00000100
00000010
00001000
00000000
00000100
00000000
00000010
00000000
00000001
00001000
00000001
00000000
00000100
00000000
00000010
00000000
,
00001000
00000200
00000000
00001300
00000000
00000001
00000100
00000000
,
00001000
00000200
00000000
00000301
00000000
00000010
00001000
00010000
,
00100000
00020000
00000000
00031000
00000000
00010000
01000000
00000000
,
00100000
00020000
00000000
01030000
00000000
10010000
00000000
10000000
,
01000000
00000000
00010000
00000000
01000000
00000000
10000000
00000000
01000000
00000000
00010000
00000000
00001000
00000000
00010000
00001000
,
00000100
00000001
00000010
00000100
00010000
00001000
00000010
00000001
,
00000100
00000000
00001000
00000000
00000100
00000000
00000001
00000000
00000100
00000000
00001000
00000000
00010000
00000000
00001000
00010000
,
01000000
10000000
00010000
01000000
10000000
01000000
00010000
00100000
,
01000000
10000000
01100000
00000000
00010000
00100000
01100000
00000000
,
10000000
01000000
00010000
00001000
00000100
00001000
00010000
00000010
,
00000100
00000001
00001001
00000000
00000010
00000100
00001001
00000000
,
00001000
00000010
00000001
00000010
00010000
00001000
00000100
00000001
,
00000010
00000000
00001000
00000000
00000010
00000000
00000001
00000000
00000010
00000000
00001000
00000000
00010000
00000000
00001000
00010000
,
00100000
10000000
01000000
00100000
00001000
00010000
01000000
10000000
,
00100000
00000000
00010000
00000000
00100000
00000000
10000000
00000000
00100000
00000000
00010000
00000000
00001000
00000000
00010000
00001000
,
00000010
00000001
00000100
00000010
00001000
00000100
00000010
00000001
,
00000100
00000010
00001001
00000000
00000010
00000100
00001001
00000000
,
00000100
00001000
00010000
01000000
00010000
00001000
01000000
00100000
,
10000000
00000000
00000000
01000000
00000000
00000000
00010000
00000000
00001000
00000000
00000000
00000100
00000000
00000000
00001000
00000000
,
00010000
00000000
01100000
00000000
00010000
01000000
10000000
00000000
,
00100000
01000000
00001000
00010000
00100000
00010000
00001000
00000010
,
00000001
00001000
00000001
00000000
00000100
00000000
00001000
00000000
00000100
00000000
00000001
00000000
00000010
00000000
00000100
00000000
,
00001001
0000M00M
00000110
00000000
00010100
00010000
00001000
00000100
,
00001000
00010000
00001000
00000000
00010000
00000000
01000000
00000000
00100000
00010000
00100000
00000000
10010000
00000000
00000000
00000000
,
00100000
10000000
00010000
01000000
10000000
01000000
00010000
00100000
,
00001000
00010000
00001000
00000000
00010000
00000000
01000000
00000000
00010000
00000000
00001000
00000000
00000010
00000000
00000001
00000000
,
00000110
00000MM0
00001001
00000000
00000110
00000100
00000001
00000010
,
00000100
00001000
00000100
00000000
00010000
00000000
00100000
00000000
00010000
00001000
00010000
00000000
01001000
00000000
00000000
00000000
,
00010000
00000000
01000000
00000000
10000000
00000000
00010000
10000000
00010000
00000000
00100000
00000000
01000000
00000000
10000000
00000000
,
00100000
00000000
00010000
00000000
00001000
00000000
00100000
00000000
01000000
00100000
01000000
00000000
10000000
00000000
01000000
00000000
,
00010000
00000000
00001000
00000000
00000100
00000000
00001000
00010000
00001000
00000000
00010000
00000000
00001000
00000000
00000010
00000000
,
00000001
00001000
00000001
00000000
00000100
00000000
00000010
00000000
00001000
00000001
00001000
00000000
00000100
00000000
00000010
00000000
,
00001000
00000000
00010000
00000000
01000000
00000000
00010000
00001000
00010000
00000000
00100000
00000000
10000000
00000000
01000000
00000000
,
00010000
00000000
01000000
00000000
10000000
00000000
00100000
00000000
01000000
00010000
01000000
00000000
00100000
00000000
00010000
00000000
,
00001000
00000000
00010000
00000000
01000000
00000000
00010000
00001000
00010000
00000000
00001000
00000000
00000100
00000000
00000001
00000000
,
00000010
00000100
00000010
00000000
00000001
00000000
00000100
00000000
00000010
00001000
00000010
00000000
00001000
00000000
00000100
00000000
,
00000010
00001000
00010000
00100000
10000000
00000000
01000000
00010000
,
01000000
10000000
00100000
01000000
00001000
00010000
00100000
00000000
,
10000000
00100000
00010000
00001000
00000010
00000100
00001000
00000001
,
00000100
00000010
00000100
00000000
00000001
00000000
00000010
00000000
00000100
00001000
00000100
00000000
00000010
00000000
00000001
00000000
,
00000010
00001000
00010000
00100000
00010000
00001000
01000000
00100000
,
00010000
00001000
00100000
01000000
10000000
00010000
00110000
00MM0000
,
10000000
01000000
00010000
01000000
10000000
01000000
00010000
00001000
,
00000100
00000010
00001000
00000001
00000010
00000100
00001000
00000001
,
00000110
00000000
00001000
00000002
00000000
00000103
00001000
00000000
,
00010000
00000100
00010000
00001000
00000000
00000000
01001000
00000000
,
00100000
00000000
10000000
02000000
00000000
03000000
00100000
00010000
,
01000000
00000000
00100000
00000000
00010000
00001000
00000100
00001000
,
00010000
00001000
00000100
00000001
,
00000020
00000000
00000000
00000030
;

//---------------lights-cabinet - ----------------
#NOTES:
     lights-cabinet:
     :
     Easy:
     1:
     0.983,0.000,1.000,0.016,0.008,386.000,249.000,2.000,0.000,184.000,0.000:


00000000
00000000
00000000
00000000
,
00000000
00000000
00000000
00000000
,
00000000
00000000
00000000
00000000
,
11000000
00110000
10100000
01010000
,
10100000
10100000
10100000
10100000
,
01010000
01010000
01010000
01010000
,
10100000
00000000
10100000
00000000
10100000
00000000
10100011
00000011
,
10010011
00000000
01100000
00000000
11000000
00000000
00110000
00000011
,
00010011
01000000
10000011
01000000
00010011
01000000
10000011
00000000
,
10000011
01000000
00010011
01000000
10000011
01000000
00010011
00000000
,
10000011
00100000
00010011
00100000
10000011
00100000
00010011
00000000
,
00110011
11000000
01100011
10010011
,
00010011
01000000
10000011
01000000
00010011
01000000
10000011
00000000
,
10000011
01000000
00010011
01000000
10000011
01000000
00010011
00000000
,
10000011
00100000
00010011
00100000
10000011
00100000
00010011
00000000
,
00110011
11000000
01100011
10010011
,
10000011
01100000
00010011
01100000
10000011
01100000
01100011
00000000
,
10000011
01100000
00000011
01100000
00000011
01110000
00100011
00000011
,
00010011
01100000
00000011
10010000
00000011
01100000
10010011
00000000
,
00100011
01100000
00000011
10010000
00000011
01100000
10010000
00000011
,
00010011
10000000
00010011
10000000
00010011
10000000
00010011
10000000
,
00100011
01000000
00100011
01000000
00100011
01000000
00100011
01000000
,
00010011
10000000
00010011
10000000
00010011
10000000
00010011
10000000
,
00010011
00100000
00010011
01000000
10000011
01000000
00010011
00010000
,
10000011
00010000
10000011
00010000
10000011
00010000
10000011
00010000
,
01000011
00100000
01000011
00100000
01000011
00100000
01000011
00100000
,
10000011
00010000
10000011
00010000
10000011
00010000
10000011
00010000
,
10000011
01000000
10000011
00100000
00010011
00100000
10000022
10000033
,
00010011
00010000
01000011
01000000
00000011
00010000
10000011
00010000
,
00100011
00000011
00010011
00000011
,
10000011
10000000
00010011
10000000
00000011
10000000
00010011
10000000
,
00010011
00000011
00100011
00000011
,
00010011
00010000
10000011
00010000
10000011
00010000
10000011
00010000
,
01000011
01000000
00100011
01000000
00100011
01000000
00100011
01000000
,
00100011
00100000
10000011
00100000
10000011
00100000
10000011
00000011
,
11000011
00000000
00110000
00000000
,
10000011
01000000
00100011
00000000
00100011
01000000
10000011
00000000
,
00010011
01000000
00010011
00000000
10000011
00100000
10000011
00000000
,
00010011
01000000
00100011
10000000
00100011
01000000
00010011
00100000
,
11000011
01100011
00110011
01100011
,
10000011
01000000
00100011
00000000
00100011
01000000
10000011
00000000
,
00010011
01000000
00010011
00000000
10000011
00100000
10000011
00000000
,
00010011
01000000
00100011
10000000
00100011
01000000
00010011
00100000
,
11000011
01100011
00110011
01100011
,
10000011
00000000
00000011
00100000
00000011
00000000
01000011
00100000
,
01000011
00000000
00000011
00010000
00000011
00000000
10000011
00000000
,
00100011
00000000
00000011
01000000
00000011
00000000
10000011
00100000
,
01000011
00100011
01000011
00010011
,
10000011
00000000
00000011
00100000
00000011
00000000
01000011
00100000
,
01000011
00000000
00000011
00010000
00000011
00000000
10000011
00000000
,
00100011
00000000
00000011
01000000
00000011
00000000
10000011
00100000
,
01000011
00100011
01000011
00010011
,
00010011
01000000
10000011
01000000
00010011
01000000
10000011
00000000
,
10000011
01000000
00010011
01000000
10000011
01000000
00010011
00000000
,
10000011
00100000
00010011
00100000
10000011
00100000
00010011
00000000
,
00110011
11000011
01100011
10010011
,
10000011
00100000
00010011
00100000
10000011
00100000
00010011
00000000
,
00010011
00100000
10000011
00100000
00010011
00100000
10000011
00000000
,
00010011
01000000
10000011
01000000
00010011
01000000
10000011
00000000
,
11000011
00000000
00110011
00000000
01100011
00000000
10010011
00000011
,
01010011
01000000
01000000
01000000
,
01100000
00100000
00100000
00100000
,
01100000
01000000
01000000
01000000
,
10100000
00100000
00100000
00100000
,
10000000
00100000
10000000
00000000
00100000
00000000
00000000
00000000
00100000
00000000
00000000
00000000
00100000
00000000
00000000
00000000
,
00010000
01000000
00010000
00000000
01000000
00000000
00000000
00000000
01000000
00000000
00000000
00000000
01000000
00000000
00000000
00000000
,
11110000
00000000
00000000
00000000
;

//---------------dance-single - M. Puls----------------
#NOTES:
     dance-single:
     M. Puls:
     Beginner:
     1:
     0.072,0.000,0.000,0.000,0.000,62.000,0.000,0.000,0.000,0.000,0.000:



0000
0000
0000
0000
,
0000
0000
0000
0000
,
0000
0000
0000
0000
,
0000
0000
0000
0000
,
0010
0000
0000
0000
,
0000
0000
0000
0000
,
0010
0000
0000
0000
,
0000
0000
0000
0000
,
0001
0000
0000
0000
,
1000
0000
0000
0000
,
0001
0000
0000
0000
,
0010
0000
0000
0000
,
0001
0000
0000
0000
,
1000
0000
0000
0000
,
0001
0000
0000
0000
,
0010
0000
0000
0000
,
1000
0000
0000
0000
,
1000
0000
0000
0000
,
0001
0000
0000
0000
,
0001
0000
0000
0000
,
0001
0000
0000
0000
,
1000
0000
0000
0000
,
1000
0000
0000
0000
,
0100
0000
0000
0000
,
1000
0000
0000
0000
,
0010
0000
0000
0000
,
1000
0000
0000
0000
,
0001
0000
0000
0000
,
1000
0000
0000
0000
,
0100
0000
0000
0000
,
0001
0000
0000
0000
,
0010
0000
0000
0000
,
0001
0000
0000
0100
,
0000
0000
0000
0000
,
0001
0000
0000
0000
,
1000
0000
0001
0000
,
1000
0000
0000
0000
,
0001
0000
0000
0000
,
1000
0000
0000
0000
,
1000
0000
0000
0000
,
0100
0000
0000
0000
,
0010
0000
0000
0000
,
0001
0000
0000
0000
,
0010
0000
0000
0000
,
0100
0000
0000
0000
,
1000
0000
0000
0000
,
0001
0000
0000
0000
,
0010
0000
0000
0000
,
0001
0000
0000
0000
,
1000
0000
0000
0000
,
0001
0000
0000
0000
,
0010
0000
0000
0000
,
0001
0000
0000
0000
,
1000
0000
0000
0000
,
0001
0000
0000
0000
,
0010
0000
0000
0000
,
0001
0000
0000
0000
,
1000
0000
0000
0000
,
0001
0000
0000
0000
,
0010
0000
0000
0000
,
0010
0000
0000
0000
,
0100
0000
0000
0000
,
0010
0000
0000
0000
,
0100
0000
0000
0000
,
1000
0000
0000
0000
,
0001
0000
0000
0000
,
0100
0000
0000
0000
;
