#TITLE:Infection;
#SUBTITLE:;
#ARTIST:Inspector K;
#TITLETRANSLIT:;
#SUBTITLETRANSLIT:;
#ARTISTTRANSLIT:;
#GENRE:;
#CREDIT:;
#BANNER:infection-banner.png;
#BACKGROUND:Infection-bg.png;
#LYRICSPATH:;
#CDTITLE:;
#MUSIC:Inspector K - Infection.ogg;
#OFFSET:-0.017;
#SAMPLESTART:25.370;
#SAMPLELENGTH:11.180;
#SELECTABLE:YES;
#BPMS:0.000=170.000;
#STOPS:;
#BGCHANGES:0.000=Infection-bg.png=1.000=0=0=1=====,
16.000=700_JumpBack.mpg=1.000=0=0=1=====,
24.000=vol4-08-ntsc.mpg=1.000=0=0=1=====,
32.000=675_JumpBack.mpg=1.000=0=0=1=====,
40.000=EV01448N.mpg=1.000=0=0=1=====,
48.000=EV01441N.mpg=1.000=0=0=1=====,
56.000=VOL1-22-NTSC.mpg=1.000=0=0=1=====,
64.000=vol3-06-ntsc.mpg=1.000=0=0=1=====,
72.000=714_JumpBack.mpg=1.000=0=0=1=====,
80.000=679_JumpBack.mpg=1.000=0=0=1=====,
88.000=742_JumpBack.mpg=1.000=0=0=1=====,
96.000=674_JumpBack.mpg=1.000=0=0=1=====,
104.000=679_JumpBack.mpg=1.000=0=0=1=====,
112.000=672_JumpBack.mpg=1.000=0=0=1=====,
120.000=EV01452N.mpg=1.000=0=0=1=====,
128.000=728_JumpBack.mpg=1.000=0=0=1=====,
136.000=EV01447N.mpg=1.000=0=0=1=====,
140.000=EV01451N.mpg=1.000=0=0=1=====,
148.000=679_JumpBack.mpg=1.000=0=0=1=====,
156.000=675_JumpBack.mpg=1.000=0=0=1=====,
164.000=679_JumpBack.mpg=1.000=0=0=1=====,
172.000=EV01453N.mpg=1.000=0=0=1=====,
180.000=679_JumpBack.mpg=1.000=0=0=1=====,
188.000=700_JumpBack.mpg=1.000=0=0=1=====,
196.000=679_JumpBack.mpg=1.000=0=0=1=====,
204.000=vol4-05-ntsc.mpg=1.000=0=0=1=====,
212.000=VOL1-22-NTSC.mpg=1.000=0=0=1=====,
220.000=EV01457N.mpg=1.000=0=0=1=====,
228.000=jb_048.mpg=1.000=0=0=1=====,
236.000=EV01448N.mpg=1.000=0=0=1=====,
244.000=jb_043.mpg=1.000=0=0=1=====,
252.000=EV01457N.mpg=1.000=0=0=1=====,
260.000=EV01456N.mpg=1.000=0=0=1=====,
268.000=675_JumpBack.mpg=1.000=0=0=1=====,
276.000=742_JumpBack.mpg=1.000=0=0=1=====,
284.000=679_JumpBack.mpg=1.000=0=0=1=====,
292.000=676_JumpBack.mpg=1.000=0=0=1=====,
300.000=674_JumpBack.mpg=1.000=0=0=1=====,
308.000=679_JumpBack.mpg=1.000=0=0=1=====,
316.000=EV01453N.mpg=1.000=0=0=1=====,
324.000=714_JumpBack.mpg=1.000=0=0=1=====,
332.000=679_JumpBack.mpg=1.000=0=0=1=====,
336.000=700_JumpBack.mpg=1.000=0=0=1=====,
344.000=EV01447N.mpg=1.000=0=0=1=====,
352.000=Infection-bg.png=1.000=0=0=1=====,
355.000=Infection-bg.png=1.000=0=0=1=====,
99999=-nosongbg-=1.000=0=0=0 // don't automatically add -songbackground-
;
#KEYSOUNDS:;
// cache tags:
#FIRSTBEAT:16.000;
#LASTBEAT:355.000;
#SONGFILENAME:/Songs/In The Groove/Infection/infection.sm;
#HASMUSIC:1;
#HASBANNER:1;
#MUSICLENGTH:127.941;
// end cache tags

//---------------dance-single - M. Puls----------------
#NOTES:
     dance-single:
     M. Puls:
     Hard:
     8:
     0.612,0.000,0.094,0.219,0.000,508.000,12.000,28.000,0.000,0.000,0.000:


0000
0000
0000
0000
,
0000
0000
0000
0000
,
0000
0000
0000
0000
,
0000
0000
0000
0000
,
2000
0000
0000
0100
0000
0100
0000
0100
,
3100
0000
0000
1000
0100
1000
1000
0000
,
0002
0000
0000
0010
0000
0010
0000
0010
,
0013
0000
0000
0001
1000
0001
0100
0000
,
0010
0000
1000
0001
1000
0001
0001
1000
,
0100
0000
0010
0001
1000
0010
0010
0000
,
0100
0000
0001
0100
0010
1000
0001
0010
,
0100
0000
1000
0001
0010
0001
0100
0000
,
0001
0000
1000
0001
0100
0001
0001
1000
,
0010
0000
0100
0000
0001
0100
0100
0000
,
0010
0000
1000
0001
0100
0001
0001
0100
,
0001
0000
1000
0100
1000
0010
0100
0000
,
0001
0000
0100
0010
0000
0100
0010
0000
,
1000
0000
0001
0010
0001
0000
0110
0000
,
1000
0100
1000
0010
1000
0100
0010
0001
,
0010
0100
0010
0001
0020
0000
0001
0000
,
0031
0010
0001
0100
0001
0010
0100
1000
,
0100
0010
0100
1000
0100
0000
1100
0000
,
1000
0100
1000
0010
1000
0100
0010
0001
,
0010
0100
0010
0001
0020
0000
0001
0000
,
0031
0010
0001
0100
0001
0010
0100
1000
,
0100
0010
0100
1000
0200
0000
1300
0000
,
0001
0010
0100
1000
0001
0010
0100
1000
,
0001
0010
0100
1000
0002
0000
1000
0000
,
1003
0100
0010
0001
1000
0100
0010
0001
,
1000
0100
0010
0001
2000
0000
0010
0000
,
3001
0010
0100
1000
1000
0100
0010
0001
,
0001
0010
0100
1000
0002
0000
0100
0000
,
1003
0100
0010
0001
0001
0010
0100
1000
,
1000
0100
0010
0001
2000
0000
0001
0000
,
3100
0000
0000
0000
,
1100
0000
0010
0001
0010
0001
0010
0000
,
0011
0000
1000
0100
1000
0100
1000
0000
,
2000
0000
0000
0000
,
3001
0100
0001
0010
0001
1000
0001
0000
,
1100
0000
0010
0001
0010
0001
0010
0000
,
0011
0000
1000
0100
1000
0100
1000
0000
,
2000
0000
0000
0000
,
3010
0100
0001
0010
0001
0100
0010
1000
,
1100
0000
0100
1000
0001
1000
0100
0000
,
1000
0000
0001
0010
0001
1000
0001
0000
,
0002
0000
0000
0000
,
1003
0010
1000
0100
1000
0001
1000
0000
,
0011
0000
0100
1000
0100
1000
0100
0000
,
1100
0000
0001
0010
0001
0010
0001
0000
,
0002
0000
0000
0000
,
0103
0010
1000
0100
0010
0001
1000
0000
,
0010
0000
1000
0001
1000
0001
0001
1000
,
0100
0000
0010
0001
1000
0010
0010
0000
,
0100
0000
0001
0100
0010
1000
0001
0010
,
0100
0000
1000
0001
0010
0001
0100
0000
,
0100
0000
0001
1000
0001
1000
0010
1000
,
0010
0000
0100
0010
1000
0100
0100
0000
,
1000
0000
0001
1000
0010
1000
1000
0100
,
1000
0000
0000
0010
0100
0010
0200
0000
,
0310
0000
0100
0010
1000
0010
1000
0000
,
0100
0000
1000
1000
1000
0000
0010
0000
,
0100
0000
0001
0100
0001
1000
0001
0001
,
1000
0010
1000
0100
0020
0000
0031
0000
,
0010
0000
0100
1000
0010
0100
0010
0100
,
0000
0100
0010
1000
0001
0000
0001
0000
,
1000
0000
1000
0010
1000
0010
1000
0010
,
1000
0001
0100
0010
0200
0000
0301
0000
,
0001
0010
0001
0100
0001
0010
0100
1000
,
0100
0010
0100
1000
0200
0000
1000
0000
,
1300
0100
1000
0010
1000
0100
0010
0001
,
0010
0100
0010
0001
0010
0000
0011
0000
,
1000
0100
1000
0010
1000
0100
0010
0001
,
0010
0100
0010
0001
0020
0000
0001
0000
,
0031
0010
0001
0100
0001
0010
0100
1000
,
0100
0010
0100
1000
0200
0000
1300
0000
,
1000
0100
0010
0001
1000
0100
0010
0001
,
1000
0100
0010
0001
2000
0010
3010
0000
,
0001
0010
0100
1000
0001
0010
0100
1000
,
0001
0010
0100
1000
0002
0100
0103
0000
,
1000
0100
0010
0001
0001
0010
0100
1000
,
1000
0100
0010
0001
2000
0010
3010
0000
,
0001
0010
0100
1000
1000
0100
0010
0001
,
0001
0010
0100
1000
0002
0000
0100
0000
,
0013
0000
0000
0000
,
0012
0000
0000
0100
0003
0100
0000
0010
,
1000
0000
0000
0010
0100
0001
2000
0000
,
3002
0000
0000
1000
0000
1003
0000
0010
,
0100
0000
0000
0010
0100
0010
1000
0000
,
2002
0000
0000
3003
0000
0000
0000
0000
;

//---------------dance-single - M. Puls----------------
#NOTES:
     dance-single:
     M. Puls:
     Medium:
     6:
     0.406,0.000,0.047,0.195,0.000,333.000,6.000,25.000,0.000,0.000,0.000:


0000
0000
0000
0000
,
0000
0000
0000
0000
,
0000
0000
0000
0000
,
0000
0000
0000
0000
,
2000
0000
0000
0000
,
3100
0000
0100
0100
,
0002
0000
0000
0000
,
0013
0000
1000
0100
,
1000
0000
1000
0000
1000
0001
1000
0000
,
0100
0010
0001
0100
,
0010
0000
1000
0000
0010
0100
0010
0000
,
0100
0001
1000
0100
,
0100
0000
1000
0000
0001
1000
0010
0000
,
1000
1000
0010
0100
,
0010
0000
1000
0000
0001
0100
0001
0000
,
0100
0001
0100
0010
,
1000
0000
0000
0000
,
0001
0000
0000
0000
,
1000
0000
0100
0000
1000
0100
0010
0000
,
0001
0000
0010
0100
2000
0000
0000
0000
,
3010
0000
0100
0000
0001
0010
0100
0000
,
1000
0000
0001
0100
0002
0000
0003
0000
,
0100
0000
0010
0000
1000
0010
0100
0000
,
0001
0000
0200
0310
2000
0000
0000
0000
,
3100
0000
0010
0000
0001
0100
0010
0000
,
1000
0001
0200
0300
,
0010
1000
0010
1000
,
1000
0100
0010
0001
2000
0000
0000
0000
,
3001
0100
0001
0100
,
0001
0010
0100
1000
0002
0000
0000
0000
,
0103
0001
0100
0001
,
0001
0010
0100
1000
0002
0000
0000
0000
,
1003
0010
1000
0010
,
1000
0100
0010
0001
2000
0000
0001
0000
,
3001
0000
0000
0000
,
1100
0010
0001
0001
,
0010
0200
1000
1300
,
2000
0000
0000
0000
,
3001
0000
0001
0000
0001
1000
0001
0000
,
1100
0010
0001
0001
,
0010
0200
1000
1300
,
2000
0000
0000
0000
,
3010
0000
0100
0000
0001
1000
0001
0000
,
0011
0100
1000
1000
,
0100
0020
0001
0031
,
0002
0000
0000
0000
,
1003
0000
1000
0000
1000
0001
1000
0000
,
0011
0100
1000
1000
,
0100
0020
0001
0031
,
0002
0000
0000
0000
,
0013
0000
0001
0000
1000
0001
1000
0000
,
0100
0010
0001
0100
,
0010
0000
0100
0000
0001
0000
1000
0010
,
1000
1000
0010
0100
,
0100
0000
0001
1000
0001
0000
1000
0001
,
0100
0010
1000
0100
,
0010
0000
0001
0000
0100
0000
0010
1000
,
0010
1000
0100
1000
,
1000
0000
0010
1000
0100
0000
1000
0000
,
1000
0010
0100
0001
,
0100
0010
1000
0100
,
1000
0010
0100
0001
,
0001
0000
1000
0000
,
0001
0100
0010
1000
,
0010
0100
0001
0010
,
0001
0100
0010
1000
,
1000
0000
0010
0000
,
0001
0000
0010
0000
0001
0010
0100
0000
,
1000
0000
0100
0010
0002
0000
0000
0000
,
0103
0000
0010
0000
1000
0100
0010
0000
,
0001
0000
1000
0010
2000
0000
3000
0000
,
0010
0000
0100
0000
0001
0100
0010
0000
,
1000
0000
0020
0130
0002
0000
0000
0000
,
0013
0000
0100
0000
1000
0010
0100
0000
,
0001
1000
0020
0030
,
0100
0001
0100
0001
,
0001
0010
0100
1000
0001
0000
0001
0000
,
1000
0010
1000
0010
,
1000
0100
0010
0001
1000
0000
1000
0000
,
0010
1000
0010
1000
,
1000
0100
0010
0001
1000
0000
1000
0000
,
0001
0100
0001
0100
,
0001
0010
0100
1000
0001
0000
1000
0000
,
2000
0000
3000
0000
,
0011
0100
0001
0001
,
1000
0010
1000
0000
,
1100
0010
1000
1000
,
0001
0000
0100
0000
0001
0000
1000
0010
,
1000
0000
0000
0000
;

//---------------dance-single - M. Puls----------------
#NOTES:
     dance-single:
     M. Puls:
     Easy:
     3:
     0.242,0.000,0.000,0.133,0.000,200.000,0.000,17.000,0.000,0.000,0.000:


0000
0000
0000
0000
,
0000
0000
0000
0000
,
0000
0000
0000
0000
,
0000
0000
0000
0000
,
2000
0000
0000
0000
,
3000
0000
0000
0000
,
0002
0000
0000
0000
,
0003
0000
0000
0000
,
1000
1000
1000
0000
,
0000
0000
0000
0000
,
0001
0001
0001
0000
,
0000
0000
0000
0000
,
0100
0100
0100
0000
,
0000
0000
0000
0000
,
0010
0010
0010
0000
,
0000
0000
1000
0000
,
0001
0000
0000
0000
,
1000
0000
0001
0001
,
1000
0100
1000
1000
,
0100
0000
2000
0000
,
3001
0001
0001
0010
,
0001
0000
0200
0300
,
0001
0010
0001
0001
,
0010
0000
0002
0000
,
1003
1000
1000
0100
,
1000
0000
0020
0030
,
1000
1000
1000
0010
,
0200
0000
0301
0000
,
0001
0001
0100
0001
,
0200
0000
0310
0000
,
1000
1000
0100
1000
,
0020
0000
0130
0000
,
0001
0010
0001
0001
,
2000
0000
3010
0000
,
1000
0000
0000
0000
,
0010
0000
0000
0000
,
0010
0000
0000
0000
,
0100
0000
0000
0000
,
0010
0000
0010
0000
,
1000
0000
0000
0000
,
1000
0000
0000
0000
,
0001
0000
0000
0000
,
0100
0000
0100
0000
,
0010
0000
0010
0000
,
0010
0000
0010
1000
,
0100
0000
0000
0000
,
1000
1000
1000
0000
,
0001
0000
0001
0000
,
0001
0000
0001
0100
,
0010
0000
0000
0000
,
1000
0001
1000
0001
,
1000
1000
1000
0000
,
0000
0000
0000
0000
,
0001
0001
0001
0000
,
0000
0000
0000
0000
,
0100
0100
0100
0000
,
0000
0000
0000
0000
,
0010
0010
0010
0000
,
0100
0000
0010
0000
,
1000
0001
1000
0001
,
1000
0000
0010
0000
,
1000
0001
1000
0001
,
1000
1000
0010
0000
,
1000
1000
0001
0001
,
1000
1000
0010
0000
,
1000
0001
1000
0001
,
1000
0000
0001
0000
,
1000
0100
1000
1000
,
0100
0000
2000
0000
,
3001
0001
0001
0010
,
0001
0000
0200
0300
,
0001
0010
0001
0001
,
0010
0000
0002
0000
,
1003
1000
1000
0100
,
1000
0000
0010
0010
,
1000
1000
1000
0010
,
0100
0100
0002
0003
,
0001
0001
0100
0001
,
0100
0100
0020
0030
,
1000
1000
0100
1000
,
0010
0010
0200
0300
,
0001
0010
0001
0001
,
1000
1000
0020
0000
,
1030
0000
0000
0000
,
1000
0000
0000
0000
,
0010
0000
0100
0000
,
0001
0000
0000
0000
,
0001
1000
0001
1000
,
0001
0000
0000
0000
;

//---------------dance-single - M. Puls & K. Ward----------------
#NOTES:
     dance-single:
     M. Puls & K. Ward:
     Challenge:
     11:
     0.969,0.000,0.172,0.641,0.930,764.000,22.000,82.000,260.000,0.000,0.000:


0000
0000
0000
0000
,
0000
0000
0000
0000
,
0000
0000
0000
0000
,
0000
0000
0000
0000
,
2000
0000
0000
0000
0000
0000
0100
0000
3000
0000
M100
0000
0000
0000
0100
1000
,
0100
0000
0000
0000
0000
0000
0100
0000
0100
0000
1000
0000
1000
0000
0001
0010
,
0002
0000
0000
0000
0000
0000
0000
0000
0000
0000
0000
0000
0000
0000
0000
0000
0000
0000
0010
0000
0000
0000
0000
0000
0003
0000
0000
0000
0000
0000
0010
0000
000M
0000
0000
0000
0000
0000
0000
0000
0000
0000
0010
0000
0000
0001
0000
0000
,
0010
0000
0000
0000
0000
0000
0001
0000
0000
1000
0000
0000
0000
0000
0000
0100
0000
0000
1000
0000
0000
0000
0000
0000
0100
0000
0000
0000
0000
0000
1000
0000
0000
0000
0000
0000
1000
0000
0000
0000
0000
0000
00M0
0000
M000
0000
0000
0000
,
0010
1000
0010
1000
0001
1000
0010
1000
0010
1000
0010
1000
0001
1000
0010
1000
,
0010
1000
0010
1000
0001
1000
0010
1000
0010
0000
1000
0000
1100
0000
MMMM
0000
,
0100
0001
0100
0001
1000
0001
0100
0001
0100
0001
0100
0001
1000
0001
0100
0001
,
0100
0001
0100
0001
1000
0001
0100
0001
0100
0000
0001
0000
0011
0000
MM00
000M
,
0010
1000
0010
0000
0M00
0000
01M0
0001
0100
M000
00M0
0000
1000
0001
1000
0000
,
0010
0000
0010
0000
0100
0000
0001
0000
0001
0000
0100
0010
0100
000M
0M00
M0M0
,
0100
0001
0100
00M0
0M00
0000
0010
1000
0010
000M
0M00
0000
0001
1000
0001
0000
,
0100
0000
0100
0000
0010
0000
1000
0000
1000
0000
0010
0100
0010
0000
1000
0000
,
0001
0000
1000
0000
0010
1000
0001
0100
0001
0000
0100
0010
0100
0000
0001
0000
,
1000
0000
0000
0000
0000
0000
1000
0000
0000
0000
0000
0000
0001
0000
0000
0100
0000
0000
0010
0000
0000
1000
0000
0000
0100
0000
0000
0000
0000
0000
1MM0
0000
000M
0000
0000
0000
0110
0000
0000
0000
M000
0000
0000
0000
0000
0MM0
0000
0000
,
1000
0000
0100
0000
1000
0000
0020
0M30
1000
00MM
0200
0300
0010
0000
MMM1
0000
,
0010
0000
0010
0100
0010
0000
MMM1
0000
0020
0000
0030
0000
0010
0100
0010
0002
,
0103
0000
0000
0010
000M
0000
1000
0000
0000
0100
0000
0000
1MMM
0000
0000
1000
0000
0000
0010
0000
0000
1MMM
0000
0000
,
0100
0000
0010
0000
0100
0000
1000
0000
0100
0010
0100
0010
0200
0000
1300
0000
,
1M00
0000
0000
0000
0000
0000
0100
0000
0000
0000
0000
0000
1000
0000
0000
0000
0000
0000
0020
0000
0000
0030
0000
0000
1M0M
0000
00M0
0000
0000
0000
0200
0000
0000
0300
0000
0000
0010
0000
0000
0000
0000
0000
MM01
0000
00M0
0000
0000
0000
,
1000
0000
0010
0000
0010
0000
1MMM
0000
2000
0000
3010
0000
0010
0100
0010
2000
,
3010
M100
0001
0100
MM1M
0100
0010
1MMM
,
0010
0000
0100
0000
0010
0000
1000
0000
0010
0100
0010
0100
0020
0000
0130
0000
,
00M1
0000
0000
0000
0000
0000
1000
0000
0000
0000
0000
0000
0001
0000
0000
0000
0000
0000
0200
0000
0000
0300
00M0
0000
M001
0000
0M00
0000
0000
0000
0020
0000
0000
0030
0000
0000
0100
0000
0000
0000
0000
0000
1MMM
0000
0000
0000
0000
0000
,
0100
0000
0100
0010
0100
0000
1MMM
0000
0020
0000
0130
0000
0010
0100
0010
2000
,
3100
1M00
0001
0100
MMM1
0100
0010
1MMM
,
0010
0000
0100
0000
0010
0000
1000
0000
0010
0100
0010
0100
0020
0000
1030
0000
,
00M2
0000
0000
0000
0000
0000
0000
0000
0000
0000
0000
0000
0000
0000
0000
0000
0000
0000
0000
0000
0000
0000
0000
0000
0023
0000
0000
0000
0000
0000
0M00
0000
0000
0000
0000
0000
0000
0000
0000
0000
0000
0000
0000
0000
0000
0000
0000
0000
M23M
0000
0000
0000
0000
0000
0000
0000
0000
0000
0000
0000
00M0
0000
0000
0000
0300
0000
0000
0000
0000
0000
0000
0000
2000
0000
0000
0000
0000
0000
0000
0000
0000
0000
0000
0000
0M00
0000
0000
0000
0000
0000
0000
0000
0000
0000
0000
0000
3200
0000
0000
0000
0000
0000
0000
0000
0000
0000
0000
0000
M0M0
0000
0000
0000
0000
0000
0000
0000
0000
0000
0000
0000
0320
0000
0000
0000
0000
0000
0000
0000
0000
0000
0000
0000
0M00
0000
0000
0000
0000
0000
0000
0000
0000
0000
0000
0000
0031
0000
0000
0000
0000
0000
0000
0000
0000
0000
0000
0000
1000
0000
0000
0000
0000
0000
00M0
0000
0000
0000
0000
0000
0002
0000
0000
0000
0000
0000
0000
0000
0000
0000
0000
0000
0000
0000
0000
0000
0000
0000
0000
0000
0000
0000
0000
0000
,
0013
M000
0100
0000
0010
0000
0001
0000
2000
0000
0001
0000
3010
0000
1000
0001
,
2000
0M00
0000
0000
3200
00M0
M000
0000
0320
000M
0M00
0000
0032
0000
00M0
0000
0023
0000
0M00
0000
023M
0000
0000
0000
13M0
0000
0M01
0000
2000
0000
0000
0000
,
3100
1M00
0010
0100
0002
1000
0103
0001
,
0100
0010
1000
0001
0010
0100
0010
0001
1000
0010
1000
0000
0MM0
0000
0MM0
0000
,
1100
0000
0001
0000
0001
0010
0001
0000
0001
0010
0001
0000
0010
0000
0010
0000
,
0010
0000
0001
0000
1000
0000
1000
0100
1000
0000
1000
0100
1000
0000
0010
M000
,
2000
0000
0000
0M00
0200
0000
03M0
0000
0M20
0000
0030
0MM0
0200
0000
3300
0000
,
M010
0100
0010
0100
0001
0100
0010
1000
0001
0000
1000
0010
1000
0000
0010
0000
,
1100
0000
0000
0000
0001
MM00
0000
0000
0001
0000
0010
0000
0001
0000
0000
0000
0001
0000
0010
0000
0001
0000
0000
0000
0010
0000
0000
0000
0010
0000
0000
0000
,
0001
0000
0001
0000
1000
0000
1000
0100
1000
0000
1000
0100
1000
0000
0001
M000
,
2000
0000
0000
0000
0000
0000
0M00
0000
0200
0000
0000
0000
0300
0000
0MM0
0000
0020
0000
0000
0000
0030
0000
0MM0
0000
0200
0000
0000
0000
3300
0000
0000
MM00
,
0010
0100
0010
1000
0010
0100
0010
1000
0001
1000
0001
0100
0001
0000
1000
0000
,
0011
0000
1000
0000
1000
0100
1000
0000
1000
0100
1000
0000
0100
0000
0100
0000
,
1000
0000
1000
0000
0001
0000
0001
0010
0001
0000
0001
0010
0001
0000
1000
000M
,
0002
0000
0000
0000
0000
0000
00M0
0000
0020
0000
0000
0000
0030
0000
0M00
00M0
0200
0000
0000
0000
0300
00M0
0000
0000
0M20
0000
0000
0000
0033
0000
0000
00M0
,
010M
0010
0100
0001
1000
0010
0100
0001
1000
0000
0001
0100
0001
0000
1000
0000
,
0011
0000
1000
0000
1000
0100
1000
0000
1000
0100
1000
0000
0100
0000
1000
0000
,
1000
0000
0001
0000
0100
0000
0001
0010
0001
0000
0001
0010
0001
1000
0001
00M0
,
0002
0000
00M0
0000
0020
0000
0M30
00M0
0200
0000
03M0
0000
0M20
0000
0033
0000
,
10MM
0100
1000
0000
10M0
0000
0100
10M0
0001
M000
0100
0010
1000
0000
0010
0000
,
1100
0000
0010
0000
1000
0000
0001
0000
1000
0000
0001
1000
0001
0000
0100
0010
,
0100
0010
0100
0010
1000
0000
1000
0000
0010
0000
0100
0000
0001
1000
0010
0000
,
1000
0000
1000
0000
0001
0000
0100
0000
0100
0000
0010
0000
1000
0001
0100
0010
,
1000
0000
0010
0000
0010
0000
1000
0000
M1M1
0000
0M00
0000
101M
0000
0M00
00M0
,
1000
0000
0100
0000
1000
0000
0010
0000
0100
0000
0010
0000
1000
0010
1000
0010
,
1000
0000
0010
0000
0100
0000
010M
0000
0001
M000
0002
0000
2003
0000
3000
0000
,
0001
0100
0010
0000
1000
0010
1000
0000
0010
0100
0001
1000
0010
0000
0010
0000
,
1000
1000
0001
0100
0010
1000
0020
0030
,
10M0
0000
0000
0000
0010
0000
0100
0000
0010
0100
0010
0100
0020
0000
1030
0000
,
MMMM
0000
1000
0000
0001
1000
0001
1000
0001
0000
1000
0000
1000
0000
MMMM
0000
,
1000
0000
0010
0000
0100
0000
0001
0000
1000
0000
1000
0000
0001
1000
0001
1000
,
0001
0000
0100
0000
0001
0000
0010
0000
0001
0001
0000
0000
1000
1000
0000
0000
,
0010
0000
0000
0000
0100
0000
0001
0000
0100
0010
0100
0010
0200
0000
0301
0000
,
MMMM
0000
0001
0000
1000
0001
1000
0001
1000
0000
0010
0000
1000
0000
1000
0000
,
MM11
0000
0000
0000
1000
0000
0010
0000
1000
0000
0010
0000
1000
0001
1000
0001
,
1000
0000
0000
0010
0000
0000
1000
0000
0000
0100
0000
0000
1100
0000
0000
0110
0000
0000
0011
0000
0000
0000
0MMM
0000
,
1000
0000
0000
0000
0100
0000
0000
0000
0001
0000
0000
0000
0200
0000
0300
0000
10M0
0M00
0000
0000
0010
0000
0000
0000
0001
0000
0000
0000
MM1M
0000
0000
0000
,
1000
0000
0010
0100
0010
0000
1MMM
0000
0200
0000
0300
0000
0010
0100
0010
0002
,
0013
0MM1
1000
0100
1MMM
0010
1000
1MMM
,
0001
0000
0010
0000
0100
0000
1000
0000
0010
0100
0010
0100
0020
0000
1030
0000
,
01M0
0000
1000
0000
0001
0000
2000
3000
01MM
M000
0020
0030
0100
0000
1MMM
0000
,
0100
0000
0010
0100
0010
0000
0MM1
0000
0200
0000
0300
0000
0100
0010
0100
0002
,
0013
0000
00M1
0000
010M
0000
0010
0000
1MMM
0000
0010
0000
0100
0000
M0M1
0M00
,
0010
0000
0100
0000
0010
0000
0001
0000
0010
0100
0010
0100
0020
0000
0031
0000
,
00M1
0000
0000
0000
0010
0000
0000
0000
0001
0000
0000
0000
0200
0000
0300
0000
M0M1
0M00
0000
0000
0020
0000
0030
0000
0100
0000
0000
0000
1MMM
0000
0000
0000
,
0100
0000
0100
0010
0100
0000
1MMM
0000
0100
0010
0100
0010
0200
0000
0010
0000
,
0310
M000
0100
0000
1000
0000
0100
0000
1MMM
0000
M010
0000
0100
0000
MMM1
0000
,
0100
0000
0000
0000
0010
0000
0000
0000
0100
0000
0000
0000
0010
0000
0000
0000
0100
0000
0010
0000
0100
0000
0010
0000
0200
0000
0000
0000
0301
0000
0000
0M00
,
2000
0000
0M00
0000
3200
0000
00M0
M000
0320
0000
000M
0M00
0032
0000
00M0
0000
0023
0000
0M00
000M
0230
0000
0000
00M0
1300
0000
0001
0M00
2000
0000
0000
0000
,
3100
0000
0100
0000
0010
0000
0001
0000
2000
0000
0001
0000
3010
0000
M000
0001
,
1000
0000
0M00
0000
0200
0000
M0M0
0000
0320
0000
0M0M
0000
0032
0000
00M0
0000
0023
0M00
0000
000M
0230
M000
0000
00M0
1300
0000
0001
0M00
2000
0000
0000
0000
,
3100
M000
0100
0000
0010
0000
0001
0000
2000
0000
0001
0000
0010
0000
0100
0000
,
3010
0100
0001
1000
0100
0010
0100
1000
0001
0100
0010
1000
0001
0100
0001
0000
,
0011
0000
0000
0000
0000
0000
0000
0000
00MM
0000
0000
0000
0000
0000
0000
0000
0000
0000
1010
0000
0000
0000
0000
0000
0000
0000
0000
0000
0000
0000
0010
0000
0000
0000
0000
0000
0000
0000
0000
0000
0000
0000
1000
0000
0000
0001
0000
0000
,
1001
0000
0000
0000
0000
0000
M000
0000
000M
0000
0000
0000
0000
0000
0000
0000
0000
0000
0001
0000
0000
0000
0000
0000
0010
0000
0000
0000
0000
0000
0001
0000
0000
0000
0000
0000
0010
0000
0000
0000
0000
0000
0100
0000
0000
1000
0000
0000
,
1100
0000
0M00
0000
0000
0000
0011
0000
0000
0000
0101
0000
0000
0000
0001
1000
,
0001
0000
010M
0010
0000
1000
0010
0000
1000
0000
0001
0000
0100
0000
M11M
0000
,
0011
0000
M00M
M0M0
MM00
M0M0
M00M
0000
;

//---------------dance-double - M. Emirzian----------------
#NOTES:
     dance-double:
     M. Emirzian:
     Easy:
     3:
     0.214,0.000,0.008,0.195,0.000,166.000,1.000,25.000,0.000,0.000,0.000:


00000000
00000000
00000000
00000000
,
00000000
00000000
00000000
00000000
,
00000000
00000000
00000000
00000000
,
00000000
00000000
00000000
00000000
,
00200000
00000000
00000000
00000000
,
00000000
00000000
00000000
00000000
,
00302000
00000000
00000000
00000000
,
00000000
00000000
00000000
00000000
,
00013000
00000000
00000100
00000010
,
00000000
00000000
00000001
00001000
,
00000100
00000000
00010000
00001000
,
00000000
00000000
01000000
00100000
,
10000000
00000000
00010000
00100000
,
00000000
00000000
00001000
00010000
,
00000010
00000000
00001000
00000100
,
00000000
00000000
00000010
00000002
,
00000000
00000000
00000000
00000000
,
00000000
00000000
00000000
00000000
,
00001003
00000000
00000100
00000000
,
00010000
00001000
00010000
00000000
,
00100000
00000000
10000000
00000000
,
00010000
00100000
00010000
00000000
,
10000000
00000000
01000000
00000000
,
00010000
00001000
00010000
00000000
,
00000100
00000000
00001000
00000000
,
00000001
00000100
00000001
00000000
,
00000010
00000000
00000100
00000000
,
00010000
00001000
00010000
00000000
,
00010000
00000000
00001000
00000000
,
01000000
00001000
01000000
00000000
,
00010000
00000000
00100000
00000000
,
01000000
10000000
01000000
00000000
,
00100000
00000000
00001000
00000000
,
00010000
00000100
00010000
00000000
,
00002000
00000000
00000000
00000000
,
00013000
00000000
00001000
00000000
,
00000000
00010000
00000100
00000000
,
00000020
00000000
00000000
00000000
,
00000000
00000000
00000000
00000000
,
00000031
00000000
00000100
00000000
,
00000000
00000010
00001000
00000000
,
00000200
00000000
00000000
00000000
,
00000000
00000000
00000000
00000000
,
00010300
00000000
00001000
00000000
,
00000000
01000000
00100000
00000000
,
20000000
00000000
00000000
00000000
,
00000000
00000000
00000000
00000000
,
31000000
00000000
00100000
00000000
,
00000000
00001000
00010000
00000000
,
00000020
00000000
00000000
00000000
,
00000000
00000000
00000000
00000000
,
00001030
00000000
00000100
00010000
,
00000000
00000000
00001000
01000000
,
00100000
00000000
10000000
01000000
,
00000000
00000000
00010000
00001000
,
01000000
00000000
00001000
00010000
,
00000000
00000000
00000010
00001000
,
00000001
00000000
00000100
00000010
,
00000000
00010000
00001000
00100000
,
00020000
00000000
02030000
00000000
,
03200000
00000000
20300000
00000000
,
32000000
00000000
03020000
00000000
,
00032000
00000000
00003200
00000000
,
00000302
00000000
00002003
00000000
,
00003200
00000000
00000320
00000000
,
00002030
00000000
00023000
00000000
,
00230000
00000000
02300000
00000000
,
03010000
00000000
10000000
00000000
,
01000000
00100000
01000000
00000000
,
00010000
00000000
00001000
00000000
,
00010000
00000010
00010000
00000000
,
00001000
00000000
00010000
00000000
,
00000100
00001000
00000100
00000000
,
00000010
00000000
00000001
00000000
,
00001000
00000100
00001000
00000000
,
00000010
00000000
00010000
00000000
,
00001000
01000000
00001000
00000000
,
00010000
00000000
00001000
00000000
,
00100000
00010000
00100000
00000000
,
01000000
00000000
10000000
00000000
,
00010000
01000000
00010000
00000000
,
00100000
00000000
00001000
00000000
,
00010000
00001000
00010000
00000000
,
00000200
00000000
00000000
00000000
,
00000310
00000000
00000000
00000000
,
00000001
00000000
00000000
00000000
,
00000100
00000000
00000000
00000000
,
00001000
00000000
00000000
00000000
,
10010000
00000000
00000000
00000000
;

//---------------dance-double - M. Emirzian----------------
#NOTES:
     dance-double:
     M. Emirzian:
     Medium:
     6:
     0.341,0.000,0.102,0.250,0.000,260.000,13.000,32.000,0.000,0.000,0.000:


00000000
00000000
00000000
00000000
,
00000000
00000000
00000000
00000000
,
00000000
00000000
00000000
00000000
,
00000000
00000000
00000000
00000000
,
00001000
00000000
00010000
00001000
,
01000000
00000000
00100000
10000000
,
01000000
00000000
00100000
00001000
,
00020000
00000000
00000000
00000000
,
00030100
00000000
00000000
00000000
00000010
00000000
00000000
00000001
,
00000000
00000100
00000010
00010000
,
00002000
00000000
00000000
00000000
00103000
00000000
00000000
00010000
,
00000000
01000000
00100000
10000000
,
02000000
00000000
00000000
00000000
03010000
00000000
00000000
00001000
,
00000000
00010000
00001000
00000010
,
00000002
00000000
00000000
00000000
00001003
00000000
00000000
00000100
,
00000000
00010000
00001000
01000000
,
00200000
00000000
00000000
00000000
,
00000000
00000000
00000000
00000000
,
10300000
00000000
01000000
00000000
00100000
00000000
00000000
00001000
,
00000000
00000000
00010000
00000000
00001000
00010000
00000010
00000000
,
00001000
00000000
00000100
00000000
00000010
00000000
00000000
00000001
,
00000000
00000000
00000100
00000000
00000010
00010000
00001000
00000000
,
01000000
00000000
00100000
00000000
10000000
00000000
00000000
01000000
,
00000000
00000000
00010000
00000000
00001000
00010000
00000010
00000000
,
00001000
00000000
00000010
00000000
00000100
00000000
00000000
00000001
,
00000000
00000000
00000010
00000000
00000100
00010000
00001000
00000000
,
00010000
00000000
01000000
00000000
10000000
00000000
00000000
00100000
,
00000000
00000000
01000000
00000000
00100000
10000000
01000000
00000000
,
00100000
00000000
00001000
00000000
00010000
00000000
00000000
00000100
,
00000000
00000000
00000010
00000000
00000001
00000100
00000010
00000000
,
00010000
00000000
00001000
00000000
01000000
00000000
00000000
00010000
,
00000000
00000000
00100000
00000000
01000000
10000000
00100000
00000000
,
01000000
00000000
00001000
00000000
00010000
00000000
00000000
00000010
,
00000000
00000000
00000100
00000000
00000001
00000010
00000100
00000000
,
00002000
00000000
00000000
00000000
,
00003001
00000100
00001000
00010000
,
00100000
10000000
01000000
00100000
,
20020000
00000000
00000000
00000000
,
00000000
00000000
00000000
30030000
,
01000000
00010000
00001000
00000100
,
00000001
00000010
00001000
00010000
,
00022000
00000000
00000000
00000000
,
00000000
00000000
00000000
00033000
,
01000000
10000000
00100000
00010000
,
00001000
00000010
00000001
00000100
,
00002002
00000000
00000000
00000000
,
00000000
00000000
00000000
00003003
,
00000010
00001000
00010000
00100000
,
10000000
01000000
00010000
00001000
,
00022000
00000000
00000000
00000000
,
00000000
00000000
00000000
00033000
,
00001000
00000000
00000000
00000000
00010000
00000000
00000000
01000000
,
00000000
00000000
10000000
00010000
,
01000000
00000000
00000000
00000000
00100000
00000000
00000000
10000000
,
00000000
00000000
01000000
00010000
,
00001000
00000000
00000000
00000000
00010000
00000000
00000000
00000100
,
00000000
00000000
00000010
00000001
,
00000100
00000000
00000000
00000000
00000010
00000000
00000000
00010000
,
00000000
00000000
00001000
01000000
,
00010000
00100000
01000000
10000000
,
00100000
00000000
01000000
00001000
,
00010000
00000100
00010000
00001000
,
00010000
00000000
00000010
00001000
,
00000100
00000010
00000001
00000100
,
00000010
00000000
00010000
00001000
,
01000000
00001000
00010000
00001000
,
00200000
00000000
00000000
00000000
,
01300000
10000000
00100000
01000000
,
00001000
00010000
00000100
00000000
00002200
00000000
00003300
00000000
,
00000010
00000001
00000100
00000010
,
00010000
00001000
01000000
00000000
02020000
00000000
03030000
00000000
,
00100000
10000000
01000000
00100000
,
00001000
00010000
00000010
00000000
00002020
00000000
00003030
00000000
,
00001000
00000010
00000100
00000001
,
00001000
00000100
00010000
00000000
00022000
00000000
00033000
00000000
,
00010000
00001000
01000000
00100000
,
10000000
01000000
00100000
00000000
00220000
00000000
00330000
00000000
,
00100000
00001000
00010000
00000010
,
00001000
00000100
00000010
00000000
00000022
00000000
00000033
00000000
,
00000100
00001000
00000010
00010000
,
00001000
01000000
00010000
00000000
02020000
00000000
03030000
00000000
,
00100000
10000000
01000000
00100000
,
00001000
00010000
00000100
00000000
00022000
00000000
00033000
00000000
,
00000200
00000000
00000000
00000000
,
00000310
00000001
00000100
00000000
,
00001000
00010000
01000000
00000000
,
10000000
00100000
00010000
00000000
,
00001000
00000010
00000001
00000000
,
00011000
00000000
00000000
00000000
;

//---------------dance-double - M. Emirzian----------------
#NOTES:
     dance-double:
     M. Emirzian:
     Hard:
     9:
     0.528,0.000,0.219,0.211,0.004,418.000,28.000,27.000,6.000,4.000,0.000:


00000000
00000000
00000000
00000000
,
00000000
00000000
00000000
00000000
,
00000000
00000000
00000000
00000000
,
00000000
00000000
00000000
00000000
,
00100000
00000000
00000000
00001000
00000000
00000100
00000000
00001000
,
00010000
00000000
00000000
00100000
00010000
00001000
00000010
00000000
,
00001000
00000000
00000000
01000000
00000000
00010000
00000000
00000100
,
00001000
00010000
01000000
10000000
,
00100000
00000000
00010000
00001000
01000000
00000000
00001000
00000010
,
00000000
00000100
00000000
00001000
00000001
00000000
00000100
00000000
,
00000010
00000000
00001000
00000100
00010000
00000000
00100000
00010000
,
00000000
00001000
00000000
00010000
01000000
00000000
10000000
00000000
,
00100000
00000000
00010000
00001000
00100000
00000000
00001000
00000100
,
00000000
00000001
00000000
00000010
00000100
00000000
00001000
00000000
,
00000001
00000000
00001000
00000010
00010000
00000000
01000000
00010000
,
00000000
00001000
00000000
00010000
00100000
00000000
10000000
00000000
,
02000000
00000000
00000000
00000000
,
00000000
00000000
00000000
00000000
,
03100000
00010000
01000000
10000000
01000000
00001000
00010000
02000000
,
00000000
10000000
00000000
03010000
00001000
00000000
00010010
00000000
,
00000010
00001000
00000100
00000001
00000100
00010000
00001000
00000200
,
00000000
00000001
00000000
00001300
00010000
00000000
01010000
00000000
,
01000000
10000000
00100000
10000000
01000000
00010000
00001000
00000020
,
00000000
00000001
00000000
00001030
00010000
00000000
00001100
00000000
,
00000100
00000001
00000010
00000001
00000100
00001000
00010000
00200000
,
00000000
10000000
00000000
00310000
00001000
00000000
01001000
00000000
,
00010000
01000000
10000000
00100000
00010000
00001000
00000010
00002000
,
00000000
00000100
00000000
00013000
00000100
00000000
00010010
00000000
,
00001000
00000010
00000001
00000100
00001000
00010000
01000000
00020000
,
00000000
00100000
00000000
00031000
00100000
00000000
01001000
00000000
,
00100000
00010000
10000000
00010000
00100000
01000000
00010000
00002000
,
00000000
00000100
00000000
00003010
00000001
00000000
00010010
00000000
,
00000100
00001000
00000001
00001000
00000100
00000010
00001000
00020000
,
00000000
00100000
00000000
01030000
10000000
00000000
00011000
00000000
,
00000020
00000000
00000000
00000000
,
00000130
00000001
00000010
00001000
00010000
00100000
00010000
00000000
,
00001000
00000100
00001000
00010000
01000000
00010000
00001000
00000000
,
20020000
00000000
00000000
00000000
,
00100000
00000000
00000000
00000000
00000000
00000000
30030000
M00M0000
,
01000000
00010000
00001000
00000100
00000010
00000001
00000010
00000000
,
00010000
00001000
00100000
01000000
00010000
00001000
00010000
00000000
,
00002002
00000000
00000000
00000000
,
00000100
00000000
00000000
00000000
00000000
00000000
00003003
0000M00M
,
00000010
00001000
00010000
00100000
00010000
00001000
00000100
00000000
,
00001000
00010000
01000000
00100000
10000000
00100000
00010000
00000000
,
00022000
00000000
00000000
00000000
,
00000010
00000000
00000000
00000000
00000000
00000000
00033000
000MM000
,
00000001
00000010
00000100
00000001
00000100
00010000
00001000
00000000
,
00000010
00000100
00010000
00001000
01000000
00100000
10000000
00000000
,
20020000
00000000
00000000
00000000
,
01000000
00000000
00000000
30030000
,
10000000
00000000
00100000
01000000
00001000
00000000
00000010
00001000
,
00000000
00010000
00000000
00001000
00000100
00000000
00000101
00000000
,
00000001
00000000
00000010
00000100
00010000
00000000
01000000
00010000
,
00000000
00001000
00000000
00010000
00100000
00000000
11000000
00000000
,
10000000
00000000
01000000
00010000
01000000
00000000
00001000
00000010
,
00000000
00000001
00000000
00000100
00001000
00000000
00000011
00000000
,
00000001
00000000
00000010
00001000
00000010
00000000
00010000
01000000
,
00000000
10000000
00000000
00100000
00010000
00000000
00011000
00000000
,
00000100
00000000
00010010
00000000
00000010
00000001
00000100
00001000
,
00000000
00100000
00000000
01000000
10000000
00000000
00100000
00000000
,
01000000
00001000
00010000
00000000
00000001
00000010
00000100
00010000
,
00000000
00001000
01000000
00000000
00100000
00000000
01010000
00000000
,
00100000
00000000
01001000
00000000
01000000
10000000
00100000
00010000
,
00000000
00000010
00000000
00010000
00001000
00000000
00000010
00000000
,
00000001
00000100
00001000
00000000
00100000
01000000
10000000
00100000
,
00000000
00000000
01000000
00000000
00000000
00000000
00000000
00010000
10000000
00000000
00000000
00000000
01001000
00000000
00000000
00000000
,
00010000
01000000
10000000
00100000
10000000
01000000
00010000
00002000
,
00000000
00000100
00000000
00003010
00000001
00000000
00010100
00000000
,
00001000
00000100
00000001
00000010
00000001
00000100
00001000
00020000
,
00000000
01000000
00000000
00130000
10000000
00000000
00110000
00000000
,
00001000
00010000
00000010
00010000
00001000
00000010
00001000
00020000
,
00000000
01000000
00000000
00031000
00000010
00000000
00010100
00000000
,
00010000
00001000
01000000
00001000
00010000
01000000
00010000
00002000
,
00000000
00000010
00000000
00013000
01000000
00000000
10010000
00000000
,
10000000
00100000
00001000
00010000
01000000
00010000
00001000
00000200
,
00000000
00000001
00000000
00001300
00010000
00000000
00001001
00000000
,
00000001
00000100
00010000
00001000
00000010
00001000
00010000
00200000
,
00000000
10000000
00000000
00310000
00001000
00000000
01001000
00000000
,
00100000
01000000
10000000
00100000
00010000
00000010
00001000
00000200
,
00000000
00000001
00000000
00001300
00000010
00000000
00011000
00000000
,
00000100
00000010
00000001
00000100
00001000
01000000
00010000
00200000
,
00000000
10000000
00000000
00310000
01000000
00000000
10010000
00000000
,
02000000
00000000
00000000
00000000
,
03100000
00000000
00000000
01000000
00000000
00010000
00000000
00000010
,
00000100
00000000
00000000
00000001
00001000
00000010
00010000
00000000
,
00001000
00000000
00000000
00010000
00000000
00100000
00000000
10000000
,
01000000
00000000
00010000
00000000
01000000
00010000
00001000
00010000
,
00100000
00000000
00000000
00000000
;

//---------------dance-double - M. Emirzian----------------
#NOTES:
     dance-double:
     M. Emirzian:
     Challenge:
     10:
     0.762,0.000,0.188,0.203,0.188,632.000,24.000,26.000,20.000,2.000,0.000:


00000000
00000000
00000000
00000000
,
00000000
00000000
00000000
00000000
,
00000000
00000000
00000000
00000000
,
00000000
00000000
00000000
00000000
,
00100000
00000000
10000000
01000000
00100000
00000000
00000100
00001000
,
00000010
00000000
00000100
00000001
00000010
00001000
00000010
00000000
,
00000001
00000000
00000100
00000010
00001000
00000000
00100000
10000000
,
01000000
00000000
00100000
00000000
00010000
00000000
00000000
00000000
01000000
00000000
00100000
00000000
10000000
00010000
10000000
00000000
,
01000000
00100000
00010000
01000000
00100000
01000000
00001000
00010000
,
00000000
00011000
00000000
00000100
00000010
00000100
00001001
00000000
,
00000001
00000100
00000010
00001000
00000100
00000001
00000100
00010000
,
00000000
00011000
00000000
00100000
10000000
01000000
00110000
00000000
,
01000000
10000000
00100000
01000000
00010000
00100000
10000000
00100000
,
00000000
00011000
00000000
00000100
00000010
00000001
00001001
00000000
,
00000010
00001000
00000100
00000010
00000100
00010000
00001000
00100000
,
00000000
01010000
00000000
00100000
10000000
01000000
01100000
00000000
,
00020000
00000000
02030000
000M0000
03200000
0M000000
20300000
00M00000
,
32000000
M0000000
03020000
0M000000
00031000
00000000
00010000
00000000
,
00001000
00000100
00000001
00000010
00000100
00001000
00000001
00000100
,
00000010
00000000
00010000
00001000
00010000
00000000
00001000
00000000
00000100
00000000
00000001
00000000
00001000
00000001
00000010
00000000
,
00000100
00000010
00001000
00100000
01000000
10000000
00010000
01000000
,
10000000
00000000
01000000
00010000
10000000
00000000
01000000
00000000
00100000
00000000
00001000
00000000
00010000
00001000
00010000
00000000
,
00000100
00000010
00000001
00000100
00000010
00000100
00000001
00000010
,
00000100
00000000
00001000
00000001
00000100
00000000
00000010
00000000
00000100
00000000
00001000
00000000
00010000
00001000
00010000
00000000
,
01000000
00010000
00001000
00000010
00001000
00010000
00100000
10000000
,
01000000
00000000
00100000
00010000
01000000
00000000
00100000
00000000
10000000
00000000
00100000
00000000
01000000
00010000
10000000
00000000
,
01000000
00010000
00000010
00000100
00000001
00000100
00001000
00010000
,
00000100
00000000
00000010
00000100
00001000
00000000
00000001
00000000
00000100
00000000
00000010
00000000
00000100
00000001
00000100
00000000
,
00000010
00000100
00001000
00010000
00100000
00010000
00001000
01000000
,
00010000
00000000
00100000
01000000
10000000
00000000
00010000
00000000
01000000
00000000
00100000
00000000
10000000
00010000
00100000
00000000
,
01000000
00100000
00010000
01000000
10000000
01000000
00001000
00010000
,
00000010
00000000
00000100
00000001
00001000
00000000
00000010
00000000
00010000
00000000
00001000
00000000
00000100
00000010
00000100
00000000
,
00000001
00000010
00000100
00001000
00000001
00000100
00001000
00100000
,
01000000
00000000
00010000
00001000
00010000
00000000
00000100
00000000
00000010
00000000
00001000
00000000
00010000
00001000
00010000
00000000
,
00200000
00000000
20300000
00M00000
32000000
M0000000
03020000
0M000000
,
00031000
00000000
00010000
00000000
01000000
00000000
00010000
00000000
00001000
00000000
00000010
00000000
00000100
00001000
00000010
00000000
,
00000100
00000000
00000001
00000000
00000010
00000000
00001000
00000000
00000010
00000000
00000001
00000000
00000100
00000001
00000100
00000010
,
00002000
00000000
00003020
0000M000
00020030
000000M0
00230000
000M0000
,
10300000
01M00000
00010000
01000000
10000000
00100000
01000000
01010000
,
00010000
00000000
00100000
00000000
01000000
00000000
10000000
00000000
00100000
00000000
00010000
00000000
00100000
01000000
00100000
00000000
,
00010000
00000000
00001000
00000000
00000010
00000000
00001000
00000000
00010000
00000000
01000000
00000000
10000000
00100000
01000000
00010000
,
02000000
00000000
03200000
0M000000
00320000
00M00000
00030020
0000M000
,
00000130
000000M1
00000010
00000100
00001000
00000010
00000100
00000110
,
00000010
00000000
00001000
00000000
00000100
00000000
00000010
00000000
00000001
00000000
00000100
00000000
00000010
00001000
00000010
00000000
,
00010000
00000000
00001000
00000000
00000010
00000000
00001000
00000000
00010000
00000000
00100000
00000000
01000000
00010000
01000000
00100000
,
20000000
00000000
02000000
00000000
00010000
33000000
00010000
00000000
,
01000000
10000000
00100000
00010000
00001000
00000100
00001000
00011000
,
00010000
00000000
00001000
00000000
00000010
00000000
00000001
00000000
00000100
00000000
00000010
00000000
00000100
00000001
00000100
00000000
,
00001000
00000000
00010000
00000000
00000100
00000000
00000001
00000000
00000100
00000000
00001000
00000000
00000100
00001000
00000100
00000010
,
00000002
00000000
00000020
00000000
00001000
00000033
00001000
00000000
,
00010000
00100000
00010000
00001000
00000100
00001000
00010000
00000000
,
01000000
10000000
00100000
10000000
01000000
00010000
01000000
10000000
,
00000000
00110000
00000000
01000000
10000000
01000000
00010000
00000000
,
10000000
00100000
00010000
01000000
00001000
00010000
00000100
00001000
,
00000000
00010010
00000000
00001000
00000100
00000001
00000100
00000000
,
00000010
00001000
00000100
00000010
00000001
00000100
00000010
00010000
,
00000000
01001000
00000000
00100000
10000000
01000000
00100000
00000000
,
01000000
10000000
00010000
01000000
00001000
00010000
00000100
00000010
,
00000000
00001001
00000000
00000010
00000100
00001000
00000001
00000000
,
00000100
00000010
00001000
00000000
00000100
00000010
00000001
00000100
,
00000000
00000010
00010000
00001000
01000000
00000000
00100000
10000000
,
01000000
00000000
00100000
00010000
01100000
00000000
10000000
01000000
,
00110000
00000000
00100000
00001000
00010000
00011000
00010010
00000000
,
00001001
00000000
00000100
00000010
00000001
00000100
00000010
00001000
,
00000000
00000001
00000010
00000100
00001000
00000000
00000010
00010000
,
01000000
00000000
00100000
00010000
01000000
00100000
10000000
01000000
,
00000000
00000000
00110000
00000000
00000000
00000000
00000000
10000000
11000000
00000000
00000000
00000000
10010000
00000000
00000000
00000000
,
01000000
10000000
01000000
00001000
00010000
00100000
00010000
00001000
,
00000010
00000000
00001000
00010000
00001000
00000000
00000010
00000000
00000100
00000000
00000010
00000000
00000001
00001000
00000010
00000000
,
00000100
00000010
00000001
00001000
00010000
00000100
00000010
00000100
,
00001000
00000000
00000010
00000100
00001000
00000000
00010000
00000000
00001000
00000000
00100000
00000000
01000000
00100000
00010000
00000000
,
10000000
00010000
00100000
01000000
10000000
00010000
01000000
10000000
,
01000000
00000000
00001000
00010000
00001000
00000000
00000010
00000000
00000001
00000000
00000100
00000000
00000010
00001000
00000100
00000000
,
00010000
00000010
00000100
00001000
00000100
00000001
00000010
00001000
,
00010000
00000000
00100000
01000000
00100000
00000000
10000000
00000000
01000000
00000000
00010000
00000000
00001000
00010000
00001000
00000000
,
00000100
00001000
00010000
01000000
00010000
00001000
00000100
00000010
,
00010000
00000000
00001000
00100000
01000000
00000000
10000000
00000000
01000000
00000000
00010000
00000000
01000000
00100000
01000000
00000000
,
10000000
00100000
00010000
00001000
00000010
00001000
00010000
00000010
,
00000100
00000000
00000001
00001000
00000010
00000000
00000100
00000000
00000010
00000000
00001000
00000000
00000001
00000010
00001000
00000000
,
00010000
00000100
00000010
00001000
00010000
00100000
01000000
00001000
,
01000000
00000000
10000000
01000000
00010000
00000000
10000000
00000000
01000000
00000000
00100000
00000000
00010000
00100000
01000000
00000000
,
10000000
01000000
00010000
01000000
10000000
00100000
00010000
00001000
,
00000010
00000000
00000001
00000100
00000010
00000000
00001000
00000000
00000100
00000010
00000001
00000000
00000100
00000010
00001000
00000001
,
00000020
00000000
00000230
000000M0
00020300
00000M00
00230000
000M0000
,
10300000
00M00000
01000000
00100000
00000000
00001000
00000010
00000100
,
00001000
00000000
00000000
00000001
00000100
00000010
00001000
00000000
,
00001001
00000000
00000100
00000010
00000000
00010000
00100000
01000000
,
00010000
00000000
00100000
00000000
01000000
00010000
00001000
01000000
,
00100000
00000000
00000000
00000000
;

//---------------lights-cabinet - ----------------
#NOTES:
     lights-cabinet:
     :
     Easy:
     1:
     1.000,0.000,1.000,0.219,0.000,535.000,379.000,28.000,0.000,234.000,0.000:


00000000
00000000
00000000
00000000
,
00000000
00000000
00000000
00000000
,
10010011
01100000
10010000
00000011
10010000
01100011
10010000
00000011
,
00010011
00100000
01000000
10000011
01000011
00100011
10010011
00000000
,
10010011
00000000
01100000
00000011
01100000
00000011
01100000
00000011
,
01000011
00010000
10000000
01100011
01000011
00000011
01100011
10000000
,
10010011
00000000
10010000
00000011
01100000
00000011
10010000
00000011
,
10000011
01000000
00100000
00010000
00100000
01000000
10000000
01000000
,
10110011
00000000
10000011
00000000
10000011
00010000
10000011
00000011
,
01000011
00000000
00100000
00000011
00010011
00000011
01000011
00000000
,
00100011
00000000
10000011
00000000
00100011
01000000
00100011
00000011
,
01000011
00000000
00010000
00000011
10000011
00000011
01100011
00000000
,
01100011
00000000
10010011
00000000
00010011
10000000
00100011
00000011
,
01100011
00000000
10010000
00000011
00100011
00000011
11000011
00000000
,
00100011
00000000
10000011
00000000
00010011
01000000
00010011
00000011
,
01000011
00000000
10010000
00000011
01100011
00000011
10010011
00000000
,
11110011
10000000
01000000
00100000
00010000
00010000
00100000
01000000
,
10010000
01000000
00100000
00010000
00010000
00100000
01000000
10000000
,
10000011
00000000
01000000
00000011
10000000
01000011
00100000
00000011
,
00010011
00000000
00100000
01000011
10000011
00000011
01100011
00000000
,
00100011
00000000
01000000
00000011
00010000
00100011
01000000
00000011
,
10000011
00000000
00010000
01000011
00010011
00000011
11110011
00000000
,
01000011
00000000
00100000
00000011
10000000
00100011
01000000
00000011
,
00010011
00000000
01000000
00100011
10000011
00000011
00000011
00000000
,
01000011
00000000
00100000
00000011
00010000
01000011
00100000
00000011
,
10000011
00000000
00010000
00000011
01000011
00000011
11110011
00000000
,
00100011
00000000
10000000
00000011
00100000
00000011
10000000
00000011
,
10000011
01000000
00100000
00010011
10000011
00000011
00000011
00000000
,
00010011
00000000
01000000
00000011
00010000
00000011
01000000
00000011
,
00010011
00100000
01000000
10000011
00010011
00000011
11110011
00000000
,
01100011
00000000
10010000
00000011
01100000
00000011
00010000
00000011
,
00010011
00100000
01000000
10000011
00010011
00000011
11110011
00000000
,
10000011
00000000
00100000
00000011
10000000
00000011
00100000
00000011
,
10000011
01000000
00100000
00010011
10000011
00000011
11110011
00000000
,
11110011
00000000
00000000
00000000
,
11000011
00000000
00100000
00000011
00010000
00000011
00010000
00000011
,
00100011
00000000
01000000
00000000
10000011
01000000
10000011
00100000
,
20020022
00000000
30030033
00000000
,
00010011
10000000
00010000
01100000
00010011
11100000
00010011
00000000
,
11000011
00000000
00100000
10000011
00010000
01100011
00010000
10000011
,
00100011
00010000
01000000
00000011
10010011
00000011
01100011
00000000
,
22220022
00000000
33330033
00000000
,
10100011
00010000
01000000
00000000
11110011
00000000
00010011
00000000
,
00110011
00000000
01000000
00000011
10000000
00100011
10000000
00000011
,
01000011
00000000
10100000
00000000
01010011
00100000
10010011
00000000
,
22220022
00000000
33330033
00000000
,
10010011
00000000
10010000
01100000
10010011
00000000
10010011
00000000
,
00110011
00000000
01000000
00000011
10000000
01000011
10000000
00010011
,
01000011
10000000
00100000
01000000
00010011
10000011
00010011
01100000
,
22220022
00000000
33330033
00000000
,
01100000
00000000
10010000
00000000
01100000
00010000
10000000
00000000
,
01000011
10000000
00100000
01000011
00010000
00100011
01000000
10000011
,
00100011
00010000
01000000
10000011
00010011
01000011
10000011
00100000
,
10000011
00010000
10000000
00000011
00100000
00000011
01000000
00000011
,
01000011
00000000
00010000
10000011
00010011
00000011
10000011
00010000
,
01000011
10010000
00100000
01000011
10000000
00010011
01000000
10000011
,
00100011
01000000
00010000
00100011
01000011
10000011
00100011
10000000
,
00100011
01000000
10000000
00100011
01000000
00100011
10000000
01000011
,
10000011
01010000
00100000
10000011
01000011
00010011
11000011
00100000
,
11110011
00000000
10100011
00010000
01000011
00000000
00010011
00000000
,
01000011
00000000
00100011
00000000
10000011
00000011
01000011
00100000
,
10010011
00100011
01000011
00010011
,
10010011
00000000
00000011
01100000
10010011
00000011
01100011
00000011
,
11110011
00000000
01000011
00000000
00100011
00000011
10000011
00000000
,
00100011
00000000
01000011
00000000
00010011
10000011
01100011
00000000
,
10010011
00000000
01000011
00000000
00100011
00000011
10010011
00000000
,
11110011
00000000
11110011
11110011
,
10010011
00000000
00100000
00000011
00010000
00100011
01000000
00000011
,
10000011
00000000
01000000
00100011
00010011
00000011
01100011
00000000
,
01000011
00000000
00100000
00000011
10000000
01000011
00100000
00000011
,
00010011
00000000
10000000
00100011
10000011
00000011
11110011
00000000
,
10010011
00000000
01100000
00000011
10010000
01000011
01100000
00000011
,
10010011
00000000
00100000
01000011
10010011
00000011
00000011
00000000
,
00100011
00000000
01000000
00000011
10000000
00100011
01000000
00000011
,
10010011
00000000
01100000
00000011
10010011
00000011
00000011
00000000
,
01000011
00000000
00010000
00000011
01000000
00000011
00010000
00000011
,
00010011
00100000
01000000
10000011
10010011
00000011
10010011
00000000
,
10000011
00000000
00100000
00000011
10000000
00000011
00100000
00000011
,
10000011
01000000
00100000
00010011
10000011
00000011
10010011
00000000
,
00100011
00000000
10000000
00000011
00100000
00000011
10000000
00000011
,
10000011
01000000
00100000
00010011
10000011
00000011
10010011
00000000
,
01100011
00000000
10010000
00000011
00010000
00000011
01000000
00000011
,
00010011
00100000
01000000
10000011
00010011
00000011
11110011
00000000
,
22220022
00000000
33330033
00000000
,
00110011
00000000
01000000
00000011
00010000
00000011
00010000
00000011
,
10000011
00000000
00100000
00000011
10000011
00000011
01100011
00000000
,
11000011
00000000
00100000
00000011
10010000
00000011
10010000
00000011
,
00010011
01100000
10010000
01100000
,
11110011
00000000
00000000
00000000
;

//---------------dance-single - M. Puls----------------
#NOTES:
     dance-single:
     M. Puls:
     Beginner:
     1:
     0.079,0.000,0.063,0.000,0.000,63.000,8.000,0.000,0.000,0.000,0.000:


0000
0000
0000
0000
,
0000
0000
0000
0000
,
0000
0000
0000
0000
,
0000
0000
0000
0000
,
1000
0000
0000
0000
,
0000
0000
0000
0000
,
0001
0000
0000
0000
,
0000
0000
0000
0000
,
1000
0000
0000
0000
,
0000
0000
0000
0000
,
0001
0000
0000
0000
,
0000
0000
0000
0000
,
0100
0000
0000
0000
,
0000
0000
0000
0000
,
0010
0000
0000
0000
,
0000
0000
0000
0000
,
1000
0000
0000
0000
,
0000
0000
0000
0000
,
1000
0000
0000
0000
,
0000
0000
0000
0000
,
1000
0000
0000
0000
,
0000
0000
0000
0000
,
0001
0000
0000
0000
,
0000
0000
0000
0000
,
0001
0000
0000
0000
,
0000
0000
0000
0000
,
0001
0000
0000
0000
,
0010
0000
0000
0000
,
0001
0000
0000
0000
,
1000
0000
0000
0000
,
0100
0000
0000
0000
,
1000
0000
0000
0000
,
0100
0000
0000
0000
,
0010
0000
0000
0000
,
0100
0000
0000
0000
,
1001
0000
0000
0000
,
0000
0000
0000
0000
,
1001
0000
0000
0000
,
1000
0000
0000
0000
,
0001
0000
0000
0000
,
0000
0000
0000
0000
,
1001
0000
0000
0000
,
0001
0000
0000
0000
,
1000
0000
0000
0000
,
0000
0000
0000
0000
,
1001
0000
0000
0000
,
0100
0000
0000
0000
,
0010
0000
0000
0000
,
0000
0000
0000
0000
,
1001
0000
0000
0000
,
0010
0000
0000
0000
,
0100
0000
0000
0000
,
0100
0000
0000
0000
,
0010
0000
0000
0000
,
0010
0000
0000
0000
,
0000
0000
0000
0000
,
1000
0000
0000
0000
,
0100
0000
0000
0000
,
1000
0000
0000
0000
,
0001
0000
0000
0000
,
0010
0000
0000
0000
,
0001
0000
0000
0000
,
0000
0000
0000
0000
,
1000
0000
0000
0000
,
0100
0000
0000
0000
,
1000
0000
0000
0000
,
0000
0000
0000
0000
,
1001
0000
0000
0000
,
1000
0000
0000
0000
,
1000
0000
0000
0000
,
1000
0000
0000
0000
,
1001
0000
0000
0000
,
0001
0000
0000
0000
,
0001
0000
0000
0000
,
0001
0000
0000
0000
,
1000
0000
0000
0000
,
0000
0000
0000
0000
,
0100
0000
0000
0000
,
0000
0000
0000
0000
,
0010
0000
0000
0000
,
0000
0000
0000
0000
,
0001
0000
0000
0000
,
0000
0000
0000
0000
,
0100
0000
0000
0000
,
0001
0000
0000
0000
,
1000
0000
0000
0000
,
0100
0000
0000
0000
,
0010
0000
0000
0000
,
1001
0000
0000
0000
;
