#TITLE:Hillbilly Hardcore;
#SUBTITLE:;
#ARTIST:Benga Boys;
#TITLETRANSLIT:;
#SUBTITLETRANSLIT:;
#ARTISTTRANSLIT:;
#GENRE:Country;
#CREDIT:;
#BANNER:Hillbilly Hardcore-banner.png;
#BACKGROUND:Hillbilly Hardcore-bg.png;
#LYRICSPATH:;
#CDTITLE:;
#MUSIC:Hillbilly Hardcore.ogg;
#OFFSET:-0.704;
#SAMPLESTART:14.820;
#SAMPLELENGTH:11.960;
#SELECTABLE:YES;
#BPMS:0.000=136.000;
#STOPS:;
#BGCHANGES:0.000=Hillbilly Hardcore-bg.png=1.000=0=0=1=====,
16.000=In The Groove 2/949_JumpBack.mpg=1.000=0=0=1=====,
32.000=-random-=1.000=0=0=1===SlideLeft==,
48.000=-random-=1.000=0=0=1===SlideRight==,
64.000=-random-=1.000=0=0=1=====,
80.000=-random-=1.000=0=0=1===SlideUp==,
96.000=-random-=1.000=0=0=1===SlideDown==,
112.000=-random-=1.000=0=0=1===FadeLeft==,
128.000=-random-=1.000=0=0=1===FadeRight==,
144.000=-random-=1.000=0=0=1===FadeUp==,
160.000=-random-=1.000=0=0=1===FadeDown==,
176.000=-random-=1.000=0=0=1===FadeLeft==,
184.000=Hillbilly Hardcore-bg.png=1.000=0=0=1=====,
188.000=-random-=1.000=0=0=1=====,
204.000=-random-=1.000=0=0=1===SlideLeft==,
220.000=-random-=1.000=0=0=1===SlideRight==,
235.500=Hillbilly Hardcore-bg.png=1.000=0=0=1=StretchNormal===0.5^0.5^0.5^1=,
236.000=Hillbilly Hardcore-bg.png=1.000=0=0=1=====,
99999=-nosongbg-=1.000=0=0=0 // don't automatically add -songbackground-
;
#BGCHANGES2:16.000=white flash=1.000=0=0=1=====,
64.000=white flash=1.000=0=0=1=====,
184.000=yellow flash=1.000=0=0=1=====,
188.000=white flash=1.000=0=0=1=====,
236.000=white flash=1.000=0=0=1=====,
;
#KEYSOUNDS:;
// cache tags:
#FIRSTBEAT:16.000;
#LASTBEAT:236.500;
#SONGFILENAME:/Songs/In The Groove 2/Hillbilly Hardcore/Hillbilly Hardcore.sm;
#HASMUSIC:1;
#HASBANNER:1;
#MUSICLENGTH:108.363;
// end cache tags

//---------------dance-single - C. Foy----------------
#NOTES:
     dance-single:
     C. Foy:
     Easy:
     4:
     0.237,0.000,0.102,0.065,0.000,162.000,11.000,7.000,0.000,0.000,0.000:
0000
0000
0000
0000
,
0000
0000
0000
0000
,
0000
0000
0000
0000
,
0000
0000
0000
0000
,
0001
0000
1000
0000
,
0010
0000
0100
0000
,
0001
0000
0010
0000
,
0001
0000
0000
0000
,
0100
0001
0100
0001
,
0001
0000
0000
0000
,
1000
0100
1000
0100
,
0100
0000
0000
0000
,
0010
0001
0010
0001
,
0001
0000
0000
0000
,
1000
0001
1000
0001
,
0001
0000
0000
0000
,
0000
0001
0000
0100
0000
0001
0000
0100
,
0000
0010
0000
0100
0000
0010
0000
0100
,
0000
0010
0000
1000
0000
0010
0000
1000
,
0000
0001
0000
2000
0000
0002
0000
3000
,
0000
1003
0000
0001
0000
1000
0000
0001
,
0000
0100
0000
0010
0000
0100
0000
0010
,
0000
1000
0000
0100
0000
1000
0000
0100
,
0000
0010
0000
0001
0000
0010
0000
0001
,
0000
0100
0000
0001
0000
0100
0000
0001
,
0000
0100
0000
0010
0000
0100
0000
0010
,
0000
1000
0000
0010
0000
1000
0000
0010
,
0000
0100
0000
0020
0000
0200
0030
0000
,
0310
1000
0010
1000
,
0010
0100
0010
0100
,
0001
0010
0001
0010
,
0100
1000
0100
1000
,
0001
1000
0001
1000
,
0001
0100
0001
0100
,
0010
0100
0010
0100
,
0001
0010
0001
0010
,
0020
0000
0000
0000
,
0032
0000
0000
0000
,
0203
0000
0000
0000
,
0301
0001
1000
1000
,
0010
0010
0100
0100
,
0001
0001
0010
0010
,
0001
0001
0100
0100
,
0001
1000
0001
1000
,
0001
0100
0001
0100
,
0010
0100
0010
0100
,
0010
1000
0010
1000
,
0001
0000
0011
0000
,
1100
0000
0000
0000
,
1001
0000
0110
0000
,
1001
0000
0000
0000
,
0011
0000
1001
0000
,
0011
0000
0000
0000
,
1001
0000
1100
0000
,
1001
0000
0000
0000
,
0001
0000
0100
0000
,
1000
0000
0100
0000
,
0001
0000
0010
0000
,
1000
0000
0000
0000
0010
0000
0000
0001
,
1000
0000
0000
0000
;

//---------------dance-single - C. Foy----------------
#NOTES:
     dance-single:
     C. Foy:
     Medium:
     5:
     0.345,0.000,0.277,0.046,0.028,227.000,30.000,5.000,0.000,0.000,0.000:
0000
0000
0000
0000
,
0000
0000
0000
0000
,
0000
0000
0000
0000
,
0000
0000
0000
0000
,
1001
0000
1100
0000
,
0101
0000
0011
0000
,
1010
0000
0110
0000
,
1001
0000
0000
0000
,
0100
0010
1000
1000
,
1010
0000
0000
0000
,
0010
1000
0100
1000
,
1010
0000
0000
0000
,
0100
1000
0010
0100
,
0101
0000
0000
0000
,
0001
0100
0010
1000
,
1010
0000
0000
0000
,
0000
0001
0000
0100
0000
0010
0000
1000
,
0000
0100
0000
0010
0000
0001
0000
0100
,
0000
0001
0000
0010
0000
0100
0000
1000
,
0000
0000
0010
0000
0000
0000
1000
0001
1000
0000
0000
0000
0001
0000
0000
0000
,
1000
0001
1000
0000
0000
0000
0001
0000
0000
0000
0100
0000
0000
0000
0010
0000
,
0000
1000
0000
0100
0000
0010
0000
0001
,
0000
0100
0000
0001
0000
0010
0000
0100
,
0000
0000
1000
0100
1000
0000
0000
0000
0001
0000
0000
0000
0000
0000
0000
0000
,
0001
0010
0001
0000
0000
0000
0010
0000
0000
0000
0100
0000
0000
0000
0010
0000
,
0000
0001
0000
0100
0000
0010
0000
0100
,
0000
0001
0000
0100
0000
0010
0000
1000
,
0000
0000
0001
0010
0001
0000
0000
0000
1000
0000
0000
0000
0000
0000
0000
0000
,
0010
1000
0010
0000
1000
0000
0000
0000
0010
0000
0000
0000
1000
0000
0000
0000
,
0100
0010
0100
1000
,
0010
0100
0010
0100
,
0001
0010
0100
1000
,
0010
0100
0001
0010
,
0100
1000
0100
0010
,
0001
1000
0100
0010
,
0001
0010
0001
0010
0001
1000
0001
1000
,
0002
0000
0000
0003
,
2020
0000
0000
3030
,
0202
0000
0000
0303
,
0001
0010
0001
0000
1000
0100
1000
0000
,
0010
0100
0010
0000
0100
0001
0100
0000
,
0010
1000
0010
0000
0100
0001
0100
0000
,
0001
1000
0001
0000
1000
0010
1000
0000
,
0001
0100
0001
0000
1000
0100
1000
0000
,
0010
0100
0010
0000
0100
0001
0100
0000
,
0001
0100
0001
0000
1000
0010
1000
0000
,
0001
1000
0001
1000
0010
1000
0010
1000
,
0010
1000
1100
0100
,
1001
0100
1001
0001
,
0011
0010
1100
1000
,
0101
0001
1010
0100
,
1010
0010
1001
0010
,
0011
0100
1001
0001
,
0110
1000
0110
0001
,
1001
0100
1010
0010
,
1001
0000
1000
0001
1000
0000
0001
1000
,
1000
0000
0001
0100
0001
0000
0010
0100
,
0100
0000
1000
0010
1000
0000
0001
0010
,
0010
0000
0100
1000
0100
0000
0000
1000
,
1001
0000
0000
0000
;

//---------------dance-single - C. Foy----------------
#NOTES:
     dance-single:
     C. Foy:
     Hard:
     8:
     0.573,0.000,0.028,0.102,0.526,421.000,3.000,11.000,0.000,0.000,0.000:
0000
0000
0000
0000
,
0000
0000
0000
0000
,
0000
0000
0000
0000
,
0000
0000
0000
0000
,
1000
0000
0010
0000
0100
0000
0002
0000
1000
0003
0100
0000
0010
0000
0200
0000
,
1000
0300
0001
0000
0100
0000
0020
0000
1000
0030
0001
0000
0100
0000
0020
0000
,
1000
0030
0100
0000
0010
0000
0200
0000
0010
0300
0001
0000
0100
0000
0020
0000
,
1000
0030
0000
0000
0000
0000
0000
0000
0000
0000
0000
0000
0000
0000
0000
1000
,
0001
0000
0000
0001
1000
0000
0000
1000
0100
0000
0000
0100
0010
0000
0000
0010
,
0001
0000
0000
0001
0100
0000
0000
0100
0010
0000
0000
0010
0100
0000
0000
0100
,
0001
0000
0000
0001
0010
0000
0000
0010
0100
0000
0000
0100
1000
0000
0000
1000
,
0010
0000
0000
0010
1000
0000
0000
1000
0100
0000
0000
0100
0010
0000
0000
0010
,
0001
0000
0000
0001
0100
0000
0000
0100
0010
0000
0000
0010
0100
0000
0000
0100
,
0001
0000
0000
0001
0010
0000
0000
0010
0100
0000
0000
0100
1000
0000
0000
1000
,
0001
0000
0000
0001
0100
0000
0000
0100
0010
0000
0000
0010
1000
0000
0000
1000
,
0100
0000
0000
0100
0010
0000
0000
0010
0001
0000
0000
0001
0100
0000
0000
0100
,
0001
1000
0001
1000
0010
1000
0010
1000
,
0100
1000
0001
1000
0010
0100
0001
0010
,
0100
0010
0001
0100
0010
0100
0001
0100
,
0010
0000
1000
0000
0001
0000
1000
0001
1000
0000
0010
0000
0100
0000
0010
0000
,
1000
0001
1000
0000
0100
0000
0010
0000
0001
0000
0010
0000
0100
0000
0010
0000
,
0001
0100
0010
0100
0001
0010
0001
0100
,
0010
1000
0100
1000
0010
1000
0100
0010
,
0001
0000
1000
0100
1000
0000
0010
0000
0100
0000
0010
0000
1000
0000
0001
0000
,
1000
0100
1000
0000
0010
0000
0100
0000
0001
0000
0100
0000
0010
0000
1000
0000
,
0010
1000
0100
0010
0100
1000
0100
0010
,
0001
0100
0010
0100
0001
0010
0001
0100
,
0010
0000
1000
0100
1000
0000
0001
0000
1000
0000
0001
0000
0100
0000
0000
0001
,
1000
0000
0000
0001
1000
0000
0000
1000
0100
0000
0000
0100
0010
0000
0000
0010
,
0001
0000
0000
0001
0100
0000
0000
0100
1000
0000
0000
1000
0100
0000
0000
0100
,
0010
0000
0000
0010
1000
0000
0000
1000
0100
0000
0000
0100
0010
0000
0000
0010
,
0100
0000
0000
0100
0001
0000
0000
0001
0100
0000
0000
0100
0010
0000
0000
0010
,
0001
0000
0000
0001
0100
0000
0000
0100
0010
0000
0000
0010
0001
0000
0000
0001
,
0010
0000
0000
0010
0100
0000
0000
0100
1000
0000
0000
1000
0100
0000
0000
0100
,
0001
0000
0000
0001
0010
0000
0000
0010
0100
0000
0000
0100
1000
0000
0000
1000
,
0001
0010
0001
0010
0001
1000
0001
1000
,
0020
0000
0000
0000
0000
0000
0000
0030
,
0202
0000
0000
0000
0000
0000
0000
0303
,
2020
0000
0000
0000
0000
0000
0000
3030
,
0010
0100
0001
0010
0100
1000
0100
0010
,
0001
0100
0010
0100
0001
0010
0100
1000
,
0100
0010
0001
0010
0100
1000
0001
0100
,
0010
0100
0001
0010
0100
1000
0010
0100
,
0010
0100
0001
1000
0100
0010
0100
0010
,
0001
1000
0100
1000
0001
0100
0010
1000
,
0001
1000
0010
0100
0010
1000
0100
0010
,
0100
0000
1000
0000
0010
0000
0100
0000
0001
0000
0010
0000
0100
0000
0000
1000
,
0010
0000
0000
0010
0100
0000
0000
0100
0001
0000
0000
0001
1000
0000
0000
1000
,
0010
0000
0000
0010
1000
0000
0000
1000
0100
0000
0000
0100
1000
0000
0000
1000
,
0010
0000
0000
0010
0001
0000
0000
0001
0100
0000
0000
0100
1000
0000
0000
1000
,
0010
0000
0000
0010
0001
0000
0000
0001
0100
0000
0000
0100
1000
0000
0000
1000
,
0100
0000
0000
0100
0001
0000
0000
0001
0010
0000
0000
0010
1000
0000
0000
1000
,
0100
0000
0000
0100
0001
0000
0000
0001
0010
0000
0000
0010
1000
0000
0000
1000
,
0010
0000
0000
0010
0001
0000
0000
0001
0100
0000
0000
0100
1000
0000
0000
1000
,
0010
0000
0000
0010
0001
0000
0000
0001
0100
0000
0000
0100
1000
0000
0000
1000
,
0100
0000
0000
0100
0001
0000
0000
0001
0010
0000
0000
0010
1000
0000
0000
1000
,
0100
0000
0000
0100
0001
0000
0000
0001
0010
0000
0000
0010
1000
0000
0000
1000
,
0001
0000
0000
1000
0100
0000
0000
1000
0010
0000
0000
0100
0001
0000
0000
0010
,
0100
0000
1000
0100
1000
0000
0001
0000
1000
0000
0001
1000
0001
0000
1000
0000
,
1001
0000
0000
0000
;

//---------------dance-single - C. Foy----------------
#NOTES:
     dance-single:
     C. Foy:
     Challenge:
     10:
     0.881,0.000,0.212,0.397,1.000,602.000,23.000,43.000,3.000,0.000,0.000:
0000
0000
0000
0000
,
0000
0000
0000
0000
,
0000
0000
0000
0000
,
0000
0000
0000
0000
,
1000
0010
0100
0001
1000
0100
0020
0000
0031
1000
0010
0100
0010
1000
0200
0000
,
1300
0001
0010
0100
1000
0100
0020
0000
0031
0010
0100
1000
0001
0100
0020
0000
,
1030
0001
0100
0010
0100
0010
2000
0000
3100
1000
0001
0100
0010
0100
0002
0000
,
1003
0000
0001
0010
0001
0000
0001
0100
0001
0000
1000
0000
1000
0000
1000
0000
,
0001
0000
0001
0100
0010
0000
0010
1000
0100
0000
0010
0001
0010
0100
0010
0001
,
1000
0000
0000
1000
0010
0000
0000
0010
0001
0000
0000
0001
0100
0000
0000
0100
,
1000
0000
1000
0001
0010
0001
0100
0001
0100
0010
0100
0001
0010
0100
1000
0010
,
1000
0000
0000
1000
0010
0000
0000
0010
0001
0000
0000
0001
0100
0000
0000
0100
,
1000
0000
0001
0100
0010
1000
0010
0100
0010
1000
0100
0010
0100
1000
0100
0010
,
0001
0000
0000
0001
0100
0000
0000
0100
1000
0000
0000
1000
0010
0000
0000
0010
,
0001
0000
1000
0010
0100
0010
1000
0100
0010
0100
0010
0001
0100
0010
1000
0100
,
0010
0000
0000
0000
0001
0100
0010
1000
0010
0000
0100
0001
0010
0100
1000
0010
,
0100
0000
0000
0000
1002
0000
0000
0000
0100
0000
0000
0003
1002
0000
0000
0000
0010
0000
0000
0003
2001
0000
0000
0000
0100
0000
0000
3000
2001
0000
0000
0000
,
0010
0000
0000
3000
0120
0000
0000
0000
1000
0000
0000
0030
0210
0000
0000
0000
0001
0000
0000
0300
0210
0000
0000
0000
1000
0000
0000
0300
0120
0000
0000
0000
,
0001
0000
0000
0030
1020
0000
0000
0000
0100
0000
0000
0030
2010
0000
0000
0000
0001
0000
0000
3000
1020
0000
0000
0000
0100
0000
0000
0030
2010
0000
0000
0000
,
0001
0000
0000
3000
1002
0000
0000
0000
0100
0000
0003
0000
1000
0000
0001
0000
1000
0000
0000
0000
1000
0000
0100
0000
0010
0000
0100
0000
1000
0000
0010
0000
,
0100
0010
1000
0000
1000
0100
0010
0000
1000
0000
0010
0000
0001
0100
0000
0000
,
0100
0000
0000
0000
0100
0010
1000
0000
0001
0000
0100
0000
0010
0100
0000
0000
,
1000
0000
0000
0000
0100
0010
0100
0000
0001
0000
0010
0000
0010
0100
0000
0000
,
1000
0000
1000
0010
1000
0000
0010
1000
0100
1000
0010
0100
0001
1000
0010
1000
,
0001
0100
0010
0000
1000
0100
0010
0000
0010
0000
0001
0000
0001
0100
0000
0000
,
0010
0000
0000
0000
0010
1000
0100
0000
0010
0000
1000
0000
0010
0100
0000
0000
,
1000
0000
0000
0000
1000
0010
0100
0000
0001
0000
0100
0000
0100
0010
0000
0000
,
1000
0000
1000
0100
1000
0000
0001
0010
0001
1000
0100
1000
0010
0100
0010
1000
,
0100
0000
0000
1000
0000
0000
0001
0000
0000
0010
0000
0000
0001
0000
0000
0000
0000
0000
0000
0000
0000
0000
1000
0000
0001
0000
0000
0000
0000
0000
0000
0000
0000
0000
0001
0000
1000
0000
0000
0000
0000
0000
0000
0000
0000
0000
1000
0000
,
0010
0000
0000
0000
0000
0010
0001
0000
0000
0000
0000
0001
0100
0000
0000
0000
0000
0100
1000
0000
0000
0000
0000
1000
,
0100
0000
0000
0000
0000
0100
0001
0000
0000
0000
0000
0001
0010
0000
0000
0000
0000
0010
1000
0000
0000
0000
0000
1000
,
0010
0000
0000
0000
0000
0010
0001
0000
0000
0000
0000
0001
0100
0000
0000
0000
0000
0100
1000
0000
0000
0000
0000
1000
,
0100
0000
0000
0000
0000
0100
0001
0000
0000
0000
0000
0001
0010
0000
0000
0000
0000
0010
1000
0000
0000
0000
0000
1000
,
0010
0000
0000
0000
0000
0010
0001
0000
0000
0000
0000
0001
0100
0000
0000
0000
0000
0100
1000
0000
0000
0000
0000
1000
,
0100
0000
0000
0000
0000
0100
0001
0000
0000
0000
0000
0001
0010
0000
0000
0000
0000
0010
1000
0000
0000
0000
0000
1000
,
0100
0010
0001
1000
0001
1000
0010
0100
0010
1000
0100
0010
0100
0010
0001
1000
,
0020
0000
0000
0000
0000
0000
0000
0000
0030
0000
0000
0000
0010
0000
0000
1000
0000
0000
0100
0000
0000
0000
0000
0000
0100
0000
0000
1000
0000
0000
0010
0000
0000
0000
0000
0000
0010
0000
0000
1000
0000
0000
0100
0000
0000
0000
0000
0000
,
2002
0000
0000
0000
0000
0000
0000
0000
3003
0000
0000
0000
0010
0000
0000
0001
0000
0000
0100
0000
0000
0000
0000
0000
0100
0000
0000
0001
0000
0000
0010
0000
0000
0000
0000
0000
0010
0000
0000
0001
0000
0000
0100
0000
0000
0000
0000
0000
,
2002
0000
0000
0000
0000
0000
0000
0000
3003
0000
0000
0000
0010
0000
0000
1000
0000
0000
0100
0000
0000
0000
0000
0000
0010
0000
0000
0001
0000
0000
0100
0000
0000
0000
0000
0000
0010
0000
0000
1000
0000
0000
0100
0000
0000
0000
0000
0000
,
0100
1000
0010
1000
0001
0010
0200
0000
1300
0001
0100
0010
0100
0001
0020
0000
,
0031
1000
0100
0010
0001
0010
0200
0000
1300
0100
0010
0001
1000
0010
0200
0000
,
0301
1000
0010
0100
0010
0100
0002
0000
0013
0001
0100
0010
1000
0010
0200
0000
,
0301
0010
0100
1000
0010
1000
0200
0000
0310
0100
0010
0001
1000
0010
0200
0000
,
0301
0100
0010
1000
0100
0010
0002
0000
0013
0100
1000
0010
0100
0001
0200
0000
,
0310
1000
0100
0010
0100
1000
0200
0000
0310
0001
0010
0100
1000
0001
0200
0000
,
0310
0100
0001
0100
0010
1000
0200
0000
0310
0001
0100
0010
1000
0001
0200
0000
,
0310
0100
0001
0100
0010
1000
0100
1000
0001
0100
0010
1000
0001
1000
0100
0000
,
1001
0000
0100
0001
0010
0000
0100
1000
0010
0000
0100
0001
0010
0001
0100
0010
,
1000
0000
0000
0000
0000
0000
0000
2000
0000
0000
0002
0000
0000
3003
0000
0000
,
1000
0010
0100
0001
0100
0010
1000
0100
0010
0001
0010
0001
0100
0010
1000
0010
,
0100
0000
0000
0000
0000
0010
0010
0010
,
1000
0010
0000
0000
0010
0001
0000
0000
0001
0100
0000
0000
0100
1000
0000
0000
,
1001
0000
0000
0000
0000
0000
0000
0000
1000
0100
1000
0100
1000
0100
1000
0100
,
0010
0001
1000
0010
0100
0001
1000
0001
0100
0010
0100
0001
0010
0001
0010
0100
,
1000
0000
0000
0000
0000
0000
0000
0000
1000
0100
1000
0100
1000
0100
1000
0100
,
1000
0010
0000
0000
0010
0001
0000
0000
0001
0100
0000
0000
0100
1000
0000
0000
,
0100
0000
0000
0000
1002
0000
0000
0000
0100
0000
0000
0003
2001
0000
0000
0000
0100
0000
0000
3000
1002
0000
0000
0000
0100
0000
0000
0003
1001
0000
0000
0000
,
1000
0001
0100
0010
1000
0100
0010
0100
0010
0001
0100
0010
1000
0100
0010
0001
,
0100
0000
0010
1000
0100
1000
0001
0010
0001
0100
0010
0100
M0MM
0000
1001
0000
,
1001
0000
0000
0000
;

//---------------dance-double - M.Emirzian----------------
#NOTES:
     dance-double:
     M.Emirzian:
     Easy:
     3:
     0.157,0.000,0.120,0.018,0.000,104.000,13.000,2.000,0.000,0.000,0.000:
00000000
00000000
00000000
00000000
,
00000000
00000000
00000000
00000000
,
00000000
00000000
00000000
00000000
,
00000000
00000000
00000000
00000000
,
00011000
00000000
00000000
00000000
,
00000000
00000000
00000000
00000000
,
00000000
00000000
00000000
00000000
,
00002002
00000000
00000000
00003003
,
00001001
00000000
00001000
00000100
,
00010000
00000000
00000000
00000000
,
01100000
00000000
00010000
10000000
,
00100000
00000000
00000000
00000000
,
01001000
00000000
00100000
00001000
,
00010000
00000000
00000000
00000000
,
00010010
00000000
00001000
00000001
,
00000100
00000000
00000010
00001000
,
00000100
00000000
00000000
00000000
,
00010000
00000000
00000000
00000000
,
00001000
00000000
00000000
00000000
,
10000000
00000000
00000000
00000000
,
00001000
00000000
00000000
00000000
,
00010000
00000000
00000000
00000000
,
00000001
00000000
00000000
00000000
,
00001000
00000000
00000000
00000000
,
00000100
00000000
00000000
00000000
,
00010000
00000000
00000000
00000000
,
00001000
00000000
00000000
00000000
,
01000000
00000000
00000000
00000000
,
00100000
00000000
10000000
00000000
,
00010000
00000000
10000000
00000000
,
01000000
00000000
00100000
00000000
,
00010000
00000000
01000000
00000000
,
00001000
00000000
00010000
00000000
,
00000100
00000000
00001000
00000000
,
00000010
00000000
00000100
00000000
,
00000001
00001000
00000001
00001000
,
00000001
00001000
00000000
00000100
,
00000000
00001000
00000000
00000000
,
00000010
00010000
00001000
00000000
,
00010000
00000000
00000100
00000000
,
00010000
00001000
00010000
00000000
,
00001000
00000000
01000000
00000000
,
00010000
10000000
00010000
00000000
,
10000000
00000000
01000000
00000000
,
00100000
00010000
00100000
00000000
,
00001000
00000000
00010000
00000000
,
00000010
00001000
00000010
00000000
,
00001001
00000000
00000010
00001000
,
00000001
00000000
00000000
00000000
,
00011000
00000000
00000100
00010000
,
00001000
00000000
00000000
00000000
,
01010000
00000000
00100000
10000000
,
00010000
00000000
00000000
00000000
,
00101000
00000000
00010000
00000100
,
00001000
00000000
00000000
00000000
,
00000110
00000000
00000001
00001000
,
00000100
00000000
00000000
00000000
,
00010010
00000000
00010000
00001000
,
01000000
00000000
00010000
00001000
,
00011000
00000000
00000000
00000000
;

//---------------dance-double - M.Emirzian----------------
#NOTES:
     dance-double:
     M.Emirzian:
     Medium:
     5:
     0.294,0.000,0.166,0.018,0.000,203.000,18.000,2.000,0.000,0.000,0.000:
00000000
00000000
00000000
00000000
,
00000000
00000000
00000000
00000000
,
00000000
00000000
00000000
00000000
,
00000000
00000000
00000000
00000000
,
01100000
00000000
00000000
00000000
,
00000000
00001000
00000000
00000000
00000000
00000000
00000000
00000000
,
00000000
00010000
00000000
00000000
00000000
00000000
00000000
00000000
,
00022000
00000000
00000000
00033000
,
00010000
00000000
00000100
00000000
00001000
00000100
00001000
00000100
,
00001000
00000000
00000001
00000100
,
00000010
00000000
00001000
00000000
00000010
00001000
00000010
00001000
,
00000010
00000000
00010000
00001000
,
01000000
00000000
00010000
00000000
00100000
01000000
00100000
01000000
,
00100000
00000000
00010000
01000000
,
00100000
00000000
10000000
00000000
01000000
00100000
01000000
00100000
,
01000000
10000000
00010000
01000000
,
00100000
10000000
00000000
00000000
00000000
01000000
00000000
00000000
,
00000000
00010000
00000000
00000000
00000000
00001000
00000000
00000000
,
00000000
00010000
00000000
00000000
00000000
00000100
00000000
00000000
,
00000000
00001000
00000000
00000010
00000100
00000000
00000001
00000000
,
00001000
00000000
00000100
00000000
,
00000010
00000000
00010000
00000000
,
00001000
00000000
01000000
00000000
,
00010000
00000000
00100000
00000000
,
01000000
00000000
10000000
00000000
,
00010000
00000000
01000000
00000000
,
00001000
00000000
00010000
00000000
,
00000100
00000000
00001000
00000000
,
00000010
00000100
00000001
00001000
,
00001100
00001100
00001001
00001001
,
00001000
00000100
00010000
00001000
,
00011000
00011000
01001000
01001000
,
00100000
00010000
10000000
00100000
,
01010000
01010000
10010000
10010000
,
00100000
10000000
01000000
00100000
,
00010000
01000000
00001000
00000000
00010000
00001000
00100000
00000000
,
00001000
00000000
00010000
00000000
00000100
00001000
00000100
00000000
,
00001010
00000000
00000001
00000100
,
00000010
00000000
00001000
00000100
00001000
00000100
00001000
00000000
,
00000001
00000000
00001000
00000100
,
00001100
00000000
00010000
00000100
,
00010000
00000000
00001000
00010000
00001000
00010000
00001000
00000000
,
01000000
00000000
00010000
10000000
,
01000000
00000000
00100000
00010000
,
10010000
00000000
00100000
10000000
,
01000000
00000000
00100000
00010000
00100000
00010000
00100000
00000000
,
00001000
00000000
00010000
00000100
,
00001000
00000000
00000010
00000000
00000100
00000001
00000100
00000001
,
00000100
00000000
00000010
00001000
,
00000100
00000000
00010000
00000000
00001000
00010000
00001000
00010000
,
00001000
00000000
00000100
00001000
,
00010000
00000000
00001000
00000000
01000000
00010000
01000000
00010000
,
01000000
00000000
00100000
10000000
,
01000000
00000000
00100000
00000000
00010000
10000000
00010000
10000000
,
00010000
10000000
01000000
00100000
,
00010000
00000000
01000000
00000000
00001000
00010000
00001000
00010000
,
00001000
00000000
00000100
00000001
,
00001000
00000000
00000010
00000000
00000100
00001000
00000100
00001000
,
00000100
00000010
00000001
00000100
,
00001010
00000000
00000000
00000000
;

//---------------dance-double - M.Emirzian----------------
#NOTES:
     dance-double:
     M.Emirzian:
     Hard:
     8:
     0.554,0.000,0.231,0.000,0.406,395.000,25.000,0.000,2.000,0.000,0.000:
00000000
00000000
00000000
00000000
,
00000000
00000000
00000000
00000000
,
00000000
00000000
00000000
00000000
,
00000000
00000000
00000000
00000000
,
00010000
10000000
00010000
01000000
00010000
10000000
01000000
00100000
,
00001000
00010000
00000100
00001000
00000001
00001000
00000100
00001000
,
00000010
00001000
00000001
00000100
00001000
00010000
00100000
10000000
,
00100000
00000000
00000000
00000000
00000000
01000000
00010000
01000000
,
00100000
00000000
00000000
00100000
10000000
00000000
00000000
10000000
00100000
00000000
00000000
00100000
01000000
00000000
00000000
01000000
,
00001000
00010000
00000100
00010000
00001000
01000000
00001000
00000000
,
00010000
00000000
00000000
00010000
00001000
00000000
00000000
00001000
00000010
00000000
00000000
00000010
00000001
00000000
00000000
00000001
,
00000100
00000010
00001000
00000100
00001000
00000010
00001000
00000000
,
00000100
00000000
00000000
00000100
00010000
00000000
00000000
00010000
00000100
00000000
00000000
00000100
00001000
00000000
00000000
00001000
,
00000010
00010000
00001000
01000000
00001000
00100000
00010000
00000000
,
01000000
00000000
00000000
01000000
00100000
00000000
00000000
00100000
01000000
00000000
00000000
01000000
00010000
00000000
00000000
00010000
,
00100000
00010000
01000000
00100000
10000000
00100000
01000000
00001000
,
00010000
00000100
00000000
00010000
00000000
00010010
00000000
00001100
,
00000000
00000010
00000000
00001000
00000000
00000101
00000000
00000011
,
00000000
00000100
00000000
00001000
00000000
00001010
00000000
00010010
,
00000000
00010000
00000000
00001000
00000000
01001000
00000000
00110000
,
00100000
00000000
00000000
00100000
00001000
00000000
00000000
00001000
00100000
00000000
00000000
00100000
00010000
00000000
01000000
00000000
,
00100000
00000000
00000000
00100000
10000000
00000000
00000000
10000000
01000000
00000000
00000000
01000000
00010000
00000000
00001000
00000000
,
00000100
00000000
00000000
00000100
00000001
00000000
00000000
00000001
00000100
00000000
00000000
00000100
00000010
00000000
00001000
00000000
,
00000100
00000000
00000000
00000100
00010000
00000000
00000000
00010000
00000100
00000000
00000000
00000100
00001000
00000000
00000010
00000000
,
00010000
00000000
00000000
00010000
00001000
00000000
00000000
00001000
00010000
00000000
00000000
00010000
00100000
00000000
10000000
00000000
,
01000000
00000000
00000000
01000000
10000000
00000000
00000000
10000000
01000000
00000000
00000000
01000000
00100000
00000000
00010000
00000000
,
00100000
00000000
00000000
00100000
01000000
00000000
00000000
01000000
10000000
00000000
00000000
10000000
00100000
00000000
01000000
00000000
,
00001000
00000000
00000000
00001000
00010000
00000000
00000000
00010000
00001000
00000000
00000000
00001000
00000010
00000000
00000001
00000000
,
00001000
00001100
00000011
00001001
,
00000100
00000000
00000000
00000100
00010000
00000000
00000000
00010000
00000100
00000000
00000000
00000100
00001000
00000000
00000000
00000000
,
00011000
00101000
00011000
01001000
,
00001000
00000000
00000000
00001000
01000000
00000000
00000000
01000000
00001000
00000000
00000000
00001000
00010000
00000000
00000000
00000000
,
01010000
00110000
01001000
00011000
,
00001000
00000000
00000000
00001000
00010000
00000000
00000000
00010000
00001000
00000000
00000000
00001000
01000000
00000000
00000000
00000000
,
00011000
00010100
00000110
00001001
,
00000010
00000000
00000000
00000010
00001000
00000000
00000000
00001000
00000010
00000000
00000000
00000000
00001001
00000000
00000000
00000000
,
00001000
00000000
00000000
00001000
00000100
00000000
00000000
00000100
00000010
00000000
00000000
00000010
00000100
00000000
00000000
00000100
,
00010000
00000000
00000000
00010000
00001000
00000000
00000000
00001000
00010000
00000000
00000000
00010000
00100000
00000000
00000000
00100000
,
10000000
00000000
00000000
10000000
00100000
00000000
00000000
00100000
01000000
00000000
00000000
01000000
00010000
00000000
00000000
00010000
,
00100000
01000000
10000000
00100000
10000000
00010000
10000000
01000000
,
00100000
00010000
01000000
00001000
00010000
00000010
00001000
00000001
,
00001000
00000100
00001000
00000001
00000100
00001000
00010000
00100000
,
10000000
01000000
00100000
00010000
00100000
00001000
01000000
00010000
,
00100000
00001000
00010000
00000010
00010000
00000100
00001000
00000010
,
00001000
00000001
00001000
00000100
00010000
00001000
01000000
00010000
,
10000000
00010000
01000000
00010000
00100000
01000000
10000000
01000000
,
00100000
00001000
00010000
00000010
00001000
00000100
00000010
00000001
,
00000100
00000000
00000000
00000100
00000010
00000000
00000000
00000010
00000100
00000000
00000000
00000100
00000001
00000000
00000000
00000001
,
00001000
00000100
00010000
00001000
01000000
00001000
00010000
00000000
,
00001000
00000000
00000000
00001000
01000000
00000000
00000000
01000000
00001000
00000000
00000000
00001000
00010000
00000000
00000000
00010000
,
01000000
10000000
00010000
10000000
01000000
00100000
00010000
00000000
,
10000000
00000000
00000000
10000000
01000000
00000000
00000000
01000000
10000000
00000000
00000000
10000000
00100000
00000000
00000000
00100000
,
00010000
00001000
01000000
00001000
00010000
00000010
00010000
00000000
,
00001000
00000000
00000000
00001000
00000100
00000000
00000000
00000100
00001000
00000000
00000000
00001000
00010000
00000000
00000000
00010000
,
00000010
00001000
00000100
00000010
00000100
00001000
00000001
00000100
,
00000010
00000000
00000000
00000010
00001000
00000000
00000000
00001000
00000010
00000000
00000000
00000010
00000100
00000000
00000000
00000100
,
00000001
00000010
00000100
00001000
00000010
00010000
00001000
00000000
,
00010000
00000000
00000000
00010000
00001000
00000000
00000000
00001000
00010000
00000000
00000000
00010000
01000000
00000000
00000000
01000000
,
10000000
00000000
00100000
00000000
01000000
00000000
00010000
00000000
00100000
00000000
01000000
00000000
10000000
00010000
10000000
00000000
,
11000000
MM000000
00000000
00000000
00000000
00000000
00000000
00000000
;

//---------------dance-double - M.Emirzian----------------
#NOTES:
     dance-double:
     M.Emirzian:
     Challenge:
     9:
     0.736,0.000,0.212,0.277,0.784,505.000,23.000,30.000,2.000,0.000,0.000:
00000000
00000000
00000000
00000000
,
00000000
00000000
00000000
00000000
,
00000000
00000000
00000000
00000000
,
00000000
00000000
00000000
00000000
,
00001000
00000000
00010000
00000000
00000000
00000000
00110000
00000000
00000010
00001000
00000010
00000000
00000000
00000000
00001100
00000000
,
01000000
00010000
01000000
00000000
00000000
00000000
00110000
00000000
00000100
00001000
00000100
00000000
00000000
00000000
00001010
00000000
,
00100000
00010000
00100000
00000000
00000000
00000000
00011000
00000000
00100000
00000010
00100000
00000000
00000000
00000000
00010000
00000000
,
00001000
00000000
00010000
00001000
00010000
00000000
00001000
00010000
00001000
00000000
00000010
00000000
00000001
00000000
00001000
00000000
,
00000010
00000000
00000100
00000000
00000001
00001000
00000001
00000100
00000001
00001000
00000100
00001000
00000001
00001000
00000100
00010000
,
00001000
00000000
00000000
00001000
01000000
00000000
00000000
01000000
10000000
00000000
00000000
10000000
00100000
00000000
00000000
00100000
,
00010000
00000000
10000000
00000000
00100000
10000000
00100000
10000000
00010000
10000000
01000000
10000000
00010000
10000000
00100000
01000000
,
00100000
00000000
00000000
00100000
00010000
00000000
00000000
00010000
01000000
00000000
00000000
01000000
00010000
00000000
00000000
00010000
,
00001000
00000000
00000010
00000000
00000100
00001000
00000100
00000010
00000001
00001000
00000100
00001000
00000001
00000100
00000010
00001000
,
00000010
00000000
00000000
00000010
00000100
00000000
00000000
00000100
00001000
00000000
00000000
00001000
00000010
00000000
00000000
00000010
,
00001000
00000000
00010000
00000000
00000100
00010000
00001000
00010000
00000010
00010000
00001000
00010000
00000100
00010000
00001000
00010000
,
00000010
00000000
00010000
00000000
00001000
00010000
00001000
00000000
01000000
00100000
01000000
00000000
00010000
10000000
00010000
10000000
,
00010000
00000000
22000000
00000000
00000000
33000000
00220000
00000000
00000000
00330000
00202000
00000000
00000000
00303000
00022000
00000000
,
00000000
00033000
00020020
00000000
00000000
00030030
00002020
00000000
00000000
00003030
00000022
00000000
00000000
00000033
00000202
00000000
,
00000000
00000303
00002020
00000000
00000000
00003030
00002200
00000000
00000000
00003300
00020200
00000000
00000000
00030300
00022000
00000000
,
00000000
00033000
02002000
00000000
00000000
03003000
02020000
00000000
00000000
03030000
20200000
00000000
00000000
30300000
10010000
00000000
,
10000000
00000000
00010000
00000000
00000000
00010000
00100000
00000000
01000000
00000000
00000000
00000000
10000000
00010000
00000000
00000000
,
00010000
00000000
01000000
00000000
00000000
01000000
00001000
00000000
00010000
00000000
00000000
00000000
00100000
00010000
00000000
00000000
,
00010000
00000000
00001000
00000000
00000000
00001000
00000010
00000000
00001000
00000000
00000000
00000000
00010000
00001000
00000000
00000000
,
00001000
00000000
00000100
00000000
00000000
00000100
00000001
00000000
00001000
00000000
00000000
00000000
00000100
00000010
00000000
00000000
,
00000010
00000000
00000100
00000000
00000000
00000100
00001000
00000000
00000001
00000000
00000000
00000000
00000100
00001000
00000000
00000000
,
00001000
00000000
00010000
00000000
00000000
00010000
00100000
00000000
10000000
00000000
00000000
00000000
00010000
01000000
00000000
00000000
,
01000000
00000000
00100000
00000000
00000000
00100000
10000000
00000000
01000000
00000000
00000000
00000000
00100000
00010000
00000000
00000000
,
10000000
00000000
01000000
00000000
00000000
01000000
00010000
00000000
00001000
00000000
00000000
00000000
00000010
00000100
00000000
00000000
,
00001000
00000000
00000000
00001000
00000001
00000000
00000000
00000001
00000100
00000000
00000000
00000100
00001000
00000000
00000000
00001000
,
00000010
00000000
00000000
00000010
00001000
00000000
00000000
00001000
00010000
00000000
00000000
00010000
00100000
00000000
00000000
00100000
,
00010000
00000000
00000000
00010000
10000000
00000000
00000000
10000000
00100000
00000000
00000000
00100000
00001000
00000000
00000000
00001000
,
00010000
00000000
00000000
00010000
01000000
00000000
00000000
01000000
10000000
00000000
00000000
10000000
00100000
00000000
00000000
00100000
,
00010000
00000000
00000000
00010000
01000000
00000000
00000000
01000000
00010000
00000000
00000000
00010000
00001000
00000000
00000000
00001000
,
00010000
00000000
00000000
00010000
00000010
00000000
00000000
00000010
00000001
00000000
00000000
00000001
00000100
00000000
00000000
00000100
,
00001000
00000000
00000000
00001000
00010000
00000000
00000000
00010000
00001000
00000000
00000000
00001000
00010000
00000000
00000000
00010000
,
00001000
01000000
00001000
00010000
00001000
00100000
00001000
00010000
00001000
01000000
00001000
00010000
00000010
00010000
00001000
00010000
,
00000100
00010000
00001000
00000000
01000000
00010000
01000000
00000000
00100000
10000000
00100000
00000000
01000000
00001000
01000000
00000000
,
00000010
00010000
00000010
00000000
00000100
00000010
00000100
00000000
00000001
00001000
00000001
00000000
00001000
00010000
00001000
00000000
,
00011000
00000000
00000000
00000000
01000000
00100000
01000000
00000000
00001000
00010000
00001000
00000000
00000010
00000100
00000010
00000000
,
00000001
00001000
00000010
00010000
00001000
00100000
00000100
00010000
,
00001000
01000000
00000100
00010000
00001000
01000000
00000100
01000000
,
00001000
00100000
00000010
00100000
00001000
00010000
00000001
00010000
,
00000001
00010000
00001000
10000000
00001000
10000000
01000000
00100000
,
00000100
00010000
00001000
01000000
00000100
01000000
00001000
00010000
,
00000010
00010000
00000100
00010000
00000001
00010000
00001000
10000000
,
00001000
01000000
00001000
00010000
00001000
00100000
00010000
01000000
,
10000000
00100000
00010000
10000000
01000000
00010000
00100000
01000000
,
00001000
00000000
00010000
00000000
00000100
00001000
00000001
00001000
00000010
00001000
00000001
00001000
00000100
00001000
00000010
00000100
,
00000001
00000000
00000000
00000001
00000010
00000000
00000000
00000010
00001000
00000000
00000000
00001000
00000100
00000000
00000000
00000100
,
00001000
00000000
00010000
00000000
00001000
01000000
00001000
00010000
00001000
00100000
00001000
00010000
00001000
01000000
00001000
00010000
,
00001000
00000000
00000000
00001000
01000000
00000000
00000000
01000000
10000000
00000000
00000000
10000000
00100000
00000000
00000000
00100000
,
00010000
00000000
10000000
00000000
01000000
00100000
00010000
10000000
00100000
10000000
00010000
01000000
00010000
10000000
01000000
10000000
,
00010000
00000000
00000000
00010000
00100000
00000000
00000000
00100000
01000000
00000000
00000000
01000000
00010000
00000000
00000000
00010000
,
00001000
00000000
00000010
00000000
00000100
00010000
00000100
00001000
00000100
00010000
00001000
00010000
00000010
00001000
00000010
00010000
,
00001000
00000000
00000000
00001000
00010000
00000000
00000000
00010000
00001000
00000000
00000000
00001000
00000100
00000000
00000000
00000100
,
00000001
00000000
00001000
00000000
00000001
00000100
00000001
00001000
00000100
00001000
00000010
00001000
00000001
00001000
00000100
00010000
,
00001000
00000000
00000000
00001000
00010000
00000000
00000000
00010000
00001000
00000000
00000000
00001000
01000000
00000000
00000000
00100000
,
01000000
00000000
00010000
00000000
00100000
00001000
00100000
00010000
00100000
00001000
00010000
00001000
01000000
00010000
01000000
00100000
,
10000000
00000000
01000000
00000000
00100000
00000000
00010000
01000000
00001000
00010000
00000100
00010000
00001000
00010000
00000010
00000000
,
00001010
0000M0M0
00000000
00000000
00000000
00000000
00000000
00000000
;

//---------------dance-single - K. Ward----------------
#NOTES:
     dance-single:
     K. Ward:
     Beginner:
     1:
     0.084,0.000,0.018,0.000,0.000,62.000,2.000,0.000,0.000,0.000,0.000:
0000
0000
0000
0000
,
0000
0000
0000
0000
,
0000
0000
0000
0000
,
0000
0000
0000
0000
,
0001
0000
0000
0000
,
1000
0000
0000
0000
,
0001
0000
0000
0000
,
1001
0000
0000
0000
,
0100
0000
0000
0000
,
0100
0000
0000
0000
,
0010
0000
0000
0000
,
0010
0000
0000
0000
,
1000
0000
0000
0000
,
1000
0000
0000
0000
,
0001
0000
0000
0000
,
0001
0000
0000
0000
,
0010
0000
0000
0000
,
0100
0000
0000
0000
,
1000
0000
0000
0000
,
0001
0000
0000
0000
,
1000
0000
0000
0000
,
0010
0000
0000
0000
,
0100
0000
0000
0000
,
0001
0000
0000
0000
,
1000
0000
1000
0000
,
1000
0000
0000
0000
,
0001
0000
0001
0000
,
0001
0000
0000
0000
,
0010
0000
0000
0000
,
0010
0000
0000
0000
,
0001
0000
0000
0000
,
0001
0000
0000
0000
,
1000
0000
0000
0000
,
1000
0000
0000
0000
,
0001
0000
1000
0000
,
0001
0000
0000
0000
,
1000
0000
0000
0000
,
0000
0000
0000
0000
,
1000
0000
0000
0000
,
0010
0000
0000
0000
,
0010
0000
0000
0000
,
0100
0000
0000
0000
,
0100
0000
0100
0000
,
0001
0000
0000
0000
,
0001
0000
0000
0000
,
1000
0000
0000
0000
,
1000
0000
1000
0000
,
0001
0000
0000
0000
,
0001
0000
0000
0000
,
1000
0000
0000
0000
,
1000
0000
0000
0000
,
0010
0000
0000
0000
,
0010
0000
0000
0000
,
0001
0000
0000
0000
,
0001
0000
1000
0000
,
0001
0000
0000
0000
,
0001
0000
0000
0000
,
0100
0000
0000
0000
,
1000
0000
0100
0000
,
1001
0000
0000
0000
;
