#TITLE:Vorsprung Durch;
#SUBTITLE:-Techno-;
#ARTIST:Sly/Fly/Badman;
#TITLETRANSLIT:;
#SUBTITLETRANSLIT:;
#ARTISTTRANSLIT:;
#GENRE:Classical Techno;
#CREDIT:;
#BANNER:Vorsprung Durch Techno-banner.png;
#BACKGROUND:Vorsprung Durch Techno-bg.png;
#LYRICSPATH:;
#CDTITLE:;
#MUSIC:Vorsprung Durch Techno.ogg;
#OFFSET:0.020;
#SAMPLESTART:59.080;
#SAMPLELENGTH:11.980;
#SELECTABLE:YES;
#BPMS:0.000=132.000,222.000=100.000;
#STOPS:;
#BGCHANGES:0.000=Vorsprung Durch Techno-bg.png=1.000=0=0=1=====,
18.000=In The Groove 2/753_JumpBack.mpg=1.000=0=0=1=====,
34.000=In The Groove 2/865_JumpBack.mpg=1.000=0=0=1=====,
50.000=-random-=1.000=0=0=1=====,
66.000=In The Groove 2/592_JumpBack.mpg=1.000=0=0=1=====,
82.000=In The Groove 2/953_JumpBack.mpg=1.000=0=0=1=SongBgWithMovieViz===0^1^1^1=0.5^0.5^0.5^1,
98.000=In The Groove 2/963_JumpBack.mpg=1.000=1=0=1=SongBgWithMovieViz==CrossFade=1^1^0^1=,
114.000=In The Groove 2/632_JumpBack.mpg=1.000=0=0=1=====,
130.000=In The Groove 2/753_JumpBack.mpg=1.000=0=0=1=====,
146.000=-random-=1.000=0=0=1=====,
162.000=-random-=1.000=0=0=1=====,
178.000=-random-=1.000=0=0=1=====,
194.000=-random-=1.000=0=0=1===FadeRight==,
210.000=-random-=1.000=0=0=1===FadeUp==,
222.000=In The Groove 2/800_JumpBack.mpg=1.000=1=0=1=SongBgWithMovieViz==CrossFade=1^0^1^1=,
225.000=Vorsprung Durch Techno-bg.png=1.000=1=0=1===CrossFade==,
99999=-nosongbg-=1.000=0=0=0 // don't automatically add -songbackground-
;
#BGCHANGES2:18.000=flash=1.000=0=0=1=====,
34.000=flash=1.000=0=0=1=====,
46.000=flash=1.000=0=0=1====1^1^0^1=,
50.000=flash=1.000=0=0=1=====,
66.000=flash=1.000=0=0=1=====,
82.000=flash=1.000=0=0=1=====,
90.000=flash=1.000=0=0=1====1^1^0^1=,
114.000=flash=1.000=0=0=1=====,
122.000=flash=1.000=0=0=1====1^0^0^1=,
124.000=flash=1.000=0=0=1====1^1^0^1=,
126.000=flash=1.000=0=0=1====0^1^0^1=,
128.000=flash=1.000=0=0=1====0^1^1^1=,
130.000=flash=1.000=0=0=1=====,
146.000=flash=1.000=0=0=1=====,
162.000=flash=1.000=0=0=1=====,
178.000=flash=1.000=0=0=1=====,
182.000=flash=1.000=0=0=1====1^0^0^1=,
186.000=flash=1.000=0=0=1====1^1^0^1=,
188.000=flash=1.000=0=0=1====0^1^0^1=,
190.000=flash=1.000=0=0=1====0^1^1^1=,
;
#KEYSOUNDS:;
// cache tags:
#FIRSTBEAT:18.000;
#LASTBEAT:228.750;
#SONGFILENAME:/Songs/In The Groove 2/Vorsprung Durch Techno/Vorsprung Durch Techno.sm;
#HASMUSIC:1;
#HASBANNER:1;
#MUSICLENGTH:108.181;
// end cache tags

//---------------dance-single - ----------------
#NOTES:
     dance-single:
     :
     Easy:
     4:
     0.255,0.000,0.333,0.009,0.000,156.000,36.000,1.000,0.000,0.000,0.000:
0000
0000
0000
0000
,
0000
0000
0000
0000
,
0000
0000
0000
0000
,
0000
0000
0000
0000
,
0000
0000
1000
0001
,
0110
0000
0100
0010
,
1001
0000
1000
0010
,
0101
0000
1000
0100
,
0001
0010
0001
0001
,
0011
0000
1000
1000
,
1010
0000
0100
0010
,
1001
0000
1000
0001
,
0010
0100
1000
0100
,
0100
0000
0010
0000
,
0001
0000
1000
0010
,
0010
0000
1010
0000
,
0101
0000
1000
0001
,
0001
0000
0010
0000
,
0100
0000
1000
0001
,
1000
0000
1100
0000
,
0011
0000
1000
0000
,
0100
0000
1000
0000
,
0100
0000
0010
0000
,
0001
0000
0010
0000
,
0001
0000
1000
0000
,
0100
0000
1000
0000
,
0100
0000
0010
0000
,
0001
0000
0010
0000
,
0001
0000
1000
0001
,
0100
0010
1000
0010
,
0100
0001
1000
0100
,
0010
0001
1010
1001
,
1100
1001
0001
0001
,
0011
0000
0100
0100
,
0101
0000
0010
0001
,
1000
0100
0010
0001
,
0110
0000
1000
0010
,
1010
0000
1000
0100
,
0101
0000
1000
0001
,
0010
0100
0100
0100
,
1010
0000
1000
0010
,
1010
0000
0100
0001
,
0011
0000
1000
0100
,
1100
0000
1000
0001
,
1000
0001
0001
0010
,
0101
0000
0001
1000
,
0011
0000
0001
1000
,
1010
0000
0001
1000
,
0100
0010
1000
0001
,
1010
0000
1000
0100
,
0101
0000
1000
0011
,
0011
0000
1000
0100
,
0010
0001
1001
0110
,
1000
0001
1000
0100
,
0001
0010
1001
0110
,
1001
0110
2000
0000
,
0000
0000
3000
0000
;

//---------------dance-single - ----------------
#NOTES:
     dance-single:
     :
     Medium:
     6:
     0.437,0.000,0.434,0.074,0.000,276.000,47.000,8.000,0.000,0.000,0.000:
0000
0000
0000
0000
,
0000
0000
0000
0000
,
0000
0000
0000
0000
,
0000
0000
0000
0000
,
0000
0000
0000
0000
1000
0100
0010
0001
,
0010
0000
1001
0000
1000
0010
0100
0000
,
0101
0000
0011
0000
0001
1000
0001
0100
,
0010
0000
1001
0000
1000
0100
0010
0000
,
0001
0100
0010
1000
0001
0010
0100
1000
,
0100
0000
1001
0000
0001
0100
0010
0000
,
1010
0000
1100
0000
1000
0001
1000
0010
,
0100
0000
1001
0000
0001
0010
0100
0000
,
1000
0010
0100
0001
0020
0100
0000
0001
,
0000
0130
0000
1000
0002
0010
0000
0100
,
0000
0013
0000
0100
2000
0001
0000
0010
,
0000
3001
0000
0001
0100
0010
1000
0000
,
0011
0000
1100
0000
0200
0010
0000
1000
,
0000
0310
0000
0001
2000
0100
0000
0010
,
0000
3100
0000
0010
0002
1000
0000
0100
,
0000
1003
0000
1000
0010
0100
0001
0000
,
1010
0101
1000
0100
,
0001
0010
1000
0100
,
0010
0000
0001
0100
,
1000
0010
0001
0100
,
0010
0000
1000
0001
,
0100
0010
1000
0001
,
1000
0000
0000
0000
1000
0000
0010
0100
,
0001
0000
0010
0100
1000
0000
0001
0100
,
1000
0000
1000
0100
0001
0000
1010
0000
,
0101
0011
1100
1001
,
0110
0000
1001
0000
1000
0001
0100
0010
,
1000
0001
0100
0010
1000
0000
1001
0000
,
0011
0101
1100
1010
,
1000
0001
0000
0010
0100
1000
0001
0010
,
0100
0010
0000
0001
0100
0010
0000
1000
,
0100
1000
0000
0001
0100
0001
0010
0001
,
1000
0110
0011
0101
,
0001
1000
0000
0100
0010
0001
1000
0100
,
0010
0100
0000
1000
0010
0100
0000
0001
,
0010
0001
0000
1000
0010
1000
0100
1000
,
0001
0000
0110
0000
1000
0100
0010
0100
,
1000
0000
0101
0000
0100
0010
0010
0000
,
1001
0000
0110
0000
1000
0010
0100
0001
,
0100
0000
1100
0000
1000
0100
1000
0000
,
0001
0100
0001
0010
0100
1000
0010
0100
,
0001
0000
1010
0000
1000
0001
0010
0000
,
1100
0000
0101
0000
1000
0100
0010
0001
,
0010
0000
1010
0000
1000
0010
1000
0000
,
0001
0010
0001
0000
1001
0000
1100
0000
,
0010
0001
0100
0000
0010
1000
0010
0000
,
1000
0100
0001
0000
0011
0000
0101
0000
,
1000
0010
0100
0000
0001
1000
0100
0000
,
1000
0001
0100
0000
1100
0000
0101
0000
,
0010
0100
0010
0000
0001
0100
0010
0100
,
0001
0010
0100
1000
1100
0000
0011
0000
,
0101
1010
2002
0000
,
0000
0000
3003
0000
;

//---------------dance-single - ----------------
#NOTES:
     dance-single:
     :
     Hard:
     8:
     0.563,0.000,0.240,0.018,0.439,398.000,26.000,2.000,0.000,0.000,0.000:
0000
0000
0000
0000
,
0000
0000
0000
0000
,
0000
0000
0000
0000
,
0000
0000
0000
0000
,
0000
0000
0000
0000
0000
0000
0000
0000
1000
0000
0100
0000
0011
0000
0000
0001
,
0100
0000
0000
0100
0010
0000
0000
0010
1000
0000
0001
0000
0101
0000
0000
1000
,
0100
0000
0000
0100
0010
0000
0000
0010
0001
0000
0100
0000
1010
0000
0000
1000
,
0001
0000
0000
0001
0010
0000
0000
0010
0100
0000
1000
0010
1000
0000
0001
0000
,
0010
0000
1000
0000
0010
0000
0001
0000
0100
0000
0010
0000
1001
0000
0000
1000
,
0100
0000
0000
0100
0010
0000
0000
0010
0001
0000
1000
0000
1010
0000
0000
0001
,
0010
0000
0000
0010
0100
0000
0000
0100
1000
0000
0010
0000
1100
0000
0000
0100
,
0010
0000
0000
0010
0001
0000
0000
0001
0100
0000
0010
1000
0010
0000
1000
0000
,
0100
0001
0100
1000
0001
0001
0100
0010
,
0010
0000
1000
0100
0000
0000
1000
0000
0001
0000
0100
0010
0000
0000
1000
0000
,
1000
0000
0100
0010
0000
0000
0001
0000
0001
0000
0010
0100
0000
0000
0100
0000
,
1000
0000
0001
0100
0000
0000
0010
0000
1000
0000
0100
0000
0010
0000
0001
0000
,
0100
0000
0000
0000
1001
0000
0000
0000
1000
0000
1000
0100
0000
0000
0010
0000
,
0010
0000
0001
0100
0000
0000
0010
0000
1000
0000
1000
0100
0000
0000
1000
0000
,
0010
0000
0001
0010
0000
0000
1000
0000
0001
0000
0001
0010
0000
0000
0010
0000
,
0100
0000
0100
1000
0000
0000
0001
0000
0100
0000
0010
0000
1000
0000
0100
0000
,
0010
0000
0000
0000
1001
0000
0000
0000
0001
0100
0000
0100
0010
0000
0000
0000
,
1000
0100
0000
0100
0010
0000
0000
0000
0001
1000
0000
1000
0010
0000
0000
0000
,
0100
0001
0000
0001
0010
0000
0000
0000
0100
1000
0000
1000
0001
0000
0000
0000
,
0100
0010
0000
0010
1000
0000
0000
0000
0100
0010
0000
0010
0001
0000
0000
0000
,
1000
0010
0000
0010
0100
0000
0000
0000
0001
1000
0000
1000
0100
0000
0000
0000
,
0010
0001
0000
0001
0100
0000
0000
0000
0010
1000
0000
1000
0100
0000
0000
0000
,
0001
0010
0000
0010
0100
0000
0000
0000
1000
0001
0000
0100
0010
0000
0000
0000
,
0010
0000
0000
1000
0100
0000
0010
0000
0010
0000
0000
0010
0001
0000
0100
0000
,
0100
0000
0000
0010
1000
0000
0100
0000
0100
0000
0000
0100
0010
0000
0000
0010
,
0001
0000
0000
0001
1000
0000
0000
1000
0010
0000
0000
0010
0100
0000
0000
0100
,
0001
0000
0000
0001
0010
0000
0000
0010
0100
0000
0000
0000
1001
0000
0000
0000
,
1100
0000
0011
0000
0100
1000
0010
0001
,
0010
0000
1000
0000
0100
0000
0001
0000
0110
0000
0000
1000
0100
0000
0010
0000
,
0001
0000
0100
0000
0010
0000
1000
0000
0001
0000
0000
0001
0010
0000
0100
0000
,
1000
0100
0001
0100
1000
0010
0000
0101
,
0001
0010
0000
1100
1000
0010
0100
0100
,
0001
0000
1000
0000
0100
0000
0010
0000
0001
0000
0000
0001
0010
0000
0100
0000
,
1000
0000
0010
0000
0100
0000
0001
0000
1000
0000
0000
1000
0100
0000
0010
0000
,
0001
0010
1000
0010
0001
0100
0000
1010
,
1000
0100
0000
0011
0001
0100
0010
0010
,
1000
0000
0001
0000
0010
0000
0100
0000
1000
0000
0001
0000
0101
0000
0000
0100
,
0010
0000
0000
0010
1000
0000
0000
1000
0100
0000
0010
0000
0011
0000
0000
1000
,
0010
0000
0000
0010
0100
0000
0000
0100
0001
0000
0010
0000
0110
0000
0000
1000
,
0001
0000
0000
0001
0100
0000
0000
0100
0010
0000
1000
0100
1000
0000
0001
0000
,
0100
0000
1000
0000
0100
0000
0001
0000
1000
0000
0100
0000
1001
0000
0000
1000
,
0010
0000
0000
0010
0100
0000
0000
0100
0001
0000
0010
0000
1001
0000
0000
0001
,
0100
0000
0000
0100
0010
0000
0000
0010
1000
0000
0001
0000
0110
0000
0000
1000
,
0100
0000
0000
0100
0010
0000
0000
0010
0001
0000
0100
0010
0100
0000
0010
0000
,
1000
0000
0001
0000
0010
0000
0100
0000
1000
0000
0010
0000
0100
0000
0001
0010
,
0001
0000
0100
0000
0100
0000
0000
0000
0010
0000
1000
0000
0001
0000
0010
0100
,
0010
0000
0100
0000
0100
0000
0000
0000
1000
0000
0010
0000
0100
0000
0001
1000
,
0001
0010
0010
0000
0100
1000
0001
0100
,
1000
0100
0001
0010
0100
1000
0010
0001
,
0010
1000
0001
0010
0100
1000
0001
0100
,
1000
0100
0001
1000
1010
0000
0101
0000
,
0011
1100
2000
0002
,
0000
0000
3003
0000
;

//---------------dance-single - ----------------
#NOTES:
     dance-single:
     :
     Challenge:
     10:
     0.780,0.000,0.444,0.009,0.804,542.000,48.000,1.000,12.000,0.000,0.000:
0000
0000
0000
0000
,
0000
0000
0000
0000
,
0000
0000
0000
0000
,
0000
0000
0000
0000
,
0000
0000
0000
0000
0000
0000
0000
0000
1100
0000
0001
0000
0101
0000
0010
1000
,
0100
0000
0010
0001
0100
0000
0010
1000
0001
0000
1010
0000
0101
0000
0001
0010
,
0100
0000
1000
0010
0100
0000
0001
1000
0100
0000
0011
0000
0101
0000
0010
1000
,
0010
0000
1000
0001
0100
0000
0001
1000
0100
0000
0010
0001
0100
0000
0010
0000
,
1001
0000
0010
0000
0110
0000
1000
0000
0011
0000
1000
0000
1010
0000
0100
0001
,
0010
0000
0100
1000
0010
0000
0100
0001
1000
0000
0100
0000
1001
0000
1000
0100
,
0010
0000
0001
0100
0010
0000
1000
0001
0010
0000
0100
0000
1010
0000
0100
0001
,
0100
0000
0001
1000
0010
0000
1000
0001
0010
0000
0100
1000
0010
0000
0100
0000
,
1001
0000
0100
0000
0110
0000
0001
0000
1000
0100
1000
0100
0000
0010
0001
0000
,
1000
0010
1000
0010
0000
0100
0001
0000
1000
0001
1000
0001
0000
0100
0010
0000
,
1000
0100
0010
0001
0000
0100
0010
0000
1000
0001
0010
0100
0000
1000
0010
0000
,
0100
0001
0100
0001
0000
0010
0100
0000
1000
0001
1000
0000
0010
0100
0010
0000
,
1010
0000
1000
0000
0011
0000
00MM
0000
0001
0010
0001
0010
0000
0100
1000
0000
,
0001
0100
0001
0100
0000
0010
1000
0000
0001
1000
0001
1000
0000
0010
0100
0000
,
0001
0010
0100
1000
0000
0010
0100
0000
0001
1000
0100
0010
0000
0001
0100
0000
,
0010
1000
0010
1000
0000
0100
0010
0000
0001
1000
0001
0000
0100
0010
0100
0000
,
0101
0000
1000
0000
1100
0000
MM00
0000
1000
0100
0000
0100
0010
0000
00M0
0000
,
0001
0100
0000
0100
0010
0000
00M0
0000
1000
0001
0000
0001
0100
0000
0M00
0000
,
0001
1000
0000
1000
0100
0000
0M00
0000
0010
0001
0000
0001
0100
0000
0M00
0000
,
0010
1000
0000
1000
0100
0000
0M00
0000
0001
0100
0000
0010
1000
0000
M000
0000
,
0100
0010
0000
0001
0100
0000
0M00
0000
1000
0100
0000
0010
0001
0010
0000
0000
,
0001
0100
0000
0010
1000
0010
0000
0000
1000
0001
0000
0010
0100
1000
0000
0000
,
0001
1000
0000
0010
0100
0001
0000
0000
0001
0000
1000
0100
1000
0000
0010
0000
,
0100
0000
0001
0010
0100
0000
1000
0000
0001
0000
0010
0100
0010
0000
0100
0000
,
1000
0000
0001
0010
0100
0000
1000
0000
0001
0000
0100
0010
0100
0000
0010
1000
,
0010
0000
1000
0001
1000
0000
0001
0010
0001
0000
0010
0100
1000
0000
0010
0100
,
0001
0000
1000
0001
0100
0000
0001
1000
0100
0000
0010
0000
1001
0000
0010
0000
,
0101
0000
1000
0000
1100
0000
0010
0000
0001
0100
0001
0100
0010
1000
0010
1000
,
0001
0010
0100
1000
0010
0100
0001
1000
1001
0000
1000
0010
1000
0000
0100
0000
,
0011
0000
0100
0000
1000
0001
0100
0000
0010
0000
0010
0100
0001
0000
1000
0000
,
0110
0000
0010
0000
0001
0100
0001
0000
1000
0000
0100
0000
0010
0001
0100
0000
,
1000
0000
0001
0000
0010
0100
0010
0000
0100
0000
1000
0100
0010
0000
0001
0100
,
0001
0000
0010
0000
1001
0000
0110
0000
1000
0000
0001
0100
0001
0000
1000
0000
,
1100
0000
0010
0000
0001
1000
0010
0000
0100
0000
0100
0010
1000
0000
0001
0000
,
0110
0000
0100
0000
1000
0010
1000
0000
0001
0000
0011
0000
0100
1000
0010
0000
,
0101
0000
1000
0000
0100
0010
0100
0000
1010
0000
0001
0010
0100
0000
1000
0010
,
1000
0000
0100
0000
1001
0000
0100
0000
1010
0000
0010
0000
0101
0000
1000
0100
,
0010
0000
0001
1000
0100
0000
1000
0010
0100
0000
0001
0000
0011
0000
0001
1000
,
0010
0000
0100
0001
0010
0000
0100
1000
0100
0000
1000
0000
0101
0000
0100
0010
,
0100
0000
0010
1000
0010
0000
1000
0001
0010
0000
0100
1000
0010
0000
0100
0000
,
0110
0000
0001
0000
0110
0000
1000
0000
0101
0000
1000
0000
1010
0000
0001
0010
,
0100
0000
1000
0001
0010
0000
0001
0100
0010
0000
1000
0000
0100
0000
1000
0001
,
0100
0000
0010
1000
0100
0000
0010
0001
0010
0000
0100
0000
1000
0000
0010
0100
,
0010
0000
0100
0001
0100
0000
0001
1000
0100
0000
0010
0001
0100
0000
0010
0000
,
1001
0000
0100
0000
0101
0000
0001
0000
0011
0000
1000
0100
1000
0000
0100
0000
,
1010
0000
0100
0000
0001
0010
0100
0000
1100
0000
1000
0001
0100
0000
0010
0000
,
1100
0000
0100
0000
0001
0100
0001
0000
0011
0000
0100
0000
1000
0010
0100
0000
,
1001
0000
0100
0000
1000
0001
1000
0000
0001
0000
0010
0100
1000
0001
0100
0000
,
0010
0000
1000
0000
0100
0010
0100
0000
0100
0010
0000
0001
0100
0001
0000
1000
,
0010
0100
0000
0001
0010
0001
0000
1000
0100
0010
0001
0000
0100
0010
1000
0000
,
0001
0010
0001
0000
1000
0010
1000
0010
0100
0001
0100
0001
1000
0100
0010
0001
,
1000
0001
0100
0010
1000
0100
0010
0001
0200
0000
0000
0000
0000
0000
0000
0000
,
0000
0000
0310
0000
;

//---------------dance-double - J.Casarino----------------
#NOTES:
     dance-double:
     J.Casarino:
     Hard:
     9:
     0.578,0.000,0.213,0.259,0.342,385.000,23.000,28.000,34.000,4.000,0.000:
00000000
00000000
00000000
00000000
,
00000000
00000000
00000000
00000000
,
00000000
00000000
00000000
00000000
,
00000000
00000000
00000000
00000000
,
00000000
00000000
00000000
00000000
00000000
00000000
00000000
00000000
00001000
00000000
01000000
00000000
00100000
00000000
10000000
01000000
,
20000000
00000000
00000000
00000000
30000000
00000000
M0010000
00100000
00010000
00000000
01000000
00000000
00001000
00000000
00010000
00000100
,
00001000
00000000
0000MM00
00000000
00000011
00000000
00000000
00000000
00001000
00000000
00000100
00000000
00010000
00000000
00001000
00100000
,
00002000
00000000
00000000
00000000
00003000
00000000
0001M000
00000100
00010000
00000000
00001000
01000000
00001000
00000000
00010000
00000000
,
00000010
00000000
00000000
00000000
00000101
00000000
0000000M
00000000
00000100
00000000
00001000
00000000
00010000
00000000
00100000
01000000
,
00200000
00000000
00000000
00000000
00300000
00000000
10M00000
01000000
10000000
00000000
00100000
00000000
00010000
00000000
00001000
00010000
,
00000100
00000000
00000000
00000000
00101000
00000000
00000000
00000000
01000000
00000000
00010000
00000000
00100000
00000000
00001000
01000000
,
00002000
00000000
0M000000
00000000
00003000
00000000
0001M000
00000010
00010000
00000000
000010M0
00100000
00001000
00000000
00M10000
00000000
,
00100000
00010000
00000010
00001000
00000100
00000010
00000001
00000020
,
0000000M
00000130
000010M0
00000200
0000M000
00000301
00000100
00000010
,
00001000
00010000
01000000
00200000
0M000000
00301000
01000000
00002000
,
0M000000
00013000
00100000
00020000
00M00000
00130000
10000000
01000000
,
00010000
00001000
00100000
00002000
00M00000
00013000
00000100
00000020
,
00000M00
00001030
00010000
02000000
000M0000
03100000
10000000
00010000
,
01000000
00100000
00001000
00020000
0000M000
00030100
00010000
00000020
,
00000000
00100030
00001000
02000000
00000000
13000000
01000000
00001000
,
00010000
00000000
00000100
00000000
00000001
00000000
00000100
00000000
00001000
00000001
00000000
00000001
00001000
00000000
0000M000
00000000
,
00000010
00000001
00000000
00000001
00000010
00000000
000000M0
00000000
00000100
00001000
00000000
00001000
00000100
00000000
00000M00
00000000
,
00000010
00010000
00000000
00010000
00000010
00000000
000000M0
00000000
00010000
00100000
00000000
00100000
00010000
00000000
000M0000
00000000
,
00001000
01000000
00000000
01000000
00001000
00000000
0000M000
00000000
00100000
01000000
00000000
01000000
00100000
00000000
00M00000
00000000
,
01000000
10000000
00000000
10000000
01000000
00000000
0M000000
00000000
00010000
00001000
00000000
00100000
00001000
00000000
0000M000
00000000
,
00000010
00000001
00000000
00000100
00001000
00000000
0000M000
00000000
00001000
00010000
00000000
00000010
00010000
00000000
000M0000
00000000
,
00100000
10000000
00000000
01000000
00010000
00000000
000M0000
00000000
00010000
00000000
00000000
00001000
00000010
00000000
00000001
00000000
,
00000100
00000000
00000000
00001000
00010000
00000000
01000000
00000000
10000000
00000000
00000000
10000000
00100000
00000000
00010000
00000000
,
00001000
00000000
00000000
00100000
00010000
00000000
10000000
00000000
00010000
00000000
00000000
00010000
00001000
00000000
00000000
00001000
,
00000001
00000000
00000000
00000001
00000010
00000000
00000000
00000010
00001000
00000000
00000000
00001000
01000000
00000000
00000000
01000000
,
00100000
00000000
00000000
00100000
10000000
00000000
00000000
01000000
00100000
00000000
00010000
00000000
10000000
00000000
00100000
00000000
,
00010000
00001000
00000010
00000001
00000100
00000010
00000100
00001000
,
00010000
00000000
00100000
00000000
00010000
00000000
00001000
00000000
00000010
00000000
00000100
00001000
00000100
00000000
00010000
00000000
,
00001000
00000000
00010000
00000000
00000000
00000000
00010000
00000000
00100000
00000000
10000000
01000000
10000000
00000000
00100000
00000000
,
00010000
00001000
00000000
01000000
00001000
00000010
00000000
00000100
,
00010000
00000000
00100000
00000000
00000000
00000000
01100000
00000000
10010000
00000000
00000000
01000000
00001000
00010000
00000000
00000000
,
00020200
00000000
00000000
00000000
00031300
00000000
00000000
00000000
00000001
00000000
00000010
00000100
00000010
00000000
00000001
00000000
,
00000100
00000000
00001000
00000000
00000000
00000000
00000100
00000000
00001000
00000000
00010000
00000010
00010000
00000000
00001000
00000000
,
00100000
00001000
00000000
00000010
00001000
01000000
00000000
00100000
,
00010000
00000000
00000100
00000000
00000000
00000000
00000110
00000000
00001001
00000000
00000000
00000100
00010000
00001000
00000000
00000000
,
02002000
00000000
00000000
00000000
03103000
00000000
00000000
00000000
11000000
00000000
00010000
00000000
10000000
00000000
01000000
00100000
,
00020000
00000000
00000000
00000000
02030000
00000000
03100000
00010000
00001000
00000000
00010000
00000000
00001000
00000000
00010000
00001000
,
00000100
00000000
00000000
00000000
00000010
00000000
00000000
00000000
00000101
00000000
00000100
00000000
00000001
00000000
00000010
00000100
,
00010000
00000000
00000000
00000000
00010000
00000000
00001000
00010000
01000000
00000000
00010000
01000000
10000000
00000000
00010000
00000000
,
01000000
00000000
00100000
00000000
10000000
00000000
01000000
00000000
00100000
00000000
10000000
00000000
00100000
00000000
00001000
00010000
,
00002000
00000000
00000000
00000000
00010000
00000000
00003000
00000000
00100000
00000000
00010000
00000000
00001000
00000000
00010000
00000100
,
00002000
00000000
00000000
00000000
00000010
00000000
00000000
00000000
00003100
00000000
00000001
00000000
00000010
00000000
00000100
00001000
,
00000020
00000000
00000000
00000000
00000030
00000000
00000001
00000010
00001000
00000000
00000001
00000010
00001000
00000000
00100000
00000000
,
00001000
00000000
00010000
00000000
00100000
00000000
01000000
00000000
00010000
00000000
10000000
01000000
00100000
00000000
00010000
00000000
,
00100000
00000000
00001000
00000000
00010000
00000000
00000000
00000000
00001000
00000000
00010000
00001000
00000010
00000000
00000001
00000000
,
00000100
00000001
00000000
00001100
00000100
00010000
00000000
00001010
,
00010000
00000000
00000010
00000000
00000000
00000000
00011000
00000000
00101000
00000000
00000000
10000000
00100000
01000000
00000000
00000000
,
00220000
00000000
00000000
00000000
00331000
00000000
00000000
00000000
00001000
00000000
00010000
00100000
01000000
00000000
00010000
00000000
,
00100000
00000000
01100000
00000000
00000000
00000000
10000000
00000000
00100000
00000000
01000000
00010000
00001000
00000000
00010000
00000000
,
00100000
01000000
00000000
10100000
01000000
00001000
00000000
00101000
,
00010000
01000000
00000000
00011000
00010010
00000000
00000101
00000000
,
00000000
00000000
00122010
00000000
,
00033000
00000000
00000000
000MM000
00000000
00000000
00000000
00000000
00000000
00000000
00000000
00000000
00000000
00000000
00000000
00000000
;

//---------------dance-double - J.Casarino----------------
#NOTES:
     dance-double:
     J.Casarino:
     Medium:
     6:
     0.395,0.000,0.148,0.222,0.000,259.000,16.000,24.000,0.000,0.000,0.000:
00000000
00000000
00000000
00000000
,
00000000
00000000
00000000
00000000
,
00000000
00000000
00000000
00000000
,
00000000
00000000
00000000
00000000
,
00000000
00000000
00000000
00000000
00010000
00001000
00010000
00001000
,
00010000
00000000
00000000
00001000
00001000
00000000
01000000
00010000
,
01000000
00000000
00000000
00000000
00010000
10000000
00100000
10000000
,
00010000
00000000
00000000
00100000
00100000
00000000
01000000
10000000
,
00010000
00000000
00100000
00000000
00001000
00010000
00001000
00010000
,
00001000
00000000
00000000
00000100
00000100
00000000
00000010
00010000
,
00000010
00000000
00000000
00000000
00001000
00000100
00000010
00000100
,
00001000
00000000
00000000
00000001
00000001
00000000
00000100
00001000
,
00010000
00000000
00001000
00000000
00010000
00010000
00000000
00001000
,
00000000
00010000
00000000
00001000
00000000
00100000
00000000
00010000
,
00000000
10000000
00000000
01000000
00000000
00100000
00000000
00010000
,
00000000
01000000
00000000
00001000
00000000
00010000
00000000
00001000
,
00000000
00000100
00000000
00000010
00000000
00000100
00000000
00001001
,
00000000
00000010
00000000
00001001
00000000
00000001
00000000
00000100
,
00000000
00001000
00000000
00010000
00000000
01000000
00000000
10010000
,
00000000
00100000
00000000
10010000
00000000
10000000
00000000
01000000
,
00000000
00010000
00000000
00001000
00002000
00000000
00003200
00000000
,
00000302
00000023
00002030
00023000
,
02030000
23000000
30020000
00230000
,
00302000
00023000
00030200
00002300
,
00003020
00000230
00000302
00000100
,
00002003
00000010
00003200
00000010
,
00020300
00000000
00001000
00000000
00030010
00001000
00000010
00000000
,
00000100
00000001
00000100
00000000
00000001
00000010
00000001
00000000
,
00000010
00001000
00000010
00000000
00001000
00010000
00000100
00000000
,
00010000
00001000
00100000
00000000
00010000
10000000
00100000
00000000
,
01000000
00010000
00100000
00000000
00001000
00001000
00001000
00001000
,
00001000
00001000
00001000
00001000
00010000
00010000
00010000
00010000
,
00010000
00010000
00010000
00010000
00010000
00000000
00001000
00100000
,
00010000
01000000
00000000
00000000
10010000
00000000
00100000
10000000
,
01000000
00010000
00000000
00000000
00001000
00001000
00000000
00000000
,
00010000
00010000
00000000
00000100
00001000
00000000
00000010
00010000
,
00000010
00000000
00001000
00000000
00000101
00000000
00000001
00001000
,
00000010
00010000
00000000
00000000
00001100
00000000
00010000
00000100
,
00001000
00000010
00000000
00000000
00000100
00000100
00000000
00000000
,
00001000
00001000
00000000
00010000
00001000
00000000
00100000
00010000
,
01000000
00000000
01001000
00000000
00010000
00001000
00100000
00001000
,
00010000
00000000
00000000
00001000
00001000
00000000
00100000
00010000
,
00100000
00000000
00000000
00000000
00010000
10000000
01000000
10000000
,
00010000
00000000
00000000
10000000
10000000
00000000
01000000
00100000
,
00001000
00000000
00010000
00000000
00001000
00010000
00000100
00010000
,
00000010
00000000
00000000
00000100
00000100
00000000
00000010
00010000
,
00000010
00000000
00000000
00000000
00010000
00001000
00000100
00001000
,
00010000
00000000
00000000
00000010
00000010
00000000
00000100
00000001
,
00001000
00000000
00001100
00000000
00011000
00000000
00001000
01000000
,
00100000
00010000
00000000
00000000
01100000
00000000
10000000
01000000
,
00010000
00001000
00000000
00000000
00010000
00010000
00000000
00000000
,
00001000
00001000
00000000
00000100
00000010
00000000
00001000
00000001
,
00001000
00000000
00001010
00000000
00000101
00000000
00000001
00001000
,
00000100
00010000
00000000
00000000
00001010
00000000
00010000
00000010
,
00001000
00000100
00000000
00000000
00010000
00010000
00000000
00000000
,
00001000
00001000
00000000
00010000
01000000
00000000
02200000
00000000
,
00000000
03300000
20020000
00000000
,
30030000
00000000
00000000
00000000
;

//---------------dance-double - J.Casarino----------------
#NOTES:
     dance-double:
     J.Casarino:
     Easy:
     3:
     0.232,0.000,0.185,0.055,0.000,150.000,20.000,6.000,0.000,0.000,0.000:
00000000
00000000
00000000
00000000
,
00000000
00000000
00000000
00000000
,
00000000
00000000
00000000
00000000
,
00000000
00000000
00000000
00000000
,
00000000
00000000
10010000
10000000
,
00010000
00000000
01000000
01000000
,
00100000
00000000
10000000
00010000
,
00010000
00000000
01000000
00001000
,
00010000
00000000
00011000
00010000
,
00001000
00000000
00010000
00010000
,
00000100
00000000
00001000
00000001
,
00000001
00000000
00000100
00000010
,
00000100
00000000
00000000
00000001
,
00000000
00001000
00000000
00000010
,
00010000
00000010
00000000
00011000
,
00000000
00011000
00000000
00100000
,
00010000
00100000
00000000
01000000
,
00000000
10000000
00000000
00010000
,
00100000
00001000
00000000
00011000
,
00000000
00011000
00000000
00010000
,
00001000
00010000
00011000
00000000
,
00000100
00000000
00011000
00000000
,
01000000
00000000
00011000
00000000
,
00000010
00000000
00011000
00000000
,
00100000
00000000
00020000
00000000
,
02030000
00000000
03200000
00000000
,
20300000
30000000
01000000
01000000
,
00010000
00010000
00001000
00001000
,
00000100
00000100
00000001
00000100
,
00001000
00000100
00000001
00000100
,
00001000
00010000
00001000
00001000
,
00001000
00001000
00010000
00010000
,
00010000
00010000
00000010
00000000
,
00001000
00000001
00000001
00000000
,
00000100
00000010
00000110
00000000
,
00001001
00000000
00000001
00000010
,
00001000
00000000
00011000
00000000
,
00001000
00100000
00010000
00000000
,
10000000
01000000
00010000
00000000
,
00011000
00000000
00000010
00000100
,
00000110
00000000
00001001
00000001
,
00001000
00000000
00000100
00000100
,
00000010
00000000
00000001
00001000
,
00001000
00000000
00000100
00010000
,
00001000
00000000
00011000
00001000
,
00010000
00000000
00001000
00001000
,
01000000
00000000
00010000
00010000
,
10000000
00000000
01000000
00100000
,
01000000
00000000
10000000
00010000
,
01000000
00000000
00001000
00010000
,
00001000
00000000
00010000
00000100
,
00001000
00000000
00000001
00001000
,
00000001
00000000
00000100
00000010
,
00001000
00000000
00010000
00001000
,
01000000
00000000
00001000
01000000
,
00001000
00000000
00000110
00000110
,
00000000
00000000
00002002
00000000
,
00003003
00000000
00000000
00000000
;

//---------------dance-double - M.Emirzian----------------
#NOTES:
     dance-double:
     M.Emirzian:
     Challenge:
     10:
     0.671,0.000,0.129,0.018,0.878,490.000,14.000,2.000,14.000,2.000,0.000:
00000000
00000000
00000000
00000000
,
00000000
00000000
00000000
00000000
,
00000000
00000000
00000000
00000000
,
00000000
00000000
00000000
00000000
,
00000000
00000000
00000000
00000000
00000000
00000000
00000000
00000000
00010000
00000000
10000000
00000000
00010000
00000000
00010000
00001000
,
00010000
00000000
00000000
00000000
000MM000
00000000
00001000
00000001
00001000
00000000
00001000
00000000
00010000
00000000
00010000
10000000
,
00010000
00000000
00000000
00000000
M00M0000
00000000
00010000
10000000
00010000
00000000
00010000
00000000
00001000
00000000
00001000
00000001
,
00001000
00000000
00000000
00000000
0000M00M
00000000
00001000
00000001
00001000
00000000
00001000
00010000
00001000
00000000
00010000
00000000
,
10000000
00000000
01000000
00000000
00010000
00000000
01000000
00000000
10000000
00000000
00100000
00000000
01000000
00000000
00001000
00010000
,
00001000
00000000
00000000
00000000
00000000
00000000
01000000
00100000
01000000
00000000
00001000
00000000
00010000
00000000
00000100
00000010
,
00000100
00000000
00000000
00000000
00000MM0
00000000
00000100
00000010
00000100
00000000
00001000
00000000
00010000
00000000
01000000
00100000
,
01000000
00000000
00000000
00000000
00000000
00000000
00010000
10000000
00010000
00000000
00010000
00001000
00010000
00000000
00000100
00000000
,
00000001
00000000
00000100
00000000
00001000
00000000
00000001
00000000
00000100
00000010
00000000
00001000
00000000
00000000
00000100
00001000
,
00000001
00000100
00000000
00001000
00000000
00000000
00010000
00001000
00010000
00000100
00000000
01000000
00000000
00000000
00100000
10000000
,
01000000
00100000
00000000
00010000
00000000
00000000
01000000
00000010
00001000
00000010
00000000
00000100
00000000
00000000
00000001
00001000
,
00000100
00000010
00000000
00000001
00000000
00000000
00000001
00000100
00001000
00000100
00000000
00000001
00000000
00000000
00000010
00000100
,
00010000
00001000
00000000
00010000
00000000
00000000
00000100
00010000
00001000
01000000
00000000
00100000
00000000
00000000
10000000
00100000
,
01000000
00010000
00000000
00100000
00000000
00000000
01000000
10000000
00010000
01000000
00000000
01100000
00000000
00000000
01000000
00001000
,
00010000
00000100
00000000
00001100
00000000
00000000
00000001
00001000
00000100
00000010
00000000
00000011
00000000
00000000
00000001
00000100
,
00000010
00001000
00000000
00001010
00000000
00000000
00000100
00010000
00100000
01000000
00000000
01100000
00000000
00000000
00010000
10000000
,
01000000
00100000
00000000
00110000
00000000
00000000
10000000
00100000
01000000
00010000
00000000
10000000
01000000
10000000
00000000
00100000
,
00010000
00100000
00000000
01000000
00010000
01000000
00000000
00100000
00001000
00100000
00000000
00010000
00001000
00010000
00000000
00001000
,
00000010
00001000
00000000
00000100
00000001
00000100
00000000
00000010
00000100
00000010
00000000
00000001
00000100
00000001
00000000
00000010
,
00000100
00000010
00000000
00001000
00010000
00001000
00000000
00000100
00010000
00000100
00000000
00100000
01000000
00100000
00000000
10000000
,
01000000
10000000
00000000
00010000
01000000
00010000
00000000
00100000
10000000
00100000
00000000
00010000
01000000
00010000
00000000
00100000
,
00010000
00100000
00000000
00001000
00010000
00001000
00000000
00000100
00010000
00000100
00000000
00000010
00001000
00000010
00000000
00000100
,
00000010
00000100
00000000
00001000
00000001
00001000
00000000
00000010
00000100
00000000
00001000
00000001
00000100
00000000
00001000
00000000
,
00010000
00000000
00000100
00010000
00001000
00000000
01000000
00000000
00100000
00000000
01000000
00001000
00010000
00000000
00000100
00000000
,
00000010
00000000
00000100
00010000
00001000
00000000
01000000
00000000
00100000
00000000
10000000
01000000
00100000
00000000
01000000
00100000
,
00001000
00000000
00100000
00001000
00010000
00000000
00001000
00010000
00000010
00000000
00010000
00000010
00000100
00000000
00000010
00000100
,
00000001
00000000
00000010
00000100
00001000
00000000
00000001
00000100
00000010
00000000
00001000
00000000
00000100
00000000
00000001
00000000
,
00000100
00000000
00010000
00000000
00100000
00000000
10000000
00000000
00010000
01000000
00010000
01000000
00010000
01000000
00010000
01000000
,
00010000
00000000
01000000
00000000
00010000
00000000
01000000
00000000
00010000
01000000
00010000
00000000
01000000
00010000
01000000
00000000
00010000
00000000
00000000
00000000
10000000
00000000
01000000
00000000
10000000
00000000
00000000
00000000
00010000
00000000
00000000
00000000
,
01000000
00000000
00001000
00000000
00000000
00000000
00010000
00000000
01000000
00000000
00100000
00010000
00100000
00000000
00001000
00000000
,
00010000
00000100
00000000
00001000
00000010
00000101
00000000
00000010
,
00000100
00000000
00001001
00000000
00000000
00000000
00000010
00000000
00001000
00000000
00000100
00010000
00001000
00010000
00000100
00000000
,
00011000
00000000
00000000
00000000
000MM000
00000000
00001000
00000000
01000000
00000000
00100000
10000000
00100000
00000000
01000000
00000000
,
00010000
00000000
10000000
00000000
00000000
00000000
01000000
00000000
00100000
00000000
00001000
00010000
00001000
00000000
01000000
00000000
,
00001000
00010000
00000000
00000100
00001000
00001001
00000000
00000010
,
00000100
00000000
00001001
00000000
00000000
00000000
00000001
00000000
00000010
00000000
00000100
00001000
00000100
00010000
00001000
00000000
,
00010010
00000000
00000000
00000000
000MM000
00000000
00001000
00000000
00010000
00000000
01000000
00000000
10000000
00000000
00010000
10000000
,
00010000
00000000
00000000
00000000
00000000
00000000
00010000
10000000
00010000
00000000
00010000
00000000
00001000
00000000
00001000
00000001
,
00001000
00000000
00000000
00000000
00000000
00000000
00001000
00000001
00001000
00000000
00001000
00000000
00010000
00000000
00010000
10000000
,
00010000
00000000
00000000
00000000
00000000
00000000
00010000
10000000
00010000
00000000
00010000
00001000
00010000
00000000
00000010
00000000
,
00000001
00000000
00000010
00000000
00001000
00000000
00000100
00000000
00000001
00000000
00000100
00000000
00001000
00000000
00000001
00001000
,
00000001
00000000
00000000
00000000
00000000
00000000
00000100
00001000
00000100
00000000
00100000
00000000
01000000
00000000
00001000
00010000
,
00001000
00000000
00000000
00000000
00000000
00000000
00100000
01000000
00100000
00000000
00010000
00000000
00001000
00000000
00000010
00000100
,
00000010
00000000
00000000
00000000
00000000
00000000
00000001
00001000
00000001
00000000
00001000
00010000
00001000
00000000
00010000
00000000
,
00100000
00000000
10000000
00000000
00100000
00000000
00010000
00000000
01000000
00000000
00100000
10000000
00100000
00000000
01000000
00000000
,
00100000
00010000
00000000
10000000
00010000
10000000
00000000
10000000
01000000
00000000
00100000
00010000
10000000
00000000
01000000
00000000
,
00100000
00010000
00000000
01000000
00001000
01000000
00000000
00001000
00010000
00001000
00000000
00010000
00000100
00010000
00000000
00000100
,
00001000
00000100
00000000
00000010
00000001
00000010
00000000
00000100
00001000
00000000
00000001
00000100
00000010
00001000
00000100
00000000
,
00010000
00000000
00000000
00000000
000MM000
00000000
00001000
00000000
01000000
00000000
00010000
10000000
01000000
00000000
00100000
00000000
,
00010000
01000000
00000000
00100000
10000000
00100000
00000000
01000000
00001000
00000000
00010000
00000100
00010000
00000000
00000010
00000000
,
00000100
00000001
00000000
00000010
00000100
00000010
00000000
00001000
00010000
00001000
00000000
01000000
00100000
01000000
00000000
00001000
,
00010000
00001000
00000000
00000100
00000010
00000000
00000000
00000000
00000000
00000000
00000000
00000000
00122100
00000000
00000000
00000000
,
00000000
00000000
00000000
00000000
00000000
00000000
00000000
00000000
00100010
00033000
00000000
00000000
00000000
00000000
00000000
00000000
;

//---------------dance-single - K. Ward----------------
#NOTES:
     dance-single:
     K. Ward:
     Beginner:
     1:
     0.095,0.000,0.055,0.000,0.000,66.000,6.000,0.000,0.000,0.000,0.000:

0000
0000
0000
0000
,
0000
0000
0000
0000
,
0000
0000
0000
0000
,
0000
0000
0000
0000
,
0000
0000
1000
0000
,
0000
0000
0001
0000
,
0000
0000
1000
0000
,
0000
0000
0010
0000
,
0100
0000
0001
0000
,
0000
0000
1000
0000
,
0000
0000
0001
0000
,
0000
0000
0100
0000
,
0010
0000
1000
0000
,
0000
0000
1000
0000
,
0000
0000
1000
0000
,
0000
0000
1000
0000
,
0000
0000
0010
0000
,
0001
0000
0010
0000
,
0001
0000
0010
0000
,
0001
0000
0010
0000
,
0000
0000
1001
0000
,
0000
0000
0010
0000
,
0000
0000
0010
0000
,
0000
0000
0010
0000
,
0000
0000
0100
0000
,
0000
0000
0100
0000
,
0000
0000
0001
0000
,
0000
0000
1000
0000
,
0000
0000
0010
0000
,
0010
0000
0010
0000
,
0010
0000
0010
0000
,
0100
0000
0001
0000
,
0000
0000
1001
0000
,
0000
0000
0001
0000
,
0000
0000
1000
0000
,
0010
0000
0100
0000
,
0000
0000
0001
0000
,
0000
0000
1000
0000
,
0000
0000
0001
0000
,
0100
0000
0010
0000
,
0000
0000
1001
0000
,
0000
0000
0001
0000
,
0000
0000
0001
0000
,
0000
0000
0100
0000
,
0001
0000
1000
0000
,
0000
0000
1000
0000
,
0000
0000
1000
0000
,
0001
0000
1000
0000
,
0000
0000
1001
0000
,
0000
0000
1001
0000
,
0000
0000
1001
0000
,
0000
0000
1000
0000
,
0010
0000
0100
0000
,
0000
0000
0010
0000
,
0000
0000
0010
0000
,
0100
0000
0001
0000
;
