// MilkShape 3D ASCII

Frames: 30
Frame: 1

Meshes: 1
"Curve03" 0 0
39
0 0.000000 -24.000000 7.4500000 0.614072 0.227199 -1
0 25.000000 1.000000 7.4500000 0.6140728 0.08909225 -1
0 19.000000 7.000000 7.4500000 0.5975 0.08909225 -1
0 6.000000 -6.000000 7.4500000 0.5975 0.16090775 -1
0 6.000000 25.000000 7.4500000 0.554684 0.0752815 -1
0 0.000000 25.000000 7.4500000 0.5464 0.09185425 -1
0 -25.000000 1.000000 7.4500000 0.6140728 0.08909225 -1
0 0.000000 -24.000000 7.4500000 0.614072 0.227199 -1
0 0.000000 25.000000 7.4500000 0.5464 0.09185425 -1
0 -6.000000 25.000000 7.4500000 0.554684 0.0752815 -1
0 -6.000000 -6.000000 7.4500000 0.5975 0.16090775 -1
0 -19.000000 7.000000 7.4500000 0.5975 0.08909225 -1
3 0.000000 -31.071068 0.000000 0.125000  0.980509 -1
3 32.071068 1.000000 0.000000 0.250277  0.479399 -1
3 0.000000 -28.242641 0.000000 0.125000  0.936315 -1
3 29.242641 1.000000 0.000000 0.239229  0.479399 -1
3 19.000000 14.071068 0.000000 0.199218  0.275164 -1
3 19.000000 11.242641 0.000000 0.199218  0.319358 -1
3 11.000000 6.071067 0.000000 0.167968  0.400164 -1
3 9.000000 1.242640 0.000000 0.160156  0.475608 -1
3 11.000000 30.000000 0.000000 0.167968  0.026274 -1
3 9.000000 28.000000 0.000000 0.160156  0.057524 -1
3 -11.000000 30.000000 0.000000 0.082031  0.026274 -1
3 -9.000000 28.000000 0.000000 0.089843  0.057524 -1
3 -11.000000 6.071067 0.000000 0.082031  0.400163 -1
3 -9.000000 1.242640 0.000000 0.089843  0.475608 -1
3 -19.000000 14.071068 0.000000 0.050781  0.275163 -1
3 -19.000000 11.242641 0.000000 0.050781  0.319358 -1
3 -32.071068 1.000000 0.000000 -0.000277  0.479399 -1
3 -29.242641 1.000000 0.000000 0.010771  0.479399 -1
3 0.000000 -24.000000 7.500000 0.125000  0.870024 -1
3 25.000000 1.000000 7.500000 0.222656  0.479399 -1
3 19.000000 7.000000 7.500000 0.199218  0.385649 -1
3 6.000000 -6.000000 7.500000 0.148437  0.588774 -1
3 6.000000 25.000000 7.500000 0.148437  0.104399 -1
3 -6.000000 25.000000 7.500000 0.10156  0.104399 -1
3 -6.000000 -6.000000 7.500000 0.10156  0.588774 -1
3 -19.000000 7.000000 7.500000 0.050781  0.385649 -1
3 -25.000000 1.000000 7.500000 0.027343  0.479399 -1
21
0.000000 0.000000 0.000000
0.000000 0.000000 1.000000
0.000000 0.000000 1.000000
-0.278639 -0.835917 0.472866
0.835917 -0.278639 0.472866
0.278639 -0.835917 0.472866
0.835917 0.278639 0.472866
0.278639 0.835917 0.472866
-0.278639 0.835917 0.472866
-0.217960 0.744161 0.631441
0.680322 0.372080 0.631441
0.788110 0.394055 0.472866
0.394055 0.788110 0.472866
-0.394055 0.788110 0.472866
-0.788110 0.394055 0.472866
-0.680322 0.372080 0.631441
0.217960 0.744161 0.631441
0.278639 0.835917 0.472866
-0.278639 0.835917 0.472866
-0.835917 0.278639 0.472866
-0.835917 -0.278639 0.472866
51
0 4 5 0 1 1 1 11
0 3 4 0 1 1 1 11
0 3 0 1 1 1 1 11
0 2 3 1 1 1 1 11
0 10 11 6 1 1 1 11
0 10 6 7 1 1 1 11
0 10 7 8 1 1 1 11
0 9 10 8 1 1 1 11
0 12 13 14 2 2 2 1
0 13 15 14 2 2 2 1
0 13 16 15 2 2 2 1
0 16 17 15 2 2 2 1
0 16 18 17 2 2 2 1
0 18 19 17 2 2 2 1
0 18 20 19 2 2 2 1
0 20 21 19 2 2 2 1
0 20 22 21 2 2 2 1
0 22 23 21 2 2 2 1
0 22 24 23 2 2 2 1
0 24 25 23 2 2 2 1
0 24 26 25 2 2 2 1
0 26 27 25 2 2 2 1
0 26 28 27 2 2 2 1
0 28 29 27 2 2 2 1
0 28 12 29 2 2 2 1
0 12 14 29 2 2 2 1
0 14 15 30 3 4 5 6
0 15 31 30 4 6 5 6
0 15 17 31 4 7 6 6
0 17 32 31 7 8 6 6
0 17 19 32 7 9 8 6
0 19 33 32 9 10 8 6
0 19 21 33 9 11 10 6
0 21 34 33 11 12 10 6
0 21 23 34 11 13 12 6
0 23 35 34 13 14 12 6
0 23 25 35 13 15 14 6
0 25 36 35 15 16 14 6
0 25 27 36 15 17 16 6
0 27 37 36 17 18 16 6
0 27 29 37 17 19 18 6
0 29 38 37 19 20 18 6
0 29 14 38 19 3 20 6
0 14 30 38 3 5 20 6
0 37 38 30 2 2 2 11
0 36 37 30 2 2 2 11
0 34 35 36 2 2 2 11
0 33 34 36 2 2 2 11
0 33 36 30 2 2 2 11
0 33 30 31 2 2 2 11
0 32 33 31 2 2 2 11
