// MilkShape 3D ASCII

Frames: 30
Frame: 1

Meshes: 1
"Text01" 0 0
491
0 -25.985336 -31.831364 -9.735778 0.000000 1.000000 -1
0 -4.205649 -31.831364 -9.735778 0.025641 1.000000 -1
0 -29.985338 -35.831364 -4.735778 0.000000 0.738278 -1
0 -4.181418 -35.831364 -4.735778 0.103322 0.738278 -1
0 3.016053 -31.743864 -9.735778 0.051282 1.000000 -1
0 3.096418 -35.743183 -4.735778 0.132466 0.738278 -1
0 8.210323 -31.598030 -9.735778 0.076923 1.000000 -1
0 8.395186 -35.594418 -4.735778 0.153691 0.738278 -1
0 11.377164 -31.393864 -9.735778 0.102564 1.000000 -1
0 11.864085 -35.370777 -4.735778 0.167610 0.738278 -1
0 14.629508 -30.804455 -9.735778 0.128205 1.000000 -1
0 15.653839 -34.683975 -4.735778 0.183031 0.738278 -1
0 17.517786 -29.792475 -9.735778 0.153846 1.000000 -1
0 19.180708 -33.448250 -4.735778 0.197995 0.738278 -1
0 20.042009 -28.357925 -9.735778 0.179487 1.000000 -1
0 22.336164 -31.654963 -4.735778 0.212528 0.738278 -1
0 22.219353 -26.527544 -9.735778 0.205128 1.000000 -1
0 25.058908 -29.366089 -4.735778 0.226771 0.738278 -1
0 24.067005 -24.328066 -9.735778 0.230769 1.000000 -1
0 27.342407 -26.647772 -4.735778 0.240986 0.738278 -1
0 25.584978 -21.759487 -9.735778 0.256410 1.000000 -1
0 29.179846 -23.538624 -4.735778 0.255447 0.738278 -1
0 26.712580 -18.979801 -9.735778 0.282051 1.000000 -1
0 30.532904 -20.203161 -4.735778 0.269859 0.738278 -1
0 27.389141 -16.146990 -9.735778 0.307692 1.000000 -1
0 31.352556 -16.771210 -4.735778 0.283988 0.738278 -1
0 27.614664 -13.261051 -9.735778 0.333333 1.000000 -1
0 31.629982 -13.221066 -4.735778 0.298246 0.738278 -1
0 27.267008 -9.721380 -9.735778 0.358974 1.000000 -1
0 31.205578 -8.899937 -4.735778 0.315632 0.738278 -1
0 26.224037 -6.502373 -9.735778 0.384615 1.000000 -1
0 29.888809 -4.835884 -4.735778 0.332738 0.738278 -1
0 24.485758 -3.604019 -9.735778 0.410256 1.000000 -1
0 27.681105 -1.154835 -4.735778 0.349925 0.738278 -1
0 22.100603 -1.132923 -9.735778 0.435897 1.000000 -1
0 24.661678 1.973389 -4.735778 0.367334 0.738278 -1
0 19.117006 0.804314 -9.735778 0.461538 1.000000 -1
0 23.273943 2.874443 -4.735778 0.373959 0.738278 -1
0 15.534974 2.207699 -9.735778 0.487179 1.000000 -1
0 18.104162 3.670982 -9.735778 0.512821 1.000000 -1
0 20.290880 5.552490 -9.735778 0.538462 1.000000 -1
0 22.095133 7.852230 -9.735778 0.564103 1.000000 -1
0 25.473400 5.677925 -4.735778 0.388227 0.738278 -1
0 23.439320 10.443638 -9.735778 0.589744 1.000000 -1
0 27.169151 8.947098 -4.735778 0.402973 0.738278 -1
0 24.245829 13.200146 -9.735778 0.615385 1.000000 -1
0 28.193544 12.448292 -4.735778 0.417580 0.738278 -1
0 24.514666 16.121761 -9.735778 0.641026 1.000000 -1
0 28.529625 16.100685 -4.735778 0.432266 0.738278 -1
0 24.296263 18.803535 -9.735778 0.666667 1.000000 -1
0 28.254597 19.477768 -4.735778 0.445834 0.738278 -1
0 23.641050 21.305096 -9.735778 0.692308 1.000000 -1
0 27.417255 22.674690 -4.735778 0.459066 0.738278 -1
0 22.549040 23.626450 -9.735778 0.717949 1.000000 -1
0 26.033306 25.616631 -4.735778 0.472084 0.738278 -1
0 21.129337 25.709522 -9.735778 0.743590 1.000000 -1
0 24.272354 28.200409 -4.735778 0.484604 0.738278 -1
0 19.491055 27.496231 -9.735778 0.769231 1.000000 -1
0 22.232946 30.424591 -4.735778 0.496688 0.738278 -1
0 17.634195 28.986607 -9.735778 0.794872 1.000000 -1
0 19.901222 32.296101 -4.735778 0.508659 0.738278 -1
0 15.580725 30.175583 -9.735778 0.820513 1.000000 -1
0 17.328911 33.785488 -4.735778 0.520561 0.738278 -1
0 13.352598 31.058128 -9.735778 0.846154 1.000000 -1
0 14.561518 34.881634 -4.735778 0.532480 0.738278 -1
0 10.949819 31.634262 -9.735778 0.871795 1.000000 -1
0 11.658196 35.577793 -4.735778 0.544435 0.738278 -1
0 8.030290 31.986698 -9.735778 0.897436 1.000000 -1
0 8.382095 35.973263 -4.735778 0.557648 0.738278 -1
0 4.251904 32.198147 -9.735778 0.923077 1.000000 -1
0 4.394114 36.196453 -4.735778 0.573641 0.738278 -1
0 -0.385337 32.268635 -9.735778 0.948718 1.000000 -1
0 -0.354937 36.268642 -4.735778 0.592659 0.738278 -1
0 -25.985336 32.268635 -9.735778 0.974359 1.000000 -1
0 -29.985338 36.268642 -4.735778 0.711303 0.738278 -1
0 -25.985336 -31.831364 -9.735778 1.000000 1.000000 -1
0 -29.985338 -35.831364 -4.735778 1.000000 0.738278 -1
0 -5.655650 21.568638 -9.735778 0.000000 1.000000 -1
0 -0.367281 21.544334 -9.735778 0.047619 1.000000 -1
0 -5.664841 17.568638 -4.735778 0.000000 0.738278 -1
0 -0.416035 17.544518 -4.735778 0.117939 0.738278 -1
0 3.318656 21.471413 -9.735778 0.095238 1.000000 -1
0 3.162583 17.473717 -4.735778 0.198364 0.738278 -1
0 5.402162 21.349888 -9.735778 0.142857 1.000000 -1
0 4.863535 17.374508 -4.735778 0.236649 0.738278 -1
0 7.381155 20.925846 -9.735778 0.190476 1.000000 -1
0 6.109018 17.107635 -4.735778 0.265270 0.738278 -1
0 9.005635 20.176617 -9.735778 0.238095 1.000000 -1
0 6.836972 16.771893 -4.735778 0.283282 0.738278 -1
0 10.275601 19.102230 -9.735778 0.285714 1.000000 -1
0 7.263535 16.411022 -4.735778 0.295837 0.738278 -1
0 11.186192 17.741550 -9.735778 0.333333 1.000000 -1
0 7.568519 15.955292 -4.735778 0.308158 0.738278 -1
0 11.732543 16.133476 -9.735778 0.380952 1.000000 -1
0 7.796743 15.283558 -4.735778 0.324099 0.738278 -1
0 11.914662 14.278011 -9.735778 0.428571 1.000000 -1
0 7.893266 14.300167 -4.735778 0.346301 0.738278 -1
0 11.703378 12.344769 -9.735778 0.476190 1.000000 -1
0 7.782680 13.288307 -4.735778 0.369173 0.738278 -1
0 11.069523 10.678356 -9.735778 0.523810 1.000000 -1
0 7.533507 12.633228 -4.735778 0.384921 0.738278 -1
0 10.013101 9.278793 -9.735778 0.571429 1.000000 -1
0 7.144782 12.118240 -4.735778 0.399419 0.738278 -1
0 8.587754 8.180099 -9.735778 0.619048 1.000000 -1
0 6.532862 11.646557 -4.735778 0.416779 0.738278 -1
0 6.847129 7.416294 -9.735778 0.666667 1.000000 -1
0 5.621843 11.246792 -4.735778 0.439133 0.738278 -1
0 4.791226 6.987389 -9.735778 0.714286 1.000000 -1
0 4.249723 10.960537 -4.735778 0.470628 0.738278 -1
0 2.931158 6.865864 -9.735778 0.761905 1.000000 -1
0 2.754142 10.862827 -4.735778 0.504304 0.738278 -1
0 -0.201135 6.792942 -9.735778 0.809524 1.000000 -1
0 -0.258723 10.792686 -4.735778 0.572020 0.738278 -1
0 -4.605649 6.768639 -9.735778 0.857143 1.000000 -1
0 -4.616684 10.768639 -4.735778 0.669943 0.738278 -1
0 -13.085338 6.768639 -9.735778 0.904762 1.000000 -1
0 -9.085338 10.768639 -4.735778 0.770351 0.738278 -1
0 -13.085338 21.568638 -9.735778 0.952381 1.000000 -1
0 -9.085338 17.568638 -4.735778 0.923143 0.738278 -1
0 -5.655650 21.568638 -9.735778 1.000000 1.000000 -1
0 -5.664841 17.568638 -4.735778 1.000000 0.738278 -1
0 -2.624400 -3.931364 -9.735778 0.000000 1.000000 -1
0 2.582112 -4.033188 -9.735778 0.047619 1.000000 -1
0 -2.663510 -7.931364 -4.735778 0.000000 0.738278 -1
0 2.383816 -8.030075 -4.735778 0.095408 0.738278 -1
0 6.412060 -4.338657 -9.735778 0.095238 1.000000 -1
0 5.844463 -8.306089 -4.735778 0.161018 0.738278 -1
0 8.865445 -4.847769 -9.735778 0.142857 1.000000 -1
0 7.623536 -8.675272 -4.735778 0.195357 0.738278 -1
0 10.492008 -5.579802 -9.735778 0.190476 1.000000 -1
0 8.480008 -9.060726 -4.735778 0.213107 0.738278 -1
0 11.841485 -6.554020 -9.735778 0.238095 1.000000 -1
0 9.137128 -9.535116 -4.735778 0.228424 0.738278 -1
0 12.913880 -7.770426 -9.735778 0.285714 1.000000 -1
0 9.613890 -10.075901 -4.735778 0.242049 0.738278 -1
0 13.692095 -9.204973 -9.735778 0.333333 1.000000 -1
0 9.967547 -10.727827 -4.735778 0.256066 0.738278 -1
0 14.159020 -10.833620 -9.735778 0.380952 1.000000 -1
0 10.206643 -11.561798 -4.735778 0.272462 0.738278 -1
0 14.314664 -12.656363 -9.735778 0.428571 1.000000 -1
0 10.298402 -12.636393 -4.735778 0.292845 0.738278 -1
0 14.112842 -14.771553 -9.735778 0.476190 1.000000 -1
0 10.174362 -13.936388 -4.735778 0.317525 0.738278 -1
0 13.507371 -16.581711 -9.735778 0.523810 1.000000 -1
0 9.884892 -14.801809 -4.735778 0.334771 0.738278 -1
0 12.498258 -18.086832 -9.735778 0.571429 1.000000 -1
0 9.458347 -15.438013 -4.735778 0.349247 0.738278 -1
0 11.168136 -19.272161 -9.735778 0.619048 1.000000 -1
0 8.853220 -15.977268 -4.735778 0.364565 0.738278 -1
0 9.599646 -20.122944 -9.735778 0.666667 1.000000 -1
0 8.078506 -16.397490 -4.735778 0.381222 0.738278 -1
0 7.792787 -20.639175 -9.735778 0.714286 1.000000 -1
0 7.001028 -16.705334 -4.735778 0.402400 0.738278 -1
0 5.969524 -20.857058 -9.735778 0.761905 1.000000 -1
0 5.643554 -16.867552 -4.735778 0.428237 0.738278 -1
0 3.008066 -20.987787 -9.735778 0.809524 1.000000 -1
0 2.898577 -16.988726 -4.735778 0.480165 0.738278 -1
0 -1.091588 -21.031364 -9.735778 0.857143 1.000000 -1
0 -1.112846 -17.031364 -4.735778 0.555981 0.738278 -1
0 -13.085338 -21.031364 -9.735778 0.904762 1.000000 -1
0 -9.085338 -17.031364 -4.735778 0.706653 0.738278 -1
0 -13.085338 -3.931364 -9.735778 0.952381 1.000000 -1
0 -9.085338 -7.931364 -4.735778 0.878634 0.738278 -1
0 -2.624400 -3.931364 -9.735778 1.000000 1.000000 -1
0 -2.663510 -7.931364 -4.735778 1.000000 0.738278 -1
0 -29.985338 -35.831364 5.264222 0.000000 0.329537 -1
0 -4.181418 -35.831364 5.264222 0.103322 0.329537 -1
0 3.096418 -35.743183 5.264222 0.132466 0.329537 -1
0 8.395186 -35.594418 5.264222 0.153691 0.329537 -1
0 11.864085 -35.370777 5.264222 0.167610 0.329537 -1
0 15.653839 -34.683975 5.264222 0.183031 0.329537 -1
0 19.180708 -33.448250 5.264222 0.197995 0.329537 -1
0 22.336164 -31.654963 5.264222 0.212528 0.329537 -1
0 25.058908 -29.366089 5.264222 0.226771 0.329537 -1
0 27.342407 -26.647772 5.264222 0.240986 0.329537 -1
0 29.179846 -23.538624 5.264222 0.255447 0.329537 -1
0 30.532904 -20.203161 5.264222 0.269859 0.329537 -1
0 31.352556 -16.771210 5.264222 0.283988 0.329537 -1
0 31.629982 -13.221066 5.264222 0.298246 0.329537 -1
0 31.205578 -8.899937 5.264222 0.315632 0.329537 -1
0 29.888809 -4.835884 5.264222 0.332738 0.329537 -1
0 27.681105 -1.154835 5.264222 0.349925 0.329537 -1
0 24.661678 1.973389 5.264222 0.367334 0.329537 -1
0 23.273943 2.874443 5.264222 0.373959 0.329537 -1
0 25.473400 5.677925 5.264222 0.388227 0.329537 -1
0 27.169151 8.947098 5.264222 0.402973 0.329537 -1
0 28.193544 12.448292 5.264222 0.417580 0.329537 -1
0 28.529625 16.100685 5.264222 0.432266 0.329537 -1
0 28.254597 19.477768 5.264222 0.445834 0.329537 -1
0 27.417255 22.674690 5.264222 0.459066 0.329537 -1
0 26.033306 25.616631 5.264222 0.472084 0.329537 -1
0 24.272354 28.200409 5.264222 0.484604 0.329537 -1
0 22.232946 30.424591 5.264222 0.496688 0.329537 -1
0 19.901222 32.296101 5.264222 0.508659 0.329537 -1
0 17.328911 33.785488 5.264222 0.520561 0.329537 -1
0 14.561518 34.881634 5.264222 0.532480 0.329537 -1
0 11.658196 35.577793 5.264222 0.544435 0.329537 -1
0 8.382095 35.973263 5.264222 0.557648 0.329537 -1
0 4.394114 36.196453 5.264222 0.573641 0.329537 -1
0 -0.354937 36.268642 5.264222 0.592659 0.329537 -1
0 -29.985338 36.268642 5.264222 0.711303 0.329537 -1
0 -29.985338 -35.831364 5.264222 1.000000 0.329537 -1
0 -5.664841 17.568638 5.264222 0.000000 0.329537 -1
0 -0.416035 17.544518 5.264222 0.117939 0.329537 -1
0 3.162583 17.473717 5.264222 0.198364 0.329537 -1
0 4.863535 17.374508 5.264222 0.236649 0.329537 -1
0 6.109018 17.107635 5.264222 0.265270 0.329537 -1
0 6.836972 16.771893 5.264222 0.283282 0.329537 -1
0 7.263535 16.411022 5.264222 0.295837 0.329537 -1
0 7.568519 15.955292 5.264222 0.308158 0.329537 -1
0 7.796743 15.283558 5.264222 0.324099 0.329537 -1
0 7.893266 14.300167 5.264222 0.346301 0.329537 -1
0 7.782680 13.288307 5.264222 0.369173 0.329537 -1
0 7.533507 12.633228 5.264222 0.384921 0.329537 -1
0 7.144782 12.118240 5.264222 0.399419 0.329537 -1
0 6.532862 11.646557 5.264222 0.416779 0.329537 -1
0 5.621843 11.246792 5.264222 0.439133 0.329537 -1
0 4.249723 10.960537 5.264222 0.470628 0.329537 -1
0 2.754142 10.862827 5.264222 0.504304 0.329537 -1
0 -0.258723 10.792686 5.264222 0.572020 0.329537 -1
0 -4.616684 10.768639 5.264222 0.669943 0.329537 -1
0 -9.085338 10.768639 5.264222 0.770351 0.329537 -1
0 -9.085338 17.568638 5.264222 0.923143 0.329537 -1
0 -5.664841 17.568638 5.264222 1.000000 0.329537 -1
0 -2.663510 -7.931364 5.264222 0.000000 0.329537 -1
0 2.383816 -8.030075 5.264222 0.095408 0.329537 -1
0 5.844463 -8.306089 5.264222 0.161018 0.329537 -1
0 7.623536 -8.675272 5.264222 0.195357 0.329537 -1
0 8.480008 -9.060726 5.264222 0.213107 0.329537 -1
0 9.137128 -9.535116 5.264222 0.228424 0.329537 -1
0 9.613890 -10.075901 5.264222 0.242049 0.329537 -1
0 9.967547 -10.727827 5.264222 0.256066 0.329537 -1
0 10.206643 -11.561798 5.264222 0.272462 0.329537 -1
0 10.298402 -12.636393 5.264222 0.292845 0.329537 -1
0 10.174362 -13.936388 5.264222 0.317525 0.329537 -1
0 9.884892 -14.801809 5.264222 0.334771 0.329537 -1
0 9.458347 -15.438013 5.264222 0.349247 0.329537 -1
0 8.853220 -15.977268 5.264222 0.364565 0.329537 -1
0 8.078506 -16.397490 5.264222 0.381222 0.329537 -1
0 7.001028 -16.705334 5.264222 0.402400 0.329537 -1
0 5.643554 -16.867552 5.264222 0.428237 0.329537 -1
0 2.898577 -16.988726 5.264222 0.480165 0.329537 -1
0 -1.112846 -17.031364 5.264222 0.555981 0.329537 -1
0 -9.085338 -17.031364 5.264222 0.706653 0.329537 -1
0 -9.085338 -7.931364 5.264222 0.878634 0.329537 -1
0 -2.663510 -7.931364 5.264222 1.000000 0.329537 -1
0 -25.985336 -31.831364 12.264222 0.000000 0.000000 -1
0 -4.205649 -31.831364 12.264222 0.025641 0.000000 -1
0 3.016053 -31.743864 12.264222 0.051282 0.000000 -1
0 8.210323 -31.598030 12.264222 0.076923 0.000000 -1
0 11.377164 -31.393864 12.264222 0.102564 0.000000 -1
0 14.629508 -30.804455 12.264222 0.128205 0.000000 -1
0 17.517786 -29.792475 12.264222 0.153846 0.000000 -1
0 20.042009 -28.357925 12.264222 0.179487 0.000000 -1
0 22.219353 -26.527544 12.264222 0.205128 0.000000 -1
0 24.067005 -24.328066 12.264222 0.230769 0.000000 -1
0 25.584978 -21.759487 12.264222 0.256410 0.000000 -1
0 26.712580 -18.979801 12.264222 0.282051 0.000000 -1
0 27.389141 -16.146990 12.264222 0.307692 0.000000 -1
0 27.614664 -13.261051 12.264222 0.333333 0.000000 -1
0 27.267008 -9.721380 12.264222 0.358974 0.000000 -1
0 26.224037 -6.502373 12.264222 0.384615 0.000000 -1
0 24.485758 -3.604019 12.264222 0.410256 0.000000 -1
0 22.100603 -1.132923 12.264222 0.435897 0.000000 -1
0 19.117006 0.804314 12.264222 0.461538 0.000000 -1
0 15.534974 2.207699 12.264222 0.487179 0.000000 -1
0 18.104162 3.670982 12.264222 0.512821 0.000000 -1
0 20.290880 5.552490 12.264222 0.538462 0.000000 -1
0 22.095133 7.852230 12.264222 0.564103 0.000000 -1
0 23.439320 10.443638 12.264222 0.589744 0.000000 -1
0 24.245829 13.200146 12.264222 0.615385 0.000000 -1
0 24.514666 16.121761 12.264222 0.641026 0.000000 -1
0 24.296263 18.803535 12.264222 0.666667 0.000000 -1
0 23.641050 21.305096 12.264222 0.692308 0.000000 -1
0 22.549040 23.626450 12.264222 0.717949 0.000000 -1
0 21.129337 25.709522 12.264222 0.743590 0.000000 -1
0 19.491055 27.496231 12.264222 0.769231 0.000000 -1
0 17.634195 28.986607 12.264222 0.794872 0.000000 -1
0 15.580725 30.175583 12.264222 0.820513 0.000000 -1
0 13.352598 31.058128 12.264222 0.846154 0.000000 -1
0 10.949819 31.634262 12.264222 0.871795 0.000000 -1
0 8.030290 31.986698 12.264222 0.897436 0.000000 -1
0 4.251904 32.198147 12.264222 0.923077 0.000000 -1
0 -0.385337 32.268635 12.264222 0.948718 0.000000 -1
0 -25.985336 32.268635 12.264222 0.974359 0.000000 -1
0 -25.985336 -31.831364 12.264222 1.000000 0.000000 -1
0 -5.655650 21.568638 12.264222 0.000000 0.000000 -1
0 -0.367281 21.544334 12.264222 0.047619 0.000000 -1
0 3.318656 21.471413 12.264222 0.095238 0.000000 -1
0 5.402162 21.349888 12.264222 0.142857 0.000000 -1
0 7.381155 20.925846 12.264222 0.190476 0.000000 -1
0 9.005635 20.176617 12.264222 0.238095 0.000000 -1
0 10.275601 19.102230 12.264222 0.285714 0.000000 -1
0 11.186192 17.741550 12.264222 0.333333 0.000000 -1
0 11.732543 16.133476 12.264222 0.380952 0.000000 -1
0 11.914662 14.278011 12.264222 0.428571 0.000000 -1
0 11.703378 12.344769 12.264222 0.476190 0.000000 -1
0 11.069523 10.678356 12.264222 0.523810 0.000000 -1
0 10.013101 9.278793 12.264222 0.571429 0.000000 -1
0 8.587754 8.180099 12.264222 0.619048 0.000000 -1
0 6.847129 7.416294 12.264222 0.666667 0.000000 -1
0 4.791226 6.987389 12.264222 0.714286 0.000000 -1
0 2.931158 6.865864 12.264222 0.761905 0.000000 -1
0 -0.201135 6.792942 12.264222 0.809524 0.000000 -1
0 -4.605649 6.768639 12.264222 0.857143 0.000000 -1
0 -13.085338 6.768639 12.264222 0.904762 0.000000 -1
0 -13.085338 21.568638 12.264222 0.952381 0.000000 -1
0 -5.655650 21.568638 12.264222 1.000000 0.000000 -1
0 -2.624400 -3.931364 12.264222 0.000000 0.000000 -1
0 2.582112 -4.033188 12.264222 0.047619 0.000000 -1
0 6.412060 -4.338657 12.264222 0.095238 0.000000 -1
0 8.865445 -4.847769 12.264222 0.142857 0.000000 -1
0 10.492008 -5.579802 12.264222 0.190476 0.000000 -1
0 11.841485 -6.554020 12.264222 0.238095 0.000000 -1
0 12.913880 -7.770426 12.264222 0.285714 0.000000 -1
0 13.692095 -9.204973 12.264222 0.333333 0.000000 -1
0 14.159020 -10.833620 12.264222 0.380952 0.000000 -1
0 14.314664 -12.656363 12.264222 0.428571 0.000000 -1
0 14.112842 -14.771553 12.264222 0.476190 0.000000 -1
0 13.507371 -16.581711 12.264222 0.523810 0.000000 -1
0 12.498258 -18.086832 12.264222 0.571429 0.000000 -1
0 11.168136 -19.272161 12.264222 0.619048 0.000000 -1
0 9.599646 -20.122944 12.264222 0.666667 0.000000 -1
0 7.792787 -20.639175 12.264222 0.714286 0.000000 -1
0 5.969524 -20.857058 12.264222 0.761905 0.000000 -1
0 3.008066 -20.987787 12.264222 0.809524 0.000000 -1
0 -1.091588 -21.031364 12.264222 0.857143 0.000000 -1
0 -13.085338 -21.031364 12.264222 0.904762 0.000000 -1
0 -13.085338 -3.931364 12.264222 0.952381 0.000000 -1
0 -2.624400 -3.931364 12.264222 1.000000 0.000000 -1
0 -25.985336 -31.831364 12.264222 0.000000 1.000000 -1
0 7.792787 -20.639175 12.264222 0.630189 0.825395 -1
0 5.969524 -20.857058 12.264222 0.596173 0.828794 -1
0 3.008066 -20.987787 12.264222 0.540922 0.830833 -1
0 -4.205649 -31.831364 12.264222 0.406337 1.000000 -1
0 -1.091588 -21.031364 12.264222 0.464436 0.831513 -1
0 -13.085338 -21.031364 12.264222 0.240672 0.831513 -1
0 -13.085338 -3.931364 12.264222 0.240672 0.564743 -1
0 4.791226 6.987389 12.264222 0.574190 0.394403 -1
0 2.931158 6.865864 12.264222 0.539487 0.396299 -1
0 -2.624400 -3.931364 12.264222 0.435838 0.564743 -1
0 -0.201135 6.792942 12.264222 0.481049 0.397437 -1
0 -4.605649 6.768639 12.264222 0.398875 0.397816 -1
0 3.016053 -31.743864 12.264222 0.541071 0.998635 -1
0 -25.985336 32.268635 12.264222 0.000000 0.000000 -1
0 -13.085338 6.768639 12.264222 0.240672 0.397816 -1
0 -13.085338 21.568638 12.264222 0.240672 0.166927 -1
0 -0.385337 32.268635 12.264222 0.477612 0.000000 -1
0 -5.655650 21.568638 12.264222 0.379285 0.166927 -1
0 2.582112 -4.033188 12.264222 0.532975 0.566331 -1
0 -0.367281 21.544334 12.264222 0.477949 0.167306 -1
0 8.210323 -31.598030 12.264222 0.637979 0.996360 -1
0 6.412060 -4.338657 12.264222 0.604429 0.571097 -1
0 11.377164 -31.393864 12.264222 0.697062 0.993175 -1
0 9.599646 -20.122944 12.264222 0.663899 0.817341 -1
0 14.629508 -30.804455 12.264222 0.757740 0.983980 -1
0 4.251904 32.198147 12.264222 0.564128 0.001100 -1
0 3.318656 21.471413 12.264222 0.546716 0.168443 -1
0 5.402162 21.349888 12.264222 0.585588 0.170339 -1
0 8.030290 31.986698 12.264222 0.634620 0.004398 -1
0 7.381155 20.925846 12.264222 0.622509 0.176955 -1
0 10.949819 31.634262 12.264222 0.689089 0.009897 -1
0 11.168136 -19.272161 12.264222 0.693162 0.804069 -1
0 17.517786 -29.792475 12.264222 0.811625 0.968192 -1
0 20.042009 -28.357925 12.264222 0.858719 0.945812 -1
0 12.498258 -18.086832 12.264222 0.717978 0.785577 -1
0 22.219353 -26.527544 12.264222 0.899341 0.917257 -1
0 24.067005 -24.328066 12.264222 0.933812 0.882944 -1
0 13.507371 -16.581711 12.264222 0.736804 0.762096 -1
0 25.584978 -21.759487 12.264222 0.962133 0.842872 -1
0 26.712580 -18.979801 12.264222 0.983170 0.799508 -1
0 14.112842 -14.771553 12.264222 0.748100 0.733856 -1
0 27.389141 -16.146990 12.264222 0.995793 0.755314 -1
0 27.614664 -13.261051 12.264222 1.000000 0.710292 -1
0 14.314664 -12.656363 12.264222 0.751866 0.700858 -1
0 27.267008 -9.721380 12.264222 0.993514 0.655070 -1
0 14.159020 -10.833620 12.264222 0.748962 0.672422 -1
0 26.224037 -6.502373 12.264222 0.974056 0.604852 -1
0 24.485758 -3.604019 12.264222 0.941625 0.559636 -1
0 13.692095 -9.204973 12.264222 0.740251 0.647014 -1
0 22.100603 -1.132923 12.264222 0.897126 0.521085 -1
0 12.913880 -7.770426 12.264222 0.725732 0.624634 -1
0 19.117006 0.804314 12.264222 0.841462 0.490863 -1
0 15.534974 2.207699 12.264222 0.774633 0.468969 -1
0 11.841485 -6.554020 12.264222 0.705724 0.605658 -1
0 10.492008 -5.579802 12.264222 0.680548 0.590459 -1
0 6.847129 7.416294 12.264222 0.612546 0.387712 -1
0 13.352598 31.058128 12.264222 0.733917 0.018885 -1
0 9.005635 20.176617 12.264222 0.652817 0.188643 -1
0 15.580725 30.175583 12.264222 0.775486 0.032653 -1
0 17.634195 28.986607 12.264222 0.813797 0.051202 -1
0 10.275601 19.102230 12.264222 0.676510 0.205404 -1
0 19.491055 27.496231 12.264222 0.848440 0.074452 -1
0 21.129337 25.709522 12.264222 0.879005 0.102326 -1
0 11.186192 17.741550 12.264222 0.693499 0.226632 -1
0 22.549040 23.626450 12.264222 0.905492 0.134824 -1
0 23.641050 21.305096 12.264222 0.925865 0.171038 -1
0 11.732543 16.133476 12.264222 0.703692 0.251719 -1
0 24.296263 18.803535 12.264222 0.938090 0.210064 -1
0 24.514666 16.121761 12.264222 0.942164 0.251901 -1
0 11.914662 14.278011 12.264222 0.707090 0.280665 -1
0 24.245829 13.200146 12.264222 0.937149 0.297480 -1
0 23.439320 10.443638 12.264222 0.922102 0.340484 -1
0 11.703378 12.344769 12.264222 0.703148 0.310825 -1
0 22.095133 7.852230 12.264222 0.897024 0.380911 -1
0 20.290880 5.552490 12.264222 0.863362 0.416789 -1
0 11.069523 10.678356 12.264222 0.691322 0.336822 -1
0 18.104162 3.670982 12.264222 0.822565 0.446141 -1
0 10.013101 9.278793 12.264222 0.671613 0.358656 -1
0 8.587754 8.180099 12.264222 0.645020 0.375796 -1
0 8.865445 -4.847769 12.264222 0.650201 0.579039 -1
0 5.969524 -20.857058 -9.735778 0.596173 0.828794 -1
0 7.792787 -20.639175 -9.735778 0.630189 0.825395 -1
0 3.008066 -20.987787 -9.735778 0.540922 0.830833 -1
0 -4.205649 -31.831364 -9.735778 0.406337 1.000000 -1
0 -1.091588 -21.031364 -9.735778 0.464436 0.831513 -1
0 -13.085338 -21.031364 -9.735778 0.240672 0.831513 -1
0 -13.085338 -3.931364 -9.735778 0.240672 0.564743 -1
0 2.931158 6.865864 -9.735778 0.539487 0.396299 -1
0 4.791226 6.987389 -9.735778 0.574190 0.394403 -1
0 -2.624400 -3.931364 -9.735778 0.435838 0.564743 -1
0 -0.201135 6.792942 -9.735778 0.481049 0.397437 -1
0 -4.605649 6.768639 -9.735778 0.398875 0.397816 -1
0 3.016053 -31.743864 -9.735778 0.541071 0.998635 -1
0 -25.985336 32.268635 -9.735778 0.000000 0.000000 -1
0 -13.085338 6.768639 -9.735778 0.240672 0.397816 -1
0 -13.085338 21.568638 -9.735778 0.240672 0.166927 -1
0 -0.385337 32.268635 -9.735778 0.477612 0.000000 -1
0 -5.655650 21.568638 -9.735778 0.379285 0.166927 -1
0 2.582112 -4.033188 -9.735778 0.532975 0.566331 -1
0 -0.367281 21.544334 -9.735778 0.477949 0.167306 -1
0 8.210323 -31.598030 -9.735778 0.637979 0.996360 -1
0 6.412060 -4.338657 -9.735778 0.604429 0.571097 -1
0 11.377164 -31.393864 -9.735778 0.697062 0.993175 -1
0 9.599646 -20.122944 -9.735778 0.663899 0.817341 -1
0 14.629508 -30.804455 -9.735778 0.757740 0.983980 -1
0 4.251904 32.198147 -9.735778 0.564128 0.001100 -1
0 3.318656 21.471413 -9.735778 0.546716 0.168443 -1
0 5.402162 21.349888 -9.735778 0.585588 0.170339 -1
0 8.030290 31.986698 -9.735778 0.634620 0.004398 -1
0 7.381155 20.925846 -9.735778 0.622509 0.176955 -1
0 10.949819 31.634262 -9.735778 0.689089 0.009897 -1
0 11.168136 -19.272161 -9.735778 0.693162 0.804069 -1
0 17.517786 -29.792475 -9.735778 0.811625 0.968192 -1
0 20.042009 -28.357925 -9.735778 0.858719 0.945812 -1
0 12.498258 -18.086832 -9.735778 0.717978 0.785577 -1
0 22.219353 -26.527544 -9.735778 0.899341 0.917257 -1
0 24.067005 -24.328066 -9.735778 0.933812 0.882944 -1
0 13.507371 -16.581711 -9.735778 0.736804 0.762096 -1
0 25.584978 -21.759487 -9.735778 0.962133 0.842872 -1
0 26.712580 -18.979801 -9.735778 0.983170 0.799508 -1
0 14.112842 -14.771553 -9.735778 0.748100 0.733856 -1
0 27.389141 -16.146990 -9.735778 0.995793 0.755314 -1
0 27.614664 -13.261051 -9.735778 1.000000 0.710292 -1
0 14.314664 -12.656363 -9.735778 0.751866 0.700858 -1
0 27.267008 -9.721380 -9.735778 0.993514 0.655070 -1
0 14.159020 -10.833620 -9.735778 0.748962 0.672422 -1
0 26.224037 -6.502373 -9.735778 0.974056 0.604852 -1
0 24.485758 -3.604019 -9.735778 0.941625 0.559636 -1
0 13.692095 -9.204973 -9.735778 0.740251 0.647014 -1
0 22.100603 -1.132923 -9.735778 0.897126 0.521085 -1
0 12.913880 -7.770426 -9.735778 0.725732 0.624634 -1
0 19.117006 0.804314 -9.735778 0.841462 0.490863 -1
0 15.534974 2.207699 -9.735778 0.774633 0.468969 -1
0 11.841485 -6.554020 -9.735778 0.705724 0.605658 -1
0 10.492008 -5.579802 -9.735778 0.680548 0.590459 -1
0 6.847129 7.416294 -9.735778 0.612546 0.387712 -1
0 13.352598 31.058128 -9.735778 0.733917 0.018885 -1
0 9.005635 20.176617 -9.735778 0.652817 0.188643 -1
0 15.580725 30.175583 -9.735778 0.775486 0.032653 -1
0 17.634195 28.986607 -9.735778 0.813797 0.051202 -1
0 10.275601 19.102230 -9.735778 0.676510 0.205404 -1
0 19.491055 27.496231 -9.735778 0.848440 0.074452 -1
0 21.129337 25.709522 -9.735778 0.879005 0.102326 -1
0 11.186192 17.741550 -9.735778 0.693499 0.226632 -1
0 22.549040 23.626450 -9.735778 0.905492 0.134824 -1
0 23.641050 21.305096 -9.735778 0.925865 0.171038 -1
0 11.732543 16.133476 -9.735778 0.703692 0.251719 -1
0 24.296263 18.803535 -9.735778 0.938090 0.210064 -1
0 24.514666 16.121761 -9.735778 0.942164 0.251901 -1
0 11.914662 14.278011 -9.735778 0.707090 0.280665 -1
0 24.245829 13.200146 -9.735778 0.937149 0.297480 -1
0 23.439320 10.443638 -9.735778 0.922102 0.340484 -1
0 11.703378 12.344769 -9.735778 0.703148 0.310825 -1
0 22.095133 7.852230 -9.735778 0.897024 0.380911 -1
0 20.290880 5.552490 -9.735778 0.863362 0.416789 -1
0 11.069523 10.678356 -9.735778 0.691322 0.336822 -1
0 18.104162 3.670982 -9.735778 0.822565 0.446141 -1
0 10.013101 9.278793 -9.735778 0.671613 0.358656 -1
0 8.587754 8.180099 -9.735778 0.645020 0.375796 -1
0 8.865445 -4.847769 -9.735778 0.650201 0.579039 -1
468
0.000000 -0.780869 -0.624695
0.009460 -0.780811 -0.624695
0.013612 -0.780742 -0.624706
0.009461 -0.780812 -0.624695
0.017764 -0.780658 -0.624706
0.031359 -0.780194 -0.624751
0.040801 -0.779757 -0.624751
0.079979 -0.776312 -0.625254
0.109675 -0.772676 -0.625254
0.179201 -0.759161 -0.625749
0.218921 -0.748674 -0.625749
0.301405 -0.719166 -0.626064
0.344037 -0.699773 -0.626064
0.425664 -0.653304 -0.626102
0.464636 -0.626187 -0.626102
0.535370 -0.567053 -0.625964
0.567243 -0.535168 -0.625963
0.623833 -0.468132 -0.625847
0.648662 -0.433075 -0.625847
0.690395 -0.363242 -0.625627
0.707536 -0.328607 -0.625627
0.736704 -0.256549 -0.625660
0.748692 -0.219111 -0.625660
0.767108 -0.141442 -0.625732
0.773447 -0.101189 -0.625731
0.779672 -0.015146 -0.626005
0.779216 0.030670 -0.626005
0.768113 0.131526 -0.626661
0.756650 0.186485 -0.626661
0.720963 0.295361 -0.626876
0.696483 0.349197 -0.626876
0.635947 0.450094 -0.626887
0.599880 0.497149 -0.626887
0.518115 0.581873 -0.626882
0.472422 0.619545 -0.626882
0.384979 0.694644 -0.607668
0.364263 0.713669 -0.598321
0.300421 0.766801 -0.567242
0.414926 -0.728514 -0.545073
0.464662 -0.663695 -0.586172
0.543548 -0.576772 -0.609828
0.564073 -0.539224 -0.625347
0.642143 -0.442223 -0.626172
0.668474 -0.401312 -0.626172
0.713741 -0.313590 -0.626287
0.732550 -0.266713 -0.626287
0.760741 -0.170463 -0.626271
0.770143 -0.121097 -0.626271
0.779398 -0.026626 -0.625963
0.779635 0.018443 -0.625963
0.772255 0.108431 -0.625991
0.764605 0.153347 -0.625991
0.740810 0.243254 -0.626122
0.724507 0.288204 -0.626122
0.687315 0.368814 -0.625759
0.666836 0.404667 -0.625759
0.622893 0.469750 -0.625571
0.599623 0.499111 -0.625571
0.547485 0.555686 -0.625678
0.518517 0.582809 -0.625678
0.456989 0.632220 -0.625667
0.424436 0.654519 -0.625667
0.357231 0.693533 -0.625619
0.322608 0.710299 -0.625619
0.252743 0.738115 -0.625546
0.217533 0.749247 -0.625546
0.152715 0.765331 -0.625257
0.123192 0.770635 -0.625257
0.076954 0.776927 -0.624869
0.060299 0.778397 -0.624869
0.033048 0.780113 -0.624765
0.022459 0.780489 -0.624766
0.011868 0.780778 -0.624696
0.011868 0.780778 -0.624696
0.000000 0.780868 -0.624696
-0.780869 0.000000 -0.624695
-0.003589 -0.780861 -0.624695
-0.007541 -0.780825 -0.624705
-0.003588 -0.780861 -0.624695
-0.011493 -0.780776 -0.624705
-0.025456 -0.780404 -0.624758
-0.035464 -0.780013 -0.624758
-0.045468 -0.779544 -0.624695
-0.045467 -0.779544 -0.624695
-0.163604 -0.763538 -0.624695
-0.218805 -0.747857 -0.626765
-0.163605 -0.763538 -0.624695
-0.273464 -0.729646 -0.626765
-0.388050 -0.674761 -0.627785
-0.447443 -0.636931 -0.627785
-0.555462 -0.545059 -0.627991
-0.603921 -0.490822 -0.627991
-0.682260 -0.375004 -0.627609
-0.712535 -0.313689 -0.627609
-0.754642 -0.193584 -0.626930
-0.767278 -0.135067 -0.626930
-0.779089 -0.022639 -0.626505
-0.778792 0.031222 -0.626505
-0.764128 0.149751 -0.627442
-0.748595 0.214293 -0.627442
-0.698095 0.343750 -0.628092
-0.662367 0.408376 -0.628092
-0.577196 0.522305 -0.627728
-0.528117 0.571883 -0.627728
-0.424101 0.653267 -0.627201
-0.369567 0.685594 -0.627201
-0.263108 0.733649 -0.626525
-0.211524 0.750150 -0.626525
-0.123450 0.770372 -0.625530
-0.087213 0.775310 -0.625530
-0.040001 0.779784 -0.624770
-0.029089 0.780267 -0.624770
-0.013553 0.780740 -0.624709
-0.008931 0.780807 -0.624709
-0.004309 0.780857 -0.624695
-0.004309 0.780857 -0.624695
0.000000 0.780869 -0.624695
0.000000 0.780869 -0.624695
0.780869 0.000000 -0.624695
0.780869 0.000000 -0.624695
-0.015269 -0.780720 -0.624695
-0.030881 -0.780136 -0.624848
-0.015269 -0.780720 -0.624695
-0.046490 -0.779361 -0.624848
-0.094376 -0.774611 -0.625357
-0.126602 -0.770000 -0.625357
-0.213284 -0.749493 -0.626713
-0.267395 -0.731936 -0.626713
-0.367019 -0.687665 -0.626430
-0.412677 -0.661273 -0.626430
-0.501643 -0.596217 -0.626801
-0.544679 -0.557176 -0.626801
-0.621422 -0.469994 -0.626849
-0.655083 -0.421813 -0.626849
-0.710072 -0.320995 -0.626705
-0.731559 -0.268445 -0.626705
-0.761704 -0.166036 -0.626289
-0.770864 -0.116321 -0.626289
-0.779519 -0.019611 -0.626072
-0.779285 0.027362 -0.626072
-0.767762 0.132477 -0.626891
-0.755453 0.190524 -0.626891
-0.713344 0.311591 -0.627735
-0.682543 0.374277 -0.627735
-0.608177 0.486313 -0.627392
-0.564967 0.535903 -0.627392
-0.472149 0.619681 -0.626954
-0.422905 0.654279 -0.626954
-0.320752 0.710168 -0.626721
-0.267982 0.731714 -0.626721
-0.214516 0.750826 -0.624695
-0.214517 0.750825 -0.624695
-0.092656 0.775352 -0.624695
-0.073277 0.777233 -0.624932
-0.092655 0.775352 -0.624695
-0.053863 0.778819 -0.624932
-0.025727 0.780407 -0.624742
-0.017013 0.780645 -0.624742
-0.008300 0.780825 -0.624695
-0.008300 0.780825 -0.624695
0.780869 0.000000 -0.624695
0.000000 -0.780869 -0.624695
0.000000 -1.000000 0.000000
0.012115 -0.999927 0.000000
0.017432 -0.999848 0.000000
0.022749 -0.999741 0.000000
0.040161 -0.999193 0.000000
0.052254 -0.998634 0.000000
0.102482 -0.994735 0.000000
0.140533 -0.990076 0.000000
0.229737 -0.973253 0.000000
0.280659 -0.959807 0.000000
0.386529 -0.922277 0.000000
0.441202 -0.897408 0.000000
0.545904 -0.837847 0.000000
0.595885 -0.803070 0.000000
0.686502 -0.727128 0.000000
0.727373 -0.686243 0.000000
0.799842 -0.600211 0.000000
0.831675 -0.555263 0.000000
0.884983 -0.465623 0.000000
0.906956 -0.421225 0.000000
0.944376 -0.328868 0.000000
0.959744 -0.280877 0.000000
0.983423 -0.181326 0.000000
0.991550 -0.129723 0.000000
0.999811 -0.019423 0.000000
0.999226 0.039330 0.000000
0.985654 0.168776 0.000000
0.970946 0.239300 0.000000
0.925357 0.379097 0.000000
0.893936 0.448195 0.000000
0.816247 0.577703 0.000000
0.769955 0.638098 0.000000
0.665006 0.746838 0.000000
0.606359 0.795191 0.000000
0.544575 0.838712 0.000000
0.786765 -0.617252 0.000000
0.823593 -0.567181 0.000000
0.857364 -0.514710 0.000000
0.915530 -0.402249 0.000000
0.939657 -0.342118 0.000000
0.975803 -0.218654 0.000000
0.987862 -0.155331 0.000000
0.999417 -0.034143 0.000000
0.999720 0.023649 0.000000
0.990286 0.139044 0.000000
0.980476 0.196641 0.000000
0.950091 0.311974 0.000000
0.929182 0.369622 0.000000
0.881155 0.472828 0.000000
0.854900 0.518792 0.000000
0.798410 0.602114 0.000000
0.768584 0.639749 0.000000
0.701830 0.712344 0.000000
0.664696 0.747114 0.000000
0.585814 0.810445 0.000000
0.544085 0.839030 0.000000
0.457912 0.888998 0.000000
0.413532 0.910490 0.000000
0.323952 0.946074 0.000000
0.278822 0.960343 0.000000
0.195684 0.980667 0.000000
0.157852 0.987463 0.000000
0.098567 0.995130 0.000000
0.077235 0.997013 0.000000
0.042326 0.999104 0.000000
0.028764 0.999586 0.000000
0.015199 0.999884 0.000000
0.000000 1.000000 0.000000
-1.000000 0.000000 0.000000
-0.004595 -0.999989 0.000000
-0.009657 -0.999953 0.000000
-0.014719 -0.999892 0.000000
-0.032601 -0.999468 0.000000
-0.045419 -0.998968 0.000000
-0.058226 -0.998303 0.000000
-0.209516 -0.977805 0.000000
-0.280806 -0.959765 0.000000
-0.350952 -0.936393 0.000000
-0.498532 -0.866872 0.000000
-0.574834 -0.818270 0.000000
-0.713758 -0.700392 0.000000
-0.776028 -0.630698 0.000000
-0.876345 -0.481684 0.000000
-0.915233 -0.402925 0.000000
-0.968637 -0.248478 0.000000
-0.984857 -0.173368 0.000000
-0.999578 -0.029045 0.000000
-0.999197 0.040058 0.000000
-0.981333 0.192318 0.000000
-0.961385 0.275206 0.000000
-0.897134 0.441759 0.000000
-0.851219 0.524811 0.000000
-0.741484 0.670970 0.000000
-0.678436 0.734660 0.000000
-0.544517 0.838750 0.000000
-0.474498 0.880256 0.000000
-0.337578 0.941298 0.000000
-0.271393 0.962469 0.000000
-0.158228 0.987403 0.000000
-0.111782 0.993733 0.000000
-0.051230 0.998687 0.000000
-0.037254 0.999306 0.000000
-0.017356 0.999849 0.000000
-0.011437 0.999935 0.000000
-0.005518 0.999985 0.000000
1.000000 0.000000 0.000000
-0.019553 -0.999809 0.000000
-0.039553 -0.999217 0.000000
-0.059545 -0.998226 0.000000
-0.120942 -0.992660 0.000000
-0.162240 -0.986751 0.000000
-0.273705 -0.961814 0.000000
-0.343144 -0.939283 0.000000
-0.470852 -0.882212 0.000000
-0.529428 -0.848355 0.000000
-0.643809 -0.765186 0.000000
-0.699042 -0.715081 0.000000
-0.797574 -0.603222 0.000000
-0.840777 -0.541382 0.000000
-0.911218 -0.411925 0.000000
-0.938791 -0.344488 0.000000
-0.977057 -0.212978 0.000000
-0.988806 -0.149207 0.000000
-0.999684 -0.025149 0.000000
-0.999384 0.035089 0.000000
-0.985438 0.170037 0.000000
-0.969639 0.244541 0.000000
-0.916392 0.400283 0.000000
-0.876824 0.480812 0.000000
-0.781011 0.624517 0.000000
-0.725522 0.688199 0.000000
-0.606052 0.795425 0.000000
-0.542842 0.839835 0.000000
-0.411621 0.911355 0.000000
-0.343901 0.939006 0.000000
-0.274716 0.961525 0.000000
-0.118656 0.992935 0.000000
-0.093862 0.995585 0.000000
-0.068995 0.997617 0.000000
-0.032948 0.999457 0.000000
-0.021789 0.999763 0.000000
-0.010629 0.999943 0.000000
0.000000 -0.868243 0.496139
0.010519 -0.868179 0.496139
0.015135 -0.868105 0.496149
0.010519 -0.868179 0.496139
0.019751 -0.868012 0.496150
0.034868 -0.867511 0.496194
0.045367 -0.867026 0.496194
0.088947 -0.863359 0.496688
0.121972 -0.859316 0.496688
0.199332 -0.844444 0.497174
0.243514 -0.832778 0.497174
0.335304 -0.800051 0.497484
0.382731 -0.778477 0.497484
0.473546 -0.726792 0.497521
0.516901 -0.696625 0.497521
0.595561 -0.630805 0.497385
0.631018 -0.595336 0.497385
0.693939 -0.520740 0.497271
0.721558 -0.481743 0.497271
0.767917 -0.404030 0.497055
0.786983 -0.365505 0.497055
0.819436 -0.285359 0.497087
0.832770 -0.243717 0.497087
0.853277 -0.157330 0.497157
0.860329 -0.112556 0.497157
0.867343 -0.016850 0.497426
0.866835 0.034119 0.497426
0.854696 0.146352 0.498071
0.841942 0.207506 0.498072
0.802298 0.328683 0.498283
0.775055 0.388591 0.498283
0.707693 0.500873 0.498294
0.667557 0.553236 0.498294
0.576568 0.647517 0.498289
0.525719 0.689440 0.498289
0.426013 0.767002 0.479814
0.401866 0.785340 0.470898
0.327318 0.835455 0.441449
0.448869 -0.788110 0.421188
0.572400 -0.668095 0.475403
0.510298 -0.726893 0.459590
0.646508 -0.578840 0.496962
0.714395 -0.491980 0.497590
0.743688 -0.446466 0.497590
0.794083 -0.348889 0.497703
0.815009 -0.296735 0.497703
0.846369 -0.189650 0.497687
0.856829 -0.134728 0.497687
0.867024 -0.029620 0.497385
0.867288 0.020517 0.497385
0.859088 0.120623 0.497412
0.850577 0.170589 0.497412
0.824147 0.270619 0.497541
0.806010 0.320625 0.497541
0.764530 0.410247 0.497184
0.741750 0.450128 0.497184
0.692821 0.522485 0.497000
0.666939 0.555143 0.497000
0.608971 0.618095 0.497105
0.576751 0.648263 0.497105
0.508310 0.703220 0.497094
0.472102 0.728023 0.497094
0.397341 0.771404 0.497046
0.358832 0.790054 0.497046
0.281114 0.820969 0.496975
0.241952 0.833352 0.496975
0.169839 0.851148 0.496691
0.137004 0.857046 0.496691
0.085571 0.863918 0.496310
0.067052 0.865552 0.496310
0.036747 0.867426 0.496208
0.024972 0.867844 0.496208
0.013196 0.868142 0.496140
0.013196 0.868142 0.496140
0.000000 0.868243 0.496140
-0.868243 0.000000 0.496139
-0.868243 0.000000 0.496139
-0.003990 -0.868234 0.496139
-0.008385 -0.868197 0.496148
-0.003990 -0.868234 0.496139
-0.012780 -0.868144 0.496148
-0.028304 -0.867746 0.496200
-0.039433 -0.867312 0.496200
-0.050555 -0.866770 0.496139
-0.050556 -0.866770 0.496139
-0.181911 -0.848973 0.496139
-0.243480 -0.832190 0.498174
-0.181911 -0.848973 0.496139
-0.304302 -0.811926 0.498174
-0.431977 -0.751144 0.499178
-0.498093 -0.709031 0.499178
-0.618388 -0.606807 0.499381
-0.672337 -0.546425 0.499381
-0.759440 -0.417426 0.499005
-0.793140 -0.349175 0.499005
-0.839793 -0.215427 0.498336
-0.853855 -0.150308 0.498336
-0.866858 -0.025189 0.497918
-0.866528 0.034739 0.497918
-0.850515 0.166681 0.498840
-0.833227 0.238520 0.498840
-0.777209 0.382707 0.499481
-0.737432 0.454657 0.499481
-0.642520 0.581417 0.499122
-0.587887 0.636606 0.499122
-0.472004 0.727054 0.498603
-0.411310 0.763033 0.498603
-0.292752 0.816306 0.497937
-0.235356 0.834665 0.497937
-0.137306 0.856842 0.496959
-0.097002 0.862335 0.496959
-0.044479 0.867061 0.496212
-0.032345 0.867599 0.496212
-0.015069 0.868105 0.496152
-0.009930 0.868179 0.496152
-0.004791 0.868230 0.496139
-0.004791 0.868230 0.496139
0.000000 0.868243 0.496139
0.000000 0.868243 0.496139
0.868243 0.000000 0.496139
0.868243 0.000000 0.496139
0.000000 -0.868243 0.496139
-0.016977 -0.868077 0.496139
-0.034338 -0.867478 0.496289
-0.016977 -0.868077 0.496139
-0.051695 -0.866617 0.496289
-0.104962 -0.861501 0.496789
-0.140804 -0.856373 0.496789
-0.237331 -0.833995 0.498123
-0.297542 -0.814458 0.498123
-0.408354 -0.765113 0.497844
-0.459155 -0.735750 0.497844
-0.558219 -0.663460 0.498209
-0.606109 -0.620016 0.498209
-0.691520 -0.523011 0.498257
-0.728978 -0.469394 0.498257
-0.790127 -0.357184 0.498115
-0.814036 -0.298709 0.498115
-0.847446 -0.184726 0.497706
-0.857637 -0.129415 0.497706
-0.867194 -0.021816 0.497492
-0.866934 0.030439 0.497492
-0.854380 0.147423 0.498298
-0.840683 0.212019 0.498298
-0.794079 0.346856 0.499129
-0.759792 0.416637 0.499129
-0.676920 0.541283 0.498791
-0.628826 0.596477 0.498791
-0.525429 0.689610 0.498359
-0.470628 0.728112 0.498359
-0.356917 0.790238 0.498131
-0.298197 0.814214 0.498131
-0.238519 0.834838 0.496139
-0.238519 0.834838 0.496139
-0.103022 0.862110 0.496139
-0.081483 0.864278 0.496372
-0.103023 0.862109 0.496139
-0.059896 0.866041 0.496372
-0.028606 0.867745 0.496185
-0.018917 0.868010 0.496186
-0.009228 0.868194 0.496139
-0.009228 0.868194 0.496139
0.000000 0.000000 1.000000
0.000000 0.000000 -1.000000
640
0 0 1 2 0 0 0 2
0 1 3 2 0 0 0 2
0 1 4 3 1 2 3 3
0 4 5 3 2 4 3 3
0 4 6 5 2 5 4 3
0 6 7 5 5 6 4 3
0 6 8 7 5 7 6 3
0 8 9 7 7 8 6 3
0 8 10 9 7 9 8 3
0 10 11 9 9 10 8 3
0 10 12 11 9 11 10 3
0 12 13 11 11 12 10 3
0 12 14 13 11 13 12 3
0 14 15 13 13 14 12 3
0 14 16 15 13 15 14 3
0 16 17 15 15 16 14 3
0 16 18 17 15 17 16 3
0 18 19 17 17 18 16 3
0 18 20 19 17 19 18 3
0 20 21 19 19 20 18 3
0 20 22 21 19 21 20 3
0 22 23 21 21 22 20 3
0 22 24 23 21 23 22 3
0 24 25 23 23 24 22 3
0 24 26 25 23 25 24 3
0 26 27 25 25 26 24 3
0 26 28 27 25 27 26 3
0 28 29 27 27 28 26 3
0 28 30 29 27 29 28 3
0 30 31 29 29 30 28 3
0 30 32 31 29 31 30 3
0 32 33 31 31 32 30 3
0 32 34 33 31 33 32 3
0 34 35 33 33 34 32 3
0 34 36 35 33 35 34 3
0 36 37 35 35 36 34 3
0 36 38 37 35 37 36 3
0 38 39 37 38 39 40 4
0 39 40 37 39 41 40 4
0 40 41 37 41 42 40 4
0 41 42 37 42 43 40 4
0 41 43 42 42 44 43 4
0 43 44 42 44 45 43 4
0 43 45 44 44 46 45 4
0 45 46 44 46 47 45 4
0 45 47 46 46 48 47 4
0 47 48 46 48 49 47 4
0 47 49 48 48 50 49 4
0 49 50 48 50 51 49 4
0 49 51 50 50 52 51 4
0 51 52 50 52 53 51 4
0 51 53 52 52 54 53 4
0 53 54 52 54 55 53 4
0 53 55 54 54 56 55 4
0 55 56 54 56 57 55 4
0 55 57 56 56 58 57 4
0 57 58 56 58 59 57 4
0 57 59 58 58 60 59 4
0 59 60 58 60 61 59 4
0 59 61 60 60 62 61 4
0 61 62 60 62 63 61 4
0 61 63 62 62 64 63 4
0 63 64 62 64 65 63 4
0 63 65 64 64 66 65 4
0 65 66 64 66 67 65 4
0 65 67 66 66 68 67 4
0 67 68 66 68 69 67 4
0 67 69 68 68 70 69 4
0 69 70 68 70 71 69 4
0 69 71 70 70 72 71 4
0 71 72 70 72 73 71 4
0 71 73 72 74 74 74 5
0 73 74 72 74 74 74 5
0 73 75 74 75 75 75 2
0 75 76 74 75 75 75 2
0 77 78 79 76 77 78 2
0 78 80 79 77 79 78 2
0 78 81 80 77 80 79 2
0 81 82 80 80 81 79 2
0 81 83 82 80 82 81 2
0 83 84 82 82 83 81 2
0 83 85 84 84 85 86 3
0 85 86 84 85 87 86 3
0 85 87 86 85 88 87 3
0 87 88 86 88 89 87 3
0 87 89 88 88 90 89 3
0 89 90 88 90 91 89 3
0 89 91 90 90 92 91 3
0 91 92 90 92 93 91 3
0 91 93 92 92 94 93 3
0 93 94 92 94 95 93 3
0 93 95 94 94 96 95 3
0 95 96 94 96 97 95 3
0 95 97 96 96 98 97 3
0 97 98 96 98 99 97 3
0 97 99 98 98 100 99 3
0 99 100 98 100 101 99 3
0 99 101 100 100 102 101 3
0 101 102 100 102 103 101 3
0 101 103 102 102 104 103 3
0 103 104 102 104 105 103 3
0 103 105 104 104 106 105 3
0 105 106 104 106 107 105 3
0 105 107 106 106 108 107 3
0 107 108 106 108 109 107 3
0 107 109 108 108 110 109 3
0 109 110 108 110 111 109 3
0 109 111 110 110 112 111 3
0 111 112 110 112 113 111 3
0 111 113 112 112 114 113 3
0 113 114 112 114 115 113 3
0 113 115 114 116 117 117 4
0 115 116 114 117 117 117 4
0 115 117 116 118 119 119 5
0 117 118 116 119 119 119 5
0 117 119 118 0 0 0 2
0 119 120 118 0 0 0 2
0 121 122 123 120 121 122 2
0 122 124 123 121 123 122 2
0 122 125 124 121 124 123 2
0 125 126 124 124 125 123 2
0 125 127 126 124 126 125 2
0 127 128 126 126 127 125 2
0 127 129 128 126 128 127 2
0 129 130 128 128 129 127 2
0 129 131 130 128 130 129 2
0 131 132 130 130 131 129 2
0 131 133 132 130 132 131 2
0 133 134 132 132 133 131 2
0 133 135 134 132 134 133 2
0 135 136 134 134 135 133 2
0 135 137 136 134 136 135 2
0 137 138 136 136 137 135 2
0 137 139 138 136 138 137 2
0 139 140 138 138 139 137 2
0 139 141 140 138 140 139 2
0 141 142 140 140 141 139 2
0 141 143 142 140 142 141 2
0 143 144 142 142 143 141 2
0 143 145 144 142 144 143 2
0 145 146 144 144 145 143 2
0 145 147 146 144 146 145 2
0 147 148 146 146 147 145 2
0 147 149 148 146 148 147 2
0 149 150 148 148 149 147 2
0 149 151 150 148 150 149 2
0 151 152 150 150 151 149 2
0 151 153 152 152 153 154 3
0 153 154 152 153 155 154 3
0 153 155 154 153 156 155 3
0 155 156 154 156 157 155 3
0 155 157 156 156 158 157 3
0 157 158 156 158 159 157 3
0 157 159 158 117 117 117 4
0 159 160 158 117 117 117 4
0 159 161 160 119 160 160 5
0 161 162 160 160 160 160 5
0 161 163 162 0 0 0 2
0 163 164 162 161 161 0 2
0 2 3 165 162 162 162 7
0 3 166 165 162 162 162 7
0 3 5 166 163 164 163 8
0 5 167 166 164 165 163 8
0 5 7 167 164 166 165 8
0 7 168 167 166 167 165 8
0 7 9 168 166 168 167 8
0 9 169 168 168 169 167 8
0 9 11 169 168 170 169 8
0 11 170 169 170 171 169 8
0 11 13 170 170 172 171 8
0 13 171 170 172 173 171 8
0 13 15 171 172 174 173 8
0 15 172 171 174 175 173 8
0 15 17 172 174 176 175 8
0 17 173 172 176 177 175 8
0 17 19 173 176 178 177 8
0 19 174 173 178 179 177 8
0 19 21 174 178 180 179 8
0 21 175 174 180 181 179 8
0 21 23 175 180 182 181 8
0 23 176 175 182 183 181 8
0 23 25 176 182 184 183 8
0 25 177 176 184 185 183 8
0 25 27 177 184 186 185 8
0 27 178 177 186 187 185 8
0 27 29 178 186 188 187 8
0 29 179 178 188 189 187 8
0 29 31 179 188 190 189 8
0 31 180 179 190 191 189 8
0 31 33 180 190 192 191 8
0 33 181 180 192 193 191 8
0 33 35 181 192 194 193 8
0 35 182 181 194 195 193 8
0 35 37 182 194 196 195 8
0 37 183 182 196 196 195 8
0 37 42 183 197 198 197 9
0 42 184 183 198 199 197 9
0 42 44 184 198 200 199 9
0 44 185 184 200 201 199 9
0 44 46 185 200 202 201 9
0 46 186 185 202 203 201 9
0 46 48 186 202 204 203 9
0 48 187 186 204 205 203 9
0 48 50 187 204 206 205 9
0 50 188 187 206 207 205 9
0 50 52 188 206 208 207 9
0 52 189 188 208 209 207 9
0 52 54 189 208 210 209 9
0 54 190 189 210 211 209 9
0 54 56 190 210 212 211 9
0 56 191 190 212 213 211 9
0 56 58 191 212 214 213 9
0 58 192 191 214 215 213 9
0 58 60 192 214 216 215 9
0 60 193 192 216 217 215 9
0 60 62 193 216 218 217 9
0 62 194 193 218 219 217 9
0 62 64 194 218 220 219 9
0 64 195 194 220 221 219 9
0 64 66 195 220 222 221 9
0 66 196 195 222 223 221 9
0 66 68 196 222 224 223 9
0 68 197 196 224 225 223 9
0 68 70 197 224 226 225 9
0 70 198 197 226 227 225 9
0 70 72 198 226 228 227 9
0 72 199 198 228 228 227 9
0 72 74 199 229 229 229 10
0 74 200 199 229 229 229 10
0 74 76 200 230 230 230 7
0 76 201 200 230 230 230 7
0 79 80 202 231 232 231 7
0 80 203 202 232 233 231 7
0 80 82 203 232 234 233 7
0 82 204 203 234 235 233 7
0 82 84 204 234 236 235 7
0 84 205 204 236 236 235 7
0 84 86 205 237 238 237 8
0 86 206 205 238 239 237 8
0 86 88 206 238 240 239 8
0 88 207 206 240 241 239 8
0 88 90 207 240 242 241 8
0 90 208 207 242 243 241 8
0 90 92 208 242 244 243 8
0 92 209 208 244 245 243 8
0 92 94 209 244 246 245 8
0 94 210 209 246 247 245 8
0 94 96 210 246 248 247 8
0 96 211 210 248 249 247 8
0 96 98 211 248 250 249 8
0 98 212 211 250 251 249 8
0 98 100 212 250 252 251 8
0 100 213 212 252 253 251 8
0 100 102 213 252 254 253 8
0 102 214 213 254 255 253 8
0 102 104 214 254 256 255 8
0 104 215 214 256 257 255 8
0 104 106 215 256 258 257 8
0 106 216 215 258 259 257 8
0 106 108 216 258 260 259 8
0 108 217 216 260 261 259 8
0 108 110 217 260 262 261 8
0 110 218 217 262 263 261 8
0 110 112 218 262 264 263 8
0 112 219 218 264 265 263 8
0 112 114 219 264 266 265 8
0 114 220 219 266 266 265 8
0 114 116 220 229 229 229 9
0 116 221 220 229 229 229 9
0 116 118 221 267 267 267 10
0 118 222 221 267 267 267 10
0 118 120 222 162 162 162 7
0 120 223 222 162 162 162 7
0 123 124 224 268 269 268 7
0 124 225 224 269 270 268 7
0 124 126 225 269 271 270 7
0 126 226 225 271 272 270 7
0 126 128 226 271 273 272 7
0 128 227 226 273 274 272 7
0 128 130 227 273 275 274 7
0 130 228 227 275 276 274 7
0 130 132 228 275 277 276 7
0 132 229 228 277 278 276 7
0 132 134 229 277 279 278 7
0 134 230 229 279 280 278 7
0 134 136 230 279 281 280 7
0 136 231 230 281 282 280 7
0 136 138 231 281 283 282 7
0 138 232 231 283 284 282 7
0 138 140 232 283 285 284 7
0 140 233 232 285 286 284 7
0 140 142 233 285 287 286 7
0 142 234 233 287 288 286 7
0 142 144 234 287 289 288 7
0 144 235 234 289 290 288 7
0 144 146 235 289 291 290 7
0 146 236 235 291 292 290 7
0 146 148 236 291 293 292 7
0 148 237 236 293 294 292 7
0 148 150 237 293 295 294 7
0 150 238 237 295 296 294 7
0 150 152 238 295 297 296 7
0 152 239 238 297 297 296 7
0 152 154 239 298 299 298 8
0 154 240 239 299 300 298 8
0 154 156 240 299 301 300 8
0 156 241 240 301 302 300 8
0 156 158 241 301 303 302 8
0 158 242 241 303 303 302 8
0 158 160 242 229 229 229 9
0 160 243 242 229 229 229 9
0 160 162 243 267 267 267 10
0 162 244 243 267 267 267 10
0 162 164 244 162 162 162 7
0 164 245 244 162 162 162 7
0 165 166 246 304 304 304 2
0 166 247 246 304 304 304 2
0 166 167 247 305 306 307 3
0 167 248 247 306 308 307 3
0 167 168 248 306 309 308 3
0 168 249 248 309 310 308 3
0 168 169 249 309 311 310 3
0 169 250 249 311 312 310 3
0 169 170 250 311 313 312 3
0 170 251 250 313 314 312 3
0 170 171 251 313 315 314 3
0 171 252 251 315 316 314 3
0 171 172 252 315 317 316 3
0 172 253 252 317 318 316 3
0 172 173 253 317 319 318 3
0 173 254 253 319 320 318 3
0 173 174 254 319 321 320 3
0 174 255 254 321 322 320 3
0 174 175 255 321 323 322 3
0 175 256 255 323 324 322 3
0 175 176 256 323 325 324 3
0 176 257 256 325 326 324 3
0 176 177 257 325 327 326 3
0 177 258 257 327 328 326 3
0 177 178 258 327 329 328 3
0 178 259 258 329 330 328 3
0 178 179 259 329 331 330 3
0 179 260 259 331 332 330 3
0 179 180 260 331 333 332 3
0 180 261 260 333 334 332 3
0 180 181 261 333 335 334 3
0 181 262 261 335 336 334 3
0 181 182 262 335 337 336 3
0 182 263 262 337 338 336 3
0 182 183 263 337 339 338 3
0 183 264 263 339 340 338 3
0 264 183 265 340 339 341 3
0 265 183 266 342 343 344 4
0 266 183 267 344 343 345 4
0 183 184 267 343 346 345 4
0 184 268 267 346 347 345 4
0 184 185 268 346 348 347 4
0 185 269 268 348 349 347 4
0 185 186 269 348 350 349 4
0 186 270 269 350 351 349 4
0 186 187 270 350 352 351 4
0 187 271 270 352 353 351 4
0 187 188 271 352 354 353 4
0 188 272 271 354 355 353 4
0 188 189 272 354 356 355 4
0 189 273 272 356 357 355 4
0 189 190 273 356 358 357 4
0 190 274 273 358 359 357 4
0 190 191 274 358 360 359 4
0 191 275 274 360 361 359 4
0 191 192 275 360 362 361 4
0 192 276 275 362 363 361 4
0 192 193 276 362 364 363 4
0 193 277 276 364 365 363 4
0 193 194 277 364 366 365 4
0 194 278 277 366 367 365 4
0 194 195 278 366 368 367 4
0 195 279 278 368 369 367 4
0 195 196 279 368 370 369 4
0 196 280 279 370 371 369 4
0 196 197 280 370 372 371 4
0 197 281 280 372 373 371 4
0 197 198 281 372 374 373 4
0 198 282 281 374 375 373 4
0 198 199 282 374 376 375 4
0 199 283 282 376 377 375 4
0 199 200 283 378 378 378 5
0 200 284 283 378 378 378 5
0 200 201 284 379 379 380 2
0 201 285 284 380 380 380 2
0 202 203 286 381 382 383 2
0 203 287 286 382 384 383 2
0 203 204 287 382 385 384 2
0 204 288 287 385 386 384 2
0 204 205 288 385 387 386 2
0 205 289 288 387 388 386 2
0 205 206 289 389 390 391 3
0 206 290 289 390 392 391 3
0 206 207 290 390 393 392 3
0 207 291 290 393 394 392 3
0 207 208 291 393 395 394 3
0 208 292 291 395 396 394 3
0 208 209 292 395 397 396 3
0 209 293 292 397 398 396 3
0 209 210 293 397 399 398 3
0 210 294 293 399 400 398 3
0 210 211 294 399 401 400 3
0 211 295 294 401 402 400 3
0 211 212 295 401 403 402 3
0 212 296 295 403 404 402 3
0 212 213 296 403 405 404 3
0 213 297 296 405 406 404 3
0 213 214 297 405 407 406 3
0 214 298 297 407 408 406 3
0 214 215 298 407 409 408 3
0 215 299 298 409 410 408 3
0 215 216 299 409 411 410 3
0 216 300 299 411 412 410 3
0 216 217 300 411 413 412 3
0 217 301 300 413 414 412 3
0 217 218 301 413 415 414 3
0 218 302 301 415 416 414 3
0 218 219 302 415 417 416 3
0 219 303 302 417 418 416 3
0 219 220 303 417 419 418 3
0 220 304 303 419 420 418 3
0 220 221 304 421 421 421 4
0 221 305 304 421 422 421 4
0 221 222 305 423 423 423 5
0 222 306 305 423 424 423 5
0 222 223 306 425 425 425 2
0 223 307 306 425 425 425 2
0 224 225 308 426 427 428 2
0 225 309 308 427 429 428 2
0 225 226 309 427 430 429 2
0 226 310 309 430 431 429 2
0 226 227 310 430 432 431 2
0 227 311 310 432 433 431 2
0 227 228 311 432 434 433 2
0 228 312 311 434 435 433 2
0 228 229 312 434 436 435 2
0 229 313 312 436 437 435 2
0 229 230 313 436 438 437 2
0 230 314 313 438 439 437 2
0 230 231 314 438 440 439 2
0 231 315 314 440 441 439 2
0 231 232 315 440 442 441 2
0 232 316 315 442 443 441 2
0 232 233 316 442 444 443 2
0 233 317 316 444 445 443 2
0 233 234 317 444 446 445 2
0 234 318 317 446 447 445 2
0 234 235 318 446 448 447 2
0 235 319 318 448 449 447 2
0 235 236 319 448 450 449 2
0 236 320 319 450 451 449 2
0 236 237 320 450 452 451 2
0 237 321 320 452 453 451 2
0 237 238 321 452 454 453 2
0 238 322 321 454 455 453 2
0 238 239 322 454 456 455 2
0 239 323 322 456 457 455 2
0 239 240 323 458 459 460 3
0 240 324 323 459 461 460 3
0 240 241 324 459 462 461 3
0 241 325 324 462 463 461 3
0 241 242 325 462 464 463 3
0 242 326 325 464 465 463 3
0 242 243 326 421 421 421 4
0 243 327 326 421 422 421 4
0 243 244 327 423 423 423 5
0 244 328 327 423 423 423 5
0 244 245 328 304 304 425 2
0 245 329 328 425 425 425 2
0 330 331 332 466 466 466 11
0 330 332 333 466 466 466 11
0 331 330 334 466 466 466 11
0 330 333 335 466 466 466 11
0 330 335 336 466 466 466 11
0 337 338 339 466 466 466 11
0 338 337 340 466 466 466 11
0 337 339 341 466 466 466 11
0 337 341 342 466 466 466 11
0 331 334 343 466 466 466 11
0 344 330 336 466 466 466 11
0 344 336 337 466 466 466 11
0 337 342 345 466 466 466 11
0 344 337 345 466 466 466 11
0 344 345 346 466 466 466 11
0 347 344 346 466 466 466 11
0 347 346 348 466 466 466 11
0 338 340 349 466 466 466 11
0 347 348 350 466 466 466 11
0 331 343 351 466 466 466 11
0 338 349 352 466 466 466 11
0 331 351 353 466 466 466 11
0 354 331 353 466 466 466 11
0 354 353 355 466 466 466 11
0 356 347 350 466 466 466 11
0 356 350 357 466 466 466 11
0 356 357 358 466 466 466 11
0 359 356 358 466 466 466 11
0 359 358 360 466 466 466 11
0 361 359 360 466 466 466 11
0 362 354 355 466 466 466 11
0 362 355 363 466 466 466 11
0 362 363 364 466 466 466 11
0 365 362 364 466 466 466 11
0 365 364 366 466 466 466 11
0 365 366 367 466 466 466 11
0 368 365 367 466 466 466 11
0 368 367 369 466 466 466 11
0 368 369 370 466 466 466 11
0 371 368 370 466 466 466 11
0 371 370 372 466 466 466 11
0 371 372 373 466 466 466 11
0 374 371 373 466 466 466 11
0 374 373 375 466 466 466 11
0 376 374 375 466 466 466 11
0 376 375 377 466 466 466 11
0 376 377 378 466 466 466 11
0 379 376 378 466 466 466 11
0 379 378 380 466 466 466 11
0 381 379 380 466 466 466 11
0 381 380 382 466 466 466 11
0 381 382 383 466 466 466 11
0 384 381 383 466 466 466 11
0 385 384 383 466 466 466 11
0 386 338 352 466 466 466 11
0 387 361 360 466 466 466 11
0 387 360 388 466 466 466 11
0 389 387 388 466 466 466 11
0 390 389 388 466 466 466 11
0 390 388 391 466 466 466 11
0 392 390 391 466 466 466 11
0 393 392 391 466 466 466 11
0 393 391 394 466 466 466 11
0 395 393 394 466 466 466 11
0 396 395 394 466 466 466 11
0 396 394 397 466 466 466 11
0 398 396 397 466 466 466 11
0 399 398 397 466 466 466 11
0 399 397 400 466 466 466 11
0 401 399 400 466 466 466 11
0 402 401 400 466 466 466 11
0 402 400 403 466 466 466 11
0 404 402 403 466 466 466 11
0 405 404 403 466 466 466 11
0 405 403 406 466 466 466 11
0 407 405 406 466 466 466 11
0 383 407 406 466 466 466 11
0 383 406 408 466 466 466 11
0 383 408 409 466 466 466 11
0 385 383 409 466 466 466 11
0 410 385 409 466 466 466 11
0 410 409 386 466 466 466 11
0 410 386 352 466 466 466 11
0 0 411 412 467 467 467 11
0 0 413 411 467 467 467 11
0 412 414 0 467 467 467 11
0 0 415 413 467 467 467 11
0 0 416 415 467 467 467 11
0 417 418 419 467 467 467 11
0 419 420 417 467 467 467 11
0 417 421 418 467 467 467 11
0 417 422 421 467 467 467 11
0 412 423 414 467 467 467 11
0 424 416 0 467 467 467 11
0 424 417 416 467 467 467 11
0 417 425 422 467 467 467 11
0 424 425 417 467 467 467 11
0 424 426 425 467 467 467 11
0 427 426 424 467 467 467 11
0 427 428 426 467 467 467 11
0 419 429 420 467 467 467 11
0 427 430 428 467 467 467 11
0 412 431 423 467 467 467 11
0 419 432 429 467 467 467 11
0 412 433 431 467 467 467 11
0 434 433 412 467 467 467 11
0 434 435 433 467 467 467 11
0 436 430 427 467 467 467 11
0 436 437 430 467 467 467 11
0 436 438 437 467 467 467 11
0 439 438 436 467 467 467 11
0 439 440 438 467 467 467 11
0 441 440 439 467 467 467 11
0 442 435 434 467 467 467 11
0 442 443 435 467 467 467 11
0 442 444 443 467 467 467 11
0 445 444 442 467 467 467 11
0 445 446 444 467 467 467 11
0 445 447 446 467 467 467 11
0 448 447 445 467 467 467 11
0 448 449 447 467 467 467 11
0 448 450 449 467 467 467 11
0 451 450 448 467 467 467 11
0 451 452 450 467 467 467 11
0 451 453 452 467 467 467 11
0 454 453 451 467 467 467 11
0 454 455 453 467 467 467 11
0 456 455 454 467 467 467 11
0 456 457 455 467 467 467 11
0 456 458 457 467 467 467 11
0 459 458 456 467 467 467 11
0 459 460 458 467 467 467 11
0 461 460 459 467 467 467 11
0 461 462 460 467 467 467 11
0 461 463 462 467 467 467 11
0 464 463 461 467 467 467 11
0 465 463 464 467 467 467 11
0 466 432 419 467 467 467 11
0 467 440 441 467 467 467 11
0 467 468 440 467 467 467 11
0 469 468 467 467 467 467 11
0 470 468 469 467 467 467 11
0 470 471 468 467 467 467 11
0 472 471 470 467 467 467 11
0 473 471 472 467 467 467 11
0 473 474 471 467 467 467 11
0 475 474 473 467 467 467 11
0 476 474 475 467 467 467 11
0 476 477 474 467 467 467 11
0 478 477 476 467 467 467 11
0 479 477 478 467 467 467 11
0 479 480 477 467 467 467 11
0 481 480 479 467 467 467 11
0 482 480 481 467 467 467 11
0 482 483 480 467 467 467 11
0 484 483 482 467 467 467 11
0 485 483 484 467 467 467 11
0 485 486 483 467 467 467 11
0 487 486 485 467 467 467 11
0 463 486 487 467 467 467 11
0 463 488 486 467 467 467 11
0 463 489 488 467 467 467 11
0 465 489 463 467 467 467 11
0 490 489 465 467 467 467 11
0 490 466 489 467 467 467 11
0 490 432 466 467 467 467 11

Materials: 1
"1 - Default"
1 1 1 1
1 1 1 1
1 1 1 1
0 0 0 1
13
1.000000
"yellow sphere.png"
"plastic sphere add.png"

Bones: 0
