// MilkShape 3D ASCII

Frames: 30
Frame: 1

Meshes: 1
"Text01" 0 0
304
0 14.946088 -12.507231 -9.735778 0.000000 1.000000 -1
0 13.159108 -15.947337 -9.735778 0.020000 1.000000 -1
0 11.230061 -10.983618 -4.735778 0.000000 0.738278 -1
0 9.826758 -13.685108 -4.735778 0.009173 0.738278 -1
0 10.903726 -18.551676 -9.735778 0.040000 1.000000 -1
0 8.215547 -15.545610 -4.735778 0.016590 0.738278 -1
0 8.252859 -20.373724 -9.735778 0.060000 1.000000 -1
0 6.401067 -16.792774 -4.735778 0.023225 0.738278 -1
0 5.279421 -21.466955 -9.735778 0.080000 1.000000 -1
0 4.355999 -17.544676 -4.735778 0.029791 0.738278 -1
0 1.983415 -21.831364 -9.735778 0.100000 1.000000 -1
0 2.022603 -17.802658 -4.735778 0.036865 0.738278 -1
0 -2.410249 -21.258881 -9.735778 0.120000 1.000000 -1
0 -1.305879 -17.368965 -4.735778 0.046980 0.738278 -1
0 -6.218322 -19.541435 -9.735778 0.140000 1.000000 -1
0 -4.017879 -16.145849 -4.735778 0.055945 0.738278 -1
0 -9.440806 -16.679020 -9.735778 0.160000 1.000000 -1
0 -6.303141 -14.115936 -4.735778 0.065156 0.738278 -1
0 -11.882213 -12.467821 -9.735778 0.180000 1.000000 -1
0 -8.142547 -10.943130 -4.735778 0.076207 0.738278 -1
0 -13.347054 -6.704021 -9.735778 0.200000 1.000000 -1
0 -9.380271 -6.072987 -4.735778 0.091349 0.738278 -1
0 -13.835338 0.612389 -9.735778 0.220000 1.000000 -1
0 -9.825814 0.603012 -4.735778 0.111511 0.738278 -1
0 -13.340806 7.535046 -9.735778 0.240000 1.000000 -1
0 -9.378339 6.866959 -4.735778 0.130435 0.738278 -1
0 -11.857212 13.050926 -9.735778 0.260000 1.000000 -1
0 -8.140350 11.469696 -4.735778 0.144798 0.738278 -1
0 -9.384557 17.160042 -9.735778 0.280000 1.000000 -1
0 -6.283523 14.555416 -4.735778 0.155650 0.738278 -1
0 -6.117630 19.998150 -9.735778 0.300000 1.000000 -1
0 -3.951345 16.581470 -4.735778 0.164959 0.738278 -1
0 -2.251223 21.701012 -9.735778 0.320000 1.000000 -1
0 -1.170596 17.806183 -4.735778 0.174116 0.738278 -1
0 2.214662 22.268639 -9.735778 0.340000 1.000000 -1
0 2.271996 18.243744 -4.735778 0.184573 0.738278 -1
0 5.491572 21.946678 -9.735778 0.360000 1.000000 -1
0 4.659925 18.009129 -4.735778 0.191803 0.738278 -1
0 8.422303 20.980785 -9.735778 0.380000 1.000000 -1
0 6.714689 17.331932 -4.735778 0.198323 0.738278 -1
0 11.006852 19.370979 -9.735778 0.400000 1.000000 -1
0 8.490921 16.225594 -4.735778 0.204629 0.738278 -1
0 13.143136 17.205097 -9.735778 0.420000 1.000000 -1
0 9.961501 14.734638 -4.735778 0.210939 0.738278 -1
0 14.729072 14.570980 -9.735778 0.440000 1.000000 -1
0 11.074614 12.885841 -4.735778 0.217442 0.738278 -1
0 15.764665 11.468636 -9.735778 0.460000 1.000000 -1
0 13.134192 6.715931 -4.735778 0.237043 0.738278 -1
0 28.564665 14.568638 -9.735778 0.480000 1.000000 -1
0 33.833023 11.728931 -4.735778 0.301220 0.738278 -1
0 26.863277 19.311172 -9.735778 0.500000 1.000000 -1
0 30.518730 20.967373 -4.735778 0.330796 0.738278 -1
0 24.675776 23.255436 -9.735778 0.520000 1.000000 -1
0 27.981094 25.542957 -4.735778 0.346563 0.738278 -1
0 22.002165 26.401451 -9.735778 0.540000 1.000000 -1
0 24.732845 29.365147 -4.735778 0.361678 0.738278 -1
0 16.610151 30.272114 -9.735778 0.560000 1.000000 -1
0 18.496113 33.842190 -4.735778 0.384813 0.738278 -1
0 10.236190 32.594501 -9.735778 0.580000 1.000000 -1
0 11.143696 36.521084 -4.735778 0.408393 0.738278 -1
0 2.880288 33.368641 -9.735778 0.600000 1.000000 -1
0 2.856785 37.393208 -4.735778 0.433503 0.738278 -1
0 -5.525527 32.384617 -9.735778 0.620000 1.000000 -1
0 -6.530663 36.294270 -4.735778 0.461984 0.738278 -1
0 -12.774223 29.432522 -9.735778 0.640000 1.000000 -1
0 -14.828942 32.914715 -4.735778 0.488984 0.738278 -1
0 -18.865805 24.512386 -9.735778 0.660000 1.000000 -1
0 -21.833902 27.256851 -4.735778 0.516118 0.738278 -1
0 -23.459990 17.813778 -9.735778 0.680000 1.000000 -1
0 -27.077600 19.611214 -4.735778 0.544055 0.738278 -1
0 -26.216497 9.526276 -9.735778 0.700000 1.000000 -1
0 -30.156811 10.353500 -4.735778 0.573455 0.738278 -1
0 -27.135336 -0.350113 -9.735778 0.720000 1.000000 -1
0 -31.153442 -0.359064 -4.735778 0.605876 0.738278 -1
0 -26.220926 -9.725807 -9.735778 0.740000 1.000000 -1
0 -30.156210 -10.583958 -4.735778 0.636833 0.738278 -1
0 -23.477695 -17.677891 -9.735778 0.760000 1.000000 -1
0 -27.076023 -19.512810 -4.735778 0.665296 0.738278 -1
0 -18.905649 -24.206364 -9.735778 0.780000 1.000000 -1
0 -21.859081 -26.962135 -4.735778 0.692701 0.738278 -1
0 -12.913463 -29.053585 -9.735778 0.800000 1.000000 -1
0 -14.980457 -32.526417 -4.735778 0.719361 0.738278 -1
0 -5.909816 -31.961920 -9.735778 0.820000 1.000000 -1
0 -6.936020 -35.866951 -4.735778 0.745609 0.738278 -1
0 2.105287 -32.931362 -9.735778 0.840000 1.000000 -1
0 2.039256 -36.952530 -4.735778 0.772853 0.738278 -1
0 8.591485 -32.362179 -9.735778 0.860000 1.000000 -1
0 9.349666 -36.311020 -4.735778 0.794966 0.738278 -1
0 14.275078 -30.654627 -9.735778 0.880000 1.000000 -1
0 15.880179 -34.349022 -4.735778 0.815514 0.738278 -1
0 19.156069 -27.808708 -9.735778 0.900000 1.000000 -1
0 21.610567 -31.007851 -4.735778 0.835503 0.738278 -1
0 23.210152 -23.790043 -9.735778 0.920000 1.000000 -1
0 26.368595 -26.291393 -4.735778 0.855691 0.738278 -1
0 26.413015 -18.564264 -9.735778 0.940000 1.000000 -1
0 30.032492 -20.313393 -4.735778 0.876820 0.738278 -1
0 28.764666 -12.131363 -9.735778 0.960000 1.000000 -1
0 33.962498 -9.562920 -4.735778 0.911312 0.738278 -1
0 16.264666 -8.231363 -9.735778 0.980000 1.000000 -1
0 13.624919 -3.217596 -4.735778 0.975510 0.738278 -1
0 14.946088 -12.507231 -9.735778 1.000000 1.000000 -1
0 11.230061 -10.983618 -4.735778 1.000000 0.738278 -1
0 11.230061 -10.983618 5.264222 0.000000 0.329537 -1
0 9.826758 -13.685108 5.264222 0.009173 0.329537 -1
0 8.215547 -15.545610 5.264222 0.016590 0.329537 -1
0 6.401067 -16.792774 5.264222 0.023225 0.329537 -1
0 4.355999 -17.544676 5.264222 0.029791 0.329537 -1
0 2.022603 -17.802658 5.264222 0.036865 0.329537 -1
0 -1.305879 -17.368965 5.264222 0.046980 0.329537 -1
0 -4.017879 -16.145849 5.264222 0.055945 0.329537 -1
0 -6.303141 -14.115936 5.264222 0.065156 0.329537 -1
0 -8.142547 -10.943130 5.264222 0.076207 0.329537 -1
0 -9.380271 -6.072987 5.264222 0.091349 0.329537 -1
0 -9.825814 0.603012 5.264222 0.111511 0.329537 -1
0 -9.378339 6.866959 5.264222 0.130435 0.329537 -1
0 -8.140350 11.469696 5.264222 0.144798 0.329537 -1
0 -6.283523 14.555416 5.264222 0.155650 0.329537 -1
0 -3.951345 16.581470 5.264222 0.164959 0.329537 -1
0 -1.170596 17.806183 5.264222 0.174116 0.329537 -1
0 2.271996 18.243744 5.264222 0.184573 0.329537 -1
0 4.659925 18.009129 5.264222 0.191803 0.329537 -1
0 6.714689 17.331932 5.264222 0.198323 0.329537 -1
0 8.490921 16.225594 5.264222 0.204629 0.329537 -1
0 9.961501 14.734638 5.264222 0.210939 0.329537 -1
0 11.074614 12.885841 5.264222 0.217442 0.329537 -1
0 13.134192 6.715931 5.264222 0.237043 0.329537 -1
0 33.833023 11.728931 5.264222 0.301220 0.329537 -1
0 30.518730 20.967373 5.264222 0.330796 0.329537 -1
0 27.981094 25.542957 5.264222 0.346563 0.329537 -1
0 24.732845 29.365147 5.264222 0.361678 0.329537 -1
0 18.496113 33.842190 5.264222 0.384813 0.329537 -1
0 11.143696 36.521084 5.264222 0.408393 0.329537 -1
0 2.856785 37.393208 5.264222 0.433503 0.329537 -1
0 -6.530663 36.294270 5.264222 0.461984 0.329537 -1
0 -14.828942 32.914715 5.264222 0.488984 0.329537 -1
0 -21.833902 27.256851 5.264222 0.516118 0.329537 -1
0 -27.077600 19.611214 5.264222 0.544055 0.329537 -1
0 -30.156811 10.353500 5.264222 0.573455 0.329537 -1
0 -31.153442 -0.359064 5.264222 0.605876 0.329537 -1
0 -30.156210 -10.583958 5.264222 0.636833 0.329537 -1
0 -27.076023 -19.512810 5.264222 0.665296 0.329537 -1
0 -21.859081 -26.962135 5.264222 0.692701 0.329537 -1
0 -14.980457 -32.526417 5.264222 0.719361 0.329537 -1
0 -6.936020 -35.866951 5.264222 0.745609 0.329537 -1
0 2.039256 -36.952530 5.264222 0.772853 0.329537 -1
0 9.349666 -36.311020 5.264222 0.794966 0.329537 -1
0 15.880179 -34.349022 5.264222 0.815514 0.329537 -1
0 21.610567 -31.007851 5.264222 0.835503 0.329537 -1
0 26.368595 -26.291393 5.264222 0.855691 0.329537 -1
0 30.032492 -20.313393 5.264222 0.876820 0.329537 -1
0 33.962498 -9.562920 5.264222 0.911312 0.329537 -1
0 13.624919 -3.217596 5.264222 0.975510 0.329537 -1
0 11.230061 -10.983618 5.264222 1.000000 0.329537 -1
0 14.946088 -12.507231 12.264222 0.000000 0.000000 -1
0 13.159108 -15.947337 12.264222 0.020000 0.000000 -1
0 10.903726 -18.551676 12.264222 0.040000 0.000000 -1
0 8.252859 -20.373724 12.264222 0.060000 0.000000 -1
0 5.279421 -21.466955 12.264222 0.080000 0.000000 -1
0 1.983415 -21.831364 12.264222 0.100000 0.000000 -1
0 -2.410249 -21.258881 12.264222 0.120000 0.000000 -1
0 -6.218322 -19.541435 12.264222 0.140000 0.000000 -1
0 -9.440806 -16.679020 12.264222 0.160000 0.000000 -1
0 -11.882213 -12.467821 12.264222 0.180000 0.000000 -1
0 -13.347054 -6.704021 12.264222 0.200000 0.000000 -1
0 -13.835338 0.612389 12.264222 0.220000 0.000000 -1
0 -13.340806 7.535046 12.264222 0.240000 0.000000 -1
0 -11.857212 13.050926 12.264222 0.260000 0.000000 -1
0 -9.384557 17.160042 12.264222 0.280000 0.000000 -1
0 -6.117630 19.998150 12.264222 0.300000 0.000000 -1
0 -2.251223 21.701012 12.264222 0.320000 0.000000 -1
0 2.214662 22.268639 12.264222 0.340000 0.000000 -1
0 5.491572 21.946678 12.264222 0.360000 0.000000 -1
0 8.422303 20.980785 12.264222 0.380000 0.000000 -1
0 11.006852 19.370979 12.264222 0.400000 0.000000 -1
0 13.143136 17.205097 12.264222 0.420000 0.000000 -1
0 14.729072 14.570980 12.264222 0.440000 0.000000 -1
0 15.764665 11.468636 12.264222 0.460000 0.000000 -1
0 28.564665 14.568638 12.264222 0.480000 0.000000 -1
0 26.863277 19.311172 12.264222 0.500000 0.000000 -1
0 24.675776 23.255436 12.264222 0.520000 0.000000 -1
0 22.002165 26.401451 12.264222 0.540000 0.000000 -1
0 16.610151 30.272114 12.264222 0.560000 0.000000 -1
0 10.236190 32.594501 12.264222 0.580000 0.000000 -1
0 2.880288 33.368641 12.264222 0.600000 0.000000 -1
0 -5.525527 32.384617 12.264222 0.620000 0.000000 -1
0 -12.774223 29.432522 12.264222 0.640000 0.000000 -1
0 -18.865805 24.512386 12.264222 0.660000 0.000000 -1
0 -23.459990 17.813778 12.264222 0.680000 0.000000 -1
0 -26.216497 9.526276 12.264222 0.700000 0.000000 -1
0 -27.135336 -0.350113 12.264222 0.720000 0.000000 -1
0 -26.220926 -9.725807 12.264222 0.740000 0.000000 -1
0 -23.477695 -17.677891 12.264222 0.760000 0.000000 -1
0 -18.905649 -24.206364 12.264222 0.780000 0.000000 -1
0 -12.913463 -29.053585 12.264222 0.800000 0.000000 -1
0 -5.909816 -31.961920 12.264222 0.820000 0.000000 -1
0 2.105287 -32.931362 12.264222 0.840000 0.000000 -1
0 8.591485 -32.362179 12.264222 0.860000 0.000000 -1
0 14.275078 -30.654627 12.264222 0.880000 0.000000 -1
0 19.156069 -27.808708 12.264222 0.900000 0.000000 -1
0 23.210152 -23.790043 12.264222 0.920000 0.000000 -1
0 26.413015 -18.564264 12.264222 0.940000 0.000000 -1
0 28.764666 -12.131363 12.264222 0.960000 0.000000 -1
0 16.264666 -8.231363 12.264222 0.980000 0.000000 -1
0 14.946088 -12.507231 12.264222 1.000000 0.000000 -1
0 15.764665 11.468636 12.264222 0.767442 0.330317 -1
0 28.564665 14.568638 12.264222 0.996422 0.283560 -1
0 26.863277 19.311172 12.264222 0.965986 0.212028 -1
0 14.729072 14.570980 12.264222 0.748916 0.283524 -1
0 24.675776 23.255436 12.264222 0.926854 0.152537 -1
0 13.143136 17.205097 12.264222 0.720545 0.243794 -1
0 22.002165 26.401451 12.264222 0.879025 0.105086 -1
0 16.610151 30.272114 12.264222 0.782567 0.046705 -1
0 11.006852 19.370979 12.264222 0.682329 0.211126 -1
0 10.236190 32.594501 12.264222 0.668543 0.011676 -1
0 8.422303 20.980785 12.264222 0.636094 0.186845 -1
0 5.491572 21.946678 12.264222 0.583666 0.172277 -1
0 2.880288 33.368641 12.264222 0.536952 0.000000 -1
0 2.214662 22.268639 12.264222 0.525045 0.167421 -1
0 -5.525527 32.384617 12.264222 0.386580 0.014842 -1
0 -2.251223 21.701012 12.264222 0.445154 0.175982 -1
0 -12.774223 29.432522 12.264222 0.256907 0.059368 -1
0 -6.117630 19.998150 12.264222 0.375988 0.201667 -1
0 -18.865805 24.512386 12.264222 0.147934 0.133578 -1
0 -9.384557 17.160042 12.264222 0.317545 0.244474 -1
0 -23.459990 17.813778 12.264222 0.065749 0.234613 -1
0 -11.857212 13.050926 12.264222 0.273312 0.306451 -1
0 -26.216497 9.526276 12.264222 0.016437 0.359613 -1
0 -13.340806 7.535046 12.264222 0.246772 0.389647 -1
0 -27.135336 -0.350113 12.264222 0.000000 0.508578 -1
0 -13.835338 0.612389 12.264222 0.237925 0.494061 -1
0 26.413015 -18.564264 12.264222 0.957931 0.783302 -1
0 28.764666 -12.131363 12.264222 1.000000 0.686275 -1
0 16.264666 -8.231363 12.264222 0.776386 0.627451 -1
0 14.946088 -12.507231 12.264222 0.752798 0.691944 -1
0 23.210152 -23.790043 12.264222 0.900635 0.862122 -1
0 13.159108 -15.947337 12.264222 0.720831 0.743831 -1
0 19.156069 -27.808708 12.264222 0.828111 0.922735 -1
0 10.903726 -18.551676 12.264222 0.680484 0.783112 -1
0 14.275078 -30.654627 12.264222 0.740795 0.965660 -1
0 8.252859 -20.373724 12.264222 0.633063 0.810594 -1
0 8.591485 -32.362179 12.264222 0.639120 0.991415 -1
0 5.279421 -21.466955 12.264222 0.579870 0.827083 -1
0 2.105287 -32.931362 12.264222 0.523088 1.000000 -1
0 1.983415 -21.831364 12.264222 0.520908 0.832579 -1
0 -5.909816 -31.961920 12.264222 0.379705 0.985378 -1
0 -2.410249 -21.258881 12.264222 0.442309 0.823944 -1
0 -12.913463 -29.053585 12.264222 0.254416 0.941512 -1
0 -6.218322 -19.541435 12.264222 0.374186 0.798040 -1
0 -18.905649 -24.206364 12.264222 0.147222 0.868401 -1
0 -9.440806 -16.679020 12.264222 0.316539 0.754867 -1
0 -23.477695 -17.677891 12.264222 0.065432 0.769933 -1
0 -11.882213 -12.467821 12.264222 0.272864 0.691349 -1
0 -26.220926 -9.725807 12.264222 0.016358 0.649992 -1
0 -13.347054 -6.704021 12.264222 0.246660 0.604414 -1
0 15.764665 11.468636 -9.735778 0.767442 0.330317 -1
0 26.863277 19.311172 -9.735778 0.965986 0.212028 -1
0 28.564665 14.568638 -9.735778 0.996422 0.283560 -1
0 14.729072 14.570980 -9.735778 0.748916 0.283524 -1
0 24.675776 23.255436 -9.735778 0.926854 0.152537 -1
0 13.143136 17.205097 -9.735778 0.720545 0.243794 -1
0 22.002165 26.401451 -9.735778 0.879025 0.105086 -1
0 16.610151 30.272114 -9.735778 0.782567 0.046705 -1
0 11.006852 19.370979 -9.735778 0.682329 0.211126 -1
0 10.236190 32.594501 -9.735778 0.668543 0.011676 -1
0 8.422303 20.980785 -9.735778 0.636094 0.186845 -1
0 5.491572 21.946678 -9.735778 0.583666 0.172277 -1
0 2.880288 33.368641 -9.735778 0.536952 0.000000 -1
0 2.214662 22.268639 -9.735778 0.525045 0.167421 -1
0 -5.525527 32.384617 -9.735778 0.386580 0.014842 -1
0 -2.251223 21.701012 -9.735778 0.445154 0.175982 -1
0 -12.774223 29.432522 -9.735778 0.256907 0.059368 -1
0 -6.117630 19.998150 -9.735778 0.375988 0.201667 -1
0 -18.865805 24.512386 -9.735778 0.147934 0.133578 -1
0 -9.384557 17.160042 -9.735778 0.317545 0.244474 -1
0 -23.459990 17.813778 -9.735778 0.065749 0.234613 -1
0 -11.857212 13.050926 -9.735778 0.273312 0.306451 -1
0 -26.216497 9.526276 -9.735778 0.016437 0.359613 -1
0 -13.340806 7.535046 -9.735778 0.246772 0.389647 -1
0 -27.135336 -0.350113 -9.735778 0.000000 0.508578 -1
0 -13.835338 0.612389 -9.735778 0.237925 0.494061 -1
0 26.413015 -18.564264 -9.735778 0.957931 0.783302 -1
0 16.264666 -8.231363 -9.735778 0.776386 0.627451 -1
0 28.764666 -12.131363 -9.735778 1.000000 0.686275 -1
0 14.946088 -12.507231 -9.735778 0.752798 0.691944 -1
0 23.210152 -23.790043 -9.735778 0.900635 0.862122 -1
0 13.159108 -15.947337 -9.735778 0.720831 0.743831 -1
0 19.156069 -27.808708 -9.735778 0.828111 0.922735 -1
0 10.903726 -18.551676 -9.735778 0.680484 0.783112 -1
0 14.275078 -30.654627 -9.735778 0.740795 0.965660 -1
0 8.252859 -20.373724 -9.735778 0.633063 0.810594 -1
0 8.591485 -32.362179 -9.735778 0.639120 0.991415 -1
0 5.279421 -21.466955 -9.735778 0.579870 0.827083 -1
0 2.105287 -32.931362 -9.735778 0.523088 1.000000 -1
0 1.983415 -21.831364 -9.735778 0.520908 0.832579 -1
0 -5.909816 -31.961920 -9.735778 0.379705 0.985378 -1
0 -2.410249 -21.258881 -9.735778 0.442309 0.823944 -1
0 -12.913463 -29.053585 -9.735778 0.254416 0.941512 -1
0 -6.218322 -19.541435 -9.735778 0.374186 0.798040 -1
0 -18.905649 -24.206364 -9.735778 0.147222 0.868401 -1
0 -9.440806 -16.679020 -9.735778 0.316539 0.754867 -1
0 -23.477695 -17.677891 -9.735778 0.065432 0.769933 -1
0 -11.882213 -12.467821 -9.735778 0.272864 0.691349 -1
0 -26.220926 -9.725807 -9.735778 0.016358 0.649992 -1
0 -13.347054 -6.704021 -9.735778 0.246660 0.604414 -1
307
-0.692954 0.359959 -0.624695
-0.661191 0.411902 -0.627027
-0.626840 0.462502 -0.627027
-0.543347 0.557748 -0.627448
-0.493805 0.602051 -0.627448
-0.386326 0.676163 -0.627340
-0.328465 0.706084 -0.627340
-0.209074 0.750288 -0.627181
-0.147613 0.764758 -0.627181
-0.023668 0.778556 -0.627129
0.038809 0.777948 -0.627129
0.175296 0.757913 -0.628362
0.249107 0.736958 -0.628362
0.389286 0.673311 -0.628577
0.455543 0.630374 -0.628577
0.574848 0.523348 -0.629013
0.627534 0.458850 -0.629013
0.706283 0.326897 -0.627936
0.733509 0.260117 -0.627936
0.765973 0.145887 -0.626101
0.773431 0.099001 -0.626101
0.780057 0.016139 -0.625501
0.779973 -0.019787 -0.625501
0.772527 -0.104961 -0.626247
0.764235 -0.154142 -0.626247
0.729568 -0.270840 -0.627993
0.701087 -0.337790 -0.627993
0.620875 -0.468013 -0.628871
0.568205 -0.530721 -0.628871
0.449055 -0.635068 -0.628521
0.382862 -0.677037 -0.628521
0.244016 -0.738779 -0.628221
0.171515 -0.758894 -0.628222
0.040325 -0.778114 -0.626828
-0.018145 -0.778947 -0.626828
-0.132812 -0.767816 -0.626753
-0.189020 -0.755944 -0.626753
-0.301722 -0.718121 -0.627109
-0.358077 -0.691748 -0.627109
-0.462268 -0.627001 -0.627039
-0.510149 -0.588702 -0.627039
-0.595874 -0.501719 -0.627066
-0.633695 -0.453011 -0.627066
-0.695151 -0.352082 -0.626741
-0.719134 -0.300071 -0.626741
-0.740691 -0.247250 -0.624695
-0.740691 -0.247250 -0.624695
0.183803 -0.758929 -0.624695
0.183803 -0.758929 -0.624695
0.183803 -0.758929 -0.624695
0.735002 0.263682 -0.624695
0.718903 0.302567 -0.625805
0.735002 0.263682 -0.624695
0.701497 0.340983 -0.625805
0.655330 0.422162 -0.626356
0.625967 0.464590 -0.626356
0.550681 0.550776 -0.627213
0.503942 0.593840 -0.627213
0.394674 0.670840 -0.627858
0.331675 0.704121 -0.627858
0.206291 0.751018 -0.627229
0.144175 0.765374 -0.627229
0.024302 0.778824 -0.626771
-0.033396 0.778487 -0.626772
-0.159490 0.761868 -0.627790
-0.227738 0.744322 -0.627789
-0.361993 0.688598 -0.628326
-0.427747 0.649799 -0.628326
-0.544852 0.555355 -0.628265
-0.596249 0.499769 -0.628265
-0.679896 0.378594 -0.628019
-0.712398 0.313178 -0.628019
-0.755805 0.189078 -0.626904
-0.768033 0.130834 -0.626904
-0.779304 0.023013 -0.626224
-0.779193 -0.026485 -0.626224
-0.767042 -0.135923 -0.627034
-0.753993 -0.195763 -0.627034
-0.709043 -0.320761 -0.627988
-0.676015 -0.385530 -0.627988
-0.593243 -0.503653 -0.628011
-0.543475 -0.556990 -0.628011
-0.429605 -0.648718 -0.628176
-0.365371 -0.686949 -0.628176
-0.232071 -0.742924 -0.627859
-0.163155 -0.761035 -0.627859
-0.039872 -0.778380 -0.626526
0.014294 -0.779270 -0.626526
0.120742 -0.770042 -0.626464
0.173029 -0.760003 -0.626464
0.281954 -0.726157 -0.627055
0.338380 -0.701641 -0.627055
0.447393 -0.637335 -0.627410
0.499756 -0.597160 -0.627410
0.590708 -0.507708 -0.627134
0.629539 -0.458675 -0.627134
0.690169 -0.362376 -0.626379
0.712773 -0.315602 -0.626379
0.733400 -0.268106 -0.624695
0.733400 -0.268106 -0.624695
0.232574 0.745430 -0.624695
-0.746194 0.230109 -0.624695
-0.746194 0.230109 -0.624695
-0.746194 0.230109 -0.624695
-0.887415 0.460972 0.000000
-0.848772 0.528759 0.000000
-0.804676 0.593714 0.000000
-0.697798 0.716294 0.000000
-0.634175 0.773190 0.000000
-0.496088 0.868272 0.000000
-0.421788 0.906695 0.000000
-0.268431 0.963299 0.000000
-0.189521 0.981877 0.000000
-0.030386 0.999538 0.000000
0.049824 0.998758 0.000000
0.225339 0.974280 0.000000
0.320221 0.947343 0.000000
0.500530 0.865719 0.000000
0.585720 0.810513 0.000000
0.739454 0.673207 0.000000
0.807227 0.590240 0.000000
0.907509 0.420033 0.000000
0.942493 0.334227 0.000000
0.982342 0.187096 0.000000
0.991907 0.126966 0.000000
0.999786 0.020685 0.000000
0.999678 -0.025360 0.000000
0.990896 -0.134630 0.000000
0.980260 -0.197714 0.000000
0.937485 -0.348026 0.000000
0.900886 -0.434055 0.000000
0.798543 -0.601938 0.000000
0.730801 -0.682591 0.000000
0.577345 -0.816500 0.000000
0.492241 -0.870459 0.000000
0.313632 -0.949545 0.000000
0.220447 -0.975399 0.000000
0.051754 -0.998660 0.000000
-0.023287 -0.999729 0.000000
-0.170443 -0.985368 0.000000
-0.242576 -0.970132 0.000000
-0.387353 -0.921931 0.000000
-0.459703 -0.888073 0.000000
-0.593421 -0.804892 0.000000
-0.654886 -0.755727 0.000000
-0.764956 -0.644083 0.000000
-0.813508 -0.581554 0.000000
-0.892102 -0.451834 0.000000
-0.922880 -0.385087 0.000000
-0.948548 -0.316635 0.000000
0.235383 -0.971903 0.000000
0.941262 0.337678 0.000000
0.921694 0.387917 0.000000
0.899379 0.437170 0.000000
0.840666 0.541554 0.000000
0.802998 0.595981 0.000000
0.707046 0.707168 0.000000
0.647035 0.762460 0.000000
0.507079 0.861899 0.000000
0.426138 0.904658 0.000000
0.264871 0.964284 0.000000
0.185117 0.982717 0.000000
0.031188 0.999514 0.000000
-0.042859 0.999081 0.000000
-0.204899 0.978783 0.000000
-0.292579 0.956241 0.000000
-0.465317 0.885144 0.000000
-0.549839 0.835271 0.000000
-0.700324 0.713825 0.000000
-0.766388 0.642378 0.000000
-0.873680 0.486501 0.000000
-0.915447 0.402440 0.000000
-0.970104 0.242689 0.000000
-0.985799 0.167931 0.000000
-0.999564 0.029518 0.000000
-0.999423 -0.033971 0.000000
-0.984660 -0.174485 0.000000
-0.967908 -0.251303 0.000000
-0.911106 -0.412172 0.000000
-0.868666 -0.495399 0.000000
-0.762322 -0.647198 0.000000
-0.698370 -0.715737 0.000000
-0.552140 -0.833751 0.000000
-0.469586 -0.882887 0.000000
-0.298166 -0.954514 0.000000
-0.209623 -0.977782 0.000000
-0.051158 -0.998691 0.000000
0.018340 -0.999832 0.000000
0.154906 -0.987929 0.000000
0.221988 -0.975049 0.000000
0.361956 -0.932195 0.000000
0.434392 -0.900724 0.000000
0.574547 -0.818472 0.000000
0.641792 -0.766879 0.000000
0.758376 -0.651817 0.000000
0.808230 -0.588867 0.000000
0.885379 -0.464871 0.000000
0.914375 -0.404868 0.000000
0.939210 -0.343343 0.000000
0.297840 0.954616 0.000000
-0.955595 0.294683 0.000000
-0.770492 0.400236 0.496139
-0.735825 0.458397 0.498432
-0.697597 0.514708 0.498432
-0.604775 0.620805 0.498846
-0.549633 0.670116 0.498846
-0.429985 0.752576 0.498740
-0.365585 0.785879 0.498740
-0.232688 0.835028 0.498583
-0.164285 0.851132 0.498583
-0.026341 0.866471 0.498532
0.043191 0.865795 0.498532
0.195182 0.843894 0.499747
0.277367 0.820561 0.499747
0.433483 0.749756 0.499959
0.507263 0.701944 0.499959
0.640220 0.582863 0.500389
0.698898 0.511031 0.500389
0.786278 0.363922 0.499327
0.816589 0.289579 0.499327
0.852134 0.162297 0.497521
0.860432 0.110137 0.497521
0.867605 0.017951 0.496930
0.867511 -0.022007 0.496930
0.859473 -0.116774 0.497664
0.850248 -0.171491 0.497664
0.812219 -0.301523 0.499383
0.780511 -0.376057 0.499383
0.691444 -0.521207 0.500249
0.632787 -0.591043 0.500249
0.500028 -0.707155 0.499904
0.426321 -0.753888 0.499904
0.271684 -0.822544 0.499608
0.190962 -0.844941 0.499608
0.044873 -0.865880 0.498235
-0.020191 -0.866807 0.498235
-0.147788 -0.854396 0.498162
-0.210334 -0.841186 0.498162
-0.335790 -0.799206 0.498512
-0.398509 -0.769855 0.498512
-0.514450 -0.697779 0.498444
-0.567736 -0.655157 0.498443
-0.663145 -0.558360 0.498470
-0.705235 -0.504153 0.498470
-0.773533 -0.391781 0.498150
-0.800221 -0.333906 0.498150
-0.823570 -0.274916 0.496139
-0.823570 -0.274916 0.496139
0.204370 -0.843848 0.496139
0.204370 -0.843848 0.496139
0.204370 -0.843848 0.496139
0.817244 0.293187 0.496139
0.799680 0.336564 0.497230
0.817244 0.293187 0.496139
0.780318 0.379297 0.497230
0.729117 0.469694 0.497771
0.696447 0.516900 0.497771
0.612884 0.612990 0.498615
0.560865 0.660919 0.498615
0.439363 0.746799 0.499250
0.369231 0.783848 0.499250
0.229594 0.835855 0.498630
0.160462 0.851833 0.498631
0.027042 0.866652 0.498180
-0.037162 0.866277 0.498180
-0.177545 0.848112 0.499183
-0.253518 0.828580 0.499183
-0.403054 0.766705 0.499711
-0.476266 0.723505 0.499711
-0.606639 0.618334 0.499652
-0.663866 0.556445 0.499652
-0.756927 0.421488 0.499409
-0.793112 0.348660 0.499409
-0.841079 0.210411 0.498310
-0.854686 0.145596 0.498310
-0.867005 0.025603 0.497641
-0.866882 -0.029466 0.497641
-0.853626 -0.151266 0.498439
-0.839104 -0.217861 0.498439
-0.789368 -0.357099 0.499379
-0.752598 -0.429205 0.499379
-0.660454 -0.560714 0.499401
-0.605048 -0.620094 0.499401
-0.478306 -0.722260 0.499563
-0.406792 -0.764825 0.499563
-0.258348 -0.827046 0.499251
-0.181629 -0.847207 0.499251
-0.044365 -0.866077 0.497938
0.015905 -0.867067 0.497938
0.134342 -0.856779 0.497877
0.192518 -0.845609 0.497877
0.313784 -0.808132 0.498459
0.376580 -0.780849 0.498459
0.497966 -0.709379 0.498809
0.556249 -0.664663 0.498809
0.657412 -0.565039 0.498537
0.700629 -0.510470 0.498537
0.767885 -0.403180 0.497794
0.793034 -0.351140 0.497794
0.815463 -0.298105 0.496139
0.815463 -0.298105 0.496139
0.258598 0.828839 0.496139
-0.829689 0.255856 0.496139
-0.829689 0.255857 0.496139
-0.829689 0.255857 0.496139
0.000000 0.000000 1.000000
0.000000 0.000000 -1.000000
396
0 0 1 2 0 1 0 1
0 1 3 2 1 2 0 1
0 1 4 3 1 3 2 1
0 4 5 3 3 4 2 1
0 4 6 5 3 5 4 1
0 6 7 5 5 6 4 1
0 6 8 7 5 7 6 1
0 8 9 7 7 8 6 1
0 8 10 9 7 9 8 1
0 10 11 9 9 10 8 1
0 10 12 11 9 11 10 1
0 12 13 11 11 12 10 1
0 12 14 13 11 13 12 1
0 14 15 13 13 14 12 1
0 14 16 15 13 15 14 1
0 16 17 15 15 16 14 1
0 16 18 17 15 17 16 1
0 18 19 17 17 18 16 1
0 18 20 19 17 19 18 1
0 20 21 19 19 20 18 1
0 20 22 21 19 21 20 1
0 22 23 21 21 22 20 1
0 22 24 23 21 23 22 1
0 24 25 23 23 24 22 1
0 24 26 25 23 25 24 1
0 26 27 25 25 26 24 1
0 26 28 27 25 27 26 1
0 28 29 27 27 28 26 1
0 28 30 29 27 29 28 1
0 30 31 29 29 30 28 1
0 30 32 31 29 31 30 1
0 32 33 31 31 32 30 1
0 32 34 33 31 33 32 1
0 34 35 33 33 34 32 1
0 34 36 35 33 35 34 1
0 36 37 35 35 36 34 1
0 36 38 37 35 37 36 1
0 38 39 37 37 38 36 1
0 38 40 39 37 39 38 1
0 40 41 39 39 40 38 1
0 40 42 41 39 41 40 1
0 42 43 41 41 42 40 1
0 42 44 43 41 43 42 1
0 44 45 43 43 44 42 1
0 44 46 45 43 45 44 1
0 46 47 45 45 46 44 1
0 46 48 47 47 48 48 2
0 48 49 47 48 49 48 2
0 48 50 49 50 51 52 3
0 50 51 49 51 53 52 3
0 50 52 51 51 54 53 3
0 52 53 51 54 55 53 3
0 52 54 53 54 56 55 3
0 54 55 53 56 57 55 3
0 54 56 55 56 58 57 3
0 56 57 55 58 59 57 3
0 56 58 57 58 60 59 3
0 58 59 57 60 61 59 3
0 58 60 59 60 62 61 3
0 60 61 59 62 63 61 3
0 60 62 61 62 64 63 3
0 62 63 61 64 65 63 3
0 62 64 63 64 66 65 3
0 64 65 63 66 67 65 3
0 64 66 65 66 68 67 3
0 66 67 65 68 69 67 3
0 66 68 67 68 70 69 3
0 68 69 67 70 71 69 3
0 68 70 69 70 72 71 3
0 70 71 69 72 73 71 3
0 70 72 71 72 74 73 3
0 72 73 71 74 75 73 3
0 72 74 73 74 76 75 3
0 74 75 73 76 77 75 3
0 74 76 75 76 78 77 3
0 76 77 75 78 79 77 3
0 76 78 77 78 80 79 3
0 78 79 77 80 81 79 3
0 78 80 79 80 82 81 3
0 80 81 79 82 83 81 3
0 80 82 81 82 84 83 3
0 82 83 81 84 85 83 3
0 82 84 83 84 86 85 3
0 84 85 83 86 87 85 3
0 84 86 85 86 88 87 3
0 86 87 85 88 89 87 3
0 86 88 87 88 90 89 3
0 88 89 87 90 91 89 3
0 88 90 89 90 92 91 3
0 90 91 89 92 93 91 3
0 90 92 91 92 94 93 3
0 92 93 91 94 95 93 3
0 92 94 93 94 96 95 3
0 94 95 93 96 97 95 3
0 94 96 95 96 98 97 3
0 96 97 95 98 99 97 3
0 96 98 97 100 100 100 4
0 98 99 97 100 100 100 4
0 98 100 99 101 101 102 5
0 100 101 99 103 103 102 5
0 2 3 102 104 105 104 6
0 3 103 102 105 106 104 6
0 3 5 103 105 107 106 6
0 5 104 103 107 108 106 6
0 5 7 104 107 109 108 6
0 7 105 104 109 110 108 6
0 7 9 105 109 111 110 6
0 9 106 105 111 112 110 6
0 9 11 106 111 113 112 6
0 11 107 106 113 114 112 6
0 11 13 107 113 115 114 6
0 13 108 107 115 116 114 6
0 13 15 108 115 117 116 6
0 15 109 108 117 118 116 6
0 15 17 109 117 119 118 6
0 17 110 109 119 120 118 6
0 17 19 110 119 121 120 6
0 19 111 110 121 122 120 6
0 19 21 111 121 123 122 6
0 21 112 111 123 124 122 6
0 21 23 112 123 125 124 6
0 23 113 112 125 126 124 6
0 23 25 113 125 127 126 6
0 25 114 113 127 128 126 6
0 25 27 114 127 129 128 6
0 27 115 114 129 130 128 6
0 27 29 115 129 131 130 6
0 29 116 115 131 132 130 6
0 29 31 116 131 133 132 6
0 31 117 116 133 134 132 6
0 31 33 117 133 135 134 6
0 33 118 117 135 136 134 6
0 33 35 118 135 137 136 6
0 35 119 118 137 138 136 6
0 35 37 119 137 139 138 6
0 37 120 119 139 140 138 6
0 37 39 120 139 141 140 6
0 39 121 120 141 142 140 6
0 39 41 121 141 143 142 6
0 41 122 121 143 144 142 6
0 41 43 122 143 145 144 6
0 43 123 122 145 146 144 6
0 43 45 123 145 147 146 6
0 45 124 123 147 148 146 6
0 45 47 124 147 149 148 6
0 47 125 124 149 149 148 6
0 47 49 125 150 150 150 7
0 49 126 125 150 150 150 7
0 49 51 126 151 152 151 8
0 51 127 126 152 153 151 8
0 51 53 127 152 154 153 8
0 53 128 127 154 155 153 8
0 53 55 128 154 156 155 8
0 55 129 128 156 157 155 8
0 55 57 129 156 158 157 8
0 57 130 129 158 159 157 8
0 57 59 130 158 160 159 8
0 59 131 130 160 161 159 8
0 59 61 131 160 162 161 8
0 61 132 131 162 163 161 8
0 61 63 132 162 164 163 8
0 63 133 132 164 165 163 8
0 63 65 133 164 166 165 8
0 65 134 133 166 167 165 8
0 65 67 134 166 168 167 8
0 67 135 134 168 169 167 8
0 67 69 135 168 170 169 8
0 69 136 135 170 171 169 8
0 69 71 136 170 172 171 8
0 71 137 136 172 173 171 8
0 71 73 137 172 174 173 8
0 73 138 137 174 175 173 8
0 73 75 138 174 176 175 8
0 75 139 138 176 177 175 8
0 75 77 139 176 178 177 8
0 77 140 139 178 179 177 8
0 77 79 140 178 180 179 8
0 79 141 140 180 181 179 8
0 79 81 141 180 182 181 8
0 81 142 141 182 183 181 8
0 81 83 142 182 184 183 8
0 83 143 142 184 185 183 8
0 83 85 143 184 186 185 8
0 85 144 143 186 187 185 8
0 85 87 144 186 188 187 8
0 87 145 144 188 189 187 8
0 87 89 145 188 190 189 8
0 89 146 145 190 191 189 8
0 89 91 146 190 192 191 8
0 91 147 146 192 193 191 8
0 91 93 147 192 194 193 8
0 93 148 147 194 195 193 8
0 93 95 148 194 196 195 8
0 95 149 148 196 197 195 8
0 95 97 149 196 198 197 8
0 97 150 149 198 198 197 8
0 97 99 150 199 199 199 9
0 99 151 150 199 199 199 9
0 99 101 151 200 200 200 10
0 101 152 151 200 200 200 10
0 102 103 153 201 202 201 1
0 103 154 153 202 203 201 1
0 103 104 154 202 204 203 1
0 104 155 154 204 205 203 1
0 104 105 155 204 206 205 1
0 105 156 155 206 207 205 1
0 105 106 156 206 208 207 1
0 106 157 156 208 209 207 1
0 106 107 157 208 210 209 1
0 107 158 157 210 211 209 1
0 107 108 158 210 212 211 1
0 108 159 158 212 213 211 1
0 108 109 159 212 214 213 1
0 109 160 159 214 215 213 1
0 109 110 160 214 216 215 1
0 110 161 160 216 217 215 1
0 110 111 161 216 218 217 1
0 111 162 161 218 219 217 1
0 111 112 162 218 220 219 1
0 112 163 162 220 221 219 1
0 112 113 163 220 222 221 1
0 113 164 163 222 223 221 1
0 113 114 164 222 224 223 1
0 114 165 164 224 225 223 1
0 114 115 165 224 226 225 1
0 115 166 165 226 227 225 1
0 115 116 166 226 228 227 1
0 116 167 166 228 229 227 1
0 116 117 167 228 230 229 1
0 117 168 167 230 231 229 1
0 117 118 168 230 232 231 1
0 118 169 168 232 233 231 1
0 118 119 169 232 234 233 1
0 119 170 169 234 235 233 1
0 119 120 170 234 236 235 1
0 120 171 170 236 237 235 1
0 120 121 171 236 238 237 1
0 121 172 171 238 239 237 1
0 121 122 172 238 240 239 1
0 122 173 172 240 241 239 1
0 122 123 173 240 242 241 1
0 123 174 173 242 243 241 1
0 123 124 174 242 244 243 1
0 124 175 174 244 245 243 1
0 124 125 175 244 246 245 1
0 125 176 175 246 247 245 1
0 125 126 176 248 249 249 2
0 126 177 176 249 250 249 2
0 126 127 177 251 252 253 3
0 127 178 177 252 254 253 3
0 127 128 178 252 255 254 3
0 128 179 178 255 256 254 3
0 128 129 179 255 257 256 3
0 129 180 179 257 258 256 3
0 129 130 180 257 259 258 3
0 130 181 180 259 260 258 3
0 130 131 181 259 261 260 3
0 131 182 181 261 262 260 3
0 131 132 182 261 263 262 3
0 132 183 182 263 264 262 3
0 132 133 183 263 265 264 3
0 133 184 183 265 266 264 3
0 133 134 184 265 267 266 3
0 134 185 184 267 268 266 3
0 134 135 185 267 269 268 3
0 135 186 185 269 270 268 3
0 135 136 186 269 271 270 3
0 136 187 186 271 272 270 3
0 136 137 187 271 273 272 3
0 137 188 187 273 274 272 3
0 137 138 188 273 275 274 3
0 138 189 188 275 276 274 3
0 138 139 189 275 277 276 3
0 139 190 189 277 278 276 3
0 139 140 190 277 279 278 3
0 140 191 190 279 280 278 3
0 140 141 191 279 281 280 3
0 141 192 191 281 282 280 3
0 141 142 192 281 283 282 3
0 142 193 192 283 284 282 3
0 142 143 193 283 285 284 3
0 143 194 193 285 286 284 3
0 143 144 194 285 287 286 3
0 144 195 194 287 288 286 3
0 144 145 195 287 289 288 3
0 145 196 195 289 290 288 3
0 145 146 196 289 291 290 3
0 146 197 196 291 292 290 3
0 146 147 197 291 293 292 3
0 147 198 197 293 294 292 3
0 147 148 198 293 295 294 3
0 148 199 198 295 296 294 3
0 148 149 199 295 297 296 3
0 149 200 199 297 298 296 3
0 149 150 200 297 299 298 3
0 150 201 200 299 300 298 3
0 150 151 201 301 301 301 4
0 151 202 201 301 301 301 4
0 151 152 202 302 302 303 5
0 152 203 202 304 304 303 5
0 204 205 206 305 305 305 11
0 207 204 206 305 305 305 11
0 207 206 208 305 305 305 11
0 209 207 208 305 305 305 11
0 209 208 210 305 305 305 11
0 209 210 211 305 305 305 11
0 212 209 211 305 305 305 11
0 212 211 213 305 305 305 11
0 214 212 213 305 305 305 11
0 215 214 213 305 305 305 11
0 215 213 216 305 305 305 11
0 217 215 216 305 305 305 11
0 217 216 218 305 305 305 11
0 219 217 218 305 305 305 11
0 219 218 220 305 305 305 11
0 221 219 220 305 305 305 11
0 221 220 222 305 305 305 11
0 223 221 222 305 305 305 11
0 223 222 224 305 305 305 11
0 225 223 224 305 305 305 11
0 225 224 226 305 305 305 11
0 227 225 226 305 305 305 11
0 227 226 228 305 305 305 11
0 229 227 228 305 305 305 11
0 230 231 232 305 305 305 11
0 230 232 233 305 305 305 11
0 234 230 233 305 305 305 11
0 234 233 235 305 305 305 11
0 236 234 235 305 305 305 11
0 236 235 237 305 305 305 11
0 238 236 237 305 305 305 11
0 238 237 239 305 305 305 11
0 240 238 239 305 305 305 11
0 240 239 241 305 305 305 11
0 242 240 241 305 305 305 11
0 242 241 243 305 305 305 11
0 244 242 243 305 305 305 11
0 244 243 245 305 305 305 11
0 246 244 245 305 305 305 11
0 246 245 247 305 305 305 11
0 248 246 247 305 305 305 11
0 248 247 249 305 305 305 11
0 250 248 249 305 305 305 11
0 250 249 251 305 305 305 11
0 252 250 251 305 305 305 11
0 252 251 253 305 305 305 11
0 228 252 253 305 305 305 11
0 229 228 253 305 305 305 11
0 254 255 256 306 306 306 11
0 257 255 254 306 306 306 11
0 257 258 255 306 306 306 11
0 259 258 257 306 306 306 11
0 259 260 258 306 306 306 11
0 259 261 260 306 306 306 11
0 262 261 259 306 306 306 11
0 262 263 261 306 306 306 11
0 264 263 262 306 306 306 11
0 265 263 264 306 306 306 11
0 265 266 263 306 306 306 11
0 267 266 265 306 306 306 11
0 267 268 266 306 306 306 11
0 269 268 267 306 306 306 11
0 269 270 268 306 306 306 11
0 271 270 269 306 306 306 11
0 271 272 270 306 306 306 11
0 273 272 271 306 306 306 11
0 273 274 272 306 306 306 11
0 275 274 273 306 306 306 11
0 275 276 274 306 306 306 11
0 277 276 275 306 306 306 11
0 277 278 276 306 306 306 11
0 279 278 277 306 306 306 11
0 280 281 282 306 306 306 11
0 280 283 281 306 306 306 11
0 284 283 280 306 306 306 11
0 284 285 283 306 306 306 11
0 286 285 284 306 306 306 11
0 286 287 285 306 306 306 11
0 288 287 286 306 306 306 11
0 288 289 287 306 306 306 11
0 290 289 288 306 306 306 11
0 290 291 289 306 306 306 11
0 292 291 290 306 306 306 11
0 292 293 291 306 306 306 11
0 294 293 292 306 306 306 11
0 294 295 293 306 306 306 11
0 296 295 294 306 306 306 11
0 296 297 295 306 306 306 11
0 298 297 296 306 306 306 11
0 298 299 297 306 306 306 11
0 300 299 298 306 306 306 11
0 300 301 299 306 306 306 11
0 302 301 300 306 306 306 11
0 302 303 301 306 306 306 11
0 278 303 302 306 306 306 11
0 279 303 278 306 306 306 11

Materials: 1
"1 - Default"
1 1 1 1
1 1 1 1
1 1 1 1
0 0 0 1
13
1.000000
"green sphere.png"
"plastic sphere add.png"

Bones: 0
