// MilkShape 3D ASCII

Frames: 30
Frame: 1

Meshes: 1
"Text01" 0 0
331
0 -25.935337 -31.831364 -9.735778 0.000000 1.000000 -1
0 -1.688462 -31.831364 -9.735778 0.037037 1.000000 -1
0 -29.935337 -35.831364 -4.735778 0.000000 0.738278 -1
0 -1.620681 -35.831364 -4.735778 0.117592 0.738278 -1
0 2.751642 -31.680843 -9.735778 0.074074 1.000000 -1
0 3.055852 -35.672829 -4.735778 0.137025 0.738278 -1
0 6.553204 -31.229280 -9.735778 0.111111 1.000000 -1
0 7.254395 -35.174110 -4.735778 0.154584 0.738278 -1
0 9.716226 -30.476677 -9.735778 0.148148 1.000000 -1
0 10.913647 -34.303436 -4.735778 0.170206 0.738278 -1
0 13.257024 -29.091433 -9.735778 0.185185 1.000000 -1
0 14.978307 -32.713245 -4.735778 0.188332 0.738278 -1
0 16.275251 -27.385704 -9.735778 0.222222 1.000000 -1
0 18.535717 -30.702801 -4.735778 0.205302 0.738278 -1
0 18.770914 -25.359489 -9.735778 0.259259 1.000000 -1
0 21.571104 -28.238384 -4.735778 0.221540 0.738278 -1
0 21.503901 -22.177717 -9.735778 0.296296 1.000000 -1
0 24.755871 -24.530647 -4.735778 0.241839 0.738278 -1
0 23.782024 -18.403238 -9.735778 0.333333 1.000000 -1
0 27.359360 -20.217089 -4.735778 0.262764 0.738278 -1
0 25.605288 -14.036051 -9.735778 0.370370 1.000000 -1
0 29.399641 -15.330090 -4.735778 0.284757 0.738278 -1
0 26.693830 -9.974419 -9.735778 0.407407 1.000000 -1
0 30.619268 -10.779350 -4.735778 0.304324 0.738278 -1
0 27.346954 -5.427027 -9.735778 0.444444 1.000000 -1
0 31.334618 -5.798708 -4.735778 0.325221 0.738278 -1
0 27.564665 -0.393864 -9.735778 0.481481 1.000000 -1
0 31.568195 -0.398706 -4.735778 0.347668 0.738278 -1
0 27.332460 5.293030 -9.735778 0.518519 1.000000 -1
0 31.321270 5.648735 -4.735778 0.372804 0.738278 -1
0 26.635845 10.343285 -9.735778 0.555556 1.000000 -1
0 30.565451 11.128197 -4.735778 0.395776 0.738278 -1
0 25.474821 14.756920 -9.735778 0.592593 1.000000 -1
0 29.274502 16.035740 -4.735778 0.416851 0.738278 -1
0 23.868834 18.640945 -9.735778 0.629630 1.000000 -1
0 27.459173 20.426052 -4.735778 0.436581 0.738278 -1
0 21.837320 22.102402 -9.735778 0.666667 1.000000 -1
0 25.135763 24.384865 -4.735778 0.455645 0.738278 -1
0 19.380289 25.141293 -9.735778 0.703704 1.000000 -1
0 22.285940 27.909569 -4.735778 0.474469 0.738278 -1
0 16.531504 27.682186 -9.735778 0.740741 1.000000 -1
0 18.927588 30.904953 -4.735778 0.493158 0.738278 -1
0 13.324731 29.649620 -9.735778 0.777778 1.000000 -1
0 15.113076 33.245251 -4.735778 0.511744 0.738278 -1
0 9.759976 31.043636 -9.735778 0.814815 1.000000 -1
0 10.911308 34.888378 -4.735778 0.530481 0.738278 -1
0 6.553554 31.724194 -9.735778 0.851852 1.000000 -1
0 7.171322 35.682178 -4.735778 0.546359 0.738278 -1
0 2.505115 32.132519 -9.735778 0.888889 1.000000 -1
0 2.761800 36.126926 -4.735778 0.564765 0.738278 -1
0 -2.385339 32.268635 -9.735778 0.925926 1.000000 -1
0 -2.329684 36.268635 -4.735778 0.585918 0.738278 -1
0 -25.935337 32.268635 -9.735778 0.962963 1.000000 -1
0 -29.935337 36.268635 -4.735778 0.700566 0.738278 -1
0 -25.935337 -31.831364 -9.735778 1.000000 1.000000 -1
0 -29.935337 -35.831364 -4.735778 1.000000 0.738278 -1
0 -7.244714 21.468636 -9.735778 0.000000 1.000000 -1
0 -2.566240 21.400581 -9.735778 0.037037 1.000000 -1
0 -7.273805 17.468636 -4.735778 0.000000 0.738278 -1
0 -2.710977 17.402264 -4.735778 0.046457 0.738278 -1
0 0.960843 21.196411 -9.735778 0.074074 1.000000 -1
0 0.560982 17.212860 -4.735778 0.079823 0.738278 -1
0 3.336537 20.856136 -9.735778 0.111111 1.000000 -1
0 2.469551 16.939495 -4.735778 0.099452 0.738278 -1
0 5.605547 20.170551 -9.735778 0.148148 1.000000 -1
0 4.112139 16.443184 -4.735778 0.116921 0.738278 -1
0 7.593828 19.163769 -9.735778 0.185185 1.000000 -1
0 5.442723 15.769432 -4.735778 0.132105 0.738278 -1
0 9.301381 17.835823 -9.735778 0.222222 1.000000 -1
0 6.531767 14.922493 -4.735778 0.146150 0.738278 -1
0 10.752511 16.152840 -9.735778 0.259259 1.000000 -1
0 7.487744 13.813774 -4.735778 0.161054 0.738278 -1
0 11.971520 14.080959 -9.735778 0.296296 1.000000 -1
0 8.371143 12.312313 -4.735778 0.178789 0.738278 -1
0 12.958413 11.620201 -9.735778 0.333333 1.000000 -1
0 9.136191 10.404709 -4.735778 0.199713 0.738278 -1
0 13.684108 8.580791 -9.735778 0.370370 1.000000 -1
0 9.737422 7.886593 -4.735778 0.226069 0.738278 -1
0 14.119521 4.772976 -9.735778 0.407407 1.000000 -1
0 10.126742 4.481873 -4.735778 0.260957 0.738278 -1
0 14.264661 0.196762 -9.735778 0.444444 1.000000 -1
0 10.262666 0.196259 -4.735778 0.304609 0.738278 -1
0 14.119523 -4.415997 -9.735778 0.481481 1.000000 -1
0 10.126489 -4.131718 -4.735778 0.348692 0.738278 -1
0 13.684106 -8.333447 -9.735778 0.518519 1.000000 -1
0 9.733098 -7.671043 -4.735778 0.384946 0.738278 -1
0 12.958413 -11.555582 -9.735778 0.555556 1.000000 -1
0 9.113402 -10.422546 -4.735778 0.413660 0.738278 -1
0 12.002946 -14.160095 -9.735778 0.592593 1.000000 -1
0 8.349254 -12.505545 -4.735778 0.436248 0.738278 -1
0 10.878205 -16.224682 -9.735778 0.629630 1.000000 -1
0 7.562387 -13.949926 -4.735778 0.452993 0.738278 -1
0 9.584195 -17.749332 -9.735778 0.666667 1.000000 -1
0 6.819399 -14.825342 -4.735778 0.464682 0.738278 -1
0 8.086886 -18.882404 -9.735778 0.703704 1.000000 -1
0 5.951059 -15.482449 -4.735778 0.475768 0.738278 -1
0 6.352250 -19.772251 -9.735778 0.740741 1.000000 -1
0 4.806702 -16.069489 -4.735778 0.488862 0.738278 -1
0 4.380288 -20.418863 -9.735778 0.777778 1.000000 -1
0 3.404909 -16.529140 -4.735778 0.503881 0.738278 -1
0 2.450427 -20.759140 -9.735778 0.814815 1.000000 -1
0 1.945279 -16.786507 -4.735778 0.518970 0.738278 -1
0 -0.147490 -20.963308 -9.735778 0.851852 1.000000 -1
0 -0.346016 -16.966576 -4.735778 0.542368 0.738278 -1
0 -3.413463 -21.031364 -9.735778 0.888889 1.000000 -1
0 -3.455133 -17.031364 -4.735778 0.574028 0.738278 -1
0 -13.035338 -21.031364 -9.735778 0.925926 1.000000 -1
0 -9.035338 -17.031364 -4.735778 0.630837 0.738278 -1
0 -13.035338 21.468636 -9.735778 0.962963 1.000000 -1
0 -9.035338 17.468636 -4.735778 0.982067 0.738278 -1
0 -7.244714 21.468636 -9.735778 1.000000 1.000000 -1
0 -7.273805 17.468636 -4.735778 1.000000 0.738278 -1
0 -29.935337 -35.831364 5.264222 0.000000 0.329537 -1
0 -1.620681 -35.831364 5.264222 0.117592 0.329537 -1
0 3.055852 -35.672829 5.264222 0.137025 0.329537 -1
0 7.254395 -35.174110 5.264222 0.154584 0.329537 -1
0 10.913647 -34.303436 5.264222 0.170206 0.329537 -1
0 14.978307 -32.713245 5.264222 0.188332 0.329537 -1
0 18.535717 -30.702801 5.264222 0.205302 0.329537 -1
0 21.571104 -28.238384 5.264222 0.221540 0.329537 -1
0 24.755871 -24.530647 5.264222 0.241839 0.329537 -1
0 27.359360 -20.217089 5.264222 0.262764 0.329537 -1
0 29.399641 -15.330090 5.264222 0.284757 0.329537 -1
0 30.619268 -10.779350 5.264222 0.304324 0.329537 -1
0 31.334618 -5.798708 5.264222 0.325221 0.329537 -1
0 31.568195 -0.398706 5.264222 0.347668 0.329537 -1
0 31.321270 5.648735 5.264222 0.372804 0.329537 -1
0 30.565451 11.128197 5.264222 0.395776 0.329537 -1
0 29.274502 16.035740 5.264222 0.416851 0.329537 -1
0 27.459173 20.426052 5.264222 0.436581 0.329537 -1
0 25.135763 24.384865 5.264222 0.455645 0.329537 -1
0 22.285940 27.909569 5.264222 0.474469 0.329537 -1
0 18.927588 30.904953 5.264222 0.493158 0.329537 -1
0 15.113076 33.245251 5.264222 0.511744 0.329537 -1
0 10.911308 34.888378 5.264222 0.530481 0.329537 -1
0 7.171322 35.682178 5.264222 0.546359 0.329537 -1
0 2.761800 36.126926 5.264222 0.564765 0.329537 -1
0 -2.329684 36.268635 5.264222 0.585918 0.329537 -1
0 -29.935337 36.268635 5.264222 0.700566 0.329537 -1
0 -29.935337 -35.831364 5.264222 1.000000 0.329537 -1
0 -7.273805 17.468636 5.264222 0.000000 0.329537 -1
0 -2.710977 17.402264 5.264222 0.046457 0.329537 -1
0 0.560982 17.212860 5.264222 0.079823 0.329537 -1
0 2.469551 16.939495 5.264222 0.099452 0.329537 -1
0 4.112139 16.443184 5.264222 0.116921 0.329537 -1
0 5.442723 15.769432 5.264222 0.132105 0.329537 -1
0 6.531767 14.922493 5.264222 0.146150 0.329537 -1
0 7.487744 13.813774 5.264222 0.161054 0.329537 -1
0 8.371143 12.312313 5.264222 0.178789 0.329537 -1
0 9.136191 10.404709 5.264222 0.199713 0.329537 -1
0 9.737422 7.886593 5.264222 0.226069 0.329537 -1
0 10.126742 4.481873 5.264222 0.260957 0.329537 -1
0 10.262666 0.196259 5.264222 0.304609 0.329537 -1
0 10.126489 -4.131718 5.264222 0.348692 0.329537 -1
0 9.733098 -7.671043 5.264222 0.384946 0.329537 -1
0 9.113402 -10.422546 5.264222 0.413660 0.329537 -1
0 8.349254 -12.505545 5.264222 0.436248 0.329537 -1
0 7.562387 -13.949926 5.264222 0.452993 0.329537 -1
0 6.819399 -14.825342 5.264222 0.464682 0.329537 -1
0 5.951059 -15.482449 5.264222 0.475768 0.329537 -1
0 4.806702 -16.069489 5.264222 0.488862 0.329537 -1
0 3.404909 -16.529140 5.264222 0.503881 0.329537 -1
0 1.945279 -16.786507 5.264222 0.518970 0.329537 -1
0 -0.346016 -16.966576 5.264222 0.542368 0.329537 -1
0 -3.455133 -17.031364 5.264222 0.574028 0.329537 -1
0 -9.035338 -17.031364 5.264222 0.630837 0.329537 -1
0 -9.035338 17.468636 5.264222 0.982067 0.329537 -1
0 -7.273805 17.468636 5.264222 1.000000 0.329537 -1
0 -25.935337 -31.831364 12.264222 0.000000 0.000000 -1
0 -1.688462 -31.831364 12.264222 0.037037 0.000000 -1
0 2.751642 -31.680843 12.264222 0.074074 0.000000 -1
0 6.553204 -31.229280 12.264222 0.111111 0.000000 -1
0 9.716226 -30.476677 12.264222 0.148148 0.000000 -1
0 13.257024 -29.091433 12.264222 0.185185 0.000000 -1
0 16.275251 -27.385704 12.264222 0.222222 0.000000 -1
0 18.770914 -25.359489 12.264222 0.259259 0.000000 -1
0 21.503901 -22.177717 12.264222 0.296296 0.000000 -1
0 23.782024 -18.403238 12.264222 0.333333 0.000000 -1
0 25.605288 -14.036051 12.264222 0.370370 0.000000 -1
0 26.693830 -9.974419 12.264222 0.407407 0.000000 -1
0 27.346954 -5.427027 12.264222 0.444444 0.000000 -1
0 27.564665 -0.393864 12.264222 0.481481 0.000000 -1
0 27.332460 5.293030 12.264222 0.518519 0.000000 -1
0 26.635845 10.343285 12.264222 0.555556 0.000000 -1
0 25.474821 14.756920 12.264222 0.592593 0.000000 -1
0 23.868834 18.640945 12.264222 0.629630 0.000000 -1
0 21.837320 22.102402 12.264222 0.666667 0.000000 -1
0 19.380289 25.141293 12.264222 0.703704 0.000000 -1
0 16.531504 27.682186 12.264222 0.740741 0.000000 -1
0 13.324731 29.649620 12.264222 0.777778 0.000000 -1
0 9.759976 31.043636 12.264222 0.814815 0.000000 -1
0 6.553554 31.724194 12.264222 0.851852 0.000000 -1
0 2.505115 32.132519 12.264222 0.888889 0.000000 -1
0 -2.385339 32.268635 12.264222 0.925926 0.000000 -1
0 -25.935337 32.268635 12.264222 0.962963 0.000000 -1
0 -25.935337 -31.831364 12.264222 1.000000 0.000000 -1
0 -7.244714 21.468636 12.264222 0.000000 0.000000 -1
0 -2.566240 21.400581 12.264222 0.037037 0.000000 -1
0 0.960843 21.196411 12.264222 0.074074 0.000000 -1
0 3.336537 20.856136 12.264222 0.111111 0.000000 -1
0 5.605547 20.170551 12.264222 0.148148 0.000000 -1
0 7.593828 19.163769 12.264222 0.185185 0.000000 -1
0 9.301381 17.835823 12.264222 0.222222 0.000000 -1
0 10.752511 16.152840 12.264222 0.259259 0.000000 -1
0 11.971520 14.080959 12.264222 0.296296 0.000000 -1
0 12.958413 11.620201 12.264222 0.333333 0.000000 -1
0 13.684108 8.580791 12.264222 0.370370 0.000000 -1
0 14.119521 4.772976 12.264222 0.407407 0.000000 -1
0 14.264661 0.196762 12.264222 0.444444 0.000000 -1
0 14.119523 -4.415997 12.264222 0.481481 0.000000 -1
0 13.684106 -8.333447 12.264222 0.518519 0.000000 -1
0 12.958413 -11.555582 12.264222 0.555556 0.000000 -1
0 12.002946 -14.160095 12.264222 0.592593 0.000000 -1
0 10.878205 -16.224682 12.264222 0.629630 0.000000 -1
0 9.584195 -17.749332 12.264222 0.666667 0.000000 -1
0 8.086886 -18.882404 12.264222 0.703704 0.000000 -1
0 6.352250 -19.772251 12.264222 0.740741 0.000000 -1
0 4.380288 -20.418863 12.264222 0.777778 0.000000 -1
0 2.450427 -20.759140 12.264222 0.814815 0.000000 -1
0 -0.147490 -20.963308 12.264222 0.851852 0.000000 -1
0 -3.413463 -21.031364 12.264222 0.888889 0.000000 -1
0 -13.035338 -21.031364 12.264222 0.925926 0.000000 -1
0 -13.035338 21.468636 12.264222 0.962963 0.000000 -1
0 -7.244714 21.468636 12.264222 1.000000 0.000000 -1
0 -25.935337 -31.831364 12.264222 0.000000 1.000000 -1
0 4.380288 -20.418863 12.264222 0.566647 0.821958 -1
0 2.450427 -20.759140 12.264222 0.530575 0.827266 -1
0 -0.147490 -20.963308 12.264222 0.482016 0.830452 -1
0 -1.688462 -31.831364 12.264222 0.453213 1.000000 -1
0 -3.413463 -21.031364 12.264222 0.420970 0.831513 -1
0 -13.035338 -21.031364 12.264222 0.241121 0.831513 -1
0 -25.935337 32.268635 12.264222 0.000000 0.000000 -1
0 -13.035338 21.468636 12.264222 0.241121 0.168487 -1
0 -2.385339 32.268635 12.264222 0.440187 0.000000 -1
0 -7.244714 21.468636 12.264222 0.349357 0.168487 -1
0 2.751642 -31.680843 12.264222 0.536205 0.997652 -1
0 -2.566240 21.400581 12.264222 0.436806 0.169548 -1
0 6.553204 -31.229280 12.264222 0.607262 0.990607 -1
0 9.716226 -30.476677 12.264222 0.666384 0.978866 -1
0 6.352250 -19.772251 12.264222 0.603506 0.811870 -1
0 13.257024 -29.091433 12.264222 0.732567 0.957255 -1
0 8.086886 -18.882404 12.264222 0.635929 0.797988 -1
0 16.275251 -27.385704 12.264222 0.788983 0.930645 -1
0 9.584195 -17.749332 12.264222 0.663916 0.780312 -1
0 18.770914 -25.359489 12.264222 0.835631 0.899035 -1
0 10.878205 -16.224682 12.264222 0.688104 0.756526 -1
0 21.503901 -22.177717 12.264222 0.886715 0.849397 -1
0 2.505115 32.132519 12.264222 0.531597 0.002123 -1
0 0.960843 21.196411 12.264222 0.502732 0.172734 -1
0 3.336537 20.856136 12.264222 0.547138 0.178042 -1
0 6.553554 31.724194 12.264222 0.607269 0.008494 -1
0 5.605547 20.170551 12.264222 0.589549 0.188738 -1
0 9.759976 31.043636 12.264222 0.667202 0.019111 -1
0 13.324731 29.649620 12.264222 0.733833 0.040858 -1
0 7.593828 19.163769 12.264222 0.626713 0.204444 -1
0 16.531504 27.682186 12.264222 0.793773 0.071551 -1
0 9.301381 17.835823 12.264222 0.658630 0.225161 -1
0 19.380289 25.141293 12.264222 0.847021 0.111191 -1
0 10.752511 16.152840 12.264222 0.685754 0.251416 -1
0 21.837320 22.102402 12.264222 0.892947 0.158600 -1
0 11.971520 14.080959 12.264222 0.708539 0.283739 -1
0 23.868834 18.640945 12.264222 0.930919 0.212600 -1
0 12.958413 11.620201 12.264222 0.726986 0.322128 -1
0 25.474821 14.756920 12.264222 0.960938 0.273194 -1
0 13.684108 8.580791 12.264222 0.740550 0.369545 -1
0 26.635845 10.343285 12.264222 0.982639 0.342049 -1
0 27.332460 5.293030 12.264222 0.995660 0.420836 -1
0 14.119521 4.772976 12.264222 0.748689 0.428949 -1
0 27.564665 -0.393864 12.264222 1.000000 0.509555 -1
0 14.264661 0.196762 12.264222 0.751402 0.500341 -1
0 14.119523 -4.415997 12.264222 0.748689 0.572303 -1
0 27.346954 -5.427027 12.264222 0.995931 0.588076 -1
0 26.693830 -9.974419 12.264222 0.983723 0.659018 -1
0 13.684106 -8.333447 12.264222 0.740550 0.633418 -1
0 25.605288 -14.036051 12.264222 0.963376 0.722382 -1
0 12.958413 -11.555582 12.264222 0.726986 0.683685 -1
0 23.782024 -18.403238 12.264222 0.929296 0.790513 -1
0 12.002946 -14.160095 12.264222 0.709127 0.724317 -1
0 2.450427 -20.759140 -9.735778 0.530575 0.827266 -1
0 4.380288 -20.418863 -9.735778 0.566647 0.821958 -1
0 -0.147490 -20.963308 -9.735778 0.482016 0.830452 -1
0 -1.688462 -31.831364 -9.735778 0.453213 1.000000 -1
0 -3.413463 -21.031364 -9.735778 0.420970 0.831513 -1
0 -13.035338 -21.031364 -9.735778 0.241121 0.831513 -1
0 -25.935337 32.268635 -9.735778 0.000000 0.000000 -1
0 -13.035338 21.468636 -9.735778 0.241121 0.168487 -1
0 -2.385339 32.268635 -9.735778 0.440187 0.000000 -1
0 -7.244714 21.468636 -9.735778 0.349357 0.168487 -1
0 2.751642 -31.680843 -9.735778 0.536205 0.997652 -1
0 -2.566240 21.400581 -9.735778 0.436806 0.169548 -1
0 6.553204 -31.229280 -9.735778 0.607262 0.990607 -1
0 9.716226 -30.476677 -9.735778 0.666384 0.978866 -1
0 6.352250 -19.772251 -9.735778 0.603506 0.811870 -1
0 13.257024 -29.091433 -9.735778 0.732567 0.957255 -1
0 8.086886 -18.882404 -9.735778 0.635929 0.797988 -1
0 16.275251 -27.385704 -9.735778 0.788983 0.930645 -1
0 9.584195 -17.749332 -9.735778 0.663916 0.780312 -1
0 18.770914 -25.359489 -9.735778 0.835631 0.899035 -1
0 10.878205 -16.224682 -9.735778 0.688104 0.756526 -1
0 21.503901 -22.177717 -9.735778 0.886715 0.849397 -1
0 2.505115 32.132519 -9.735778 0.531597 0.002123 -1
0 0.960843 21.196411 -9.735778 0.502732 0.172734 -1
0 3.336537 20.856136 -9.735778 0.547138 0.178042 -1
0 6.553554 31.724194 -9.735778 0.607269 0.008494 -1
0 5.605547 20.170551 -9.735778 0.589549 0.188738 -1
0 9.759976 31.043636 -9.735778 0.667202 0.019111 -1
0 13.324731 29.649620 -9.735778 0.733833 0.040858 -1
0 7.593828 19.163769 -9.735778 0.626713 0.204444 -1
0 16.531504 27.682186 -9.735778 0.793773 0.071551 -1
0 9.301381 17.835823 -9.735778 0.658630 0.225161 -1
0 19.380289 25.141293 -9.735778 0.847021 0.111191 -1
0 10.752511 16.152840 -9.735778 0.685754 0.251416 -1
0 21.837320 22.102402 -9.735778 0.892947 0.158600 -1
0 11.971520 14.080959 -9.735778 0.708539 0.283739 -1
0 23.868834 18.640945 -9.735778 0.930919 0.212600 -1
0 12.958413 11.620201 -9.735778 0.726986 0.322128 -1
0 25.474821 14.756920 -9.735778 0.960938 0.273194 -1
0 13.684108 8.580791 -9.735778 0.740550 0.369545 -1
0 26.635845 10.343285 -9.735778 0.982639 0.342049 -1
0 27.332460 5.293030 -9.735778 0.995660 0.420836 -1
0 14.119521 4.772976 -9.735778 0.748689 0.428949 -1
0 27.564665 -0.393864 -9.735778 1.000000 0.509555 -1
0 14.264661 0.196762 -9.735778 0.751402 0.500341 -1
0 14.119523 -4.415997 -9.735778 0.748689 0.572303 -1
0 27.346954 -5.427027 -9.735778 0.995931 0.588076 -1
0 26.693830 -9.974419 -9.735778 0.983723 0.659018 -1
0 13.684106 -8.333447 -9.735778 0.740550 0.633418 -1
0 25.605288 -14.036051 -9.735778 0.963376 0.722382 -1
0 12.958413 -11.555582 -9.735778 0.726986 0.683685 -1
0 23.782024 -18.403238 -9.735778 0.929296 0.790513 -1
0 12.002946 -14.160095 -9.735778 0.709127 0.724317 -1
233
0.000000 -0.780869 -0.624695
0.000000 -0.898801 -0.438356
0.000000 -0.975685 -0.219178
0.026456 -0.780420 -0.624695
0.048363 -0.779128 -0.624996
0.030452 -0.898285 -0.438356
0.070066 -0.940931 -0.331269
0.121765 -0.770860 -0.625258
0.162910 -0.929285 -0.331497
0.215617 -0.749825 -0.625517
0.279142 -0.901133 -0.331722
0.318160 -0.712370 -0.625543
0.402458 -0.853213 -0.331744
0.420992 -0.656533 -0.625884
0.528496 -0.781306 -0.332042
0.526720 -0.574997 -0.626055
0.655150 -0.678548 -0.332191
0.618909 -0.474592 -0.625871
0.762312 -0.555551 -0.332031
0.686900 -0.369826 -0.625617
0.840075 -0.429157 -0.331809
0.732697 -0.268266 -0.625451
0.892059 -0.306967 -0.331665
0.761212 -0.171933 -0.625297
0.923748 -0.191776 -0.331530
0.775857 -0.085315 -0.625114
0.939248 -0.089479 -0.331371
0.780539 -0.011883 -0.624994
0.943533 -0.002768 -0.331267
0.778482 0.056841 -0.625087
0.939943 0.081948 -0.331348
0.768173 0.137485 -0.625306
0.925619 0.182513 -0.331539
0.744907 0.232180 -0.625465
0.894942 0.298445 -0.331677
0.706479 0.331097 -0.625509
0.845922 0.417589 -0.331715
0.652358 0.427794 -0.625637
0.777367 0.534407 -0.331827
0.579105 0.522488 -0.625814
0.685123 0.648379 -0.331981
0.483666 0.611673 -0.626037
0.565537 0.754869 -0.332176
0.367817 0.687603 -0.626030
0.423121 0.842990 -0.332169
0.244078 0.740786 -0.625829
0.273637 0.902720 -0.331994
0.134311 0.768825 -0.625195
0.147575 0.931863 -0.331441
0.059504 0.778419 -0.624919
0.061914 0.941527 -0.331201
0.021725 0.780566 -0.624695
0.027145 0.975307 -0.219178
0.000000 0.780869 -0.624695
0.000000 0.898801 -0.438356
0.000000 0.975685 -0.219178
-0.780869 0.000000 -0.624695
-0.898801 0.000000 -0.438356
-0.011358 -0.780786 -0.624695
-0.022617 -0.780478 -0.624774
-0.013073 -0.898706 -0.438356
-0.033299 -0.943016 -0.331076
-0.067022 -0.777745 -0.624997
-0.092610 -0.938980 -0.331269
-0.110715 -0.772980 -0.624695
-0.138336 -0.965828 -0.219178
-0.225856 -0.747493 -0.624695
-0.268714 -0.732067 -0.625996
-0.259967 -0.860384 -0.438356
-0.347647 -0.876826 -0.332140
-0.395950 -0.671581 -0.626261
-0.501706 -0.798637 -0.332371
-0.518089 -0.582458 -0.626360
-0.647019 -0.686176 -0.332457
-0.619954 -0.472971 -0.626063
-0.764698 -0.552161 -0.332198
-0.691324 -0.361427 -0.625653
-0.845402 -0.418543 -0.331841
-0.737422 -0.254597 -0.625610
-0.898119 -0.288598 -0.331804
-0.765704 -0.150615 -0.625310
-0.928769 -0.165736 -0.331542
-0.777723 -0.067423 -0.624981
-0.940926 -0.070196 -0.331255
-0.780689 -0.008319 -0.624864
-0.943576 -0.001341 -0.331154
-0.779350 0.045144 -0.624961
-0.941273 0.065475 -0.331238
-0.771964 0.114793 -0.625215
-0.930836 0.153882 -0.331459
-0.753086 0.204260 -0.625411
-0.905647 0.264245 -0.331630
-0.718356 0.304258 -0.625613
-0.860515 0.386546 -0.331805
-0.657461 0.418660 -0.626474
-0.779916 0.530223 -0.332557
-0.555772 0.546191 -0.626731
-0.650977 0.682264 -0.332782
-0.433827 0.648036 -0.625974
-0.504598 0.796917 -0.332121
-0.319244 0.711711 -0.625740
-0.366167 0.869341 -0.331917
-0.207684 0.752031 -0.625553
-0.232127 0.914361 -0.331753
-0.110858 0.772644 -0.625086
-0.120861 0.935736 -0.331347
-0.046219 0.779387 -0.624835
-0.047925 0.942368 -0.331129
-0.016268 0.780699 -0.624695
-0.020327 0.975473 -0.219178
0.000000 0.975685 -0.219178
0.780869 0.000000 -0.624695
0.898801 0.000000 -0.438356
0.975685 0.000000 -0.219178
0.000000 -0.985367 0.170445
0.000000 -0.940103 0.340891
0.033385 -0.984801 0.170445
0.074391 -0.963576 0.256881
0.170416 -0.951249 0.257067
0.290091 -0.921775 0.257250
0.416249 -0.872095 0.257269
0.545718 -0.797421 0.257511
0.675165 -0.691215 0.257632
0.783962 -0.564886 0.257502
0.862626 -0.435503 0.257321
0.915119 -0.310489 0.257204
0.946960 -0.192795 0.257094
0.962354 -0.088564 0.256964
0.966443 -0.000214 0.256880
0.962508 0.086931 0.256946
0.947396 0.190630 0.257101
0.915384 0.309700 0.257214
0.864591 0.431634 0.257245
0.793657 0.551260 0.257336
0.698330 0.667869 0.257461
0.574882 0.776623 0.257620
0.428484 0.866046 0.257615
0.275413 0.926205 0.257472
0.147813 0.955035 0.257022
0.061153 0.964521 0.256826
0.026155 0.939739 0.340891
0.000000 0.985367 0.170445
0.000000 0.940103 0.340891
-1.000000 0.000000 0.000000
-0.985367 0.000000 0.170445
-0.014332 -0.985263 0.170445
-0.035455 -0.965834 0.256724
-0.097479 -0.961514 0.256882
-0.133291 -0.930606 0.340891
-0.285005 -0.943250 0.170445
-0.361220 -0.896196 0.257591
-0.519051 -0.814945 0.257779
-0.667341 -0.698691 0.257849
-0.786646 -0.561080 0.257638
-0.868073 -0.424525 0.257347
-0.921390 -0.291252 0.257317
-0.952009 -0.166061 0.257104
-0.963955 -0.069344 0.256870
-0.966468 0.000596 0.256787
-0.963945 0.069530 0.256856
-0.952891 0.161034 0.257036
-0.926537 0.274571 0.257176
-0.879583 0.400152 0.257318
-0.795382 0.548489 0.257931
-0.661951 0.703704 0.258114
-0.512316 0.819260 0.257575
-0.370564 0.892425 0.257409
-0.233469 0.937711 0.257276
-0.120822 0.958844 0.256945
-0.047294 0.965315 0.256767
-0.019586 0.939899 0.340891
0.985367 0.000000 0.170445
0.940103 0.000000 0.340891
0.000000 -1.000000 0.000000
0.000000 -0.868243 0.496139
0.029417 -0.867745 0.496139
0.078127 -0.864551 0.496435
0.168310 -0.851451 0.496692
0.278332 -0.821934 0.496946
0.390887 -0.774743 0.496972
0.508430 -0.702983 0.497307
0.623181 -0.603460 0.497475
0.716770 -0.488814 0.497294
0.783355 -0.373232 0.497044
0.827408 -0.261734 0.496882
0.853513 -0.157398 0.496730
0.865479 -0.066214 0.496550
0.868004 0.011114 0.496433
0.863243 0.090971 0.496524
0.847509 0.187026 0.496739
0.816040 0.295252 0.496895
0.767893 0.404219 0.496938
0.701019 0.511370 0.497065
0.611691 0.615295 0.497238
0.496656 0.711245 0.497458
0.363114 0.787839 0.497451
0.226088 0.837630 0.497253
0.118292 0.859864 0.496630
0.045167 0.866942 0.496359
0.024156 0.867907 0.496139
0.000000 0.868243 0.496139
0.000000 0.868243 0.496139
-0.868243 0.000000 0.496139
-0.012628 -0.868151 0.496139
-0.037666 -0.867381 0.496217
-0.098853 -0.862427 0.496435
-0.123104 -0.859472 0.496139
-0.251128 -0.831132 0.496139
-0.346082 -0.795489 0.497417
-0.487591 -0.717337 0.497677
-0.618077 -0.608442 0.497775
-0.720018 -0.483822 0.497483
-0.788169 -0.362908 0.497080
-0.833128 -0.242592 0.497038
-0.857626 -0.133133 0.496743
-0.866568 -0.051257 0.496419
-0.868101 0.009032 0.496305
-0.865012 0.073082 0.496400
-0.853205 0.159314 0.496650
-0.826930 0.263315 0.496843
-0.781421 0.377269 0.497040
-0.697908 0.514813 0.497887
-0.572239 0.651459 0.498141
-0.439951 0.747690 0.497396
-0.313097 0.809195 0.497166
-0.191010 0.846478 0.496982
-0.095678 0.862734 0.496523
-0.034744 0.867469 0.496277
-0.018088 0.868055 0.496139
0.868243 0.000000 0.496139
0.000000 -0.868243 0.496139
0.000000 0.000000 1.000000
0.000000 0.000000 -1.000000
432
0 0 1 2 0 0 1 2
0 1 3 2 0 2 1 2
0 1 4 3 3 4 5 3
0 4 5 3 4 6 5 3
0 4 6 5 4 7 6 3
0 6 7 5 7 8 6 3
0 6 8 7 7 9 8 3
0 8 9 7 9 10 8 3
0 8 10 9 9 11 10 3
0 10 11 9 11 12 10 3
0 10 12 11 11 13 12 3
0 12 13 11 13 14 12 3
0 12 14 13 13 15 14 3
0 14 15 13 15 16 14 3
0 14 16 15 15 17 16 3
0 16 17 15 17 18 16 3
0 16 18 17 17 19 18 3
0 18 19 17 19 20 18 3
0 18 20 19 19 21 20 3
0 20 21 19 21 22 20 3
0 20 22 21 21 23 22 3
0 22 23 21 23 24 22 3
0 22 24 23 23 25 24 3
0 24 25 23 25 26 24 3
0 24 26 25 25 27 26 3
0 26 27 25 27 28 26 3
0 26 28 27 27 29 28 3
0 28 29 27 29 30 28 3
0 28 30 29 29 31 30 3
0 30 31 29 31 32 30 3
0 30 32 31 31 33 32 3
0 32 33 31 33 34 32 3
0 32 34 33 33 35 34 3
0 34 35 33 35 36 34 3
0 34 36 35 35 37 36 3
0 36 37 35 37 38 36 3
0 36 38 37 37 39 38 3
0 38 39 37 39 40 38 3
0 38 40 39 39 41 40 3
0 40 41 39 41 42 40 3
0 40 42 41 41 43 42 3
0 42 43 41 43 44 42 3
0 42 44 43 43 45 44 3
0 44 45 43 45 46 44 3
0 44 46 45 45 47 46 3
0 46 47 45 47 48 46 3
0 46 48 47 47 49 48 3
0 48 49 47 49 50 48 3
0 48 50 49 49 51 50 3
0 50 51 49 51 52 50 3
0 50 52 51 53 53 54 4
0 52 53 51 53 55 54 4
0 52 54 53 56 56 57 5
0 54 55 53 56 56 57 5
0 56 57 58 58 59 60 2
0 57 59 58 59 61 60 2
0 57 60 59 59 62 61 2
0 60 61 59 62 63 61 2
0 60 62 61 62 64 63 2
0 62 63 61 64 65 63 2
0 62 64 63 66 67 68 3
0 64 65 63 67 69 68 3
0 64 66 65 67 70 69 3
0 66 67 65 70 71 69 3
0 66 68 67 70 72 71 3
0 68 69 67 72 73 71 3
0 68 70 69 72 74 73 3
0 70 71 69 74 75 73 3
0 70 72 71 74 76 75 3
0 72 73 71 76 77 75 3
0 72 74 73 76 78 77 3
0 74 75 73 78 79 77 3
0 74 76 75 78 80 79 3
0 76 77 75 80 81 79 3
0 76 78 77 80 82 81 3
0 78 79 77 82 83 81 3
0 78 80 79 82 84 83 3
0 80 81 79 84 85 83 3
0 80 82 81 84 86 85 3
0 82 83 81 86 87 85 3
0 82 84 83 86 88 87 3
0 84 85 83 88 89 87 3
0 84 86 85 88 90 89 3
0 86 87 85 90 91 89 3
0 86 88 87 90 92 91 3
0 88 89 87 92 93 91 3
0 88 90 89 92 94 93 3
0 90 91 89 94 95 93 3
0 90 92 91 94 96 95 3
0 92 93 91 96 97 95 3
0 92 94 93 96 98 97 3
0 94 95 93 98 99 97 3
0 94 96 95 98 100 99 3
0 96 97 95 100 101 99 3
0 96 98 97 100 102 101 3
0 98 99 97 102 103 101 3
0 98 100 99 102 104 103 3
0 100 101 99 104 105 103 3
0 100 102 101 104 106 105 3
0 102 103 101 106 107 105 3
0 102 104 103 106 108 107 3
0 104 105 103 108 109 107 3
0 104 106 105 53 53 54 4
0 106 107 105 53 110 54 4
0 106 108 107 111 111 112 5
0 108 109 107 111 113 112 5
0 108 110 109 0 0 1 2
0 110 111 109 0 0 1 2
0 2 3 112 1 2 114 2
0 3 113 112 2 115 114 2
0 3 5 113 5 6 116 3
0 5 114 113 6 117 116 3
0 5 7 114 6 8 117 3
0 7 115 114 8 118 117 3
0 7 9 115 8 10 118 3
0 9 116 115 10 119 118 3
0 9 11 116 10 12 119 3
0 11 117 116 12 120 119 3
0 11 13 117 12 14 120 3
0 13 118 117 14 121 120 3
0 13 15 118 14 16 121 3
0 15 119 118 16 122 121 3
0 15 17 119 16 18 122 3
0 17 120 119 18 123 122 3
0 17 19 120 18 20 123 3
0 19 121 120 20 124 123 3
0 19 21 121 20 22 124 3
0 21 122 121 22 125 124 3
0 21 23 122 22 24 125 3
0 23 123 122 24 126 125 3
0 23 25 123 24 26 126 3
0 25 124 123 26 127 126 3
0 25 27 124 26 28 127 3
0 27 125 124 28 128 127 3
0 27 29 125 28 30 128 3
0 29 126 125 30 129 128 3
0 29 31 126 30 32 129 3
0 31 127 126 32 130 129 3
0 31 33 127 32 34 130 3
0 33 128 127 34 131 130 3
0 33 35 128 34 36 131 3
0 35 129 128 36 132 131 3
0 35 37 129 36 38 132 3
0 37 130 129 38 133 132 3
0 37 39 130 38 40 133 3
0 39 131 130 40 134 133 3
0 39 41 131 40 42 134 3
0 41 132 131 42 135 134 3
0 41 43 132 42 44 135 3
0 43 133 132 44 136 135 3
0 43 45 133 44 46 136 3
0 45 134 133 46 137 136 3
0 45 47 134 46 48 137 3
0 47 135 134 48 138 137 3
0 47 49 135 48 50 138 3
0 49 136 135 50 139 138 3
0 49 51 136 50 52 139 3
0 51 137 136 52 140 139 3
0 51 53 137 54 55 141 4
0 53 138 137 55 142 141 4
0 53 55 138 57 143 144 5
0 55 139 138 143 143 144 5
0 58 59 140 60 61 145 2
0 59 141 140 61 146 145 2
0 59 61 141 61 63 146 2
0 61 142 141 63 147 146 2
0 61 63 142 63 65 147 2
0 63 143 142 65 148 147 2
0 63 65 143 68 69 149 3
0 65 144 143 69 150 149 3
0 65 67 144 69 71 150 3
0 67 145 144 71 151 150 3
0 67 69 145 71 73 151 3
0 69 146 145 73 152 151 3
0 69 71 146 73 75 152 3
0 71 147 146 75 153 152 3
0 71 73 147 75 77 153 3
0 73 148 147 77 154 153 3
0 73 75 148 77 79 154 3
0 75 149 148 79 155 154 3
0 75 77 149 79 81 155 3
0 77 150 149 81 156 155 3
0 77 79 150 81 83 156 3
0 79 151 150 83 157 156 3
0 79 81 151 83 85 157 3
0 81 152 151 85 158 157 3
0 81 83 152 85 87 158 3
0 83 153 152 87 159 158 3
0 83 85 153 87 89 159 3
0 85 154 153 89 160 159 3
0 85 87 154 89 91 160 3
0 87 155 154 91 161 160 3
0 87 89 155 91 93 161 3
0 89 156 155 93 162 161 3
0 89 91 156 93 95 162 3
0 91 157 156 95 163 162 3
0 91 93 157 95 97 163 3
0 93 158 157 97 164 163 3
0 93 95 158 97 99 164 3
0 95 159 158 99 165 164 3
0 95 97 159 99 101 165 3
0 97 160 159 101 166 165 3
0 97 99 160 101 103 166 3
0 99 161 160 103 167 166 3
0 99 101 161 103 105 167 3
0 101 162 161 105 168 167 3
0 101 103 162 105 107 168 3
0 103 163 162 107 169 168 3
0 103 105 163 107 109 169 3
0 105 164 163 109 170 169 3
0 105 107 164 54 110 141 4
0 107 165 164 110 142 141 4
0 107 109 165 112 113 171 5
0 109 166 165 113 172 171 5
0 109 111 166 1 173 114 2
0 111 167 166 173 173 114 2
0 112 113 168 114 115 174 2
0 113 169 168 115 174 174 2
0 113 114 169 116 117 175 3
0 114 170 169 117 176 175 3
0 114 115 170 117 118 176 3
0 115 171 170 118 177 176 3
0 115 116 171 118 119 177 3
0 116 172 171 119 178 177 3
0 116 117 172 119 120 178 3
0 117 173 172 120 179 178 3
0 117 118 173 120 121 179 3
0 118 174 173 121 180 179 3
0 118 119 174 121 122 180 3
0 119 175 174 122 181 180 3
0 119 120 175 122 123 181 3
0 120 176 175 123 182 181 3
0 120 121 176 123 124 182 3
0 121 177 176 124 183 182 3
0 121 122 177 124 125 183 3
0 122 178 177 125 184 183 3
0 122 123 178 125 126 184 3
0 123 179 178 126 185 184 3
0 123 124 179 126 127 185 3
0 124 180 179 127 186 185 3
0 124 125 180 127 128 186 3
0 125 181 180 128 187 186 3
0 125 126 181 128 129 187 3
0 126 182 181 129 188 187 3
0 126 127 182 129 130 188 3
0 127 183 182 130 189 188 3
0 127 128 183 130 131 189 3
0 128 184 183 131 190 189 3
0 128 129 184 131 132 190 3
0 129 185 184 132 191 190 3
0 129 130 185 132 133 191 3
0 130 186 185 133 192 191 3
0 130 131 186 133 134 192 3
0 131 187 186 134 193 192 3
0 131 132 187 134 135 193 3
0 132 188 187 135 194 193 3
0 132 133 188 135 136 194 3
0 133 189 188 136 195 194 3
0 133 134 189 136 137 195 3
0 134 190 189 137 196 195 3
0 134 135 190 137 138 196 3
0 135 191 190 138 197 196 3
0 135 136 191 138 139 197 3
0 136 192 191 139 198 197 3
0 136 137 192 139 140 198 3
0 137 193 192 140 199 198 3
0 137 138 193 141 142 200 4
0 138 194 193 142 201 200 4
0 138 139 194 144 202 202 5
0 139 195 194 202 202 202 5
0 140 141 196 145 146 203 2
0 141 197 196 146 204 203 2
0 141 142 197 146 147 204 2
0 142 198 197 147 205 204 2
0 142 143 198 147 148 205 2
0 143 199 198 148 206 205 2
0 143 144 199 149 150 207 3
0 144 200 199 150 208 207 3
0 144 145 200 150 151 208 3
0 145 201 200 151 209 208 3
0 145 146 201 151 152 209 3
0 146 202 201 152 210 209 3
0 146 147 202 152 153 210 3
0 147 203 202 153 211 210 3
0 147 148 203 153 154 211 3
0 148 204 203 154 212 211 3
0 148 149 204 154 155 212 3
0 149 205 204 155 213 212 3
0 149 150 205 155 156 213 3
0 150 206 205 156 214 213 3
0 150 151 206 156 157 214 3
0 151 207 206 157 215 214 3
0 151 152 207 157 158 215 3
0 152 208 207 158 216 215 3
0 152 153 208 158 159 216 3
0 153 209 208 159 217 216 3
0 153 154 209 159 160 217 3
0 154 210 209 160 218 217 3
0 154 155 210 160 161 218 3
0 155 211 210 161 219 218 3
0 155 156 211 161 162 219 3
0 156 212 211 162 220 219 3
0 156 157 212 162 163 220 3
0 157 213 212 163 221 220 3
0 157 158 213 163 164 221 3
0 158 214 213 164 222 221 3
0 158 159 214 164 165 222 3
0 159 215 214 165 223 222 3
0 159 160 215 165 166 223 3
0 160 216 215 166 224 223 3
0 160 161 216 166 167 224 3
0 161 217 216 167 225 224 3
0 161 162 217 167 168 225 3
0 162 218 217 168 226 225 3
0 162 163 218 168 169 226 3
0 163 219 218 169 227 226 3
0 163 164 219 169 170 227 3
0 164 220 219 170 228 227 3
0 164 165 220 141 142 200 4
0 165 221 220 142 200 200 4
0 165 166 221 171 172 229 5
0 166 222 221 172 229 229 5
0 166 167 222 114 174 174 2
0 167 223 222 230 230 174 2
0 224 225 226 231 231 231 11
0 224 226 227 231 231 231 11
0 225 224 228 231 231 231 11
0 224 227 229 231 231 231 11
0 224 229 230 231 231 231 11
0 231 224 230 231 231 231 11
0 231 230 232 231 231 231 11
0 233 231 232 231 231 231 11
0 233 232 234 231 231 231 11
0 225 228 235 231 231 231 11
0 233 234 236 231 231 231 11
0 225 235 237 231 231 231 11
0 225 237 238 231 231 231 11
0 239 225 238 231 231 231 11
0 239 238 240 231 231 231 11
0 241 239 240 231 231 231 11
0 241 240 242 231 231 231 11
0 243 241 242 231 231 231 11
0 243 242 244 231 231 231 11
0 245 243 244 231 231 231 11
0 245 244 246 231 231 231 11
0 247 233 236 231 231 231 11
0 247 236 248 231 231 231 11
0 247 248 249 231 231 231 11
0 250 247 249 231 231 231 11
0 250 249 251 231 231 231 11
0 252 250 251 231 231 231 11
0 253 252 251 231 231 231 11
0 253 251 254 231 231 231 11
0 255 253 254 231 231 231 11
0 255 254 256 231 231 231 11
0 257 255 256 231 231 231 11
0 257 256 258 231 231 231 11
0 259 257 258 231 231 231 11
0 259 258 260 231 231 231 11
0 261 259 260 231 231 231 11
0 261 260 262 231 231 231 11
0 263 261 262 231 231 231 11
0 263 262 264 231 231 231 11
0 265 263 264 231 231 231 11
0 266 265 264 231 231 231 11
0 266 264 267 231 231 231 11
0 268 266 267 231 231 231 11
0 268 267 269 231 231 231 11
0 268 269 270 231 231 231 11
0 271 268 270 231 231 231 11
0 272 271 270 231 231 231 11
0 272 270 273 231 231 231 11
0 274 272 273 231 231 231 11
0 274 273 275 231 231 231 11
0 276 274 275 231 231 231 11
0 276 275 277 231 231 231 11
0 246 276 277 231 231 231 11
0 245 246 277 231 231 231 11
0 0 278 279 232 232 232 11
0 0 280 278 232 232 232 11
0 279 281 0 232 232 232 11
0 0 282 280 232 232 232 11
0 0 283 282 232 232 232 11
0 284 283 0 232 232 232 11
0 284 285 283 232 232 232 11
0 286 285 284 232 232 232 11
0 286 287 285 232 232 232 11
0 279 288 281 232 232 232 11
0 286 289 287 232 232 232 11
0 279 290 288 232 232 232 11
0 279 291 290 232 232 232 11
0 292 291 279 232 232 232 11
0 292 293 291 232 232 232 11
0 294 293 292 232 232 232 11
0 294 295 293 232 232 232 11
0 296 295 294 232 232 232 11
0 296 297 295 232 232 232 11
0 298 297 296 232 232 232 11
0 298 299 297 232 232 232 11
0 300 289 286 232 232 232 11
0 300 301 289 232 232 232 11
0 300 302 301 232 232 232 11
0 303 302 300 232 232 232 11
0 303 304 302 232 232 232 11
0 305 304 303 232 232 232 11
0 306 304 305 232 232 232 11
0 306 307 304 232 232 232 11
0 308 307 306 232 232 232 11
0 308 309 307 232 232 232 11
0 310 309 308 232 232 232 11
0 310 311 309 232 232 232 11
0 312 311 310 232 232 232 11
0 312 313 311 232 232 232 11
0 314 313 312 232 232 232 11
0 314 315 313 232 232 232 11
0 316 315 314 232 232 232 11
0 316 317 315 232 232 232 11
0 318 317 316 232 232 232 11
0 319 317 318 232 232 232 11
0 319 320 317 232 232 232 11
0 321 320 319 232 232 232 11
0 321 322 320 232 232 232 11
0 321 323 322 232 232 232 11
0 324 323 321 232 232 232 11
0 325 323 324 232 232 232 11
0 325 326 323 232 232 232 11
0 327 326 325 232 232 232 11
0 327 328 326 232 232 232 11
0 329 328 327 232 232 232 11
0 329 330 328 232 232 232 11
0 299 330 329 232 232 232 11
0 298 330 299 232 232 232 11

Materials: 1
"1 - Default"
1 1 1 1
1 1 1 1
1 1 1 1
0 0 0 1
13
1.000000
"orange sphere.png"
"plastic sphere add.png"

Bones: 0
