// MilkShape 3D ASCII

Frames: 30
Frame: 1

Meshes: 1
"Text01" 0 0
64
0 -8.235335 -31.831364 -9.735778 0.000000 1.000000 -1
0 -8.235335 -4.631363 -9.735778 0.100000 1.000000 -1
0 -4.235335 -35.831364 -4.735778 0.000000 0.738278 -1
0 -4.235335 -8.631363 -4.735778 0.090186 0.738278 -1
0 18.564665 -4.631363 -9.735778 0.200000 1.000000 -1
0 22.564665 -8.631363 -4.735778 0.179045 0.738278 -1
0 18.564665 6.168636 -9.735778 0.300000 1.000000 -1
0 22.564665 10.168636 -4.735778 0.241379 0.738278 -1
0 -8.235335 6.168636 -9.735778 0.400000 1.000000 -1
0 -4.235335 10.168636 -4.735778 0.330239 0.738278 -1
0 -8.235335 21.468636 -9.735778 0.500000 1.000000 -1
0 -4.235335 17.468636 -4.735778 0.354443 0.738278 -1
0 22.764666 21.468636 -9.735778 0.600000 1.000000 -1
0 26.764666 17.468636 -4.735778 0.457228 0.738278 -1
0 22.764666 32.268635 -9.735778 0.700000 1.000000 -1
0 26.764666 36.268635 -4.735778 0.519562 0.738278 -1
0 -21.135334 32.268635 -9.735778 0.800000 1.000000 -1
0 -25.135334 36.268635 -4.735778 0.691645 0.738278 -1
0 -21.135334 -31.831364 -9.735778 0.900000 1.000000 -1
0 -25.135334 -35.831364 -4.735778 0.930703 0.738278 -1
0 -8.235335 -31.831364 -9.735778 1.000000 1.000000 -1
0 -4.235335 -35.831364 -4.735778 1.000000 0.738278 -1
0 -4.235335 -35.831364 5.264222 0.000000 0.329537 -1
0 -4.235335 -8.631363 5.264222 0.090186 0.329537 -1
0 22.564665 -8.631363 5.264222 0.179045 0.329537 -1
0 22.564665 10.168636 5.264222 0.241379 0.329537 -1
0 -4.235335 10.168636 5.264222 0.330239 0.329537 -1
0 -4.235335 17.468636 5.264222 0.354443 0.329537 -1
0 26.764666 17.468636 5.264222 0.457228 0.329537 -1
0 26.764666 36.268635 5.264222 0.519562 0.329537 -1
0 -25.135334 36.268635 5.264222 0.691645 0.329537 -1
0 -25.135334 -35.831364 5.264222 0.930703 0.329537 -1
0 -4.235335 -35.831364 5.264222 1.000000 0.329537 -1
0 -8.235335 -31.831364 12.264222 0.000000 0.000000 -1
0 -8.235335 -4.631363 12.264222 0.100000 0.000000 -1
0 18.564665 -4.631363 12.264222 0.200000 0.000000 -1
0 18.564665 6.168636 12.264222 0.300000 0.000000 -1
0 -8.235335 6.168636 12.264222 0.400000 0.000000 -1
0 -8.235335 21.468636 12.264222 0.500000 0.000000 -1
0 22.764666 21.468636 12.264222 0.600000 0.000000 -1
0 22.764666 32.268635 12.264222 0.700000 0.000000 -1
0 -21.135334 32.268635 12.264222 0.800000 0.000000 -1
0 -21.135334 -31.831364 12.264222 0.900000 0.000000 -1
0 -8.235335 -31.831364 12.264222 1.000000 0.000000 -1
0 -21.135334 32.268635 12.264222 0.000000 0.000000 -1
0 -21.135334 -31.831364 12.264222 0.000000 1.000000 -1
0 -8.235335 -31.831364 12.264222 0.293850 1.000000 -1
0 -8.235335 -4.631363 12.264222 0.293850 0.575663 -1
0 22.764666 21.468636 12.264222 1.000000 0.168487 -1
0 22.764666 32.268635 12.264222 1.000000 0.000000 -1
0 -8.235335 21.468636 12.264222 0.293850 0.168487 -1
0 18.564665 -4.631363 12.264222 0.904328 0.575663 -1
0 18.564665 6.168636 12.264222 0.904328 0.407176 -1
0 -8.235335 6.168636 12.264222 0.293850 0.407176 -1
0 -21.135334 32.268635 -9.735778 0.000000 0.000000 -1
0 -8.235335 -31.831364 -9.735778 0.293850 1.000000 -1
0 -21.135334 -31.831364 -9.735778 0.000000 1.000000 -1
0 -8.235335 -4.631363 -9.735778 0.293850 0.575663 -1
0 22.764666 21.468636 -9.735778 1.000000 0.168487 -1
0 22.764666 32.268635 -9.735778 1.000000 0.000000 -1
0 -8.235335 21.468636 -9.735778 0.293850 0.168487 -1
0 18.564665 -4.631363 -9.735778 0.904328 0.575663 -1
0 -8.235335 6.168636 -9.735778 0.293850 0.407176 -1
0 18.564665 6.168636 -9.735778 0.904328 0.407176 -1
19
0.780869 0.000000 -0.624695
0.000000 -0.780869 -0.624695
0.780869 0.000000 -0.624695
0.000000 0.780869 -0.624695
-0.780869 0.000000 -0.624695
0.000000 -0.780869 -0.624695
1.000000 0.000000 0.000000
0.000000 -1.000000 0.000000
0.000000 1.000000 0.000000
-1.000000 0.000000 0.000000
0.868243 0.000000 0.496139
0.000000 -0.868243 0.496139
0.868243 0.000000 0.496139
0.000000 0.868243 0.496139
0.000000 -0.868243 0.496139
0.000000 0.868243 0.496139
-0.868243 0.000000 0.496139
0.000000 0.000000 1.000000
0.000000 0.000000 -1.000000
76
0 0 1 2 0 0 0 2
0 1 3 2 0 0 0 2
0 1 4 3 1 1 1 3
0 4 5 3 1 1 1 3
0 4 6 5 0 0 0 4
0 6 7 5 0 2 0 4
0 6 8 7 3 3 3 5
0 8 9 7 3 3 3 5
0 8 10 9 2 0 0 2
0 10 11 9 0 0 0 2
0 10 12 11 1 1 1 3
0 12 13 11 1 1 1 3
0 12 14 13 0 0 0 4
0 14 15 13 0 2 0 4
0 14 16 15 3 3 3 5
0 16 17 15 3 3 3 5
0 16 18 17 4 4 4 2
0 18 19 17 4 4 4 2
0 18 20 19 1 1 5 3
0 20 21 19 5 5 5 3
0 2 3 22 6 6 6 7
0 3 23 22 6 6 6 7
0 3 5 23 7 7 7 8
0 5 24 23 7 7 7 8
0 5 7 24 6 6 6 9
0 7 25 24 6 6 6 9
0 7 9 25 8 8 8 10
0 9 26 25 8 8 8 10
0 9 11 26 6 6 6 7
0 11 27 26 6 6 6 7
0 11 13 27 7 7 7 8
0 13 28 27 7 7 7 8
0 13 15 28 6 6 6 9
0 15 29 28 6 6 6 9
0 15 17 29 8 8 8 10
0 17 30 29 8 8 8 10
0 17 19 30 9 9 9 7
0 19 31 30 9 9 9 7
0 19 21 31 7 7 7 8
0 21 32 31 7 7 7 8
0 22 23 33 10 10 10 2
0 23 34 33 10 10 10 2
0 23 24 34 11 11 11 3
0 24 35 34 11 11 11 3
0 24 25 35 12 12 12 4
0 25 36 35 12 12 12 4
0 25 26 36 13 13 13 5
0 26 37 36 13 13 13 5
0 26 27 37 10 10 10 2
0 27 38 37 10 12 10 2
0 27 28 38 14 14 14 3
0 28 39 38 14 14 14 3
0 28 29 39 12 12 12 4
0 29 40 39 12 12 12 4
0 29 30 40 15 15 15 5
0 30 41 40 15 15 15 5
0 30 31 41 16 16 16 2
0 31 42 41 16 16 16 2
0 31 32 42 14 14 14 3
0 32 43 42 11 11 14 3
0 44 45 46 17 17 17 11
0 44 46 47 17 17 17 11
0 48 49 44 17 17 17 11
0 50 48 44 17 17 17 11
0 51 52 53 17 17 17 11
0 47 51 53 17 17 17 11
0 44 47 53 17 17 17 11
0 50 44 53 17 17 17 11
0 54 55 56 18 18 18 11
0 54 57 55 18 18 18 11
0 58 54 59 18 18 18 11
0 60 54 58 18 18 18 11
0 61 62 63 18 18 18 11
0 57 62 61 18 18 18 11
0 54 62 57 18 18 18 11
0 60 62 54 18 18 18 11

Materials: 1
"1 - Default"
1 1 1 1
1 1 1 1
1 1 1 1
0 0 0 1
13
1.000000
"purple sphere.png"
"plastic sphere reverse add.png"

Bones: 0
