// MilkShape 3D ASCII

Frames: 30
Frame: 1

Meshes: 1
"Text01" 0 0
520
0 -23.807732 -17.493603 -9.735778 0.000000 1.000000 -1
0 -21.214500 -23.003239 -9.735778 0.011628 1.000000 -1
0 -27.622635 -18.781155 -4.735778 0.000000 0.738278 -1
0 -24.600626 -25.201782 -4.735778 0.019068 0.738278 -1
0 -17.455648 -27.360270 -9.735778 0.023256 1.000000 -1
0 -20.097691 -30.421309 -4.735778 0.037591 0.738278 -1
0 -12.487420 -30.510878 -9.735778 0.034884 1.000000 -1
0 -14.170488 -34.180050 -4.735778 0.056450 0.738278 -1
0 -6.266064 -32.401241 -9.735778 0.046512 1.000000 -1
0 -7.023922 -36.351540 -4.735778 0.076520 0.738278 -1
0 1.208415 -33.031364 -9.735778 0.058140 1.000000 -1
0 1.139065 -37.039707 -4.735778 0.098532 0.738278 -1
0 6.468050 -32.770775 -9.735778 0.069767 1.000000 -1
0 6.900254 -36.754265 -4.735778 0.114031 0.738278 -1
0 11.115705 -31.989002 -9.735778 0.081395 1.000000 -1
0 12.066979 -35.885185 -4.735778 0.128109 0.738278 -1
0 15.151385 -30.686050 -9.735778 0.093023 1.000000 -1
0 16.719254 -34.383160 -4.735778 0.141246 0.738278 -1
0 18.599390 -28.847424 -9.735778 0.104651 1.000000 -1
0 20.838774 -32.186451 -4.735778 0.153790 0.738278 -1
0 21.484022 -26.458622 -9.735778 0.116279 1.000000 -1
0 24.360933 -29.269703 -4.735778 0.166078 0.738278 -1
0 23.805290 -23.519646 -9.735778 0.127907 1.000000 -1
0 27.182898 -25.696791 -4.735778 0.178312 0.738278 -1
0 25.504946 -20.227718 -9.735778 0.139535 1.000000 -1
0 29.233116 -21.725887 -4.735778 0.190320 0.738278 -1
0 26.524734 -16.780064 -9.735778 0.151163 1.000000 -1
0 30.470587 -17.542305 -4.735778 0.202043 0.738278 -1
0 26.864666 -13.176676 -9.735778 0.162791 1.000000 -1
0 30.878538 -13.217892 -4.735778 0.213715 0.738278 -1
0 26.581419 -9.331104 -9.735778 0.174419 1.000000 -1
0 30.545492 -8.696220 -4.735778 0.225897 0.738278 -1
0 25.731678 -5.919388 -9.735778 0.186047 1.000000 -1
0 29.516188 -4.563559 -4.735778 0.237341 0.738278 -1
0 24.315449 -2.941519 -9.735778 0.197674 1.000000 -1
0 27.757322 -0.865236 -4.735778 0.248345 0.738278 -1
0 22.398088 -0.375286 -9.735778 0.209302 1.000000 -1
0 25.383242 2.312279 -4.735778 0.259003 0.738278 -1
0 20.044960 1.801533 -9.735778 0.220930 1.000000 -1
0 22.501383 4.978214 -4.735778 0.269552 0.738278 -1
0 17.256073 3.588951 -9.735778 0.232558 1.000000 -1
0 19.156565 7.121933 -4.735778 0.280227 0.738278 -1
0 13.704683 5.162563 -9.735778 0.244186 1.000000 -1
0 15.146564 8.898754 -4.735778 0.292013 0.738278 -1
0 9.064057 6.697971 -9.735778 0.255814 1.000000 -1
0 10.199077 10.535690 -4.735778 0.306015 0.738278 -1
0 3.334195 8.195198 -9.735778 0.267442 1.000000 -1
0 4.353110 12.063255 -4.735778 0.322251 0.738278 -1
0 -2.165716 9.655617 -9.735778 0.279070 1.000000 -1
0 -0.971612 13.477158 -4.735778 0.337055 0.738278 -1
0 -6.116497 11.080612 -9.735778 0.290698 1.000000 -1
0 -4.422860 14.721977 -4.735778 0.346913 0.738278 -1
0 -8.518147 12.470200 -9.735778 0.302326 1.000000 -1
0 -5.991383 15.629520 -4.735778 0.351782 0.738278 -1
0 -9.583252 13.622456 -9.735778 0.313953 1.000000 -1
0 -6.251184 15.910580 -4.735778 0.352811 0.738278 -1
0 -10.222314 14.920895 -9.735778 0.325581 1.000000 -1
0 -6.356572 16.124706 -4.735778 0.353452 0.738278 -1
0 -10.435336 16.365513 -9.735778 0.337209 1.000000 -1
0 -6.392272 16.366806 -4.735778 0.354110 0.738278 -1
0 -10.207559 17.917080 -9.735778 0.348837 1.000000 -1
0 -6.346598 16.677933 -4.735778 0.354955 0.738278 -1
0 -9.524223 19.244675 -9.735778 0.360465 1.000000 -1
0 -6.268529 16.829605 -4.735778 0.355413 0.738278 -1
0 -8.385335 20.348324 -9.735778 0.372093 1.000000 -1
0 -6.000607 17.089237 -4.735778 0.356415 0.738278 -1
0 -5.990023 21.637386 -9.735778 0.383721 1.000000 -1
0 -4.512553 17.890049 -4.735778 0.360956 0.738278 -1
0 -3.052001 22.410820 -9.735778 0.395349 1.000000 -1
0 -2.389555 18.448929 -4.735778 0.366855 0.738278 -1
0 0.428727 22.668636 -9.735778 0.406977 1.000000 -1
0 0.432080 18.657928 -4.735778 0.374458 0.738278 -1
0 3.761194 22.427402 -9.735778 0.418605 1.000000 -1
0 3.097920 18.464951 -4.735778 0.381640 0.738278 -1
0 6.487757 21.703709 -9.735778 0.430233 1.000000 -1
0 4.960672 17.970531 -4.735778 0.386818 0.738278 -1
0 8.608417 20.497543 -9.735778 0.441860 1.000000 -1
0 6.082484 17.332481 -4.735778 0.390286 0.738278 -1
0 10.215360 18.740517 -9.735778 0.453488 1.000000 -1
0 6.885885 16.454044 -4.735778 0.393485 0.738278 -1
0 11.400775 16.364208 -9.735778 0.465116 1.000000 -1
0 7.630497 14.961376 -4.735778 0.397967 0.738278 -1
0 12.164664 13.368637 -9.735778 0.476744 1.000000 -1
0 9.087858 9.246376 -4.735778 0.413815 0.738278 -1
0 25.064667 13.868637 -9.735778 0.488372 1.000000 -1
0 29.698141 10.045227 -4.735778 0.469237 0.738278 -1
0 24.217794 19.387909 -9.735778 0.500000 1.000000 -1
0 28.088697 20.534359 -4.735778 0.497751 0.738278 -1
0 22.085499 24.116547 -9.735778 0.511628 1.000000 -1
0 25.490839 26.295441 -4.735778 0.514732 0.738278 -1
0 18.667789 28.054573 -9.735778 0.523256 1.000000 -1
0 21.296066 31.128830 -4.735778 0.531929 0.738278 -1
0 13.945048 31.006832 -9.735778 0.534884 1.000000 -1
0 15.598164 34.690678 -4.735778 0.549985 0.738278 -1
0 7.897651 32.778179 -9.735778 0.546512 1.000000 -1
0 8.627168 36.732555 -4.735778 0.569503 0.738278 -1
0 0.525601 33.368641 -9.735778 0.558140 1.000000 -1
0 0.579970 37.377094 -4.735778 0.591195 0.738278 -1
0 -4.153998 33.121334 -9.735778 0.569767 1.000000 -1
0 -4.609219 37.102856 -4.735778 0.605158 0.738278 -1
0 -8.353216 32.379398 -9.735778 0.581395 1.000000 -1
0 -9.337484 36.267452 -4.735778 0.618060 0.738278 -1
0 -12.072055 31.142857 -9.735778 0.593023 1.000000 -1
0 -13.655085 34.831814 -4.735778 0.630286 0.738278 -1
0 -15.278998 29.433487 -9.735778 0.604651 1.000000 -1
0 -17.499989 32.782398 -4.735778 0.641993 0.738278 -1
0 -17.942537 27.273056 -9.735778 0.616279 1.000000 -1
0 -20.785595 30.117401 -4.735778 0.653361 0.738278 -1
0 -20.062677 24.661606 -9.735778 0.627907 1.000000 -1
0 -23.414310 26.879520 -4.735778 0.664568 0.738278 -1
0 -21.603045 21.754402 -9.735778 0.639535 1.000000 -1
0 -25.318655 23.285366 -4.735778 0.675497 0.738278 -1
0 -22.527260 18.706741 -9.735778 0.651163 1.000000 -1
0 -26.470480 19.487148 -4.735778 0.686162 0.738278 -1
0 -22.835335 15.518639 -9.735778 0.662791 1.000000 -1
0 -26.861574 15.439907 -4.735778 0.697088 0.738278 -1
0 -22.180475 10.713085 -9.735778 0.674419 1.000000 -1
0 -26.063913 9.586430 -4.735778 0.712961 0.738278 -1
0 -20.215887 6.421413 -9.735778 0.686047 1.000000 -1
0 -23.614199 4.234993 -4.735778 0.728776 0.738278 -1
0 -16.941584 2.643639 -9.735778 0.697674 1.000000 -1
0 -19.622952 -0.369965 -4.735778 0.745150 0.738278 -1
0 -13.459121 0.273502 -9.735778 0.709302 1.000000 -1
0 -15.396905 -3.246178 -4.735778 0.758886 0.738278 -1
0 -8.599223 -1.832754 -9.735778 0.720930 1.000000 -1
0 -9.966147 -5.599842 -4.735778 0.774791 0.738278 -1
0 -2.361897 -3.675114 -9.735778 0.732558 1.000000 -1
0 -3.419066 -7.533697 -4.735778 0.793134 0.738278 -1
0 2.377165 -4.873203 -9.735778 0.744186 1.000000 -1
0 1.367387 -8.743767 -4.735778 0.806400 0.738278 -1
0 5.825603 -5.800810 -9.735778 0.755814 1.000000 -1
0 4.723146 -9.646444 -4.735778 0.815738 0.738278 -1
0 7.983417 -6.457926 -9.735778 0.767442 1.000000 -1
0 6.625938 -10.225899 -4.735778 0.821082 0.738278 -1
0 9.975081 -7.290564 -9.735778 0.779070 1.000000 -1
0 8.169646 -10.871264 -4.735778 0.825578 0.738278 -1
0 11.525080 -8.215567 -9.735778 0.790698 1.000000 -1
0 9.122663 -11.440001 -4.735778 0.828560 0.738278 -1
0 12.633414 -9.232925 -9.735778 0.802326 1.000000 -1
0 9.554908 -11.836765 -4.735778 0.830137 0.738278 -1
0 13.372997 -10.371815 -9.735778 0.813953 1.000000 -1
0 9.750590 -12.138100 -4.735778 0.831102 0.738278 -1
0 13.816746 -11.661400 -9.735778 0.825581 1.000000 -1
0 9.884686 -12.527798 -4.735778 0.832210 0.738278 -1
0 13.964664 -13.101675 -9.735778 0.837209 1.000000 -1
0 9.932794 -12.996223 -4.735778 0.833475 0.738278 -1
0 13.612234 -15.362526 -9.735778 0.848837 1.000000 -1
0 9.759141 -14.110214 -4.735778 0.836505 0.738278 -1
0 12.554941 -17.424246 -9.735778 0.860465 1.000000 -1
0 9.256473 -15.090418 -4.735778 0.839464 0.738278 -1
0 10.792789 -19.286831 -9.735778 0.872093 1.000000 -1
0 8.266421 -16.136896 -4.735778 0.843335 0.738278 -1
0 8.335500 -20.756016 -9.735778 0.883721 1.000000 -1
0 6.741122 -17.048855 -4.735778 0.848111 0.738278 -1
0 5.192791 -21.637527 -9.735778 0.895349 1.000000 -1
0 4.492825 -17.679489 -4.735778 0.854385 0.738278 -1
0 1.364665 -21.931362 -9.735778 0.906977 1.000000 -1
0 1.391404 -17.917545 -4.735778 0.862743 0.738278 -1
0 -2.303043 -21.600634 -9.735778 0.918605 1.000000 -1
0 -1.509424 -17.655968 -4.735778 0.870569 0.738278 -1
0 -5.431168 -20.608448 -9.735778 0.930233 1.000000 -1
0 -3.720739 -16.954578 -4.735778 0.876803 0.738278 -1
0 -8.019710 -18.954800 -9.735778 0.941860 1.000000 -1
0 -5.383073 -15.892623 -4.735778 0.882103 0.738278 -1
0 -10.078391 -16.595947 -9.735778 0.953488 1.000000 -1
0 -6.723711 -14.356508 -4.735778 0.887582 0.738278 -1
0 -11.616931 -13.488136 -9.735778 0.965116 1.000000 -1
0 -7.852738 -12.075905 -4.735778 0.894420 0.738278 -1
0 -12.635336 -9.631363 -9.735778 0.976744 1.000000 -1
0 -9.634699 -5.327488 -4.735778 0.913174 0.738278 -1
0 -25.235334 -10.831364 -9.735778 0.988372 1.000000 -1
0 -30.088112 -7.275433 -4.735778 0.968382 0.738278 -1
0 -23.807732 -17.493603 -9.735778 1.000000 1.000000 -1
0 -27.622635 -18.781155 -4.735778 1.000000 0.738278 -1
0 -27.622635 -18.781155 5.264222 0.000000 0.329537 -1
0 -24.600626 -25.201782 5.264222 0.019068 0.329537 -1
0 -20.097691 -30.421309 5.264222 0.037591 0.329537 -1
0 -14.170488 -34.180050 5.264222 0.056450 0.329537 -1
0 -7.023922 -36.351540 5.264222 0.076520 0.329537 -1
0 1.139065 -37.039707 5.264222 0.098532 0.329537 -1
0 6.900254 -36.754265 5.264222 0.114031 0.329537 -1
0 12.066979 -35.885185 5.264222 0.128109 0.329537 -1
0 16.719254 -34.383160 5.264222 0.141246 0.329537 -1
0 20.838774 -32.186451 5.264222 0.153790 0.329537 -1
0 24.360933 -29.269703 5.264222 0.166078 0.329537 -1
0 27.182898 -25.696791 5.264222 0.178312 0.329537 -1
0 29.233116 -21.725887 5.264222 0.190320 0.329537 -1
0 30.470587 -17.542305 5.264222 0.202043 0.329537 -1
0 30.878538 -13.217892 5.264222 0.213715 0.329537 -1
0 30.545492 -8.696220 5.264222 0.225897 0.329537 -1
0 29.516188 -4.563559 5.264222 0.237341 0.329537 -1
0 27.757322 -0.865236 5.264222 0.248345 0.329537 -1
0 25.383242 2.312279 5.264222 0.259003 0.329537 -1
0 22.501383 4.978214 5.264222 0.269552 0.329537 -1
0 19.156565 7.121933 5.264222 0.280227 0.329537 -1
0 15.146564 8.898754 5.264222 0.292013 0.329537 -1
0 10.199077 10.535690 5.264222 0.306015 0.329537 -1
0 4.353110 12.063255 5.264222 0.322251 0.329537 -1
0 -0.971612 13.477158 5.264222 0.337055 0.329537 -1
0 -4.422860 14.721977 5.264222 0.346913 0.329537 -1
0 -5.991383 15.629520 5.264222 0.351782 0.329537 -1
0 -6.251184 15.910580 5.264222 0.352811 0.329537 -1
0 -6.356572 16.124706 5.264222 0.353452 0.329537 -1
0 -6.392272 16.366806 5.264222 0.354110 0.329537 -1
0 -6.346598 16.677933 5.264222 0.354955 0.329537 -1
0 -6.268529 16.829605 5.264222 0.355413 0.329537 -1
0 -6.000607 17.089237 5.264222 0.356415 0.329537 -1
0 -4.512553 17.890049 5.264222 0.360956 0.329537 -1
0 -2.389555 18.448929 5.264222 0.366855 0.329537 -1
0 0.432080 18.657928 5.264222 0.374458 0.329537 -1
0 3.097920 18.464951 5.264222 0.381640 0.329537 -1
0 4.960672 17.970531 5.264222 0.386818 0.329537 -1
0 6.082484 17.332481 5.264222 0.390286 0.329537 -1
0 6.885885 16.454044 5.264222 0.393485 0.329537 -1
0 7.630497 14.961376 5.264222 0.397967 0.329537 -1
0 9.087858 9.246376 5.264222 0.413815 0.329537 -1
0 29.698141 10.045227 5.264222 0.469237 0.329537 -1
0 28.088697 20.534359 5.264222 0.497751 0.329537 -1
0 25.490839 26.295441 5.264222 0.514732 0.329537 -1
0 21.296066 31.128830 5.264222 0.531929 0.329537 -1
0 15.598164 34.690678 5.264222 0.549985 0.329537 -1
0 8.627168 36.732555 5.264222 0.569503 0.329537 -1
0 0.579970 37.377094 5.264222 0.591195 0.329537 -1
0 -4.609219 37.102856 5.264222 0.605158 0.329537 -1
0 -9.337484 36.267452 5.264222 0.618060 0.329537 -1
0 -13.655085 34.831814 5.264222 0.630286 0.329537 -1
0 -17.499989 32.782398 5.264222 0.641993 0.329537 -1
0 -20.785595 30.117401 5.264222 0.653361 0.329537 -1
0 -23.414310 26.879520 5.264222 0.664568 0.329537 -1
0 -25.318655 23.285366 5.264222 0.675497 0.329537 -1
0 -26.470480 19.487148 5.264222 0.686162 0.329537 -1
0 -26.861574 15.439907 5.264222 0.697088 0.329537 -1
0 -26.063913 9.586430 5.264222 0.712961 0.329537 -1
0 -23.614199 4.234993 5.264222 0.728776 0.329537 -1
0 -19.622952 -0.369965 5.264222 0.745150 0.329537 -1
0 -15.396905 -3.246178 5.264222 0.758886 0.329537 -1
0 -9.966147 -5.599842 5.264222 0.774791 0.329537 -1
0 -3.419066 -7.533697 5.264222 0.793134 0.329537 -1
0 1.367387 -8.743767 5.264222 0.806400 0.329537 -1
0 4.723146 -9.646444 5.264222 0.815738 0.329537 -1
0 6.625938 -10.225899 5.264222 0.821082 0.329537 -1
0 8.169646 -10.871264 5.264222 0.825578 0.329537 -1
0 9.122663 -11.440001 5.264222 0.828560 0.329537 -1
0 9.554908 -11.836765 5.264222 0.830137 0.329537 -1
0 9.750590 -12.138100 5.264222 0.831102 0.329537 -1
0 9.884686 -12.527798 5.264222 0.832210 0.329537 -1
0 9.932794 -12.996223 5.264222 0.833475 0.329537 -1
0 9.759141 -14.110214 5.264222 0.836505 0.329537 -1
0 9.256473 -15.090418 5.264222 0.839464 0.329537 -1
0 8.266421 -16.136896 5.264222 0.843335 0.329537 -1
0 6.741122 -17.048855 5.264222 0.848111 0.329537 -1
0 4.492825 -17.679489 5.264222 0.854385 0.329537 -1
0 1.391404 -17.917545 5.264222 0.862743 0.329537 -1
0 -1.509424 -17.655968 5.264222 0.870569 0.329537 -1
0 -3.720739 -16.954578 5.264222 0.876803 0.329537 -1
0 -5.383073 -15.892623 5.264222 0.882103 0.329537 -1
0 -6.723711 -14.356508 5.264222 0.887582 0.329537 -1
0 -7.852738 -12.075905 5.264222 0.894420 0.329537 -1
0 -9.634699 -5.327488 5.264222 0.913174 0.329537 -1
0 -30.088112 -7.275433 5.264222 0.968382 0.329537 -1
0 -27.622635 -18.781155 5.264222 1.000000 0.329537 -1
0 -23.807732 -17.493603 12.264222 0.000000 0.000000 -1
0 -21.214500 -23.003239 12.264222 0.011628 0.000000 -1
0 -17.455648 -27.360270 12.264222 0.023256 0.000000 -1
0 -12.487420 -30.510878 12.264222 0.034884 0.000000 -1
0 -6.266064 -32.401241 12.264222 0.046512 0.000000 -1
0 1.208415 -33.031364 12.264222 0.058140 0.000000 -1
0 6.468050 -32.770775 12.264222 0.069767 0.000000 -1
0 11.115705 -31.989002 12.264222 0.081395 0.000000 -1
0 15.151385 -30.686050 12.264222 0.093023 0.000000 -1
0 18.599390 -28.847424 12.264222 0.104651 0.000000 -1
0 21.484022 -26.458622 12.264222 0.116279 0.000000 -1
0 23.805290 -23.519646 12.264222 0.127907 0.000000 -1
0 25.504946 -20.227718 12.264222 0.139535 0.000000 -1
0 26.524734 -16.780064 12.264222 0.151163 0.000000 -1
0 26.864666 -13.176676 12.264222 0.162791 0.000000 -1
0 26.581419 -9.331104 12.264222 0.174419 0.000000 -1
0 25.731678 -5.919388 12.264222 0.186047 0.000000 -1
0 24.315449 -2.941519 12.264222 0.197674 0.000000 -1
0 22.398088 -0.375286 12.264222 0.209302 0.000000 -1
0 20.044960 1.801533 12.264222 0.220930 0.000000 -1
0 17.256073 3.588951 12.264222 0.232558 0.000000 -1
0 13.704683 5.162563 12.264222 0.244186 0.000000 -1
0 9.064057 6.697971 12.264222 0.255814 0.000000 -1
0 3.334195 8.195198 12.264222 0.267442 0.000000 -1
0 -2.165716 9.655617 12.264222 0.279070 0.000000 -1
0 -6.116497 11.080612 12.264222 0.290698 0.000000 -1
0 -8.518147 12.470200 12.264222 0.302326 0.000000 -1
0 -9.583252 13.622456 12.264222 0.313953 0.000000 -1
0 -10.222314 14.920895 12.264222 0.325581 0.000000 -1
0 -10.435336 16.365513 12.264222 0.337209 0.000000 -1
0 -10.207559 17.917080 12.264222 0.348837 0.000000 -1
0 -9.524223 19.244675 12.264222 0.360465 0.000000 -1
0 -8.385335 20.348324 12.264222 0.372093 0.000000 -1
0 -5.990023 21.637386 12.264222 0.383721 0.000000 -1
0 -3.052001 22.410820 12.264222 0.395349 0.000000 -1
0 0.428727 22.668636 12.264222 0.406977 0.000000 -1
0 3.761194 22.427402 12.264222 0.418605 0.000000 -1
0 6.487757 21.703709 12.264222 0.430233 0.000000 -1
0 8.608417 20.497543 12.264222 0.441860 0.000000 -1
0 10.215360 18.740517 12.264222 0.453488 0.000000 -1
0 11.400775 16.364208 12.264222 0.465116 0.000000 -1
0 12.164664 13.368637 12.264222 0.476744 0.000000 -1
0 25.064667 13.868637 12.264222 0.488372 0.000000 -1
0 24.217794 19.387909 12.264222 0.500000 0.000000 -1
0 22.085499 24.116547 12.264222 0.511628 0.000000 -1
0 18.667789 28.054573 12.264222 0.523256 0.000000 -1
0 13.945048 31.006832 12.264222 0.534884 0.000000 -1
0 7.897651 32.778179 12.264222 0.546512 0.000000 -1
0 0.525601 33.368641 12.264222 0.558140 0.000000 -1
0 -4.153998 33.121334 12.264222 0.569767 0.000000 -1
0 -8.353216 32.379398 12.264222 0.581395 0.000000 -1
0 -12.072055 31.142857 12.264222 0.593023 0.000000 -1
0 -15.278998 29.433487 12.264222 0.604651 0.000000 -1
0 -17.942537 27.273056 12.264222 0.616279 0.000000 -1
0 -20.062677 24.661606 12.264222 0.627907 0.000000 -1
0 -21.603045 21.754402 12.264222 0.639535 0.000000 -1
0 -22.527260 18.706741 12.264222 0.651163 0.000000 -1
0 -22.835335 15.518639 12.264222 0.662791 0.000000 -1
0 -22.180475 10.713085 12.264222 0.674419 0.000000 -1
0 -20.215887 6.421413 12.264222 0.686047 0.000000 -1
0 -16.941584 2.643639 12.264222 0.697674 0.000000 -1
0 -13.459121 0.273502 12.264222 0.709302 0.000000 -1
0 -8.599223 -1.832754 12.264222 0.720930 0.000000 -1
0 -2.361897 -3.675114 12.264222 0.732558 0.000000 -1
0 2.377165 -4.873203 12.264222 0.744186 0.000000 -1
0 5.825603 -5.800810 12.264222 0.755814 0.000000 -1
0 7.983417 -6.457926 12.264222 0.767442 0.000000 -1
0 9.975081 -7.290564 12.264222 0.779070 0.000000 -1
0 11.525080 -8.215567 12.264222 0.790698 0.000000 -1
0 12.633414 -9.232925 12.264222 0.802326 0.000000 -1
0 13.372997 -10.371815 12.264222 0.813953 0.000000 -1
0 13.816746 -11.661400 12.264222 0.825581 0.000000 -1
0 13.964664 -13.101675 12.264222 0.837209 0.000000 -1
0 13.612234 -15.362526 12.264222 0.848837 0.000000 -1
0 12.554941 -17.424246 12.264222 0.860465 0.000000 -1
0 10.792789 -19.286831 12.264222 0.872093 0.000000 -1
0 8.335500 -20.756016 12.264222 0.883721 0.000000 -1
0 5.192791 -21.637527 12.264222 0.895349 0.000000 -1
0 1.364665 -21.931362 12.264222 0.906977 0.000000 -1
0 -2.303043 -21.600634 12.264222 0.918605 0.000000 -1
0 -5.431168 -20.608448 12.264222 0.930233 0.000000 -1
0 -8.019710 -18.954800 12.264222 0.941860 0.000000 -1
0 -10.078391 -16.595947 12.264222 0.953488 0.000000 -1
0 -11.616931 -13.488136 12.264222 0.965116 0.000000 -1
0 -12.635336 -9.631363 12.264222 0.976744 0.000000 -1
0 -25.235334 -10.831364 12.264222 0.988372 0.000000 -1
0 -23.807732 -17.493603 12.264222 1.000000 0.000000 -1
0 -12.635336 -9.631363 12.264222 0.241843 0.647590 -1
0 -25.235334 -10.831364 12.264222 0.000000 0.665663 -1
0 -23.807732 -17.493603 12.264222 0.027401 0.765998 -1
0 -11.616931 -13.488136 12.264222 0.261390 0.705674 -1
0 -21.214500 -23.003239 12.264222 0.077175 0.848974 -1
0 -10.078391 -16.595947 12.264222 0.290920 0.752479 -1
0 -17.455648 -27.360270 12.264222 0.149322 0.914592 -1
0 -8.019710 -18.954800 12.264222 0.330434 0.788004 -1
0 -12.487420 -30.510878 12.264222 0.244682 0.962041 -1
0 -5.431168 -20.608448 12.264222 0.380118 0.812908 -1
0 -6.266064 -32.401241 12.264222 0.364093 0.990510 -1
0 -2.303043 -21.600634 12.264222 0.440159 0.827850 -1
0 1.208415 -33.031364 12.264222 0.507558 1.000000 -1
0 1.364665 -21.931362 12.264222 0.510557 0.832831 -1
0 12.164664 13.368637 12.264222 0.717850 0.301205 -1
0 25.064667 13.868637 12.264222 0.965451 0.293675 -1
0 24.217794 19.387909 12.264222 0.949196 0.210553 -1
0 11.400775 16.364208 12.264222 0.703188 0.256091 -1
0 22.085499 24.116547 12.264222 0.908269 0.139339 -1
0 10.215360 18.740517 12.264222 0.680436 0.220303 -1
0 18.667789 28.054573 12.264222 0.842670 0.080031 -1
0 13.945048 31.006832 12.264222 0.752023 0.035569 -1
0 8.608417 20.497543 12.264222 0.649592 0.193842 -1
0 7.897651 32.778179 12.264222 0.635950 0.008893 -1
0 6.487757 21.703709 12.264222 0.608889 0.175677 -1
0 3.761194 22.427402 12.264222 0.556555 0.164778 -1
0 0.525601 33.368641 12.264222 0.494452 0.000000 -1
0 0.428727 22.668636 12.264222 0.492592 0.161145 -1
0 6.468050 -32.770775 12.264222 0.608510 0.996075 -1
0 5.192791 -21.637527 12.264222 0.584033 0.828406 -1
0 -4.153998 33.121334 12.264222 0.404632 0.003725 -1
0 -3.052001 22.410820 12.264222 0.425784 0.165027 -1
0 -8.353216 32.379398 12.264222 0.324033 0.014898 -1
0 -5.990023 21.637386 12.264222 0.369392 0.176675 -1
0 -12.072055 31.142857 12.264222 0.252654 0.033521 -1
0 -8.385335 20.348324 12.264222 0.323417 0.196089 -1
0 -15.278998 29.433487 12.264222 0.191101 0.059264 -1
0 11.115705 -31.989002 12.264222 0.697717 0.984302 -1
0 8.335500 -20.756016 12.264222 0.644354 0.815130 -1
0 15.151385 -30.686050 12.264222 0.775177 0.964679 -1
0 10.792789 -19.286831 12.264222 0.691519 0.793004 -1
0 18.599390 -28.847424 12.264222 0.841357 0.936989 -1
0 -17.942537 27.273056 12.264222 0.139977 0.091801 -1
0 -9.524223 19.244675 12.264222 0.301557 0.212710 -1
0 -20.062677 24.661606 12.264222 0.099283 0.131130 -1
0 21.484022 -26.458622 12.264222 0.896725 0.901013 -1
0 12.554941 -17.424246 12.264222 0.725341 0.764953 -1
0 23.805290 -23.519646 12.264222 0.941279 0.856751 -1
0 25.504946 -20.227718 12.264222 0.973902 0.807174 -1
0 13.612234 -15.362526 12.264222 0.745635 0.733903 -1
0 26.524734 -16.780064 12.264222 0.993475 0.755252 -1
0 13.964664 -13.101675 12.264222 0.752399 0.699854 -1
0 26.864666 -13.176676 12.264222 1.000000 0.700984 -1
0 26.581419 -9.331104 12.264222 0.994563 0.643068 -1
0 13.816746 -11.661400 12.264222 0.749560 0.678163 -1
0 25.731678 -5.919388 12.264222 0.978254 0.591687 -1
0 13.372997 -10.371815 12.264222 0.741043 0.658742 -1
0 24.315449 -2.941519 12.264222 0.951071 0.546840 -1
0 22.398088 -0.375286 12.264222 0.914269 0.508192 -1
0 12.633414 -9.232925 12.264222 0.726847 0.641590 -1
0 20.044960 1.801533 12.264222 0.869104 0.475408 -1
0 11.525080 -8.215567 12.264222 0.705574 0.626268 -1
0 17.256073 3.588951 12.264222 0.815574 0.448489 -1
0 9.975081 -7.290564 12.264222 0.675824 0.612337 -1
0 13.704683 5.162563 12.264222 0.747409 0.424790 -1
0 7.983417 -6.457926 12.264222 0.637596 0.599798 -1
0 9.064057 6.697971 12.264222 0.658338 0.401667 -1
0 5.825603 -5.800810 12.264222 0.596179 0.589901 -1
0 2.377165 -4.873203 12.264222 0.529990 0.575931 -1
0 3.334195 8.195198 12.264222 0.548360 0.379118 -1
0 -2.361897 -3.675114 12.264222 0.439030 0.557888 -1
0 -2.165716 9.655617 12.264222 0.442795 0.357124 -1
0 -8.599223 -1.832754 12.264222 0.319311 0.530141 -1
0 -6.116497 11.080612 12.264222 0.366964 0.335663 -1
0 -13.459121 0.273502 12.264222 0.226031 0.498421 -1
0 -8.518147 12.470200 12.264222 0.320867 0.314736 -1
0 -16.941584 2.643639 12.264222 0.159189 0.462726 -1
0 -20.215887 6.421413 12.264222 0.096343 0.405832 -1
0 -9.583252 13.622456 12.264222 0.300424 0.297382 -1
0 -22.180475 10.713085 12.264222 0.058635 0.341198 -1
0 -10.222314 14.920895 12.264222 0.288158 0.277827 -1
0 -22.835335 15.518639 12.264222 0.046065 0.268825 -1
0 -10.435336 16.365513 12.264222 0.284069 0.256071 -1
0 -22.527260 18.706741 12.264222 0.051978 0.220812 -1
0 -21.603045 21.754402 12.264222 0.069718 0.174913 -1
0 -10.207559 17.917080 12.264222 0.288441 0.232704 -1
0 -12.635336 -9.631363 -9.735778 0.241843 0.647590 -1
0 -23.807732 -17.493603 -9.735778 0.027401 0.765998 -1
0 -25.235334 -10.831364 -9.735778 0.000000 0.665663 -1
0 -11.616931 -13.488136 -9.735778 0.261390 0.705674 -1
0 -21.214500 -23.003239 -9.735778 0.077175 0.848974 -1
0 -10.078391 -16.595947 -9.735778 0.290920 0.752479 -1
0 -17.455648 -27.360270 -9.735778 0.149322 0.914592 -1
0 -8.019710 -18.954800 -9.735778 0.330434 0.788004 -1
0 -12.487420 -30.510878 -9.735778 0.244682 0.962041 -1
0 -5.431168 -20.608448 -9.735778 0.380118 0.812908 -1
0 -6.266064 -32.401241 -9.735778 0.364093 0.990510 -1
0 -2.303043 -21.600634 -9.735778 0.440159 0.827850 -1
0 1.208415 -33.031364 -9.735778 0.507558 1.000000 -1
0 1.364665 -21.931362 -9.735778 0.510557 0.832831 -1
0 12.164664 13.368637 -9.735778 0.717850 0.301205 -1
0 24.217794 19.387909 -9.735778 0.949196 0.210553 -1
0 25.064667 13.868637 -9.735778 0.965451 0.293675 -1
0 11.400775 16.364208 -9.735778 0.703188 0.256091 -1
0 22.085499 24.116547 -9.735778 0.908269 0.139339 -1
0 10.215360 18.740517 -9.735778 0.680436 0.220303 -1
0 18.667789 28.054573 -9.735778 0.842670 0.080031 -1
0 13.945048 31.006832 -9.735778 0.752023 0.035569 -1
0 8.608417 20.497543 -9.735778 0.649592 0.193842 -1
0 7.897651 32.778179 -9.735778 0.635950 0.008893 -1
0 6.487757 21.703709 -9.735778 0.608889 0.175677 -1
0 3.761194 22.427402 -9.735778 0.556555 0.164778 -1
0 0.525601 33.368641 -9.735778 0.494452 0.000000 -1
0 0.428727 22.668636 -9.735778 0.492592 0.161145 -1
0 6.468050 -32.770775 -9.735778 0.608510 0.996075 -1
0 5.192791 -21.637527 -9.735778 0.584033 0.828406 -1
0 -4.153998 33.121334 -9.735778 0.404632 0.003725 -1
0 -3.052001 22.410820 -9.735778 0.425784 0.165027 -1
0 -8.353216 32.379398 -9.735778 0.324033 0.014898 -1
0 -5.990023 21.637386 -9.735778 0.369392 0.176675 -1
0 -12.072055 31.142857 -9.735778 0.252654 0.033521 -1
0 -8.385335 20.348324 -9.735778 0.323417 0.196089 -1
0 -15.278998 29.433487 -9.735778 0.191101 0.059264 -1
0 11.115705 -31.989002 -9.735778 0.697717 0.984302 -1
0 8.335500 -20.756016 -9.735778 0.644354 0.815130 -1
0 15.151385 -30.686050 -9.735778 0.775177 0.964679 -1
0 10.792789 -19.286831 -9.735778 0.691519 0.793004 -1
0 18.599390 -28.847424 -9.735778 0.841357 0.936989 -1
0 -17.942537 27.273056 -9.735778 0.139977 0.091801 -1
0 -9.524223 19.244675 -9.735778 0.301557 0.212710 -1
0 -20.062677 24.661606 -9.735778 0.099283 0.131130 -1
0 21.484022 -26.458622 -9.735778 0.896725 0.901013 -1
0 12.554941 -17.424246 -9.735778 0.725341 0.764953 -1
0 23.805290 -23.519646 -9.735778 0.941279 0.856751 -1
0 25.504946 -20.227718 -9.735778 0.973902 0.807174 -1
0 13.612234 -15.362526 -9.735778 0.745635 0.733903 -1
0 26.524734 -16.780064 -9.735778 0.993475 0.755252 -1
0 13.964664 -13.101675 -9.735778 0.752399 0.699854 -1
0 26.864666 -13.176676 -9.735778 1.000000 0.700984 -1
0 26.581419 -9.331104 -9.735778 0.994563 0.643068 -1
0 13.816746 -11.661400 -9.735778 0.749560 0.678163 -1
0 25.731678 -5.919388 -9.735778 0.978254 0.591687 -1
0 13.372997 -10.371815 -9.735778 0.741043 0.658742 -1
0 24.315449 -2.941519 -9.735778 0.951071 0.546840 -1
0 22.398088 -0.375286 -9.735778 0.914269 0.508192 -1
0 12.633414 -9.232925 -9.735778 0.726847 0.641590 -1
0 20.044960 1.801533 -9.735778 0.869104 0.475408 -1
0 11.525080 -8.215567 -9.735778 0.705574 0.626268 -1
0 17.256073 3.588951 -9.735778 0.815574 0.448489 -1
0 9.975081 -7.290564 -9.735778 0.675824 0.612337 -1
0 13.704683 5.162563 -9.735778 0.747409 0.424790 -1
0 7.983417 -6.457926 -9.735778 0.637596 0.599798 -1
0 9.064057 6.697971 -9.735778 0.658338 0.401667 -1
0 5.825603 -5.800810 -9.735778 0.596179 0.589901 -1
0 2.377165 -4.873203 -9.735778 0.529990 0.575931 -1
0 3.334195 8.195198 -9.735778 0.548360 0.379118 -1
0 -2.361897 -3.675114 -9.735778 0.439030 0.557888 -1
0 -2.165716 9.655617 -9.735778 0.442795 0.357124 -1
0 -8.599223 -1.832754 -9.735778 0.319311 0.530141 -1
0 -6.116497 11.080612 -9.735778 0.366964 0.335663 -1
0 -13.459121 0.273502 -9.735778 0.226031 0.498421 -1
0 -8.518147 12.470200 -9.735778 0.320867 0.314736 -1
0 -16.941584 2.643639 -9.735778 0.159189 0.462726 -1
0 -20.215887 6.421413 -9.735778 0.096343 0.405832 -1
0 -9.583252 13.622456 -9.735778 0.300424 0.297382 -1
0 -22.180475 10.713085 -9.735778 0.058635 0.341198 -1
0 -10.222314 14.920895 -9.735778 0.288158 0.277827 -1
0 -22.835335 15.518639 -9.735778 0.046065 0.268825 -1
0 -10.435336 16.365513 -9.735778 0.284069 0.256071 -1
0 -22.527260 18.706741 -9.735778 0.051978 0.220812 -1
0 -21.603045 21.754402 -9.735778 0.069718 0.174913 -1
0 -10.207559 17.917080 -9.735778 0.288441 0.232704 -1
370
-0.706522 -0.332540 -0.624695
-0.671449 -0.393684 -0.627829
-0.813226 -0.382763 -0.438356
-0.793499 -0.508896 -0.333743
-0.536689 -0.563148 -0.628354
-0.620145 -0.709738 -0.334205
-0.356222 -0.692089 -0.627788
-0.397804 -0.854629 -0.333708
-0.173734 -0.759747 -0.626579
-0.181701 -0.925381 -0.332649
-0.030888 -0.779652 -0.625451
-0.018908 -0.943208 -0.331664
0.069001 -0.777347 -0.625276
0.099510 -0.938188 -0.331512
0.166563 -0.762161 -0.625593
0.221009 -0.917099 -0.331789
0.283021 -0.726626 -0.626031
0.365081 -0.869701 -0.332170
0.412096 -0.661647 -0.626419
0.522050 -0.785431 -0.332509
0.537906 -0.563970 -0.626574
0.671647 -0.661995 -0.332645
0.641403 -0.443178 -0.626254
0.790712 -0.514108 -0.332365
0.713888 -0.313413 -0.626208
0.873773 -0.355079 -0.332325
0.760264 -0.172542 -0.626281
0.925303 -0.182570 -0.332389
0.779345 -0.029829 -0.625884
0.943176 -0.012934 -0.332042
0.773268 0.101347 -0.625927
0.931899 0.145903 -0.332080
0.742211 0.238249 -0.626386
0.889153 0.314427 -0.332480
0.680437 0.380381 -0.626351
0.809538 0.483866 -0.332450
0.595131 0.503794 -0.626107
0.703329 0.628448 -0.332237
0.495005 0.602557 -0.626015
0.579689 0.744065 -0.332156
0.386960 0.677334 -0.625684
0.449494 0.829348 -0.331868
0.292842 0.723530 -0.625098
0.341463 0.879548 -0.331357
0.229390 0.746271 -0.624868
0.268794 0.904480 -0.331157
0.198411 0.755241 -0.624696
0.240295 0.912520 -0.331008
0.222029 0.748373 -0.625013
0.279803 0.901089 -0.331283
0.307646 0.716537 -0.626042
0.394640 0.856689 -0.332180
0.454612 0.631108 -0.628514
0.584070 0.739645 -0.334346
0.619298 0.470954 -0.628229
0.773788 0.538176 -0.334095
0.729333 0.269612 -0.628795
0.897926 0.285966 -0.334592
0.777014 0.038358 -0.628313
0.942494 0.005991 -0.334169
0.751995 -0.196171 -0.629302
0.899075 -0.281802 -0.335039
0.648640 -0.428228 -0.629195
0.760525 -0.556250 -0.334945
0.488135 -0.606165 -0.627923
0.560964 -0.757548 -0.333826
0.314148 -0.712815 -0.627061
0.350116 -0.875490 -0.333070
0.152101 -0.764747 -0.626121
0.159056 -0.929684 -0.332249
0.019690 -0.779896 -0.625600
0.003622 -0.943345 -0.331794
-0.104609 -0.772630 -0.626179
-0.152129 -0.930824 -0.332299
-0.263417 -0.732696 -0.627509
-0.352294 -0.874466 -0.333463
-0.452430 -0.632346 -0.628845
-0.583034 -0.740331 -0.334636
-0.620301 -0.469976 -0.627973
-0.773959 -0.538069 -0.333870
-0.720263 -0.297611 -0.626618
-0.882391 -0.332729 -0.332683
-0.756654 -0.192952 -0.624695
-0.945429 -0.241090 -0.219178
0.030244 -0.780283 -0.624695
0.030244 -0.780283 -0.624695
0.034811 -0.898127 -0.438356
0.037789 -0.974953 -0.219178
0.771836 0.118430 -0.624695
0.755594 0.186880 -0.627816
0.888404 0.136316 -0.438356
0.905344 0.262631 -0.333732
0.675003 0.386814 -0.628288
0.796954 0.503200 -0.334147
0.534319 0.565299 -0.628443
0.616828 0.712586 -0.334283
0.350885 0.694736 -0.627871
0.390786 0.857833 -0.333780
0.167592 0.761211 -0.626475
0.175007 0.926702 -0.332558
0.027859 0.779774 -0.625441
0.015366 0.943275 -0.331656
-0.072834 0.776957 -0.625326
-0.104818 0.937595 -0.331556
-0.172952 0.760732 -0.625599
-0.228762 0.915194 -0.331794
-0.287241 0.725080 -0.625900
-0.368967 0.868103 -0.332056
-0.409854 0.663195 -0.626253
-0.518173 0.788056 -0.332364
-0.531558 0.570020 -0.626517
-0.663847 0.669842 -0.332594
-0.635784 0.451139 -0.626301
-0.784429 0.523619 -0.332406
-0.710874 0.320070 -0.626269
-0.870592 0.362760 -0.332378
-0.759274 0.176578 -0.626357
-0.924420 0.186872 -0.332455
-0.778899 0.014981 -0.626971
-0.942827 -0.013934 -0.332992
-0.756892 -0.179677 -0.628355
-0.906753 -0.257108 -0.334206
-0.673722 -0.389290 -0.628134
-0.795664 -0.505326 -0.334011
-0.542293 -0.558671 -0.627540
-0.630426 -0.700961 -0.333490
-0.397363 -0.670801 -0.626202
-0.458085 -0.824452 -0.332319
-0.281027 -0.728008 -0.625323
-0.324021 -0.886049 -0.331553
-0.211288 -0.751685 -0.624761
-0.250078 -0.909867 -0.331065
-0.195210 -0.756067 -0.624705
-0.237922 -0.913138 -0.331015
-0.211068 -0.751764 -0.624741
-0.259428 -0.907252 -0.331047
-0.227483 -0.746999 -0.624695
-0.284236 -0.933365 -0.219178
-0.301190 -0.720445 -0.624695
-0.334638 -0.704773 -0.625550
-0.346678 -0.829252 -0.438356
-0.422263 -0.843585 -0.331751
-0.444046 -0.640594 -0.626468
-0.560271 -0.758621 -0.332552
-0.572789 -0.527536 -0.627391
-0.716666 -0.612586 -0.333359
-0.685493 -0.369707 -0.627229
-0.845379 -0.417493 -0.333217
-0.753852 -0.196674 -0.626918
-0.919889 -0.207246 -0.332945
-0.778511 -0.013152 -0.627493
-0.942563 0.019655 -0.333449
-0.751137 0.200332 -0.629016
-0.898053 0.285339 -0.334787
-0.655866 0.418710 -0.628110
-0.772627 0.539905 -0.333990
-0.514341 0.584138 -0.627882
-0.593932 0.732003 -0.333790
-0.339051 0.700759 -0.627680
-0.377191 0.863961 -0.333613
-0.160936 0.762760 -0.626336
-0.168000 0.928042 -0.332437
-0.016496 0.779753 -0.625869
0.003055 0.943264 -0.332029
0.125850 0.769036 -0.626694
0.181860 0.925313 -0.332749
0.298898 0.718882 -0.627589
0.395077 0.855961 -0.333533
0.478985 0.613208 -0.628132
0.610807 0.717881 -0.334010
0.628304 0.459849 -0.627513
0.781309 0.527595 -0.333466
0.720180 0.298235 -0.626415
0.881621 0.334939 -0.332506
0.754991 0.199360 -0.624695
0.943351 0.249098 -0.219178
-0.074034 0.777351 -0.624695
-0.074033 0.777351 -0.624695
-0.085215 0.894753 -0.438356
-0.092504 0.971290 -0.219178
-0.763536 -0.163613 -0.624695
-0.878851 -0.188322 -0.438356
-0.763536 -0.163613 -0.624695
-0.891550 -0.419627 0.170445
-0.808427 -0.528599 0.258898
-0.628505 -0.733320 0.259274
-0.399914 -0.879236 0.258869
-0.179672 -0.949290 0.258005
-0.015197 -0.966238 0.257203
0.105565 -0.960607 0.257079
0.230812 -0.938360 0.257305
0.379106 -0.888771 0.257615
0.540066 -0.801137 0.257892
0.692703 -0.673496 0.258002
0.813295 -0.521635 0.257775
0.897334 -0.358274 0.257742
0.949077 -0.181093 0.257794
0.966242 -0.008014 0.257511
0.953799 0.154727 0.257542
0.908800 0.328003 0.257868
0.826146 0.500998 0.257843
0.716691 0.648043 0.257670
0.589479 0.765608 0.257604
0.456244 0.851823 0.257369
0.346917 0.902011 0.256953
0.273403 0.926990 0.256790
0.246238 0.934606 0.256668
0.289177 0.922162 0.256893
0.409332 0.875258 0.257624
0.605891 0.752073 0.259389
0.798045 0.544011 0.259185
0.923098 0.283732 0.259590
0.965807 -0.003030 0.259245
0.918268 -0.298677 0.259954
0.773327 -0.578298 0.259878
0.567823 -0.781354 0.258965
0.351831 -0.899706 0.258349
0.157285 -0.953343 0.257679
-0.000856 -0.966329 0.257309
-0.161619 -0.952607 0.257721
-0.368442 -0.892939 0.258669
-0.605178 -0.752565 0.259626
-0.798002 -0.544162 0.259001
-0.906333 -0.334634 0.258033
-0.910951 -0.232298 0.340891
0.038164 -0.984628 0.170446
0.036411 -0.939398 0.340891
0.973968 0.149445 0.170445
0.925256 0.277267 0.258889
0.811737 0.523339 0.259227
0.625000 0.736287 0.259338
0.392596 0.882511 0.258928
0.172985 0.950551 0.257932
0.011596 0.966290 0.257196
-0.111153 0.959967 0.257115
-0.238759 0.936369 0.257309
-0.382814 0.887206 0.257523
-0.535838 0.804009 0.257773
-0.684690 0.681656 0.257961
-0.806973 0.531348 0.257807
-0.894175 0.366056 0.257785
-0.948237 0.185366 0.257848
-0.965829 -0.021530 0.258285
-0.926615 -0.272326 0.259275
-0.810488 -0.525326 0.259116
-0.639885 -0.723620 0.258691
-0.464116 -0.847448 0.257737
-0.328329 -0.908897 0.257113
-0.254951 -0.932254 0.256715
-0.244147 -0.935153 0.256675
-0.266701 -0.928965 0.256700
-0.273871 -0.899327 0.340891
-0.380067 -0.909119 0.170445
-0.436508 -0.862132 0.257274
-0.579117 -0.773368 0.257926
-0.739403 -0.621625 0.258585
-0.869518 -0.420872 0.258469
-0.944007 -0.205329 0.258247
-0.965558 0.028189 0.258658
-0.917251 0.301962 0.259749
-0.786571 0.560512 0.259099
-0.601878 0.755444 0.258936
-0.378845 0.888540 0.258791
-0.166047 0.951814 0.257833
0.008333 0.966242 0.257501
0.192981 0.946652 0.258087
0.412227 0.873573 0.258727
0.632668 0.729788 0.259115
0.805032 0.533865 0.258672
0.905409 0.337234 0.257889
0.908948 0.240013 0.340891
-0.093422 0.980928 0.170445
-0.089130 0.935868 0.340891
-0.977803 -0.209526 0.000000
-0.963495 -0.206460 0.170445
-0.785577 -0.369749 0.496139
-0.704480 -0.504466 0.499221
-0.532965 -0.682795 0.499740
-0.325258 -0.803135 0.499182
-0.133261 -0.856882 0.497990
0.004337 -0.867808 0.496881
0.110463 -0.860859 0.496709
0.226250 -0.837724 0.497021
0.362230 -0.788246 0.497451
0.507085 -0.703581 0.497833
0.641205 -0.583837 0.497986
0.743730 -0.446306 0.497671
0.814651 -0.297846 0.497626
0.856481 -0.136883 0.497698
0.867438 0.015373 0.497307
0.852377 0.161545 0.497350
0.806251 0.319613 0.497801
0.727438 0.472295 0.497767
0.626663 0.599801 0.497527
0.510197 0.701610 0.497436
0.391421 0.774384 0.497111
0.299302 0.814783 0.496535
0.237327 0.835077 0.496309
0.221720 0.839456 0.496140
0.270837 0.824732 0.496451
0.389114 0.775320 0.497463
0.574311 0.648282 0.499897
0.736990 0.455225 0.499616
0.839073 0.213970 0.500174
0.865173 -0.042154 0.499699
0.808322 -0.309745 0.500674
0.666034 -0.553018 0.500569
0.478754 -0.722135 0.499314
0.285842 -0.818430 0.498465
0.116764 -0.859547 0.497540
-0.020450 -0.867494 0.497028
-0.169887 -0.850609 0.497597
-0.362427 -0.787235 0.498906
-0.574908 -0.647501 0.500223
-0.736278 -0.456653 0.499363
-0.822982 -0.273256 0.498029
-0.841319 -0.214542 0.496139
0.033628 -0.867592 0.496139
0.033628 -0.867592 0.496139
0.858199 0.131681 0.496139
0.818764 0.283578 0.499209
0.705979 0.501915 0.499674
0.529301 0.685575 0.499826
0.318109 0.805943 0.499263
0.128017 0.857740 0.497888
-0.007452 0.867792 0.496871
-0.116128 0.860084 0.496759
-0.233406 0.835755 0.497027
-0.364450 0.787303 0.497323
-0.502307 0.707116 0.497670
-0.633972 0.591732 0.497929
-0.738500 0.454858 0.497717
-0.812179 0.304424 0.497686
-0.855914 0.140123 0.497773
-0.865486 -0.050545 0.498376
-0.818972 -0.282036 0.499741
-0.705331 -0.502977 0.499522
-0.547445 -0.671838 0.498936
-0.394185 -0.772653 0.497620
-0.279403 -0.821686 0.496755
-0.223885 -0.838843 0.496204
-0.221296 -0.839562 0.496148
-0.243824 -0.833277 0.496184
-0.252936 -0.830584 0.496139
-0.334891 -0.801058 0.496139
-0.408947 -0.765359 0.496978
-0.541627 -0.677314 0.497881
-0.684800 -0.531280 0.498790
-0.794024 -0.347698 0.498630
-0.853208 -0.153979 0.498324
-0.864591 0.059916 0.498891
-0.807879 0.311352 0.500392
-0.682590 0.533453 0.499498
-0.510475 0.700100 0.499274
-0.306645 0.810489 0.499075
-0.122859 0.858574 0.497752
0.029904 0.867067 0.497293
0.201790 0.843311 0.498104
0.401407 0.768040 0.498985
0.595942 0.628755 0.499520
0.740907 0.449606 0.498910
0.821808 0.277122 0.497829
0.839470 0.221667 0.496139
-0.082317 0.864332 0.496139
-0.082317 0.864332 0.496139
-0.848971 -0.181920 0.496139
-0.848971 -0.181920 0.496139
-0.848971 -0.181920 0.496139
0.000000 0.000000 1.000000
0.000000 0.000000 -1.000000
684
0 0 1 2 0 1 2 1
0 1 3 2 1 3 2 1
0 1 4 3 1 4 3 1
0 4 5 3 4 5 3 1
0 4 6 5 4 6 5 1
0 6 7 5 6 7 5 1
0 6 8 7 6 8 7 1
0 8 9 7 8 9 7 1
0 8 10 9 8 10 9 1
0 10 11 9 10 11 9 1
0 10 12 11 10 12 11 1
0 12 13 11 12 13 11 1
0 12 14 13 12 14 13 1
0 14 15 13 14 15 13 1
0 14 16 15 14 16 15 1
0 16 17 15 16 17 15 1
0 16 18 17 16 18 17 1
0 18 19 17 18 19 17 1
0 18 20 19 18 20 19 1
0 20 21 19 20 21 19 1
0 20 22 21 20 22 21 1
0 22 23 21 22 23 21 1
0 22 24 23 22 24 23 1
0 24 25 23 24 25 23 1
0 24 26 25 24 26 25 1
0 26 27 25 26 27 25 1
0 26 28 27 26 28 27 1
0 28 29 27 28 29 27 1
0 28 30 29 28 30 29 1
0 30 31 29 30 31 29 1
0 30 32 31 30 32 31 1
0 32 33 31 32 33 31 1
0 32 34 33 32 34 33 1
0 34 35 33 34 35 33 1
0 34 36 35 34 36 35 1
0 36 37 35 36 37 35 1
0 36 38 37 36 38 37 1
0 38 39 37 38 39 37 1
0 38 40 39 38 40 39 1
0 40 41 39 40 41 39 1
0 40 42 41 40 42 41 1
0 42 43 41 42 43 41 1
0 42 44 43 42 44 43 1
0 44 45 43 44 45 43 1
0 44 46 45 44 46 45 1
0 46 47 45 46 47 45 1
0 46 48 47 46 48 47 1
0 48 49 47 48 49 47 1
0 48 50 49 48 50 49 1
0 50 51 49 50 51 49 1
0 50 52 51 50 52 51 1
0 52 53 51 52 53 51 1
0 52 54 53 52 54 53 1
0 54 55 53 54 55 53 1
0 54 56 55 54 56 55 1
0 56 57 55 56 57 55 1
0 56 58 57 56 58 57 1
0 58 59 57 58 59 57 1
0 58 60 59 58 60 59 1
0 60 61 59 60 61 59 1
0 60 62 61 60 62 61 1
0 62 63 61 62 63 61 1
0 62 64 63 62 64 63 1
0 64 65 63 64 65 63 1
0 64 66 65 64 66 65 1
0 66 67 65 66 67 65 1
0 66 68 67 66 68 67 1
0 68 69 67 68 69 67 1
0 68 70 69 68 70 69 1
0 70 71 69 70 71 69 1
0 70 72 71 70 72 71 1
0 72 73 71 72 73 71 1
0 72 74 73 72 74 73 1
0 74 75 73 74 75 73 1
0 74 76 75 74 76 75 1
0 76 77 75 76 77 75 1
0 76 78 77 76 78 77 1
0 78 79 77 78 79 77 1
0 78 80 79 78 80 79 1
0 80 81 79 80 81 79 1
0 80 82 81 80 82 81 1
0 82 83 81 82 83 81 1
0 82 84 83 84 85 86 2
0 84 85 83 85 87 86 2
0 84 86 85 88 89 90 3
0 86 87 85 89 91 90 3
0 86 88 87 89 92 91 3
0 88 89 87 92 93 91 3
0 88 90 89 92 94 93 3
0 90 91 89 94 95 93 3
0 90 92 91 94 96 95 3
0 92 93 91 96 97 95 3
0 92 94 93 96 98 97 3
0 94 95 93 98 99 97 3
0 94 96 95 98 100 99 3
0 96 97 95 100 101 99 3
0 96 98 97 100 102 101 3
0 98 99 97 102 103 101 3
0 98 100 99 102 104 103 3
0 100 101 99 104 105 103 3
0 100 102 101 104 106 105 3
0 102 103 101 106 107 105 3
0 102 104 103 106 108 107 3
0 104 105 103 108 109 107 3
0 104 106 105 108 110 109 3
0 106 107 105 110 111 109 3
0 106 108 107 110 112 111 3
0 108 109 107 112 113 111 3
0 108 110 109 112 114 113 3
0 110 111 109 114 115 113 3
0 110 112 111 114 116 115 3
0 112 113 111 116 117 115 3
0 112 114 113 116 118 117 3
0 114 115 113 118 119 117 3
0 114 116 115 118 120 119 3
0 116 117 115 120 121 119 3
0 116 118 117 120 122 121 3
0 118 119 117 122 123 121 3
0 118 120 119 122 124 123 3
0 120 121 119 124 125 123 3
0 120 122 121 124 126 125 3
0 122 123 121 126 127 125 3
0 122 124 123 126 128 127 3
0 124 125 123 128 129 127 3
0 124 126 125 128 130 129 3
0 126 127 125 130 131 129 3
0 126 128 127 130 132 131 3
0 128 129 127 132 133 131 3
0 128 130 129 132 134 133 3
0 130 131 129 134 135 133 3
0 130 132 131 134 136 135 3
0 132 133 131 136 137 135 3
0 132 134 133 138 139 140 4
0 134 135 133 139 141 140 4
0 134 136 135 139 142 141 4
0 136 137 135 142 143 141 4
0 136 138 137 142 144 143 4
0 138 139 137 144 145 143 4
0 138 140 139 144 146 145 4
0 140 141 139 146 147 145 4
0 140 142 141 146 148 147 4
0 142 143 141 148 149 147 4
0 142 144 143 148 150 149 4
0 144 145 143 150 151 149 4
0 144 146 145 150 152 151 4
0 146 147 145 152 153 151 4
0 146 148 147 152 154 153 4
0 148 149 147 154 155 153 4
0 148 150 149 154 156 155 4
0 150 151 149 156 157 155 4
0 150 152 151 156 158 157 4
0 152 153 151 158 159 157 4
0 152 154 153 158 160 159 4
0 154 155 153 160 161 159 4
0 154 156 155 160 162 161 4
0 156 157 155 162 163 161 4
0 156 158 157 162 164 163 4
0 158 159 157 164 165 163 4
0 158 160 159 164 166 165 4
0 160 161 159 166 167 165 4
0 160 162 161 166 168 167 4
0 162 163 161 168 169 167 4
0 162 164 163 168 170 169 4
0 164 165 163 170 171 169 4
0 164 166 165 170 172 171 4
0 166 167 165 172 173 171 4
0 166 168 167 172 174 173 4
0 168 169 167 174 175 173 4
0 168 170 169 176 177 178 5
0 170 171 169 177 179 178 5
0 170 172 171 180 180 181 2
0 172 173 171 182 182 181 2
0 2 3 174 2 3 183 1
0 3 175 174 3 184 183 1
0 3 5 175 3 5 184 1
0 5 176 175 5 185 184 1
0 5 7 176 5 7 185 1
0 7 177 176 7 186 185 1
0 7 9 177 7 9 186 1
0 9 178 177 9 187 186 1
0 9 11 178 9 11 187 1
0 11 179 178 11 188 187 1
0 11 13 179 11 13 188 1
0 13 180 179 13 189 188 1
0 13 15 180 13 15 189 1
0 15 181 180 15 190 189 1
0 15 17 181 15 17 190 1
0 17 182 181 17 191 190 1
0 17 19 182 17 19 191 1
0 19 183 182 19 192 191 1
0 19 21 183 19 21 192 1
0 21 184 183 21 193 192 1
0 21 23 184 21 23 193 1
0 23 185 184 23 194 193 1
0 23 25 185 23 25 194 1
0 25 186 185 25 195 194 1
0 25 27 186 25 27 195 1
0 27 187 186 27 196 195 1
0 27 29 187 27 29 196 1
0 29 188 187 29 197 196 1
0 29 31 188 29 31 197 1
0 31 189 188 31 198 197 1
0 31 33 189 31 33 198 1
0 33 190 189 33 199 198 1
0 33 35 190 33 35 199 1
0 35 191 190 35 200 199 1
0 35 37 191 35 37 200 1
0 37 192 191 37 201 200 1
0 37 39 192 37 39 201 1
0 39 193 192 39 202 201 1
0 39 41 193 39 41 202 1
0 41 194 193 41 203 202 1
0 41 43 194 41 43 203 1
0 43 195 194 43 204 203 1
0 43 45 195 43 45 204 1
0 45 196 195 45 205 204 1
0 45 47 196 45 47 205 1
0 47 197 196 47 206 205 1
0 47 49 197 47 49 206 1
0 49 198 197 49 207 206 1
0 49 51 198 49 51 207 1
0 51 199 198 51 208 207 1
0 51 53 199 51 53 208 1
0 53 200 199 53 209 208 1
0 53 55 200 53 55 209 1
0 55 201 200 55 210 209 1
0 55 57 201 55 57 210 1
0 57 202 201 57 211 210 1
0 57 59 202 57 59 211 1
0 59 203 202 59 212 211 1
0 59 61 203 59 61 212 1
0 61 204 203 61 213 212 1
0 61 63 204 61 63 213 1
0 63 205 204 63 214 213 1
0 63 65 205 63 65 214 1
0 65 206 205 65 215 214 1
0 65 67 206 65 67 215 1
0 67 207 206 67 216 215 1
0 67 69 207 67 69 216 1
0 69 208 207 69 217 216 1
0 69 71 208 69 71 217 1
0 71 209 208 71 218 217 1
0 71 73 209 71 73 218 1
0 73 210 209 73 219 218 1
0 73 75 210 73 75 219 1
0 75 211 210 75 220 219 1
0 75 77 211 75 77 220 1
0 77 212 211 77 221 220 1
0 77 79 212 77 79 221 1
0 79 213 212 79 222 221 1
0 79 81 213 79 81 222 1
0 81 214 213 81 223 222 1
0 81 83 214 81 83 223 1
0 83 215 214 83 224 223 1
0 83 85 215 86 87 225 2
0 85 216 215 87 226 225 2
0 85 87 216 90 91 227 3
0 87 217 216 91 228 227 3
0 87 89 217 91 93 228 3
0 89 218 217 93 229 228 3
0 89 91 218 93 95 229 3
0 91 219 218 95 230 229 3
0 91 93 219 95 97 230 3
0 93 220 219 97 231 230 3
0 93 95 220 97 99 231 3
0 95 221 220 99 232 231 3
0 95 97 221 99 101 232 3
0 97 222 221 101 233 232 3
0 97 99 222 101 103 233 3
0 99 223 222 103 234 233 3
0 99 101 223 103 105 234 3
0 101 224 223 105 235 234 3
0 101 103 224 105 107 235 3
0 103 225 224 107 236 235 3
0 103 105 225 107 109 236 3
0 105 226 225 109 237 236 3
0 105 107 226 109 111 237 3
0 107 227 226 111 238 237 3
0 107 109 227 111 113 238 3
0 109 228 227 113 239 238 3
0 109 111 228 113 115 239 3
0 111 229 228 115 240 239 3
0 111 113 229 115 117 240 3
0 113 230 229 117 241 240 3
0 113 115 230 117 119 241 3
0 115 231 230 119 242 241 3
0 115 117 231 119 121 242 3
0 117 232 231 121 243 242 3
0 117 119 232 121 123 243 3
0 119 233 232 123 244 243 3
0 119 121 233 123 125 244 3
0 121 234 233 125 245 244 3
0 121 123 234 125 127 245 3
0 123 235 234 127 246 245 3
0 123 125 235 127 129 246 3
0 125 236 235 129 247 246 3
0 125 127 236 129 131 247 3
0 127 237 236 131 248 247 3
0 127 129 237 131 133 248 3
0 129 238 237 133 249 248 3
0 129 131 238 133 135 249 3
0 131 239 238 135 250 249 3
0 131 133 239 135 137 250 3
0 133 240 239 137 251 250 3
0 133 135 240 140 141 252 4
0 135 241 240 141 253 252 4
0 135 137 241 141 143 253 4
0 137 242 241 143 254 253 4
0 137 139 242 143 145 254 4
0 139 243 242 145 255 254 4
0 139 141 243 145 147 255 4
0 141 244 243 147 256 255 4
0 141 143 244 147 149 256 4
0 143 245 244 149 257 256 4
0 143 145 245 149 151 257 4
0 145 246 245 151 258 257 4
0 145 147 246 151 153 258 4
0 147 247 246 153 259 258 4
0 147 149 247 153 155 259 4
0 149 248 247 155 260 259 4
0 149 151 248 155 157 260 4
0 151 249 248 157 261 260 4
0 151 153 249 157 159 261 4
0 153 250 249 159 262 261 4
0 153 155 250 159 161 262 4
0 155 251 250 161 263 262 4
0 155 157 251 161 163 263 4
0 157 252 251 163 264 263 4
0 157 159 252 163 165 264 4
0 159 253 252 165 265 264 4
0 159 161 253 165 167 265 4
0 161 254 253 167 266 265 4
0 161 163 254 167 169 266 4
0 163 255 254 169 267 266 4
0 163 165 255 169 171 267 4
0 165 256 255 171 268 267 4
0 165 167 256 171 173 268 4
0 167 257 256 173 269 268 4
0 167 169 257 173 175 269 4
0 169 258 257 175 270 269 4
0 169 171 258 178 179 271 5
0 171 259 258 179 272 271 5
0 171 173 259 181 273 274 2
0 173 260 259 273 273 274 2
0 174 175 261 183 184 275 1
0 175 262 261 184 276 275 1
0 175 176 262 184 185 276 1
0 176 263 262 185 277 276 1
0 176 177 263 185 186 277 1
0 177 264 263 186 278 277 1
0 177 178 264 186 187 278 1
0 178 265 264 187 279 278 1
0 178 179 265 187 188 279 1
0 179 266 265 188 280 279 1
0 179 180 266 188 189 280 1
0 180 267 266 189 281 280 1
0 180 181 267 189 190 281 1
0 181 268 267 190 282 281 1
0 181 182 268 190 191 282 1
0 182 269 268 191 283 282 1
0 182 183 269 191 192 283 1
0 183 270 269 192 284 283 1
0 183 184 270 192 193 284 1
0 184 271 270 193 285 284 1
0 184 185 271 193 194 285 1
0 185 272 271 194 286 285 1
0 185 186 272 194 195 286 1
0 186 273 272 195 287 286 1
0 186 187 273 195 196 287 1
0 187 274 273 196 288 287 1
0 187 188 274 196 197 288 1
0 188 275 274 197 289 288 1
0 188 189 275 197 198 289 1
0 189 276 275 198 290 289 1
0 189 190 276 198 199 290 1
0 190 277 276 199 291 290 1
0 190 191 277 199 200 291 1
0 191 278 277 200 292 291 1
0 191 192 278 200 201 292 1
0 192 279 278 201 293 292 1
0 192 193 279 201 202 293 1
0 193 280 279 202 294 293 1
0 193 194 280 202 203 294 1
0 194 281 280 203 295 294 1
0 194 195 281 203 204 295 1
0 195 282 281 204 296 295 1
0 195 196 282 204 205 296 1
0 196 283 282 205 297 296 1
0 196 197 283 205 206 297 1
0 197 284 283 206 298 297 1
0 197 198 284 206 207 298 1
0 198 285 284 207 299 298 1
0 198 199 285 207 208 299 1
0 199 286 285 208 300 299 1
0 199 200 286 208 209 300 1
0 200 287 286 209 301 300 1
0 200 201 287 209 210 301 1
0 201 288 287 210 302 301 1
0 201 202 288 210 211 302 1
0 202 289 288 211 303 302 1
0 202 203 289 211 212 303 1
0 203 290 289 212 304 303 1
0 203 204 290 212 213 304 1
0 204 291 290 213 305 304 1
0 204 205 291 213 214 305 1
0 205 292 291 214 306 305 1
0 205 206 292 214 215 306 1
0 206 293 292 215 307 306 1
0 206 207 293 215 216 307 1
0 207 294 293 216 308 307 1
0 207 208 294 216 217 308 1
0 208 295 294 217 309 308 1
0 208 209 295 217 218 309 1
0 209 296 295 218 310 309 1
0 209 210 296 218 219 310 1
0 210 297 296 219 311 310 1
0 210 211 297 219 220 311 1
0 211 298 297 220 312 311 1
0 211 212 298 220 221 312 1
0 212 299 298 221 313 312 1
0 212 213 299 221 222 313 1
0 213 300 299 222 314 313 1
0 213 214 300 222 223 314 1
0 214 301 300 223 315 314 1
0 214 215 301 223 224 315 1
0 215 302 301 224 316 315 1
0 215 216 302 225 226 317 2
0 216 303 302 226 318 317 2
0 216 217 303 227 228 319 3
0 217 304 303 228 320 319 3
0 217 218 304 228 229 320 3
0 218 305 304 229 321 320 3
0 218 219 305 229 230 321 3
0 219 306 305 230 322 321 3
0 219 220 306 230 231 322 3
0 220 307 306 231 323 322 3
0 220 221 307 231 232 323 3
0 221 308 307 232 324 323 3
0 221 222 308 232 233 324 3
0 222 309 308 233 325 324 3
0 222 223 309 233 234 325 3
0 223 310 309 234 326 325 3
0 223 224 310 234 235 326 3
0 224 311 310 235 327 326 3
0 224 225 311 235 236 327 3
0 225 312 311 236 328 327 3
0 225 226 312 236 237 328 3
0 226 313 312 237 329 328 3
0 226 227 313 237 238 329 3
0 227 314 313 238 330 329 3
0 227 228 314 238 239 330 3
0 228 315 314 239 331 330 3
0 228 229 315 239 240 331 3
0 229 316 315 240 332 331 3
0 229 230 316 240 241 332 3
0 230 317 316 241 333 332 3
0 230 231 317 241 242 333 3
0 231 318 317 242 334 333 3
0 231 232 318 242 243 334 3
0 232 319 318 243 335 334 3
0 232 233 319 243 244 335 3
0 233 320 319 244 336 335 3
0 233 234 320 244 245 336 3
0 234 321 320 245 337 336 3
0 234 235 321 245 246 337 3
0 235 322 321 246 338 337 3
0 235 236 322 246 247 338 3
0 236 323 322 247 339 338 3
0 236 237 323 247 248 339 3
0 237 324 323 248 340 339 3
0 237 238 324 248 249 340 3
0 238 325 324 249 341 340 3
0 238 239 325 249 250 341 3
0 239 326 325 250 342 341 3
0 239 240 326 250 251 342 3
0 240 327 326 251 343 342 3
0 240 241 327 252 253 344 4
0 241 328 327 253 345 344 4
0 241 242 328 253 254 345 4
0 242 329 328 254 346 345 4
0 242 243 329 254 255 346 4
0 243 330 329 255 347 346 4
0 243 244 330 255 256 347 4
0 244 331 330 256 348 347 4
0 244 245 331 256 257 348 4
0 245 332 331 257 349 348 4
0 245 246 332 257 258 349 4
0 246 333 332 258 350 349 4
0 246 247 333 258 259 350 4
0 247 334 333 259 351 350 4
0 247 248 334 259 260 351 4
0 248 335 334 260 352 351 4
0 248 249 335 260 261 352 4
0 249 336 335 261 353 352 4
0 249 250 336 261 262 353 4
0 250 337 336 262 354 353 4
0 250 251 337 262 263 354 4
0 251 338 337 263 355 354 4
0 251 252 338 263 264 355 4
0 252 339 338 264 356 355 4
0 252 253 339 264 265 356 4
0 253 340 339 265 357 356 4
0 253 254 340 265 266 357 4
0 254 341 340 266 358 357 4
0 254 255 341 266 267 358 4
0 255 342 341 267 359 358 4
0 255 256 342 267 268 359 4
0 256 343 342 268 360 359 4
0 256 257 343 268 269 360 4
0 257 344 343 269 361 360 4
0 257 258 344 269 270 361 4
0 258 345 344 270 362 361 4
0 258 259 345 271 272 363 5
0 259 346 345 272 364 363 5
0 259 260 346 274 365 366 2
0 260 347 346 367 367 366 2
0 348 349 350 368 368 368 11
0 351 348 350 368 368 368 11
0 351 350 352 368 368 368 11
0 353 351 352 368 368 368 11
0 353 352 354 368 368 368 11
0 355 353 354 368 368 368 11
0 355 354 356 368 368 368 11
0 357 355 356 368 368 368 11
0 357 356 358 368 368 368 11
0 359 357 358 368 368 368 11
0 359 358 360 368 368 368 11
0 361 359 360 368 368 368 11
0 362 363 364 368 368 368 11
0 365 362 364 368 368 368 11
0 365 364 366 368 368 368 11
0 367 365 366 368 368 368 11
0 367 366 368 368 368 368 11
0 367 368 369 368 368 368 11
0 370 367 369 368 368 368 11
0 370 369 371 368 368 368 11
0 372 370 371 368 368 368 11
0 373 372 371 368 368 368 11
0 373 371 374 368 368 368 11
0 375 373 374 368 368 368 11
0 361 360 376 368 368 368 11
0 377 361 376 368 368 368 11
0 375 374 378 368 368 368 11
0 379 375 378 368 368 368 11
0 379 378 380 368 368 368 11
0 381 379 380 368 368 368 11
0 381 380 382 368 368 368 11
0 383 381 382 368 368 368 11
0 383 382 384 368 368 368 11
0 377 376 385 368 368 368 11
0 386 377 385 368 368 368 11
0 386 385 387 368 368 368 11
0 388 386 387 368 368 368 11
0 388 387 389 368 368 368 11
0 383 384 390 368 368 368 11
0 391 383 390 368 368 368 11
0 391 390 392 368 368 368 11
0 388 389 393 368 368 368 11
0 394 388 393 368 368 368 11
0 394 393 395 368 368 368 11
0 394 395 396 368 368 368 11
0 397 394 396 368 368 368 11
0 397 396 398 368 368 368 11
0 399 397 398 368 368 368 11
0 399 398 400 368 368 368 11
0 399 400 401 368 368 368 11
0 402 399 401 368 368 368 11
0 402 401 403 368 368 368 11
0 404 402 403 368 368 368 11
0 404 403 405 368 368 368 11
0 404 405 406 368 368 368 11
0 407 404 406 368 368 368 11
0 407 406 408 368 368 368 11
0 409 407 408 368 368 368 11
0 409 408 410 368 368 368 11
0 411 409 410 368 368 368 11
0 411 410 412 368 368 368 11
0 413 411 412 368 368 368 11
0 413 412 414 368 368 368 11
0 415 413 414 368 368 368 11
0 416 415 414 368 368 368 11
0 416 414 417 368 368 368 11
0 418 416 417 368 368 368 11
0 418 417 419 368 368 368 11
0 420 418 419 368 368 368 11
0 420 419 421 368 368 368 11
0 422 420 421 368 368 368 11
0 422 421 423 368 368 368 11
0 424 422 423 368 368 368 11
0 425 424 423 368 368 368 11
0 425 423 426 368 368 368 11
0 427 425 426 368 368 368 11
0 427 426 428 368 368 368 11
0 429 427 428 368 368 368 11
0 429 428 430 368 368 368 11
0 431 429 430 368 368 368 11
0 432 431 430 368 368 368 11
0 432 430 433 368 368 368 11
0 392 432 433 368 368 368 11
0 391 392 433 368 368 368 11
0 434 435 436 369 369 369 11
0 437 435 434 369 369 369 11
0 437 438 435 369 369 369 11
0 439 438 437 369 369 369 11
0 439 440 438 369 369 369 11
0 441 440 439 369 369 369 11
0 441 442 440 369 369 369 11
0 443 442 441 369 369 369 11
0 443 444 442 369 369 369 11
0 445 444 443 369 369 369 11
0 445 446 444 369 369 369 11
0 447 446 445 369 369 369 11
0 448 449 450 369 369 369 11
0 451 449 448 369 369 369 11
0 451 452 449 369 369 369 11
0 453 452 451 369 369 369 11
0 453 454 452 369 369 369 11
0 453 455 454 369 369 369 11
0 456 455 453 369 369 369 11
0 456 457 455 369 369 369 11
0 458 457 456 369 369 369 11
0 459 457 458 369 369 369 11
0 459 460 457 369 369 369 11
0 461 460 459 369 369 369 11
0 447 462 446 369 369 369 11
0 463 462 447 369 369 369 11
0 461 464 460 369 369 369 11
0 465 464 461 369 369 369 11
0 465 466 464 369 369 369 11
0 467 466 465 369 369 369 11
0 467 468 466 369 369 369 11
0 469 468 467 369 369 369 11
0 469 470 468 369 369 369 11
0 463 471 462 369 369 369 11
0 472 471 463 369 369 369 11
0 472 473 471 369 369 369 11
0 474 473 472 369 369 369 11
0 474 475 473 369 369 369 11
0 469 476 470 369 369 369 11
0 477 476 469 369 369 369 11
0 477 478 476 369 369 369 11
0 474 479 475 369 369 369 11
0 480 479 474 369 369 369 11
0 480 481 479 369 369 369 11
0 480 482 481 369 369 369 11
0 483 482 480 369 369 369 11
0 483 484 482 369 369 369 11
0 485 484 483 369 369 369 11
0 485 486 484 369 369 369 11
0 485 487 486 369 369 369 11
0 488 487 485 369 369 369 11
0 488 489 487 369 369 369 11
0 490 489 488 369 369 369 11
0 490 491 489 369 369 369 11
0 490 492 491 369 369 369 11
0 493 492 490 369 369 369 11
0 493 494 492 369 369 369 11
0 495 494 493 369 369 369 11
0 495 496 494 369 369 369 11
0 497 496 495 369 369 369 11
0 497 498 496 369 369 369 11
0 499 498 497 369 369 369 11
0 499 500 498 369 369 369 11
0 501 500 499 369 369 369 11
0 502 500 501 369 369 369 11
0 502 503 500 369 369 369 11
0 504 503 502 369 369 369 11
0 504 505 503 369 369 369 11
0 506 505 504 369 369 369 11
0 506 507 505 369 369 369 11
0 508 507 506 369 369 369 11
0 508 509 507 369 369 369 11
0 510 509 508 369 369 369 11
0 511 509 510 369 369 369 11
0 511 512 509 369 369 369 11
0 513 512 511 369 369 369 11
0 513 514 512 369 369 369 11
0 515 514 513 369 369 369 11
0 515 516 514 369 369 369 11
0 517 516 515 369 369 369 11
0 518 516 517 369 369 369 11
0 518 519 516 369 369 369 11
0 478 519 518 369 369 369 11
0 477 519 478 369 369 369 11

Materials: 1
"1 - Default"
1 1 1 1
1 1 1 1
1 1 1 1
0 0 0 1
13
1.000000
"silver sphere.png"
""

Bones: 0
