// MilkShape 3D ASCII

Frames: 30
Frame: 1

Meshes: 1
"Text01" 0 0
40
0 -15.508773 -5.515572 -9.735778 0.320705 0.613893 -1
0 -19.357208 -27.943697 -9.735778 0.278462 0.872714 -1
0 -21.955288 -7.606766 -4.735778 0.249945 0.638025 -1
0 -27.327599 -38.915813 -4.735778 0.190975 0.999333 -1
0 0.814664 -17.332760 -9.735778 0.499880 0.750264 -1
0 0.814664 -24.112238 -4.735778 0.499880 0.828499 -1
0 20.986540 -27.943697 -9.735778 0.721298 0.872714 -1
0 28.984516 -38.930321 -4.735778 0.809088 0.999500 -1
0 17.091230 -5.515572 -9.735778 0.678541 0.613893 -1
0 23.544249 -7.606764 -4.735778 0.749372 0.638026 -1
0 33.414665 10.378178 -9.735778 0.857715 0.430479 -1
0 46.331745 14.580891 -4.735778 0.999500 0.381979 -1
0 10.877164 13.621929 -9.735778 0.610332 0.393046 -1
0 14.862618 19.110142 -4.735778 0.654078 0.329711 -1
0 0.814664 34.056301 -9.735778 0.499880 0.157232 -1
0 0.814664 47.637959 -4.735778 0.499880 0.000499 -1
0 -9.247836 13.621929 -9.735778 0.389429 0.393046 -1
0 -13.233291 19.110142 -4.735778 0.345682 0.329711 -1
0 -31.785334 10.378178 -9.735778 0.142045 0.430479 -1
0 -44.680569 14.584034 -4.735778 0.000500 0.381943 -1
0 -21.955288 -7.606766 5.264222 0.249945 0.638025 -1
0 -27.327599 -38.915813 5.264222 0.190975 0.999333 -1
0 0.814664 -24.112238 5.264222 0.499880 0.828499 -1
0 28.984516 -38.930321 5.264222 0.809088 0.999500 -1
0 23.544249 -7.606764 5.264222 0.749372 0.638026 -1
0 46.331745 14.580891 5.264222 0.999500 0.381979 -1
0 14.862618 19.110142 5.264222 0.654078 0.329711 -1
0 0.814664 47.637959 5.264222 0.499880 0.000499 -1
0 -13.233291 19.110142 5.264222 0.345682 0.329711 -1
0 -44.680569 14.584034 5.264222 0.000500 0.381943 -1
0 -15.508773 -5.515572 10.264222 0.320705 0.613893 -1
0 -19.357208 -27.943697 10.264222 0.278462 0.872714 -1
0 0.814664 -17.332760 10.264222 0.499880 0.750264 -1
0 20.986540 -27.943697 10.264222 0.721298 0.872714 -1
0 17.091230 -5.515572 10.264222 0.678541 0.613893 -1
0 33.414665 10.378178 10.264222 0.857715 0.430479 -1
0 10.877164 13.621929 10.264222 0.610332 0.393046 -1
0 0.814664 34.056301 10.264222 0.499880 0.157232 -1
0 -9.247836 13.621929 10.264222 0.389429 0.393046 -1
0 -31.785334 10.378178 10.264222 0.142045 0.430479 -1
77
-0.630963 0.108267 -0.768221
-0.817376 0.140253 -0.558771
-0.946348 0.162384 -0.279386
0.298035 -0.566578 -0.768221
0.298035 -0.566578 -0.768221
0.386087 -0.733969 -0.558771
0.447007 -0.849781 -0.279386
-0.298035 -0.566578 -0.768221
-0.386087 -0.733969 -0.558771
-0.447007 -0.849781 -0.279386
0.630742 0.109547 -0.768221
0.630742 0.109547 -0.768221
0.817090 0.141912 -0.558771
0.946017 0.164304 -0.279386
0.446602 -0.458675 -0.768221
0.446602 -0.458675 -0.768221
0.578546 -0.594187 -0.558771
0.669834 -0.687943 -0.279386
0.091200 0.633655 -0.768221
0.091200 0.633655 -0.768221
0.118144 0.820863 -0.558771
0.136786 0.950386 -0.279386
0.574327 0.282816 -0.768221
0.574327 0.282816 -0.768221
0.744007 0.366371 -0.558772
0.861403 0.424181 -0.279386
-0.574327 0.282816 -0.768221
-0.744007 0.366371 -0.558772
-0.861403 0.424181 -0.279386
-0.091200 0.633655 -0.768221
-0.091200 0.633655 -0.768221
-0.118144 0.820863 -0.558772
-0.136786 0.950386 -0.279386
-0.447260 -0.458033 -0.768221
-0.447260 -0.458033 -0.768221
-0.579400 -0.593355 -0.558771
-0.670822 -0.686980 -0.279386
-0.946348 0.162384 0.279386
-0.817376 0.140253 0.558771
0.447007 -0.849781 0.279386
0.386087 -0.733969 0.558771
-0.447007 -0.849781 0.279386
-0.386087 -0.733969 0.558771
0.946017 0.164304 0.279386
0.817090 0.141912 0.558771
0.669834 -0.687943 0.279386
0.578546 -0.594187 0.558771
0.136786 0.950386 0.279386
0.118144 0.820863 0.558771
0.861403 0.424181 0.279386
0.744007 0.366371 0.558772
-0.861403 0.424181 0.279386
-0.744007 0.366371 0.558772
-0.136786 0.950386 0.279386
-0.118144 0.820863 0.558772
-0.670822 -0.686980 0.279386
-0.579400 -0.593355 0.558772
-0.630963 0.108267 0.768221
-0.630963 0.108267 0.768221
0.298035 -0.566578 0.768221
0.298035 -0.566578 0.768221
-0.298035 -0.566578 0.768221
-0.298035 -0.566578 0.768221
0.630742 0.109547 0.768221
0.630742 0.109547 0.768221
0.446602 -0.458675 0.768221
0.446602 -0.458675 0.768221
0.091200 0.633655 0.768221
0.091200 0.633655 0.768221
0.574327 0.282816 0.768221
-0.574327 0.282816 0.768221
-0.574327 0.282816 0.768221
-0.091200 0.633655 0.768221
-0.091200 0.633655 0.768221
-0.447260 -0.458033 0.768221
0.000000 0.000000 1.000000
0.000000 0.000000 -1.000000
76
0 0 1 2 0 0 1 2
0 1 3 2 0 2 1 2
0 1 4 3 3 4 5 3
0 4 5 3 4 6 5 3
0 4 6 5 7 7 8 4
0 6 7 5 7 9 8 4
0 6 8 7 10 11 12 5
0 8 9 7 11 13 12 5
0 8 10 9 14 15 16 2
0 10 11 9 15 17 16 2
0 10 12 11 18 19 20 3
0 12 13 11 19 21 20 3
0 12 14 13 22 23 24 4
0 14 15 13 23 25 24 4
0 14 16 15 26 26 27 5
0 16 17 15 26 28 27 5
0 16 18 17 29 30 31 2
0 18 19 17 30 32 31 2
0 18 0 19 33 34 35 3
0 0 2 19 34 36 35 3
0 2 3 20 1 2 37 2
0 3 21 20 2 38 37 2
0 3 5 21 5 6 39 3
0 5 22 21 6 40 39 3
0 5 7 22 8 9 41 4
0 7 23 22 9 42 41 4
0 7 9 23 12 13 43 5
0 9 24 23 13 44 43 5
0 9 11 24 16 17 45 2
0 11 25 24 17 46 45 2
0 11 13 25 20 21 47 3
0 13 26 25 21 48 47 3
0 13 15 26 24 25 49 4
0 15 27 26 25 50 49 4
0 15 17 27 27 28 51 5
0 17 28 27 28 52 51 5
0 17 19 28 31 32 53 2
0 19 29 28 32 54 53 2
0 19 2 29 35 36 55 3
0 2 20 29 36 56 55 3
0 20 21 30 37 38 57 2
0 21 31 30 38 58 57 2
0 21 22 31 39 40 59 3
0 22 32 31 40 60 59 3
0 22 23 32 41 42 61 4
0 23 33 32 42 62 61 4
0 23 24 33 43 44 63 5
0 24 34 33 44 64 63 5
0 24 25 34 45 46 65 2
0 25 35 34 46 66 65 2
0 25 26 35 47 48 67 3
0 26 36 35 48 68 67 3
0 26 27 36 49 50 69 4
0 27 37 36 50 69 69 4
0 27 28 37 51 52 70 5
0 28 38 37 52 71 70 5
0 28 29 38 53 54 72 2
0 29 39 38 54 73 72 2
0 29 20 39 55 56 74 3
0 20 30 39 56 74 74 3
0 32 33 34 75 75 75 11
0 34 35 36 75 75 75 11
0 36 37 38 75 75 75 11
0 38 39 30 75 75 75 11
0 30 31 32 75 75 75 11
0 38 30 32 75 75 75 11
0 36 38 32 75 75 75 11
0 34 36 32 75 75 75 11
0 4 8 6 76 76 76 11
0 8 12 10 76 76 76 11
0 12 16 14 76 76 76 11
0 16 0 18 76 76 76 11
0 0 4 1 76 76 76 11
0 16 4 0 76 76 76 11
0 12 4 16 76 76 76 11
0 8 4 12 76 76 76 11

Materials: 1
"1 - Default"
1 1 1 1
1 1 1 1
1 1 1 1
0 0 0 1
13
1.000000
"gold sphere.png"
""

Bones: 0
